1391237231|0
1391237253|0
1391237276|0
1391237298|0
1391237321|0
1391237343|0
1391237366|0
1391237388|0
1391237410|0
1391237433|0
1391237455|0
1391237478|0
1391237500|0
1391237523|0
1391237545|0
1391237568|0
1391237590|0
1391237613|0
1391237635|0
1391237658|0
1391237680|0
1391237703|0
1391237725|0
1391237748|0
1391237770|0
1391237793|0
1391237815|0
1391237838|0
1391237860|0
1391237882|0
1391237905|0
1391237927|0
1391237950|0
1391237972|0
1391237995|0
1391238017|0
1391238040|0
1391238062|0
1391238085|0
1391238107|0
1391238130|0
1391238152|0
1391238175|0
1391238197|0
1391238220|0
1391238242|0
1391238265|0
1391238287|0
1391238310|0
1391238332|0
1391238354|0
1391238377|0
1391238399|0
1391238422|0
1391238444|0
1391238467|0
1391238489|0
1391238512|0
1391238534|0
1391238557|0
1391238579|0
1391238602|0
1391238624|0
1391238647|0
1391238669|0
1391238692|0
1391238714|0
1391238737|0
1391238759|0
1391238782|0
1391238804|0
1391238827|0
1391238849|0
1391238871|0
1391238894|0
1391238916|0
1391238939|0
1391238961|0
1391238984|0
1391239006|0
1391239029|0
1391239052|0
1391239074|0
1391239097|0
1391239119|0
1391239142|0
1391239164|0
1391239187|0
1391239209|0
1391239232|0
1391239254|0
1391239277|0
1391239299|0
1391239321|0
1391239344|0
1391239366|0
1391239389|0
1391239411|0
1391239434|0
1391239456|0
1391239479|0
1391239501|0
1391239524|0
1391239546|0
1391239569|0
1391239591|0
1391239614|0
1391239636|0
1391239659|0
1391239681|0
1391239704|0
1391239726|0
1391239749|0
1391239771|0
1391239793|0
1391239816|0
1391239838|0
1391239861|0
1391239883|0
1391239906|0
1391239928|0
1391239951|0
1391239973|0
1391239996|0
1391240018|0
1391240041|0
1391240063|0
1391240086|0
1391240108|0
1391240131|0
1391240153|0
1391240176|0
1391240198|0
1391240221|0
1391240243|0
1391240266|0
1391240288|0
1391240310|0
1391240333|0
1391240355|0
1391240378|0
1391240400|0
1391240423|0
1391240445|0
1391240468|0
1391240490|0
1391240513|0
1391240535|0
1391240558|0
1391240580|0
1391240603|0
1391240625|0
1391240648|0
1391240670|0
1391240693|0
1391240715|0
1391240738|0
1391240760|0
1391240782|0
1391240805|0
1391240828|0
1391240850|0
1391240872|0
1391240895|0
1391240917|0
1391240940|0
1391240962|0
1391240985|0
1391241007|0
1391241030|0
1391241052|0
1391241075|0
1391241097|0
1391241120|0
1391241142|0
1391241165|0
1391241187|0
1391241210|0
1391241232|0
1391241255|0
1391241277|0
1391241300|0
1391241322|0
1391241344|0
1391241367|0
1391241389|0
1391241412|0
1391241434|0
1391241457|0
1391241479|0
1391241502|0
1391241524|0
1391241547|0
1391241569|0
1391241592|0
1391241614|0
1391241637|0
1391241659|0
1391241682|0
1391241704|0
1391241727|0
1391241749|0
1391241772|0
1391241794|0
1391241816|0
1391241839|0
1391241861|0
1391241884|0
1391241906|0
1391241929|0
1391241951|0
1391241974|0
1391241996|0
1391242019|0
1391242041|0
1391242064|0
1391242086|0
1391242109|0
1391242131|0
1391242154|0
1391242176|0
1391242199|0
1391242221|0
1391242244|0
1391242266|0
1391242289|0
1391242311|0
1391242333|0
1391242356|0
1391242378|0
1391242401|0
1391242423|0
1391242446|0
1391242468|0
1391242491|0
1391242513|0
1391242536|0
1391242558|0
1391242581|0
1391242603|0
1391242626|0
1391242649|0
1391242671|0
1391242694|0
1391242716|0
1391242739|0
1391242761|0
1391242783|0
1391242806|0
1391242829|0
1391242851|0
1391242873|0
1391242896|0
1391242918|0
1391242941|0
1391242963|0
1391242986|0
1391243008|0
1391243031|0
1391243053|0
1391243076|0
1391243098|0
1391243121|0
1391243143|0
1391243166|0
1391243188|0
1391243211|0
1391243233|0
1391243256|0
1391243278|0
1391243301|0
1391243323|0
1391243345|0
1391243368|0
1391243390|0
1391243413|0
1391243435|0
1391243458|0
1391243480|0
1391243503|0
1391243525|0
1391243548|0
1391243570|0
1391243593|0
1391243615|0
1391243638|0
1391243660|0
1391243683|0
1391243705|0
1391243728|0
1391243750|0
1391243773|0
1391243795|0
1391243817|0
1391243840|0
1391243862|0
1391243885|0
1391243907|0
1391243930|0
1391243952|0
1391243975|0
1391243997|0
1391244020|0
1391244042|0
1391244065|0
1391244087|0
1391244110|0
1391244132|0
1391244155|0
1391244177|0
1391244200|0
1391244222|0
1391244245|0
1391244267|0
1391244290|0
1391244312|0
1391244335|0
1391244357|0
1391244380|0
1391244402|0
1391244425|0
1391244447|0
1391244470|0
1391244492|0
1391244515|0
1391244537|0
1391244560|0
1391244582|0
1391244605|0
1391244627|0
1391244650|0
1391244672|0
1391244694|0
1391244717|0
1391244739|0
1391244762|0
1391244784|0
1391244807|0
1391244829|0
1391244852|0
1391244874|0
1391244897|0
1391244919|0
1391244942|0
1391244964|0
1391244987|0
1391245009|0
1391245032|0
1391245054|0
1391245077|0
1391245099|0
1391245122|0
1391245144|0
1391245167|0
1391245189|0
1391245211|0
1391245234|0
1391245256|0
1391245279|0
1391245301|0
1391245324|0
1391245346|0
1391245369|0
1391245391|0
1391245414|0
1391245436|0
1391245459|0
1391245481|0
1391245504|0
1391245526|0
1391245549|0
1391245571|0
1391245594|0
1391245616|0
1391245639|0
1391245661|0
1391245683|0
1391245706|0
1391245728|0
1391245751|0
1391245773|0
1391245796|0
1391245818|0
1391245841|0
1391245863|0
1391245886|0
1391245908|0
1391245931|0
1391245953|0
1391245976|0
1391245998|0
1391246021|0
1391246043|0
1391246066|0
1391246088|0
1391246111|0
1391246133|0
1391246156|0
1391246178|0
1391246201|0
1391246223|0
1391246245|0
1391246268|0
1391246290|0
1391246313|0
1391246335|0
1391246358|0
1391246380|0
1391246403|0
1391246425|0
1391246448|0
1391246470|0
1391246493|0
1391246515|0
1391246538|0
1391246560|0
1391246583|0
1391246605|0
1391246628|0
1391246650|0
1391246673|0
1391246695|0
1391246717|0
1391246740|0
1391246762|0
1391246785|0
1391246807|0
1391246830|0
1391246852|0
1391246875|0
1391246897|0
1391246920|0
1391246942|0
1391246965|0
1391246987|0
1391247010|0
1391247032|0
1391247055|0
1391247077|0
1391247100|0
1391247122|0
1391247145|0
1391247167|0
1391247190|0
1391247212|0
1391247234|0
1391247257|0
1391247279|0
1391247302|0
1391247324|0
1391247347|0
1391247369|0
1391247392|0
1391247414|0
1391247437|0
1391247459|0
1391247482|0
1391247504|0
1391247527|0
1391247549|0
1391247572|0
1391247594|0
1391247617|0
1391247639|0
1391247662|0
1391247684|0
1391247706|0
1391247729|0
1391247752|0
1391247774|0
1391247796|0
1391247819|0
1391247841|0
1391247864|0
1391247886|0
1391247909|0
1391247931|0
1391247954|0
1391247976|0
1391247999|0
1391248021|0
1391248044|0
1391248066|0
1391248089|0
1391248111|0
1391248134|0
1391248156|0
1391248179|0
1391248201|0
1391248224|0
1391248246|0
1391248268|0
1391248291|0
1391248313|0
1391248336|0
1391248358|0
1391248381|0
1391248403|0
1391248426|0
1391248448|0
1391248471|0
1391248493|0
1391248516|0
1391248538|0
1391248561|0
1391248583|0
1391248606|0
1391248628|0
1391248651|0
1391248673|0
1391248696|0
1391248718|0
1391248741|0
1391248763|0
1391248786|0
1391248808|0
1391248830|0
1391248853|0
1391248875|0
1391248898|0
1391248920|0
1391248943|0
1391248965|0
1391248988|0
1391249010|0
1391249033|0
1391249055|0
1391249078|0
1391249100|0
1391249123|0
1391249145|0
1391249168|0
1391249190|0
1391249213|0
1391249235|0
1391249258|0
1391249280|0
1391249303|0
1391249325|0
1391249348|0
1391249370|0
1391249392|0
1391249415|0
1391249437|0
1391249460|0
1391249482|0
1391249505|0
1391249527|0
1391249550|0
1391249572|0
1391249595|0
1391249617|0
1391249640|0
1391249662|0
1391249685|0
1391249707|0
1391249730|0
1391249752|0
1391249775|0
1391249797|0
1391249820|0
1391249842|0
1391249865|0
1391249887|0
1391249910|0
1391249932|0
1391249954|0
1391249977|0
1391249999|0
1391250022|0
1391250044|0
1391250067|0
1391250089|0
1391250112|0
1391250134|0
1391250157|0
1391250179|0
1391250202|0
1391250224|0
1391250247|0
1391250269|0
1391250292|0
1391250314|0
1391250337|0
1391250359|0
1391250382|0
1391250404|0
1391250426|0
1391250449|0
1391250471|0
1391250494|0
1391250516|0
1391250539|0
1391250561|0
1391250584|0
1391250606|0
1391250629|0
1391250651|0
1391250674|0
1391250696|0
1391250719|0
1391250741|0
1391250764|0
1391250786|0
1391250809|0
1391250831|0
1391250854|0
1391250876|0
1391250899|0
1391250921|0
1391250943|0
1391250966|0
1391250988|0
1391251011|0
1391251033|0
1391251056|0
1391251078|0
1391251101|0
1391251123|0
1391251146|0
1391251168|0
1391251191|0
1391251213|0
1391251236|0
1391251258|0
1391251281|0
1391251303|0
1391251326|0
1391251348|0
1391251371|0
1391251393|0
1391251416|0
1391251438|0
1391251461|0
1391251483|0
1391251505|0
1391251528|0
1391251550|0
1391251573|0
1391251595|0
1391251618|0
1391251640|0
1391251663|0
1391251685|0
1391251708|0
1391251730|0
1391251753|0
1391251775|0
1391251798|0
1391251820|0
1391251843|0
1391251865|0
1391251888|0
1391251910|0
1391251933|0
1391251955|0
1391251977|0
1391252000|0
1391252022|0
1391252045|0
1391252067|0
1391252090|0
1391252112|0
1391252135|0
1391252157|0
1391252180|0
1391252202|0
1391252225|0
1391252247|0
1391252270|0
1391252292|0
1391252315|0
1391252337|0
1391252360|0
1391252382|0
1391252405|0
1391252427|0
1391252449|0
1391252472|0
1391252495|0
1391252517|0
1391252539|0
1391252562|0
1391252584|0
1391252607|0
1391252629|0
1391252652|0
1391252674|0
1391252697|0
1391252719|0
1391252742|0
1391252764|0
1391252787|0
1391252809|0
1391252832|0
1391252854|0
1391252877|0
1391252899|0
1391252922|0
1391252944|0
1391252967|0
1391252989|0
1391253011|0
1391253034|0
1391253057|0
1391253079|0
1391253101|0
1391253124|0
1391253146|0
1391253169|0
1391253191|0
1391253214|0
1391253236|0
1391253259|0
1391253281|0
1391253304|0
1391253326|0
1391253349|0
1391253371|0
1391253394|0
1391253416|0
1391253439|0
1391253461|0
1391253484|0
1391253506|0
1391253529|0
1391253551|0
1391253573|0
1391253596|0
1391253618|0
1391253641|0
1391253663|0
1391253686|0
1391253708|0
1391253731|0
1391253753|0
1391253776|0
1391253798|0
1391253821|0
1391253843|0
1391253866|0
1391253888|0
1391253911|0
1391253933|0
1391253956|0
1391253978|0
1391254001|0
1391254023|0
1391254046|0
1391254068|0
1391254090|0
1391254113|0
1391254135|0
1391254158|0
1391254180|0
1391254203|0
1391254225|0
1391254248|0
1391254270|0
1391254293|0
1391254315|0
1391254338|0
1391254360|0
1391254383|0
1391254405|0
1391254428|0
1391254450|0
1391254473|0
1391254495|0
1391254518|0
1391254540|0
1391254562|0
1391254585|0
1391254607|0
1391254630|0
1391254652|0
1391254675|0
1391254697|0
1391254720|0
1391254742|0
1391254765|0
1391254787|0
1391254810|0
1391254832|0
1391254855|0
1391254877|0
1391254900|0
1391254922|0
1391254945|0
1391254967|0
1391254990|0
1391255012|0
1391255035|0
1391255057|0
1391255080|0
1391255102|0
1391255124|0
1391255147|0
1391255169|0
1391255192|0
1391255214|0
1391255237|0
1391255259|0
1391255282|0
1391255304|0
1391255327|0
1391255349|0
1391255372|0
1391255394|0
1391255417|0
1391255439|0
1391255462|0
1391255484|0
1391255507|0
1391255529|0
1391255552|0
1391255574|0
1391255596|0
1391255619|0
1391255641|0
1391255664|0
1391255686|0
1391255709|0
1391255731|0
1391255754|0
1391255776|0
1391255799|0
1391255821|0
1391255844|0
1391255866|0
1391255889|0
1391255911|0
1391255934|0
1391255956|0
1391255979|0
1391256001|0
1391256024|0
1391256046|0
1391256069|0
1391256091|0
1391256114|0
1391256136|0
1391256158|0
1391256181|0
1391256203|0
1391256226|0
1391256248|0
1391256271|0
1391256293|0
1391256316|0
1391256338|0
1391256361|0
1391256383|0
1391256406|0
1391256428|0
1391256451|0
1391256473|0
1391256496|0
1391256518|0
1391256541|0
1391256563|0
1391256586|0
1391256608|0
1391256631|0
1391256653|0
1391256675|0
1391256698|0
1391256720|0
1391256743|0
1391256765|0
1391256788|0
1391256810|0
1391256833|0
1391256855|0
1391256878|0
1391256900|0
1391256923|0
1391256945|0
1391256968|0
1391256990|0
1391257013|0
1391257035|0
1391257058|0
1391257080|0
1391257103|0
1391257125|0
1391257147|0
1391257170|0
1391257193|0
1391257215|0
1391257237|0
1391257260|0
1391257282|0
1391257305|0
1391257327|0
1391257350|0
1391257372|0
1391257395|0
1391257417|0
1391257440|0
1391257462|0
1391257485|0
1391257507|0
1391257530|0
1391257552|0
1391257575|0
1391257597|0
1391257620|0
1391257642|0
1391257665|0
1391257687|0
1391257709|0
1391257732|0
1391257754|0
1391257777|0
1391257799|0
1391257822|0
1391257844|0
1391257867|0
1391257889|0
1391257912|0
1391257934|0
1391257957|0
1391257979|0
1391258002|0
1391258024|0
1391258047|0
1391258069|0
1391258092|0
1391258114|0
1391258137|0
1391258159|0
1391258181|0
1391258204|0
1391258227|0
1391258249|0
1391258271|0
1391258294|0
1391258316|0
1391258339|0
1391258361|0
1391258384|0
1391258406|0
1391258429|0
1391258451|0
1391258474|0
1391258496|0
1391258519|0
1391258541|0
1391258564|0
1391258586|0
1391258609|0
1391258631|0
1391258654|0
1391258676|0
1391258699|0
1391258721|0
1391258743|0
1391258766|0
1391258788|0
1391258811|0
1391258833|0
1391258856|0
1391258878|0
1391258901|0
1391258923|0
1391258946|0
1391258968|0
1391258991|0
1391259013|0
1391259036|0
1391259058|0
1391259081|0
1391259103|0
1391259126|0
1391259148|0
1391259171|0
1391259193|0
1391259216|0
1391259238|0
1391259261|0
1391259283|0
1391259305|0
1391259328|0
1391259350|0
1391259373|0
1391259395|0
1391259418|0
1391259440|0
1391259463|0
1391259485|0
1391259508|0
1391259530|0
1391259553|0
1391259575|0
1391259598|0
1391259620|0
1391259643|0
1391259665|0
1391259688|0
1391259710|0
1391259733|0
1391259755|0
1391259778|0
1391259800|0
1391259822|0
1391259845|0
1391259867|0
1391259890|0
1391259912|0
1391259935|0
1391259957|0
1391259980|0
1391260002|0
1391260025|0
1391260047|0
1391260070|0
1391260092|0
1391260115|0
1391260137|0
1391260160|0
1391260182|0
1391260205|0
1391260227|0
1391260250|0
1391260272|0
1391260295|0
1391260317|0
1391260340|0
1391260362|0
1391260384|0
1391260407|0
1391260429|0
1391260452|0
1391260474|0
1391260497|0
1391260519|0
1391260542|0
1391260564|0
1391260587|0
1391260609|0
1391260632|0
1391260654|0
1391260677|0
1391260699|0
1391260722|0
1391260744|0
1391260767|0
1391260789|0
1391260812|0
1391260834|0
1391260856|0
1391260879|0
1391260901|0
1391260924|0
1391260946|0
1391260969|0
1391260991|0
1391261014|0
1391261036|0
1391261059|0
1391261081|0
1391261104|0
1391261126|0
1391261149|0
1391261171|0
1391261194|0
1391261216|0
1391261239|0
1391261261|0
1391261284|0
1391261306|0
1391261328|0
1391261351|0
1391261373|0
1391261396|0
1391261418|0
1391261441|0
1391261463|0
1391261486|0
1391261508|0
1391261531|0
1391261553|0
1391261576|0
1391261598|0
1391261621|0
1391261643|0
1391261666|0
1391261688|0
1391261711|0
1391261733|0
1391261756|0
1391261778|0
1391261801|0
1391261823|0
1391261845|0
1391261868|0
1391261890|0
1391261913|0
1391261935|0
1391261958|0
1391261980|0
1391262003|0
1391262025|0
1391262048|0
1391262070|0
1391262093|0
1391262115|0
1391262138|0
1391262160|0
1391262183|0
1391262205|0
1391262228|0
1391262250|0
1391262273|0
1391262295|0
1391262318|0
1391262340|0
1391262363|0
1391262385|0
1391262407|0
1391262430|0
1391262452|0
1391262475|0
1391262497|0
1391262520|0
1391262542|0
1391262565|0
1391262587|0
1391262610|0
1391262632|0
1391262655|0
1391262677|0
1391262700|0
1391262722|0
1391262745|0
1391262767|0
1391262790|0
1391262812|0
1391262835|0
1391262857|0
1391262879|0
1391262902|0
1391262924|0
1391262947|0
1391262969|0
1391262992|0
1391263014|0
1391263037|0
1391263059|0
1391263082|0
1391263104|0
1391263127|0
1391263149|0
1391263172|0
1391263194|0
1391263217|0
1391263239|0
1391263262|0
1391263284|0
1391263307|0
1391263329|0
1391263351|0
1391263374|0
1391263396|0
1391263419|0
1391263441|0
1391263464|0
1391263486|0
1391263509|0
1391263531|0
1391263554|0
1391263576|0
1391263599|0
1391263621|0
1391263644|0
1391263666|0
1391263689|0
1391263711|0
1391263734|0
1391263756|0
1391263779|0
1391263801|0
1391263824|0
1391263846|0
1391263869|0
1391263891|0
1391263913|0
1391263936|0
1391263958|0
1391263981|0
1391264003|0
1391264026|0
1391264048|0
1391264071|0
1391264093|0
1391264116|0
1391264138|0
1391264161|0
1391264183|0
1391264206|0
1391264228|0
1391264251|0
1391264273|0
1391264296|0
1391264318|0
1391264341|0
1391264363|0
1391264386|0
1391264408|0
1391264430|0
1391264453|0
1391264475|0
1391264498|0
1391264520|0
1391264543|0
1391264565|0
1391264588|0
1391264610|0
1391264633|0
1391264655|0
1391264678|0
1391264700|0
1391264723|0
1391264745|0
1391264768|0
1391264790|0
1391264813|0
1391264835|0
1391264858|0
1391264880|0
1391264902|0
1391264925|0
1391264948|0
1391264970|0
1391264992|0
1391265015|0
1391265037|0
1391265060|0
1391265082|0
1391265105|0
1391265127|0
1391265150|0
1391265172|0
1391265195|0
1391265217|0
1391265240|0
1391265262|0
1391265285|0
1391265307|0
1391265330|0
1391265352|0
1391265375|0
1391265397|0
1391265420|0
1391265442|0
1391265464|0
1391265487|0
1391265509|0
1391265532|0
1391265554|0
1391265577|0
1391265599|0
1391265622|0
1391265644|0
1391265667|0
1391265689|0
1391265712|0
1391265734|0
1391265757|0
1391265779|0
1391265802|0
1391265824|0
1391265847|0
1391265869|0
1391265892|0
1391265914|0
1391265936|0
1391265959|0
1391265981|0
1391266004|0
1391266026|0
1391266049|0
1391266071|0
1391266094|0
1391266116|0
1391266139|0
1391266161|0
1391266184|0
1391266206|0
1391266229|0
1391266251|0
1391266274|0
1391266296|0
1391266319|0
1391266341|0
1391266364|0
1391266386|0
1391266409|0
1391266431|0
1391266453|0
1391266476|0
1391266498|0
1391266521|0
1391266543|0
1391266566|0
1391266588|0
1391266611|0
1391266633|0
1391266656|0
1391266678|0
1391266701|0
1391266723|0
1391266746|0
1391266768|0
1391266791|0
1391266813|0
1391266836|0
1391266858|0
1391266881|0
1391266903|0
1391266925|0
1391266948|0
1391266971|0
1391266993|0
1391267015|0
1391267038|0
1391267060|0
1391267083|0
1391267105|0
1391267128|0
1391267150|0
1391267173|0
1391267195|0
1391267218|0
1391267240|0
1391267263|0
1391267285|0
1391267308|0
1391267330|0
1391267353|0
1391267375|0
1391267398|0
1391267420|0
1391267443|0
1391267465|0
1391267487|0
1391267510|0
1391267532|0
1391267555|0
1391267577|0
1391267600|0
1391267622|0
1391267645|0
1391267667|0
1391267690|0
1391267712|0
1391267735|0
1391267757|0
1391267780|0
1391267802|0
1391267825|0
1391267847|0
1391267870|0
1391267892|0
1391267915|0
1391267937|0
1391267960|0
1391267982|0
1391268005|0
1391268027|0
1391268049|0
1391268072|0
1391268094|0
1391268117|0
1391268139|0
1391268162|0
1391268184|0
1391268207|0
1391268229|0
1391268252|0
1391268274|0
1391268297|0
1391268319|0
1391268342|0
1391268364|0
1391268387|0
1391268409|0
1391268432|0
1391268454|0
1391268477|0
1391268499|0
1391268521|0
1391268544|0
1391268566|0
1391268589|0
1391268611|0
1391268634|0
1391268656|0
1391268679|0
1391268701|0
1391268724|0
1391268746|0
1391268769|0
1391268791|0
1391268814|0
1391268836|0
1391268859|0
1391268881|0
1391268904|0
1391268926|0
1391268949|0
1391268971|0
1391268994|0
1391269016|0
1391269039|0
1391269061|0
1391269083|0
1391269106|0
1391269128|0
1391269151|0
1391269173|0
1391269196|0
1391269218|0
1391269241|0
1391269263|0
1391269286|0
1391269308|0
1391269331|0
1391269353|0
1391269376|0
1391269399|0
1391269421|0
1391269444|0
1391269466|0
1391269489|0
1391269511|0
1391269534|0
1391269556|0
1391269579|0
1391269601|0
1391269624|0
1391269646|0
1391269669|0
1391269691|0
1391269714|0
1391269736|0
1391269759|0
1391269781|0
1391269804|0
1391269826|0
1391269848|0
1391269871|0
1391269894|0
1391269916|0
1391269938|0
1391269961|0
1391269983|0
1391270006|0
1391270028|0
1391270051|0
1391270073|0
1391270096|0
1391270118|0
1391270141|0
1391270163|0
1391270186|0
1391270208|0
1391270231|0
1391270253|0
1391270276|0
1391270298|0
1391270321|0
1391270343|0
1391270366|0
1391270388|0
