1391064403|0
1391064426|0
1391064448|0
1391064471|0
1391064493|0
1391064516|0
1391064538|0
1391064561|0
1391064583|0
1391064606|0
1391064628|0
1391064651|0
1391064673|0
1391064696|0
1391064718|0
1391064741|0
1391064763|0
1391064786|0
1391064808|0
1391064831|0
1391064853|0
1391064876|0
1391064898|0
1391064921|0
1391064943|0
1391064965|0
1391064988|0
1391065010|0
1391065033|0
1391065055|0
1391065078|0
1391065100|0
1391065123|0
1391065145|0
1391065168|0
1391065190|0
1391065213|0
1391065235|0
1391065258|0
1391065280|0
1391065303|0
1391065325|0
1391065348|0
1391065370|0
1391065393|0
1391065415|0
1391065437|0
1391065460|0
1391065482|0
1391065505|0
1391065527|0
1391065550|0
1391065572|0
1391065595|0
1391065617|0
1391065640|0
1391065662|0
1391065685|0
1391065707|0
1391065730|0
1391065752|0
1391065775|0
1391065797|0
1391065820|0
1391065842|0
1391065865|0
1391065887|0
1391065910|0
1391065932|0
1391065954|0
1391065978|0
1391066000|0
1391066023|0
1391066046|0
1391066068|0
1391066091|0
1391066113|0
1391066136|0
1391066158|0
1391066180|0
1391066203|0
1391066225|0
1391066248|0
1391066271|0
1391066293|0
1391066316|0
1391066338|0
1391066361|0
1391066383|0
1391066406|0
1391066428|0
1391066451|0
1391066473|0
1391066496|0
1391066518|0
1391066541|0
1391066563|0
1391066585|0
1391066608|0
1391066630|0
1391066653|0
1391066675|0
1391066698|0
1391066720|0
1391066743|0
1391066765|0
1391066788|0
1391066810|0
1391066833|0
1391066855|0
1391066878|0
1391066900|0
1391066923|0
1391066945|0
1391066968|0
1391066990|0
1391067013|0
1391067035|0
1391067057|0
1391067080|0
1391067103|0
1391067125|0
1391067147|0
1391067170|0
1391067192|0
1391067215|0
1391067237|0
1391067260|0
1391067282|0
1391067305|0
1391067327|0
1391067350|0
1391067372|0
1391067395|0
1391067417|0
1391067440|0
1391067462|0
1391067485|0
1391067507|0
1391067530|0
1391067552|0
1391067575|0
1391067597|0
1391067619|0
1391067642|0
1391067664|0
1391067687|0
1391067709|0
1391067732|0
1391067754|0
1391067777|0
1391067799|0
1391067822|0
1391067844|0
1391067867|0
1391067889|0
1391067912|0
1391067934|0
1391067957|0
1391067979|0
1391068002|0
1391068024|0
1391068047|0
1391068069|0
1391068091|0
1391068114|0
1391068136|0
1391068159|0
1391068181|0
1391068204|0
1391068226|0
1391068249|0
1391068271|0
1391068294|0
1391068316|0
1391068339|0
1391068361|0
1391068384|0
1391068406|0
1391068429|0
1391068451|0
1391068474|0
1391068496|0
1391068519|0
1391068541|0
1391068564|0
1391068586|0
1391068608|0
1391068631|0
1391068653|0
1391068676|0
1391068698|0
1391068721|0
1391068743|0
1391068766|0
1391068788|0
1391068811|0
1391068833|0
1391068856|0
1391068878|0
1391068901|0
1391068923|0
1391068946|0
1391068968|0
1391068991|0
1391069013|0
1391069036|0
1391069058|0
1391069080|0
1391069103|0
1391069126|0
1391069148|0
1391069170|0
1391069193|0
1391069215|0
1391069238|0
1391069260|0
1391069283|0
1391069305|0
1391069328|0
1391069350|0
1391069373|0
1391069395|0
1391069418|0
1391069440|0
1391069463|0
1391069485|0
1391069508|0
1391069530|0
1391069553|0
1391069575|0
1391069598|0
1391069620|0
1391069642|0
1391069665|0
1391069687|0
1391069710|0
1391069732|0
1391069755|0
1391069777|0
1391069800|0
1391069822|0
1391069845|0
1391069867|0
1391069890|0
1391069912|0
1391069935|0
1391069957|0
1391069980|0
1391070002|0
1391070025|0
1391070047|0
1391070070|0
1391070092|0
1391070114|0
1391070137|0
1391070159|0
1391070182|0
1391070204|0
1391070227|0
1391070249|0
1391070272|0
1391070294|0
1391070317|0
1391070339|0
1391070362|0
1391070384|0
1391070407|0
1391070429|0
1391070452|0
1391070474|0
1391070497|0
1391070519|0
1391070542|0
1391070564|0
1391070587|0
1391070609|0
1391070631|0
1391070654|0
1391070676|0
1391070699|0
1391070721|0
1391070744|0
1391070766|0
1391070789|0
1391070811|0
1391070834|0
1391070856|0
1391070879|0
1391070901|0
1391070924|0
1391070946|0
1391070969|0
1391070991|0
1391071014|0
1391071036|0
1391071059|0
1391071081|0
1391071104|0
1391071126|0
1391071149|0
1391071171|0
1391071193|0
1391071216|0
1391071238|0
1391071261|0
1391071283|0
1391071306|0
1391071328|0
1391071351|0
1391071373|0
1391071396|0
1391071418|0
1391071441|0
1391071463|0
1391071486|0
1391071508|0
1391071531|0
1391071553|0
1391071576|0
1391071598|0
1391071621|0
1391071644|0
1391071666|0
1391071689|0
1391071711|0
1391071734|0
1391071756|0
1391071779|0
1391071801|0
1391071824|0
1391071846|0
1391071869|0
1391071891|0
1391071914|0
1391071936|0
1391071959|0
1391071981|0
1391072003|0
1391072026|0
1391072048|0
1391072071|0
1391072093|0
1391072116|0
1391072138|0
1391072161|0
1391072183|0
1391072206|0
1391072228|0
1391072251|0
1391072274|0
1391072296|0
1391072319|0
1391072341|0
1391072364|0
1391072386|0
1391072409|0
1391072431|0
1391072454|0
1391072476|0
1391072498|0
1391072521|0
1391072543|0
1391072566|0
1391072588|0
1391072611|0
1391072633|0
1391072656|0
1391072678|0
1391072701|0
1391072723|0
1391072746|0
1391072768|0
1391072791|0
1391072813|0
1391072836|0
1391072858|0
1391072881|0
1391072903|0
1391072926|0
1391072948|0
1391072970|0
1391072993|0
1391073015|0
1391073038|0
1391073060|0
1391073083|0
1391073105|0
1391073128|0
1391073150|0
1391073173|0
1391073195|0
1391073218|0
1391073240|0
1391073263|0
1391073285|0
1391073308|0
1391073330|0
1391073354|0
1391073376|0
1391073398|0
1391073421|0
1391073443|0
1391073466|0
1391073488|0
1391073511|0
1391073533|0
1391073556|0
1391073578|0
1391073601|0
1391073623|0
1391073646|0
1391073668|0
1391073691|0
1391073713|0
1391073736|0
1391073758|0
1391073781|0
1391073803|0
1391073826|0
1391073848|0
1391073870|0
1391073893|0
1391073915|0
1391073938|0
1391073960|0
1391073983|0
1391074005|0
1391074028|0
1391074050|0
1391074073|0
1391074095|0
1391074118|0
1391074140|0
1391074163|0
1391074185|0
1391074208|0
1391074230|0
1391074253|0
1391074275|0
1391074298|0
1391074320|0
1391074343|0
1391074365|0
1391074387|0
1391074410|0
1391074432|0
1391074455|0
1391074477|0
1391074500|0
1391074522|0
1391074545|0
1391074567|0
1391074590|0
1391074612|0
1391074635|0
1391074657|0
1391074680|0
1391074702|0
1391074725|0
1391074747|0
1391074770|0
1391074792|0
1391074815|0
1391074837|0
1391074860|0
1391074882|0
1391074905|0
1391074927|0
1391074949|0
1391074972|0
1391074994|0
1391075017|0
1391075039|0
1391075062|0
1391075084|0
1391075107|0
1391075129|0
1391075152|0
1391075174|0
1391075197|0
1391075219|0
1391075242|0
1391075264|0
1391075287|0
1391075309|0
1391075332|0
1391075354|0
1391075377|0
1391075399|0
1391075421|0
1391075444|0
1391075466|0
1391075489|0
1391075511|0
1391075534|0
1391075556|0
1391075579|0
1391075601|0
1391075624|0
1391075646|0
1391075669|0
1391075691|0
1391075714|0
1391075736|0
1391075759|0
1391075781|0
1391075804|0
1391075826|0
1391075849|0
1391075871|0
1391075893|0
1391075916|0
1391075938|0
1391075961|0
1391075983|0
1391076006|0
1391076028|0
1391076051|0
1391076073|0
1391076096|0
1391076118|0
1391076141|0
1391076163|0
1391076186|0
1391076208|0
1391076231|0
1391076253|0
1391076276|0
1391076298|0
1391076321|0
1391076343|0
1391076366|0
1391076388|0
1391076411|0
1391076433|0
1391076455|0
1391076478|0
1391076500|0
1391076523|0
1391076545|0
1391076568|0
1391076590|0
1391076613|0
1391076635|0
1391076658|0
1391076680|0
1391076703|0
1391076725|0
1391076748|0
1391076770|0
1391076793|0
1391076815|0
1391076838|0
1391076860|0
1391076883|0
1391076905|0
1391076928|0
1391076950|0
1391076972|0
1391076995|0
1391077017|0
1391077040|0
1391077062|0
1391077085|0
1391077107|0
1391077130|0
1391077152|0
1391077175|0
1391077197|0
1391077220|0
1391077242|0
1391077265|0
1391077287|0
1391077310|0
1391077332|0
1391077355|0
1391077377|0
1391077400|0
1391077422|0
1391077444|0
1391077467|0
1391077489|0
1391077512|0
1391077534|0
1391077557|0
1391077579|0
1391077602|0
1391077624|0
1391077647|0
1391077669|0
1391077692|0
1391077714|0
1391077737|0
1391077759|0
1391077782|0
1391077804|0
1391077827|0
1391077849|0
1391077872|0
1391077894|0
1391077916|0
1391077939|0
1391077961|0
1391077984|0
1391078006|0
1391078029|0
1391078051|0
1391078074|0
1391078096|0
1391078119|0
1391078141|0
1391078164|0
1391078186|0
1391078209|0
1391078231|0
1391078254|0
1391078276|0
1391078299|0
1391078321|0
1391078344|0
1391078366|0
1391078389|0
1391078411|0
1391078434|0
1391078456|0
1391078479|0
1391078501|0
1391078524|0
1391078546|0
1391078568|0
1391078591|0
1391078613|0
1391078636|0
1391078658|0
1391078681|0
1391078703|0
1391078726|0
1391078748|0
1391078771|0
1391078793|0
1391078816|0
1391078838|0
1391078861|0
1391078883|0
1391078906|0
1391078928|0
1391078951|0
1391078973|0
1391078996|0
1391079018|0
1391079041|0
1391079063|0
1391079085|0
1391079108|0
1391079130|0
1391079153|0
1391079175|0
1391079198|0
1391079220|0
1391079243|0
1391079265|0
1391079288|0
1391079310|0
1391079333|0
1391079355|0
1391079378|0
1391079400|0
1391079423|0
1391079445|0
1391079468|0
1391079490|0
1391079513|0
1391079535|0
1391079558|0
1391079580|0
1391079603|0
1391079625|0
1391079647|0
1391079670|0
1391079692|0
1391079715|0
1391079737|0
1391079760|0
1391079782|0
1391079805|0
1391079827|0
1391079850|0
1391079872|0
1391079895|0
1391079917|0
1391079940|0
1391079962|0
1391079985|0
1391080007|0
1391080030|0
1391080052|0
1391080075|0
1391080097|0
1391080119|0
1391080142|0
1391080164|0
1391080187|0
1391080209|0
1391080232|0
1391080254|0
1391080277|0
1391080299|0
1391080322|0
1391080344|0
1391080367|0
1391080389|0
1391080412|0
1391080434|0
1391080457|0
1391080479|0
1391080502|0
1391080524|0
1391080547|0
1391080569|0
1391080592|0
1391080614|0
1391080637|0
1391080659|0
1391080681|0
1391080704|0
1391080726|0
1391080749|0
1391080771|0
1391080794|0
1391080816|0
1391080839|0
1391080861|0
1391080884|0
1391080906|0
1391080929|0
1391080951|0
1391080974|0
1391080996|0
1391081019|0
1391081041|0
1391081064|0
1391081086|0
1391081108|0
1391081131|0
1391081153|0
1391081176|0
1391081198|0
1391081221|0
1391081243|0
1391081266|0
1391081288|0
1391081311|0
1391081333|0
1391081356|0
1391081378|0
1391081401|0
1391081423|0
1391081446|0
1391081468|0
1391081491|0
1391081513|0
1391081536|0
1391081558|0
1391081580|0
1391081603|0
1391081625|0
1391081648|0
1391081670|0
1391081693|0
1391081715|0
1391081738|0
1391081760|0
1391081783|0
1391081805|0
1391081828|0
1391081850|0
1391081873|0
1391081895|0
1391081918|0
1391081940|0
1391081963|0
1391081985|0
1391082008|0
1391082030|0
1391082053|0
1391082075|0
1391082098|0
1391082120|0
1391082142|0
1391082165|0
1391082187|0
1391082210|0
1391082232|0
1391082255|0
1391082277|0
1391082300|0
1391082322|0
1391082345|0
1391082367|0
1391082390|0
1391082412|0
1391082435|0
1391082457|0
1391082480|0
1391082502|0
1391082525|0
1391082547|0
1391082570|0
1391082592|0
1391082614|0
1391082637|0
1391082659|0
1391082682|0
1391082704|0
1391082727|0
1391082749|0
1391082772|0
1391082794|0
1391082817|0
1391082839|0
1391082862|0
1391082884|0
1391082907|0
1391082929|0
1391082952|0
1391082974|0
1391082997|0
1391083019|0
1391083042|0
1391083064|0
1391083087|0
1391083109|0
1391083131|0
1391083154|0
1391083176|0
1391083199|0
1391083221|0
1391083244|0
1391083266|0
1391083289|0
1391083311|0
1391083334|0
1391083356|0
1391083379|0
1391083401|0
1391083424|0
1391083446|0
1391083469|0
1391083491|0
1391083514|0
1391083536|0
1391083559|0
1391083581|0
1391083603|0
1391083626|0
1391083648|0
1391083671|0
1391083693|0
1391083716|0
1391083738|0
1391083761|0
1391083783|0
1391083806|0
1391083828|0
1391083851|0
1391083873|0
1391083896|0
1391083918|0
1391083941|0
1391083963|0
1391083986|0
1391084008|0
1391084031|0
1391084053|0
1391084076|0
1391084098|0
1391084121|0
1391084143|0
1391084165|0
1391084188|0
1391084210|0
1391084233|0
1391084255|0
1391084278|0
1391084300|0
1391084323|0
1391084345|0
1391084368|0
1391084390|0
1391084413|0
1391084435|0
1391084458|0
1391084480|0
1391084503|0
1391084525|0
1391084548|0
1391084570|0
1391084593|0
1391084615|0
1391084637|0
1391084660|0
1391084682|0
1391084705|0
1391084727|0
1391084750|0
1391084772|0
1391084795|0
1391084817|0
1391084840|0
1391084862|0
1391084885|0
1391084907|0
1391084930|0
1391084952|0
1391084975|0
1391084997|0
1391085020|0
1391085042|0
1391085065|0
1391085087|0
1391085110|0
1391085132|0
1391085154|0
1391085177|0
1391085199|0
1391085222|0
1391085244|0
1391085267|0
1391085289|0
1391085312|0
1391085334|0
1391085357|0
1391085379|0
1391085402|0
1391085424|0
1391085447|0
1391085470|0
1391085492|0
1391085514|0
1391085537|0
1391085559|0
1391085582|0
1391085604|0
1391085627|0
1391085649|0
1391085672|0
1391085694|0
1391085717|0
1391085739|0
1391085762|0
1391085784|0
1391085807|0
1391085829|0
1391085852|0
1391085874|0
1391085897|0
1391085919|0
1391085942|0
1391085964|0
1391085987|0
1391086009|0
1391086032|0
1391086054|0
1391086076|0
1391086099|0
1391086122|0
1391086144|0
1391086166|0
1391086189|0
1391086211|0
1391086234|0
1391086256|0
1391086279|0
1391086301|0
1391086324|0
1391086346|0
1391086369|0
1391086391|0
1391086414|0
1391086436|0
1391086459|0
1391086481|0
1391086504|0
1391086526|0
1391086549|0
1391086571|0
1391086594|0
1391086616|0
1391086638|0
1391086661|0
1391086683|0
1391086706|0
1391086728|0
1391086751|0
1391086773|0
1391086796|0
1391086818|0
1391086841|0
1391086863|0
1391086886|0
1391086908|0
1391086931|0
1391086953|0
1391086976|0
1391086998|0
1391087021|0
1391087043|0
1391087066|0
1391087088|0
1391087111|0
1391087133|0
1391087156|0
1391087178|0
1391087200|0
1391087223|0
1391087245|0
1391087268|0
1391087290|0
1391087313|0
1391087335|0
1391087358|0
1391087380|0
1391087403|0
1391087425|0
1391087448|0
1391087470|0
1391087493|0
1391087515|0
1391087538|0
1391087560|0
1391087583|0
1391087605|0
1391087628|0
1391087650|0
1391087673|0
1391087695|0
1391087717|0
1391087740|0
1391087762|0
1391087785|0
1391087807|0
1391087830|0
1391087852|0
1391087875|0
1391087897|0
1391087920|0
1391087942|0
1391087965|0
1391087987|0
1391088010|0
1391088032|0
1391088055|0
1391088077|0
1391088100|0
1391088122|0
1391088145|0
1391088167|0
1391088190|0
1391088212|0
1391088235|0
1391088257|0
1391088279|0
1391088302|0
1391088324|0
1391088347|0
1391088369|0
1391088392|0
1391088414|0
1391088437|0
1391088459|0
1391088482|0
1391088504|0
1391088527|0
1391088549|0
1391088572|0
1391088594|0
1391088617|0
1391088639|0
1391088662|0
1391088684|0
1391088707|0
1391088729|0
1391088751|0
1391088774|0
1391088797|0
1391088819|0
1391088841|0
1391088864|0
1391088886|0
1391088909|0
1391088931|0
1391088954|0
1391088976|0
1391088999|0
1391089021|0
1391089044|0
1391089066|0
1391089089|0
1391089111|0
1391089134|0
1391089156|0
1391089179|0
1391089201|0
1391089224|0
1391089246|0
1391089269|0
1391089291|0
1391089313|0
1391089336|0
1391089358|0
1391089381|0
1391089403|0
1391089426|0
1391089448|0
1391089471|0
1391089493|0
1391089516|0
1391089538|0
1391089561|0
1391089583|0
1391089606|0
1391089628|0
1391089651|0
1391089673|0
1391089696|0
1391089718|0
1391089741|0
1391089763|0
1391089786|0
1391089808|0
1391089831|0
1391089853|0
1391089875|0
1391089898|0
1391089920|0
1391089943|0
1391089965|0
1391089988|0
1391090010|0
1391090033|0
1391090055|0
1391090078|0
1391090100|0
1391090123|0
1391090145|0
1391090168|0
1391090190|0
1391090213|0
1391090235|0
1391090258|0
1391090280|0
1391090303|0
1391090325|0
1391090347|0
1391090370|0
1391090392|0
1391090415|0
1391090437|0
1391090460|0
1391090482|0
1391090505|0
1391090527|0
1391090550|0
1391090572|0
1391090595|0
1391090618|0
1391090640|0
1391090663|0
1391090685|0
1391090708|0
1391090730|0
1391090753|0
1391090775|0
1391090798|0
1391090820|0
1391090842|0
1391090865|0
1391090887|0
1391090910|0
1391090932|0
1391090955|0
1391090977|0
1391091000|0
1391091022|0
1391091045|0
1391091067|0
1391091090|0
1391091112|0
1391091135|0
1391091157|0
1391091180|0
1391091202|0
1391091225|0
1391091247|0
1391091270|0
1391091292|0
1391091314|0
1391091337|0
1391091360|0
1391091382|0
1391091404|0
1391091427|0
1391091449|0
1391091472|0
1391091494|0
1391091517|0
1391091539|0
1391091562|0
1391091584|0
1391091607|0
1391091629|0
1391091652|0
1391091674|0
1391091697|0
1391091719|0
1391091742|0
1391091764|0
1391091787|0
1391091809|0
1391091832|0
1391091854|0
1391091876|0
1391091899|0
1391091921|0
1391091944|0
1391091966|0
1391091989|0
1391092011|0
1391092034|0
1391092056|0
1391092079|0
1391092101|0
1391092124|0
1391092146|0
1391092169|0
1391092191|0
1391092214|0
1391092236|0
1391092259|0
1391092281|0
1391092304|0
1391092326|0
1391092348|0
1391092371|0
1391092393|0
1391092416|0
1391092438|0
1391092461|0
1391092483|0
1391092506|0
1391092528|0
1391092551|0
1391092573|0
1391092596|0
1391092618|0
1391092641|0
1391092663|0
1391092686|0
1391092708|0
1391092731|0
1391092753|0
1391092776|0
1391092798|0
1391092821|0
1391092843|0
1391092865|0
1391092888|0
1391092910|0
1391092933|0
1391092955|0
1391092978|0
1391093000|0
1391093023|0
1391093045|0
1391093068|0
1391093090|0
1391093113|0
1391093135|0
1391093158|0
1391093180|0
1391093203|0
1391093225|0
1391093248|0
1391093270|0
1391093293|0
1391093315|0
1391093338|0
1391093360|0
1391093383|0
1391093405|0
1391093427|0
1391093450|0
1391093472|0
1391093495|0
1391093517|0
1391093540|0
1391093562|0
1391093585|0
1391093607|0
1391093630|0
1391093652|0
1391093675|0
1391093697|0
1391093720|0
1391093742|0
1391093765|0
1391093787|0
1391093810|0
1391093832|0
1391093855|0
1391093877|0
1391093899|0
1391093922|0
1391093944|0
1391093967|0
1391093989|0
1391094012|0
1391094034|0
1391094057|0
1391094079|0
1391094102|0
1391094124|0
1391094147|0
1391094169|0
1391094192|0
1391094214|0
1391094237|0
1391094259|0
1391094282|0
1391094304|0
1391094327|0
1391094349|0
1391094371|0
1391094394|0
1391094416|0
1391094439|0
1391094461|0
1391094484|0
1391094506|0
1391094529|0
1391094551|0
1391094574|0
1391094596|0
1391094619|0
1391094641|0
1391094664|0
1391094686|0
1391094709|0
1391094731|0
1391094754|0
1391094776|0
1391094799|0
1391094821|0
1391094844|0
1391094866|0
1391094889|0
1391094911|0
1391094933|0
1391094956|0
1391094978|0
1391095001|0
1391095023|0
1391095046|0
1391095068|0
1391095091|0
1391095113|0
1391095136|0
1391095158|0
1391095181|0
1391095203|0
1391095226|0
1391095248|0
1391095271|0
1391095293|0
1391095316|0
1391095338|0
1391095361|0
1391095383|0
1391095406|0
1391095428|0
1391095451|0
1391095473|0
1391095496|0
1391095518|0
1391095541|0
1391095563|0
1391095586|0
1391095608|0
1391095631|0
1391095653|0
1391095676|0
1391095698|0
1391095721|0
1391095743|0
1391095766|0
1391095788|0
1391095810|0
1391095833|0
1391095855|0
1391095878|0
1391095900|0
1391095923|0
1391095945|0
1391095968|0
1391095990|0
1391096013|0
1391096035|0
1391096058|0
1391096080|0
1391096103|0
1391096125|0
1391096148|0
1391096170|0
1391096193|0
1391096215|0
1391096238|0
1391096260|0
1391096283|0
1391096305|0
1391096328|0
1391096350|0
1391096372|0
1391096395|0
1391096417|0
1391096440|0
1391096462|0
1391096485|0
1391096507|0
1391096530|0
1391096552|0
1391096575|0
1391096597|0
1391096620|0
1391096642|0
1391096665|0
1391096687|0
1391096710|0
1391096732|0
1391096755|0
1391096777|0
1391096800|0
1391096822|0
1391096845|0
1391096867|0
1391096890|0
1391096912|0
1391096934|0
1391096957|0
1391096979|0
1391097002|0
1391097024|0
1391097047|0
1391097069|0
1391097092|0
1391097114|0
1391097137|0
1391097159|0
1391097182|0
1391097204|0
1391097227|0
1391097249|0
1391097272|0
1391097294|0
1391097317|0
1391097339|0
1391097362|0
1391097384|0
1391097407|0
1391097429|0
1391097452|0
1391097474|0
1391097496|0
1391097519|0
1391097541|0
1391097564|0
1391097587|0
1391097610|0
1391097632|0
1391097655|0
1391097677|0
1391097700|0
1391097722|0
1391097745|0
1391097767|0
1391097789|0
1391097812|0
1391097834|0
1391097857|0
1391097879|0
1391097902|0
1391097924|0
1391097947|0
1391097969|0
1391097992|0
1391098014|0
1391098037|0
1391098059|0
1391098082|0
1391098104|0
1391098127|0
1391098149|0
1391098172|0
1391098194|0
1391098217|0
1391098239|0
1391098261|0
1391098284|0
1391098307|0
1391098329|0
1391098351|0
1391098374|0
1391098396|0
1391098419|0
1391098441|0
1391098464|0
1391098486|0
1391098509|0
1391098531|0
1391098554|0
1391098576|0
1391098599|0
1391098621|0
1391098644|0
1391098666|0
1391098689|0
1391098711|0
1391098734|0
1391098756|0
1391098779|0
1391098801|0
1391098823|0
1391098846|0
1391098868|0
1391098891|0
1391098913|0
1391098936|0
1391098958|0
1391098981|0
1391099003|0
1391099026|0
1391099048|0
1391099071|0
1391099093|0
1391099116|0
1391099138|0
1391099161|0
1391099183|0
1391099206|0
1391099228|0
1391099251|0
1391099273|0
1391099296|0
1391099318|0
1391099340|0
1391099363|0
1391099385|0
1391099408|0
1391099430|0
1391099453|0
1391099475|0
1391099498|0
1391099520|0
1391099543|0
1391099565|0
1391099588|0
1391099610|0
1391099633|0
1391099655|0
1391099678|0
1391099700|0
1391099723|0
1391099745|0
1391099768|0
1391099790|0
1391099813|0
1391099835|0
1391099858|0
1391099880|0
1391099902|0
1391099925|0
1391099947|0
1391099970|0
1391099992|0
1391100015|0
1391100037|0
1391100060|0
1391100082|0
1391100105|0
1391100127|0
1391100150|0
1391100172|0
1391100195|0
1391100217|0
1391100240|0
1391100262|0
1391100285|0
1391100307|0
1391100330|0
1391100352|0
1391100374|0
1391100397|0
1391100420|0
1391100442|0
1391100464|0
1391100487|0
1391100509|0
1391100532|0
1391100554|0
1391100577|0
1391100599|0
1391100622|0
1391100644|0
1391100667|0
1391100689|0
1391100712|0
1391100734|0
1391100757|0
1391100779|0
1391100802|0
1391100824|0
1391100847|0
1391100869|0
1391100892|0
1391100914|0
1391100936|0
1391100959|0
1391100981|0
1391101004|0
1391101026|0
1391101049|0
1391101071|0
1391101094|0
1391101116|0
1391101139|0
1391101161|0
1391101184|0
1391101206|0
1391101229|0
1391101251|0
1391101274|0
1391101296|0
1391101319|0
1391101341|0
1391101364|0
1391101386|0
1391101408|0
1391101431|0
1391101453|0
1391101476|0
1391101498|0
1391101521|0
1391101543|0
1391101566|0
1391101588|0
1391101611|0
1391101633|0
1391101656|0
1391101678|0
1391101701|0
1391101723|0
1391101746|0
1391101768|0
1391101791|0
1391101813|0
1391101836|0
1391101858|0
1391101881|0
1391101903|0
1391101925|0
1391101948|0
1391101970|0
1391101993|0
1391102015|0
1391102038|0
1391102060|0
1391102083|0
1391102105|0
1391102128|0
1391102150|0
1391102173|0
1391102195|0
1391102218|0
1391102240|0
1391102263|0
1391102285|0
1391102308|0
1391102330|0
1391102353|0
1391102375|0
1391102398|0
1391102420|0
1391102442|0
1391102465|0
1391102487|0
1391102510|0
1391102532|0
1391102555|0
1391102577|0
1391102600|0
1391102622|0
1391102645|0
1391102667|0
1391102690|0
1391102712|0
1391102735|0
1391102757|0
1391102780|0
1391102802|0
1391102825|0
1391102847|0
1391102870|0
1391102892|0
1391102915|0
1391102937|0
1391102959|0
1391102982|0
1391103004|0
1391103027|0
1391103049|0
1391103072|0
1391103094|0
1391103117|0
1391103139|0
1391103162|0
1391103184|0
1391103207|0
1391103229|0
1391103252|0
1391103274|0
1391103297|0
1391103319|0
1391103342|0
1391103364|0
1391103387|0
1391103409|0
1391103431|0
1391103454|0
1391103476|0
1391103499|0
1391103521|0
1391103544|0
1391103566|0
1391103589|0
1391103611|0
1391103634|0
1391103656|0
1391103679|0
1391103701|0
1391103724|0
1391103746|0
1391103769|0
1391103791|0
1391103814|0
1391103836|0
1391103859|0
1391103881|0
1391103904|0
1391103926|0
1391103948|0
1391103971|0
1391103993|0
1391104016|0
1391104038|0
1391104061|0
1391104083|0
1391104106|0
1391104128|0
1391104151|0
1391104173|0
1391104196|0
1391104218|0
1391104241|0
1391104263|0
1391104286|0
1391104308|0
1391104331|0
1391104353|0
1391104376|0
1391104398|0
1391104420|0
1391104443|0
1391104465|0
1391104488|0
1391104510|0
1391104533|0
1391104555|0
1391104578|0
1391104600|0
1391104623|0
1391104645|0
1391104668|0
1391104690|0
1391104713|0
1391104735|0
1391104758|0
1391104780|0
1391104803|0
1391104825|0
1391104848|0
1391104870|0
1391104892|0
1391104915|0
1391104937|0
1391104960|0
1391104982|0
1391105005|0
1391105027|0
1391105050|0
1391105072|0
1391105095|0
1391105117|0
1391105140|0
1391105162|0
1391105185|0
1391105207|0
1391105230|0
1391105252|0
1391105275|0
1391105297|0
1391105320|0
1391105342|0
1391105365|0
1391105387|0
1391105409|0
1391105432|0
1391105454|0
1391105477|0
1391105499|0
1391105522|0
1391105544|0
1391105567|0
1391105589|0
1391105612|0
1391105634|0
1391105657|0
1391105679|0
1391105702|0
1391105724|0
1391105747|0
1391105769|0
1391105792|0
1391105814|0
1391105837|0
1391105859|0
1391105881|0
1391105904|0
1391105926|0
1391105949|0
1391105971|0
1391105994|0
1391106016|0
1391106039|0
1391106061|0
1391106084|0
1391106106|0
1391106129|0
1391106151|0
1391106174|0
1391106196|0
1391106219|0
1391106241|0
1391106264|0
1391106286|0
1391106309|0
1391106331|0
1391106353|0
1391106376|0
1391106398|0
1391106421|0
1391106443|0
1391106466|0
1391106488|0
1391106511|0
1391106533|0
1391106556|0
1391106578|0
1391106601|0
1391106623|0
1391106646|0
1391106668|0
1391106691|0
1391106713|0
1391106736|0
1391106758|0
1391106781|0
1391106803|0
1391106826|0
1391106848|0
1391106870|0
1391106893|0
1391106915|0
1391106938|0
1391106960|0
1391106983|0
1391107005|0
1391107028|0
1391107050|0
1391107073|0
1391107095|0
1391107118|0
1391107140|0
1391107163|0
1391107185|0
1391107208|0
1391107230|0
1391107253|0
1391107275|0
1391107298|0
1391107320|0
1391107343|0
1391107365|0
1391107388|0
1391107410|0
1391107432|0
1391107455|0
1391107477|0
1391107500|0
1391107522|0
1391107545|0
1391107567|0
1391107590|0
1391107612|0
1391107635|0
1391107657|0
1391107680|0
1391107702|0
1391107725|0
1391107747|0
1391107770|0
1391107792|0
1391107815|0
1391107837|0
1391107860|0
1391107882|0
1391107904|0
1391107927|0
1391107949|0
1391107972|0
1391107994|0
1391108017|0
1391108039|0
1391108062|0
1391108084|0
1391108107|0
1391108129|0
1391108152|0
1391108174|0
1391108197|0
1391108219|0
1391108242|0
1391108264|0
1391108287|0
1391108309|0
1391108332|0
1391108354|0
1391108376|0
1391108399|0
1391108421|0
1391108444|0
1391108466|0
1391108489|0
1391108511|0
1391108534|0
1391108556|0
1391108579|0
1391108601|0
1391108624|0
1391108646|0
1391108669|0
1391108691|0
1391108714|0
1391108736|0
1391108759|0
1391108781|0
1391108804|0
1391108826|0
1391108849|0
1391108871|0
1391108894|0
1391108916|0
1391108938|0
1391108961|0
1391108983|0
1391109006|0
1391109028|0
1391109051|0
1391109073|0
1391109096|0
1391109118|0
1391109141|0
1391109163|0
1391109186|0
1391109208|0
1391109231|0
1391109253|0
1391109276|0
1391109298|0
1391109321|0
1391109343|0
1391109366|0
1391109388|0
1391109411|0
1391109433|0
1391109455|0
1391109478|0
1391109500|0
1391109523|0
1391109545|0
1391109568|0
1391109590|0
1391109613|0
1391109635|0
1391109658|0
1391109680|0
1391109703|0
1391109725|0
1391109748|0
1391109770|0
1391109793|0
1391109815|0
1391109838|0
1391109860|0
1391109883|0
1391109905|0
1391109928|0
1391109950|0
1391109973|0
1391109995|0
1391110017|0
1391110040|0
1391110062|0
1391110085|0
1391110107|0
1391110130|0
1391110152|0
1391110175|0
1391110197|0
1391110220|0
1391110242|0
1391110265|0
1391110287|0
1391110310|0
1391110332|0
1391110355|0
1391110377|0
1391110400|0
1391110422|0
1391110445|0
1391110467|0
1391110489|0
1391110512|0
1391110535|0
1391110557|0
1391110579|0
1391110602|0
1391110624|0
1391110647|0
1391110669|0
1391110692|0
1391110714|0
1391110737|0
1391110759|0
1391110782|0
1391110804|0
1391110827|0
1391110849|0
1391110872|0
1391110894|0
1391110917|0
1391110939|0
1391110962|0
1391110984|0
1391111007|0
1391111029|0
1391111052|0
1391111074|0
1391111097|0
1391111119|0
1391111141|0
1391111164|0
1391111186|0
1391111209|0
1391111231|0
1391111254|0
1391111276|0
1391111299|0
1391111321|0
1391111344|0
1391111366|0
1391111389|0
1391111411|0
1391111434|0
1391111456|0
1391111479|0
1391111501|0
1391111524|0
1391111546|0
1391111569|0
1391111591|0
1391111613|0
1391111636|0
1391111658|0
1391111681|0
1391111703|0
1391111726|0
1391111748|0
1391111771|0
1391111793|0
1391111816|0
1391111838|0
1391111861|0
1391111883|0
1391111906|0
1391111928|0
1391111951|0
1391111973|0
1391111996|0
1391112018|0
1391112041|0
1391112063|0
1391112085|0
1391112108|0
1391112130|0
1391112153|0
1391112175|0
1391112198|0
1391112220|0
1391112243|0
1391112265|0
1391112288|0
1391112310|0
1391112333|0
1391112355|0
1391112378|0
1391112400|0
1391112423|0
1391112445|0
1391112468|0
1391112490|0
1391112513|0
1391112535|0
1391112558|0
1391112580|0
1391112603|0
1391112625|0
1391112647|0
1391112670|0
1391112692|0
1391112715|0
1391112737|0
1391112760|0
1391112782|0
1391112805|0
1391112827|0
1391112850|0
1391112872|0
1391112895|0
1391112917|0
1391112940|0
1391112962|0
1391112985|0
1391113007|0
1391113030|0
1391113052|0
1391113075|0
1391113097|0
1391113120|0
1391113142|0
1391113164|0
1391113187|0
1391113209|0
1391113232|0
1391113254|0
1391113277|0
1391113299|0
1391113322|0
1391113344|0
1391113367|0
1391113389|0
1391113412|0
1391113434|0
1391113457|0
1391113479|0
1391113502|0
1391113524|0
1391113547|0
1391113569|0
1391113592|0
1391113614|0
1391113636|0
1391113659|0
1391113682|0
1391113704|0
1391113726|0
1391113749|0
1391113771|0
1391113794|0
1391113816|0
1391113839|0
1391113861|0
1391113884|0
1391113906|0
1391113929|0
1391113951|0
1391113974|0
1391113996|0
1391114019|0
1391114041|0
1391114064|0
1391114086|0
1391114109|0
1391114131|0
1391114154|0
1391114176|0
1391114198|0
1391114221|0
1391114243|0
1391114266|0
1391114288|0
1391114311|0
1391114333|0
1391114356|0
1391114378|0
1391114401|0
1391114423|0
1391114446|0
1391114468|0
1391114491|0
1391114513|0
1391114536|0
1391114558|0
1391114581|0
1391114603|0
1391114626|0
1391114648|0
1391114671|0
1391114693|0
1391114716|0
1391114738|0
1391114761|0
1391114783|0
1391114806|0
1391114828|0
1391114850|0
1391114873|0
1391114895|0
1391114918|0
1391114940|0
1391114963|0
1391114985|0
1391115008|0
1391115030|0
1391115053|0
1391115075|0
1391115098|0
1391115120|0
1391115143|0
1391115165|0
1391115188|0
1391115210|0
1391115233|0
1391115255|0
1391115278|0
1391115300|0
1391115322|0
1391115345|0
1391115367|0
1391115390|0
1391115412|0
1391115435|0
1391115457|0
1391115480|0
1391115502|0
1391115525|0
1391115547|0
1391115570|0
1391115592|0
1391115615|0
1391115637|0
1391115660|0
1391115682|0
1391115705|0
1391115727|0
1391115750|0
1391115772|0
1391115794|0
1391115817|0
1391115839|0
1391115862|0
1391115884|0
1391115907|0
1391115929|0
1391115952|0
1391115974|0
1391115997|0
1391116019|0
1391116042|0
1391116064|0
1391116087|0
1391116109|0
1391116132|0
1391116154|0
1391116177|0
1391116199|0
1391116222|0
1391116244|0
1391116267|0
1391116289|0
1391116312|0
1391116334|0
1391116356|0
1391116379|0
1391116401|0
1391116424|0
1391116446|0
1391116469|0
1391116491|0
1391116514|0
1391116536|0
1391116559|0
1391116581|0
1391116604|0
1391116626|0
1391116649|0
1391116671|0
1391116694|0
1391116716|0
1391116739|0
1391116761|0
1391116784|0
1391116806|0
1391116829|0
1391116851|0
1391116874|0
1391116896|0
1391116918|0
1391116941|0
1391116963|0
1391116986|0
1391117008|0
1391117031|0
1391117053|0
1391117076|0
1391117098|0
1391117121|0
1391117143|0
1391117166|0
1391117188|0
1391117211|0
1391117233|0
1391117256|0
1391117278|0
1391117301|0
1391117323|0
1391117346|0
1391117368|0
1391117391|0
1391117413|0
1391117435|0
1391117458|0
1391117480|0
1391117503|0
1391117525|0
1391117548|0
1391117570|0
1391117593|0
1391117615|0
1391117638|0
1391117660|0
1391117683|0
1391117705|0
1391117728|0
1391117750|0
1391117773|0
1391117795|0
1391117818|0
1391117840|0
1391117863|0
1391117885|0
1391117907|0
1391117930|0
1391117953|0
1391117975|0
1391117997|0
1391118020|0
1391118042|0
1391118065|0
1391118087|0
1391118110|0
1391118132|0
1391118155|0
1391118177|0
1391118200|0
1391118222|0
1391118245|0
1391118267|0
1391118290|0
1391118312|0
1391118335|0
1391118357|0
1391118380|0
1391118402|0
1391118425|0
1391118447|0
1391118469|0
1391118492|0
1391118514|0
1391118537|0
1391118559|0
1391118582|0
1391118604|0
1391118627|0
1391118649|0
1391118672|0
1391118694|0
1391118717|0
1391118739|0
1391118762|0
1391118784|0
1391118807|0
1391118829|0
1391118852|0
1391118874|0
1391118897|0
1391118919|0
1391118941|0
1391118964|0
1391118986|0
1391119009|0
1391119031|0
1391119054|0
1391119076|0
1391119099|0
1391119121|0
1391119144|0
1391119166|0
1391119189|0
1391119211|0
1391119234|0
1391119256|0
1391119279|0
1391119301|0
1391119324|0
1391119346|0
1391119369|0
1391119391|0
1391119414|0
1391119436|0
1391119459|0
1391119481|0
1391119503|0
1391119526|0
1391119548|0
1391119571|0
1391119593|0
1391119616|0
1391119638|0
1391119661|0
1391119683|0
1391119706|0
1391119728|0
1391119751|0
1391119773|0
1391119796|0
1391119818|0
1391119841|0
1391119863|0
1391119886|0
1391119908|0
1391119931|0
1391119953|0
1391119976|0
1391119998|0
1391120021|0
1391120043|0
1391120065|0
1391120088|0
1391120110|0
1391120133|0
1391120155|0
1391120178|0
1391120200|0
1391120223|0
1391120245|0
1391120268|0
1391120290|0
1391120313|0
1391120335|0
1391120358|0
1391120380|0
1391120403|0
1391120425|0
1391120448|0
1391120470|0
1391120493|0
1391120515|0
1391120538|0
1391120560|0
1391120582|0
1391120605|0
1391120627|0
1391120650|0
1391120672|0
1391120695|0
1391120717|0
1391120740|0
1391120762|0
1391120785|0
1391120807|0
1391120830|0
1391120852|0
1391120875|0
1391120897|0
1391120920|0
1391120942|0
1391120965|0
1391120987|0
1391121010|0
1391121032|0
1391121055|0
1391121077|0
1391121100|0
1391121122|0
1391121144|0
1391121167|0
1391121189|0
1391121212|0
1391121234|0
1391121257|0
1391121279|0
1391121302|0
1391121324|0
1391121347|0
1391121369|0
1391121392|0
1391121414|0
1391121437|0
1391121459|0
1391121482|0
1391121504|0
1391121527|0
1391121549|0
1391121572|0
1391121594|0
1391121616|0
1391121639|0
1391121661|0
1391121684|0
1391121706|0
1391121729|0
1391121751|0
1391121774|0
1391121796|0
1391121819|0
1391121841|0
1391121864|0
1391121886|0
1391121909|0
1391121931|0
1391121954|0
1391121976|0
1391121999|0
1391122021|0
1391122044|0
1391122066|0
1391122088|0
1391122111|0
1391122133|0
1391122156|0
1391122178|0
1391122201|0
1391122223|0
1391122246|0
1391122268|0
1391122291|0
1391122313|0
1391122336|0
1391122358|0
1391122381|0
1391122403|0
1391122426|0
1391122448|0
1391122471|0
1391122493|0
1391122516|0
1391122538|0
1391122561|0
1391122583|0
1391122606|0
1391122628|0
1391122650|0
1391122673|0
1391122696|0
1391122718|0
1391122740|0
1391122763|0
1391122785|0
1391122808|0
1391122830|0
1391122853|0
1391122875|0
1391122898|0
1391122920|0
1391122943|0
1391122965|0
1391122988|0
1391123010|0
1391123033|0
1391123055|0
1391123078|0
1391123100|0
1391123123|0
1391123145|0
1391123168|0
1391123190|0
1391123212|0
1391123235|0
1391123257|0
1391123280|0
1391123302|0
1391123325|0
1391123347|0
1391123370|0
1391123392|0
1391123415|0
1391123437|0
1391123460|0
1391123482|0
1391123505|0
1391123527|0
1391123550|0
1391123572|0
1391123595|0
1391123617|0
1391123640|0
1391123662|0
1391123685|0
1391123707|0
1391123729|0
1391123752|0
1391123774|0
1391123797|0
1391123819|0
1391123842|0
1391123864|0
1391123887|0
1391123909|0
1391123932|0
1391123954|0
1391123977|0
1391123999|0
1391124022|0
1391124044|0
1391124067|0
1391124089|0
1391124112|0
1391124134|0
1391124157|0
1391124179|0
1391124201|0
1391124224|0
1391124246|0
1391124269|0
1391124291|0
1391124314|0
1391124336|0
1391124359|0
1391124381|0
1391124404|0
1391124426|0
1391124449|0
1391124471|0
1391124494|0
1391124516|0
1391124539|0
1391124561|0
1391124584|0
1391124606|0
1391124629|0
1391124651|0
1391124674|0
1391124697|0
1391124719|0
1391124742|0
1391124764|0
1391124787|0
1391124809|0
1391124832|0
1391124854|0
1391124877|0
1391124899|0
1391124922|0
1391124944|0
1391124967|0
1391124989|0
1391125012|0
1391125034|0
1391125056|0
1391125079|0
1391125101|0
1391125124|0
1391125146|0
1391125169|0
1391125191|0
1391125214|0
1391125236|0
1391125259|0
1391125281|0
1391125304|0
1391125326|0
1391125349|0
1391125371|0
1391125394|0
1391125416|0
1391125439|0
1391125461|0
1391125484|0
1391125506|0
1391125529|0
1391125551|0
1391125574|0
1391125596|0
1391125618|0
1391125641|0
1391125663|0
1391125686|0
1391125708|0
1391125731|0
1391125753|0
1391125776|0
1391125798|0
1391125821|0
1391125843|0
1391125866|0
1391125888|0
1391125911|0
1391125933|0
1391125956|0
1391125978|0
1391126001|0
1391126023|0
1391126046|0
1391126068|0
1391126090|0
1391126113|0
1391126136|0
1391126158|0
1391126180|0
1391126203|0
1391126225|0
1391126248|0
1391126270|0
1391126293|0
1391126315|0
1391126338|0
1391126360|0
1391126383|0
1391126405|0
1391126428|0
1391126450|0
1391126473|0
1391126495|0
1391126518|0
1391126540|0
1391126563|0
1391126585|0
1391126608|0
1391126630|0
1391126652|0
1391126675|0
1391126697|0
1391126720|0
1391126742|0
1391126765|0
1391126787|0
1391126810|0
1391126832|0
1391126855|0
1391126877|0
1391126900|0
1391126922|0
1391126945|0
1391126967|0
1391126990|0
1391127012|0
1391127035|0
1391127057|0
1391127080|0
1391127102|0
1391127124|0
1391127147|0
1391127169|0
1391127192|0
1391127214|0
1391127237|0
1391127259|0
1391127282|0
1391127304|0
1391127327|0
1391127349|0
1391127372|0
1391127394|0
1391127417|0
1391127439|0
1391127462|0
1391127484|0
1391127507|0
1391127529|0
1391127552|0
1391127574|0
1391127597|0
1391127619|0
1391127641|0
1391127664|0
1391127686|0
1391127709|0
1391127731|0
1391127754|0
1391127776|0
1391127799|0
1391127821|0
1391127844|0
1391127866|0
1391127889|0
1391127911|0
1391127934|0
1391127956|0
1391127979|0
1391128001|0
1391128024|0
1391128046|0
1391128069|0
1391128091|0
1391128114|0
1391128136|0
1391128159|0
1391128181|0
1391128203|0
1391128226|0
1391128248|0
1391128271|0
1391128293|0
1391128316|0
1391128338|0
1391128361|0
1391128383|0
1391128406|0
1391128428|0
1391128451|0
1391128473|0
1391128496|0
1391128518|0
1391128541|0
1391128563|0
1391128586|0
1391128608|0
1391128631|0
1391128653|0
1391128675|0
1391128698|0
1391128720|0
1391128743|0
1391128765|0
1391128788|0
1391128810|0
1391128833|0
1391128855|0
1391128878|0
1391128900|0
1391128923|0
1391128945|0
1391128968|0
1391128990|0
1391129013|0
1391129035|0
1391129058|0
1391129080|0
1391129103|0
1391129125|0
1391129147|0
1391129170|0
1391129192|0
1391129215|0
1391129237|0
1391129260|0
1391129282|0
1391129305|0
1391129327|0
1391129350|0
1391129372|0
1391129395|0
1391129417|0
1391129440|0
1391129462|0
1391129485|0
1391129507|0
1391129530|0
1391129552|0
1391129575|0
1391129597|0
1391129620|0
1391129642|0
1391129664|0
1391129687|0
1391129709|0
1391129732|0
1391129754|0
1391129777|0
1391129799|0
1391129822|0
1391129844|0
1391129867|0
1391129889|0
1391129912|0
1391129934|0
1391129957|0
1391129979|0
1391130002|0
1391130024|0
1391130047|0
1391130069|0
1391130092|0
1391130114|0
1391130136|0
1391130159|0
1391130181|0
1391130204|0
1391130226|0
1391130249|0
1391130271|0
1391130294|0
1391130316|0
1391130339|0
1391130361|0
1391130384|0
1391130406|0
1391130429|0
1391130451|0
1391130474|0
1391130496|0
1391130519|0
1391130541|0
1391130564|0
1391130586|0
1391130609|0
1391130631|0
1391130654|0
1391130676|0
1391130698|0
1391130721|0
1391130743|0
1391130766|0
1391130788|0
1391130811|0
1391130833|0
1391130856|0
1391130878|0
1391130901|0
1391130923|0
1391130946|0
1391130968|0
1391130991|0
1391131013|0
1391131036|0
1391131058|0
1391131081|0
1391131103|0
1391131126|0
1391131148|0
1391131170|0
1391131193|0
1391131215|0
1391131238|0
1391131260|0
1391131283|0
1391131305|0
1391131328|0
1391131350|0
1391131373|0
1391131395|0
1391131418|0
1391131440|0
1391131463|0
1391131485|0
1391131508|0
1391131531|0
1391131553|0
1391131576|0
1391131598|0
1391131621|0
1391131643|0
1391131666|0
1391131688|0
1391131711|0
1391131733|0
1391131756|0
1391131778|0
1391131801|0
1391131823|0
1391131846|0
1391131868|0
1391131891|0
1391131913|0
1391131936|0
1391131958|0
1391131981|0
1391132003|0
1391132025|0
1391132048|0
1391132070|0
1391132093|0
1391132115|0
1391132138|0
1391132160|0
1391132183|0
1391132205|0
1391132228|0
1391132250|0
1391132273|0
1391132295|0
1391132318|0
1391132340|0
1391132363|0
1391132385|0
1391132408|0
1391132430|0
1391132453|0
1391132475|0
1391132497|0
1391132520|0
1391132542|0
1391132565|0
1391132587|0
1391132610|0
1391132632|0
1391132655|0
1391132677|0
1391132700|0
1391132722|0
1391132745|0
1391132767|0
1391132790|0
1391132812|0
1391132835|0
1391132857|0
1391132880|0
1391132902|0
1391132925|0
1391132947|0
1391132969|0
1391132992|0
1391133015|0
1391133037|0
1391133059|0
1391133082|0
1391133104|0
1391133127|0
1391133149|0
1391133172|0
1391133194|0
1391133217|0
1391133239|0
1391133262|0
1391133284|0
1391133307|0
1391133329|0
1391133352|0
1391133374|0
1391133397|0
1391133419|0
1391133442|0
1391133464|0
1391133487|0
1391133509|0
1391133531|0
1391133554|0
1391133576|0
1391133599|0
1391133621|0
1391133644|0
1391133666|0
1391133689|0
1391133711|0
1391133734|0
1391133756|0
1391133779|0
1391133801|0
1391133824|0
1391133846|0
1391133869|0
1391133891|0
1391133914|0
1391133936|0
1391133959|0
1391133981|0
1391134004|0
1391134026|0
1391134049|0
1391134071|0
1391134093|0
1391134116|0
1391134138|0
1391134161|0
1391134183|0
1391134206|0
1391134228|0
1391134251|0
1391134273|0
1391134296|0
1391134318|0
1391134341|0
1391134363|0
1391134386|0
1391134408|0
1391134431|0
1391134453|0
1391134476|0
1391134498|0
1391134521|0
1391134543|0
1391134566|0
1391134588|0
1391134610|0
1391134633|0
1391134655|0
1391134678|0
1391134700|0
1391134723|0
1391134745|0
1391134768|0
1391134790|0
1391134813|0
1391134835|0
1391134858|0
1391134880|0
1391134903|0
1391134925|0
1391134948|0
1391134970|0
1391134993|0
1391135015|0
1391135038|0
1391135060|0
1391135082|0
1391135105|0
1391135127|0
1391135150|0
1391135172|0
1391135195|0
1391135217|0
1391135240|0
1391135262|0
1391135285|0
1391135307|0
1391135330|0
1391135352|0
1391135375|0
1391135397|0
1391135420|0
1391135442|0
1391135465|0
1391135487|0
1391135510|0
1391135532|0
1391135554|0
1391135577|0
1391135599|0
1391135622|0
1391135644|0
1391135667|0
1391135689|0
1391135712|0
1391135734|0
1391135757|0
1391135779|0
1391135802|0
1391135824|0
1391135847|0
1391135869|0
1391135892|0
1391135914|0
1391135937|0
1391135959|0
1391135982|0
1391136004|0
1391136027|0
1391136049|0
1391136071|0
1391136094|0
1391136116|0
1391136139|0
1391136161|0
1391136184|0
1391136206|0
1391136229|0
1391136251|0
1391136274|0
1391136296|0
1391136319|0
1391136341|0
1391136364|0
1391136386|0
1391136409|0
1391136431|0
1391136454|0
1391136476|0
1391136499|0
1391136521|0
1391136544|0
1391136566|0
1391136589|0
1391136611|0
1391136633|0
1391136656|0
1391136678|0
1391136701|0
1391136723|0
1391136746|0
1391136768|0
1391136791|0
1391136813|0
1391136836|0
1391136858|0
1391136881|0
1391136903|0
1391136926|0
1391136948|0
1391136971|0
1391136993|0
1391137016|0
1391137038|0
1391137061|0
1391137083|0
1391137106|0
1391137128|0
1391137151|0
1391137173|0
1391137195|0
1391137218|0
1391137240|0
1391137263|0
1391137285|0
1391137308|0
1391137330|0
1391137353|0
1391137375|0
1391137398|0
1391137420|0
1391137443|0
1391137465|0
1391137488|0
1391137510|0
1391137533|0
1391137555|0
1391137578|0
1391137600|0
1391137623|0
1391137645|0
1391137667|0
1391137690|0
1391137712|0
1391137735|0
1391137757|0
1391137780|0
1391137802|0
1391137825|0
1391137847|0
1391137870|0
1391137892|0
1391137915|0
1391137937|0
1391137960|0
1391137982|0
1391138005|0
1391138027|0
1391138050|0
1391138072|0
1391138095|0
1391138117|0
1391138139|0
1391138162|0
1391138184|0
1391138207|0
1391138229|0
1391138252|0
1391138274|0
1391138297|0
1391138319|0
1391138342|0
1391138364|0
1391138387|0
1391138409|0
1391138432|0
1391138454|0
1391138477|0
1391138499|0
1391138522|0
1391138544|0
1391138567|0
1391138589|0
1391138612|0
1391138634|0
1391138657|0
1391138679|0
1391138701|0
1391138724|0
1391138746|0
1391138769|0
1391138791|0
1391138814|0
1391138836|0
1391138859|0
1391138881|0
1391138904|0
1391138926|0
1391138949|0
1391138971|0
1391138994|0
1391139016|0
1391139039|0
1391139061|0
1391139084|0
1391139106|0
1391139129|0
1391139151|0
1391139174|0
1391139196|0
1391139219|0
1391139241|0
1391139263|0
1391139286|0
1391139308|0
1391139331|0
1391139353|0
1391139376|0
1391139398|0
1391139421|0
1391139443|0
1391139466|0
1391139488|0
1391139511|0
1391139533|0
1391139556|0
1391139578|0
1391139601|0
1391139623|0
1391139646|0
1391139668|0
1391139691|0
1391139713|0
1391139736|0
1391139758|0
1391139781|0
1391139803|0
1391139825|0
1391139848|0
1391139870|0
1391139893|0
1391139915|0
1391139938|0
1391139960|0
1391139983|0
1391140005|0
1391140028|0
1391140050|0
1391140073|0
1391140095|0
1391140118|0
1391140140|0
1391140163|0
1391140185|0
1391140208|0
1391140230|0
1391140253|0
1391140275|0
1391140298|0
1391140320|0
1391140342|0
1391140365|0
1391140387|0
1391140410|0
1391140432|0
1391140455|0
1391140477|0
1391140500|0
1391140522|0
1391140545|0
1391140567|0
1391140590|0
1391140612|0
1391140635|0
1391140657|0
1391140680|0
1391140702|0
1391140725|0
1391140747|0
1391140770|0
1391140792|0
1391140814|0
1391140837|0
1391140859|0
1391140882|0
1391140904|0
1391140927|0
1391140949|0
1391140972|0
1391140994|0
1391141017|0
1391141039|0
1391141062|0
1391141084|0
1391141107|0
1391141129|0
1391141152|0
1391141174|0
1391141197|0
1391141219|0
1391141242|0
1391141264|0
1391141287|0
1391141309|0
1391141332|0
1391141354|0
1391141376|0
1391141399|0
1391141421|0
1391141444|0
1391141466|0
1391141489|0
1391141511|0
1391141534|0
1391141556|0
1391141579|0
1391141601|0
1391141624|0
1391141646|0
1391141669|0
1391141691|0
1391141714|0
1391141736|0
1391141759|0
1391141781|0
1391141804|0
1391141826|0
1391141849|0
1391141871|0
1391141894|0
1391141916|0
1391141938|0
1391141961|0
1391141983|0
1391142006|0
1391142028|0
1391142051|0
1391142073|0
1391142096|0
1391142118|0
1391142141|0
1391142163|0
1391142186|0
1391142208|0
1391142231|0
1391142253|0
1391142276|0
1391142298|0
1391142321|0
1391142343|0
1391142366|0
1391142388|0
1391142410|0
1391142433|0
1391142455|0
1391142478|0
1391142500|0
1391142523|0
1391142545|0
1391142568|0
1391142590|0
1391142613|0
1391142635|0
1391142658|0
1391142680|0
1391142703|0
1391142725|0
1391142748|0
1391142770|0
1391142793|0
1391142815|0
1391142838|0
1391142860|0
1391142883|0
1391142905|0
1391142927|0
1391142950|0
1391142972|0
1391142995|0
1391143017|0
1391143040|0
1391143062|0
1391143085|0
1391143107|0
1391143130|0
1391143152|0
1391143175|0
1391143197|0
1391143220|0
1391143242|0
1391143265|0
1391143287|0
1391143310|0
1391143332|0
1391143355|0
1391143377|0
1391143400|0
1391143422|0
1391143445|0
1391143467|0
1391143489|0
1391143512|0
1391143534|0
1391143557|0
1391143579|0
1391143602|0
1391143624|0
1391143647|0
1391143669|0
1391143692|0
1391143714|0
1391143737|0
1391143759|0
1391143782|0
1391143804|0
1391143827|0
1391143849|0
1391143872|0
1391143894|0
1391143917|0
1391143939|0
1391143961|0
1391143984|0
1391144006|0
1391144029|0
1391144051|0
1391144074|0
1391144096|0
1391144119|0
1391144141|0
1391144164|0
1391144186|0
1391144209|0
1391144231|0
1391144254|0
1391144276|0
1391144299|0
1391144321|0
1391144344|0
1391144366|0
1391144389|0
1391144411|0
1391144433|0
1391144456|0
1391144479|0
1391144501|0
1391144523|0
1391144546|0
1391144568|0
1391144591|0
1391144613|0
1391144636|0
1391144658|0
1391144681|0
1391144703|0
1391144726|0
1391144748|0
1391144771|0
1391144793|0
1391144816|0
1391144838|0
1391144861|0
1391144883|0
1391144906|0
1391144928|0
1391144951|0
1391144973|0
1391144995|0
1391145018|0
1391145040|0
1391145063|0
1391145085|0
1391145108|0
1391145130|0
1391145153|0
1391145175|0
1391145198|0
1391145220|0
1391145243|0
1391145265|0
1391145288|0
1391145310|0
1391145333|0
1391145355|0
1391145378|0
1391145400|0
1391145423|0
1391145445|0
1391145468|0
1391145490|0
1391145513|0
1391145535|0
1391145557|0
1391145580|0
1391145602|0
1391145625|0
1391145647|0
1391145670|0
1391145692|0
1391145715|0
1391145737|0
1391145760|0
1391145782|0
1391145805|0
1391145827|0
1391145850|0
1391145872|0
1391145895|0
1391145917|0
1391145940|0
1391145962|0
1391145985|0
1391146007|0
1391146030|0
1391146052|0
1391146074|0
1391146097|0
1391146119|0
1391146142|0
1391146164|0
1391146187|0
1391146209|0
1391146232|0
1391146254|0
1391146277|0
1391146299|0
1391146322|0
1391146344|0
1391146367|0
1391146389|0
1391146412|0
1391146434|0
1391146457|0
1391146479|0
1391146502|0
1391146524|0
1391146546|0
1391146569|0
1391146591|0
1391146614|0
1391146636|0
1391146659|0
1391146681|0
1391146704|0
1391146726|0
1391146749|0
1391146771|0
1391146794|0
1391146816|0
1391146839|0
1391146861|0
1391146884|0
1391146906|0
1391146929|0
1391146951|0
1391146974|0
1391146996|0
1391147019|0
1391147041|0
1391147064|0
1391147086|0
1391147108|0
1391147131|0
1391147153|0
1391147176|0
1391147198|0
1391147221|0
1391147243|0
1391147266|0
1391147288|0
1391147311|0
1391147333|0
1391147356|0
1391147378|0
1391147401|0
1391147423|0
1391147446|0
1391147468|0
1391147491|0
1391147513|0
1391147536|0
1391147558|0
1391147581|0
1391147603|0
1391147626|0
1391147648|0
1391147670|0
1391147693|0
1391147715|0
1391147738|0
1391147760|0
1391147783|0
1391147805|0
1391147828|0
1391147850|0
1391147873|0
1391147895|0
1391147918|0
1391147940|0
1391147963|0
1391147985|0
1391148008|0
1391148030|0
1391148053|0
1391148075|0
1391148098|0
1391148120|0
1391148142|0
1391148165|0
1391148188|0
1391148210|0
1391148232|0
1391148255|0
1391148277|0
1391148300|0
1391148322|0
1391148345|0
1391148367|0
1391148390|0
1391148412|0
1391148435|0
1391148457|0
1391148480|0
1391148502|0
1391148525|0
1391148547|0
1391148570|0
1391148592|0
1391148615|0
1391148637|0
1391148660|0
1391148682|0
1391148704|0
1391148727|0
1391148749|0
1391148772|0
1391148794|0
1391148817|0
1391148839|0
1391148862|0
1391148884|0
1391148907|0
1391148929|0
1391148952|0
1391148974|0
1391148997|0
1391149019|0
1391149042|0
1391149064|0
1391149087|0
1391149109|0
1391149132|0
1391149154|0
1391149177|0
1391149199|0
1391149221|0
1391149244|0
1391149266|0
1391149289|0
1391149311|0
1391149334|0
1391149356|0
1391149379|0
1391149401|0
1391149424|0
1391149446|0
1391149469|0
1391149491|0
1391149514|0
1391149536|0
1391149559|0
1391149581|0
1391149604|0
1391149626|0
1391149649|0
1391149671|0
1391149693|0
1391149716|0
1391149738|0
1391149761|0
1391149783|0
1391149806|0
1391149828|0
1391149851|0
1391149873|0
1391149896|0
1391149918|0
1391149941|0
1391149963|0
1391149986|0
1391150008|0
1391150031|0
1391150053|0
1391150076|0
1391150098|0
1391150121|0
1391150143|0
1391150166|0
1391150188|0
1391150211|0
1391150233|0
1391150255|0
1391150278|0
1391150300|0
1391150323|0
1391150345|0
1391150368|0
1391150390|0
1391150413|0
1391150435|0
1391150458|0
1391150480|0
1391150503|0
1391150525|0
1391150548|0
1391150570|0
1391150593|0
1391150615|0
1391150638|0
1391150660|0
1391150683|0
1391150705|0
1391150727|0
1391150750|0
1391150772|0
1391150795|0
