1396208183|0
1396208206|0
1396208228|0
1396208251|0
1396208273|0
1396208296|0
1396208318|0
1396208341|0
1396208363|0
1396208385|0
1396208408|0
1396208430|0
1396208453|0
1396208475|0
1396208498|0
1396208520|0
1396208543|0
1396208565|0
1396208588|0
1396208610|0
1396208633|0
1396208655|0
1396208678|0
1396208700|0
1396208723|0
1396208745|0
1396208768|0
1396208790|0
1396208812|0
1396208835|0
1396208857|0
1396208880|0
1396208902|0
1396208925|0
1396208947|0
1396208970|0
1396208992|0
1396209015|0
1396209037|0
1396209060|0
1396209082|0
1396209105|0
1396209127|0
1396209149|0
1396209172|0
1396209194|0
1396209217|0
1396209239|0
1396209262|0
1396209284|0
1396209307|0
1396209329|0
1396209352|0
1396209374|0
1396209397|0
1396209419|0
1396209442|0
1396209464|0
1396209486|0
1396209509|0
1396209531|0
1396209554|0
1396209576|0
1396209599|0
1396209621|0
1396209644|0
1396209666|0
1396209689|0
1396209711|0
1396209734|0
1396209756|0
1396209779|0
1396209801|0
1396209824|0
1396209846|0
1396209868|0
1396209891|0
1396209913|0
1396209936|0
1396209958|0
1396209981|0
1396210003|0
1396210026|0
1396210048|0
1396210071|0
1396210093|0
1396210116|0
1396210138|0
1396210161|0
1396210183|0
1396210205|0
1396210228|0
1396210250|0
1396210273|0
1396210295|0
1396210318|0
1396210340|0
1396210363|0
1396210385|0
1396210408|0
1396210430|0
1396210453|0
1396210475|0
1396210498|0
1396210520|0
1396210542|0
1396210565|0
1396210587|0
1396210610|0
1396210632|0
1396210655|0
1396210677|0
1396210700|0
1396210722|0
1396210745|0
1396210767|0
1396210790|0
1396210812|0
1396210835|0
1396210857|0
1396210880|0
1396210902|0
1396210925|0
1396210947|0
1396210969|0
1396210992|0
1396211014|0
1396211037|0
1396211059|0
1396211082|0
1396211104|0
1396211127|0
1396211149|0
1396211172|0
1396211194|0
1396211217|0
1396211239|0
1396211262|0
1396211284|0
1396211306|0
1396211329|0
1396211351|0
1396211374|0
1396211396|0
1396211419|0
1396211441|0
1396211464|0
1396211486|0
1396211509|0
1396211531|0
1396211554|0
1396211576|0
1396211599|0
1396211621|0
1396211643|0
1396211666|0
1396211688|0
1396211711|0
1396211733|0
1396211756|0
1396211778|0
1396211801|0
1396211823|0
1396211846|0
1396211868|0
1396211891|0
1396211913|0
1396211936|0
1396211958|0
1396211981|0
1396212003|0
1396212026|0
1396212048|0
1396212070|0
1396212093|0
1396212115|0
1396212138|0
1396212160|0
1396212183|0
1396212205|0
1396212228|0
1396212250|0
1396212273|0
1396212295|0
1396212318|0
1396212340|0
1396212363|0
1396212385|0
1396212407|0
1396212430|0
1396212452|0
1396212475|0
1396212497|0
1396212520|0
1396212542|0
1396212565|0
1396212587|0
1396212610|0
1396212632|0
1396212655|0
1396212677|0
1396212700|0
1396212722|0
1396212744|0
1396212767|0
1396212789|0
1396212812|0
1396212834|0
1396212857|0
1396212879|0
1396212902|0
1396212924|0
1396212947|0
1396212969|0
1396212992|0
1396213014|0
1396213037|0
1396213059|0
1396213081|0
1396213104|0
1396213126|0
1396213149|0
1396213171|0
1396213194|0
1396213216|0
1396213239|0
1396213261|0
1396213284|0
1396213306|0
1396213329|0
1396213351|0
1396213374|0
1396213396|0
1396213419|0
1396213441|0
1396213463|0
1396213486|0
1396213508|0
1396213531|0
1396213553|0
1396213576|0
1396213599|0
1396213621|0
1396213644|0
1396213666|0
1396213689|0
1396213711|0
1396213733|0
1396213756|0
1396213778|0
1396213801|0
1396213823|0
1396213846|0
1396213868|0
1396213891|0
1396213913|0
1396213936|0
1396213958|0
1396213981|0
1396214003|0
1396214026|0
1396214048|0
1396214070|0
1396214093|0
1396214115|0
1396214138|0
1396214160|0
1396214183|0
1396214205|0
1396214228|0
1396214250|0
1396214273|0
1396214295|0
1396214318|0
1396214340|0
1396214363|0
1396214385|0
1396214408|0
1396214430|0
1396214452|0
1396214475|0
1396214497|0
1396214520|0
1396214542|0
1396214565|0
1396214587|0
1396214610|0
1396214632|0
1396214655|0
1396214677|0
1396214700|0
1396214722|0
1396214745|0
1396214767|0
1396214789|0
1396214812|0
1396214834|0
1396214857|0
1396214879|0
1396214902|0
1396214924|0
1396214947|0
1396214969|0
1396214992|0
1396215014|0
1396215037|0
1396215059|0
1396215082|0
1396215104|0
1396215126|0
1396215149|0
1396215171|0
1396215194|0
1396215216|0
1396215239|0
1396215261|0
1396215284|0
1396215306|0
1396215329|0
1396215351|0
1396215374|0
1396215396|0
1396215419|0
1396215441|0
1396215464|0
1396215486|0
1396215509|0
1396215531|0
1396215553|0
1396215576|0
1396215598|0
1396215621|0
1396215643|0
1396215666|0
1396215688|0
1396215711|0
1396215733|0
1396215756|0
1396215778|0
1396215801|0
1396215823|0
1396215846|0
1396215868|0
1396215891|0
1396215913|0
1396215936|0
1396215958|0
1396215980|0
1396216003|0
1396216025|0
1396216048|0
1396216070|0
1396216093|0
1396216115|0
1396216138|0
1396216160|0
1396216183|0
1396216205|0
1396216228|0
1396216250|0
1396216273|0
1396216295|0
1396216317|0
1396216340|0
1396216362|0
1396216385|0
1396216407|0
1396216430|0
1396216452|0
1396216475|0
1396216497|0
1396216520|0
1396216542|0
1396216565|0
1396216587|0
1396216610|0
1396216632|0
1396216654|0
1396216677|0
1396216699|0
1396216722|0
1396216744|0
1396216767|0
1396216789|0
1396216812|0
1396216834|0
1396216857|0
1396216879|0
1396216902|0
1396216924|0
1396216947|0
1396216969|0
1396216991|0
1396217014|0
1396217036|0
1396217059|0
1396217081|0
1396217104|0
1396217126|0
1396217149|0
1396217171|0
1396217194|0
1396217216|0
1396217239|0
1396217261|0
1396217284|0
1396217306|0
1396217328|0
1396217351|0
1396217373|0
1396217396|0
1396217418|0
1396217441|0
1396217463|0
1396217486|0
1396217508|0
1396217531|0
1396217553|0
1396217576|0
1396217598|0
1396217621|0
1396217643|0
1396217666|0
1396217688|0
1396217710|0
1396217733|0
1396217755|0
1396217778|0
1396217800|0
1396217823|0
1396217845|0
1396217868|0
1396217890|0
1396217913|0
1396217935|0
1396217958|0
1396217980|0
1396218003|0
1396218025|0
1396218047|0
1396218070|0
1396218092|0
1396218115|0
1396218137|0
1396218160|0
1396218182|0
1396218205|0
1396218227|0
1396218250|0
1396218272|0
1396218295|0
1396218317|0
1396218340|0
1396218362|0
1396218384|0
1396218407|0
1396218429|0
1396218452|0
1396218474|0
1396218497|0
1396218519|0
1396218542|0
1396218564|0
1396218587|0
1396218609|0
1396218632|0
1396218654|0
1396218677|0
1396218699|0
1396218722|0
1396218744|0
1396218766|0
1396218789|0
1396218811|0
1396218834|0
1396218856|0
1396218879|0
1396218901|0
1396218924|0
1396218946|0
1396218969|0
1396218991|0
1396219014|0
1396219036|0
1396219059|0
1396219081|0
1396219103|0
1396219126|0
1396219148|0
1396219171|0
1396219193|0
1396219216|0
1396219238|0
1396219261|0
1396219283|0
1396219306|0
1396219328|0
1396219351|0
1396219373|0
1396219396|0
1396219418|0
1396219441|0
1396219463|0
1396219485|0
1396219508|0
1396219530|0
1396219553|0
1396219575|0
1396219598|0
1396219620|0
1396219643|0
1396219665|0
1396219688|0
1396219710|0
1396219733|0
1396219755|0
1396219778|0
1396219800|0
1396219822|0
1396219845|0
1396219867|0
1396219890|0
1396219912|0
1396219935|0
1396219957|0
1396219980|0
1396220002|0
1396220025|0
1396220047|0
1396220070|0
1396220092|0
1396220115|0
1396220137|0
1396220159|0
1396220182|0
1396220204|0
1396220227|0
1396220249|0
1396220272|0
1396220294|0
1396220317|0
1396220339|0
1396220362|0
1396220384|0
1396220407|0
1396220429|0
1396220452|0
1396220474|0
1396220497|0
1396220519|0
1396220542|0
1396220564|0
1396220586|0
1396220609|0
1396220631|0
1396220654|0
1396220676|0
1396220699|0
1396220721|0
1396220744|0
1396220766|0
1396220789|0
1396220811|0
1396220834|0
1396220856|0
1396220879|0
1396220901|0
1396220923|0
1396220946|0
1396220968|0
1396220991|0
1396221013|0
1396221036|0
1396221058|0
1396221081|0
1396221103|0
1396221126|0
1396221148|0
1396221171|0
1396221193|0
1396221216|0
1396221238|0
1396221260|0
1396221283|0
1396221305|0
1396221328|0
1396221350|0
1396221373|0
1396221395|0
1396221418|0
1396221440|0
1396221463|0
1396221485|0
1396221508|0
1396221530|0
1396221553|0
1396221575|0
1396221598|0
1396221620|0
1396221642|0
1396221665|0
1396221687|0
1396221710|0
1396221732|0
1396221755|0
1396221777|0
1396221800|0
1396221822|0
1396221845|0
1396221867|0
1396221890|0
1396221912|0
1396221935|0
1396221957|0
1396221979|0
1396222002|0
1396222024|0
1396222047|0
1396222069|0
1396222092|0
1396222114|0
1396222137|0
1396222159|0
1396222182|0
1396222204|0
1396222227|0
1396222249|0
1396222272|0
1396222294|0
1396222316|0
1396222339|0
1396222361|0
1396222384|0
1396222406|0
1396222429|0
1396222451|0
1396222474|0
1396222496|0
1396222519|0
1396222541|0
1396222564|0
1396222586|0
1396222609|0
1396222631|0
1396222653|0
1396222676|0
1396222698|0
1396222721|0
1396222743|0
1396222766|0
1396222788|0
1396222811|0
1396222833|0
1396222856|0
1396222878|0
1396222901|0
1396222923|0
1396222946|0
1396222968|0
1396222990|0
1396223013|0
1396223035|0
1396223058|0
1396223080|0
1396223103|0
1396223125|0
1396223148|0
1396223170|0
1396223193|0
1396223215|0
1396223238|0
1396223260|0
1396223283|0
1396223305|0
1396223328|0
1396223350|0
1396223372|0
1396223395|0
1396223417|0
1396223440|0
1396223462|0
1396223485|0
1396223507|0
1396223530|0
1396223552|0
1396223575|0
1396223597|0
1396223620|0
1396223642|0
1396223665|0
1396223687|0
1396223710|0
1396223732|0
1396223754|0
1396223777|0
1396223799|0
1396223822|0
1396223844|0
1396223867|0
1396223889|0
1396223912|0
1396223934|0
1396223957|0
1396223979|0
1396224002|0
1396224024|0
1396224047|0
1396224069|0
1396224091|0
1396224114|0
1396224136|0
1396224159|0
1396224181|0
1396224204|0
1396224226|0
1396224249|0
1396224271|0
1396224294|0
1396224316|0
1396224339|0
1396224361|0
1396224384|0
1396224406|0
1396224428|0
1396224451|0
1396224473|0
1396224496|0
1396224518|0
1396224541|0
1396224563|0
1396224586|0
1396224608|0
1396224631|0
1396224653|0
1396224676|0
1396224698|0
1396224721|0
1396224743|0
1396224766|0
1396224788|0
1396224810|0
1396224833|0
1396224855|0
1396224878|0
1396224900|0
1396224923|0
1396224945|0
1396224968|0
1396224990|0
1396225013|0
1396225035|0
1396225058|0
1396225081|0
1396225103|0
1396225126|0
1396225148|0
1396225171|0
1396225193|0
1396225216|0
1396225238|0
1396225261|0
1396225283|0
1396225306|0
1396225328|0
1396225351|0
1396225373|0
1396225396|0
1396225418|0
1396225440|0
1396225463|0
1396225485|0
1396225508|0
1396225530|0
1396225553|0
1396225575|0
1396225598|0
1396225620|0
1396225643|0
1396225665|0
1396225688|0
1396225710|0
1396225733|0
1396225755|0
1396225777|0
1396225800|0
1396225822|0
1396225845|0
1396225867|0
1396225890|0
1396225912|0
1396225935|0
1396225957|0
1396225980|0
1396226002|0
1396226025|0
1396226047|0
1396226070|0
1396226092|0
1396226114|0
1396226137|0
1396226159|0
1396226182|0
1396226204|0
1396226227|0
1396226249|0
1396226272|0
1396226294|0
1396226317|0
1396226339|0
1396226362|0
1396226384|0
1396226407|0
1396226429|0
1396226451|0
1396226474|0
1396226496|0
1396226519|0
1396226541|0
1396226564|0
1396226586|0
1396226609|0
1396226631|0
1396226654|0
1396226676|0
1396226699|0
1396226721|0
1396226744|0
1396226766|0
1396226788|0
1396226811|0
1396226833|0
1396226856|0
1396226878|0
1396226901|0
1396226923|0
1396226946|0
1396226968|0
1396226991|0
1396227013|0
1396227036|0
1396227058|0
1396227081|0
1396227103|0
1396227126|0
1396227148|0
1396227170|0
1396227193|0
1396227215|0
1396227238|0
1396227260|0
1396227283|0
1396227305|0
1396227328|0
1396227350|0
1396227373|0
1396227395|0
1396227418|0
1396227440|0
1396227463|0
1396227485|0
1396227508|0
1396227530|0
1396227552|0
1396227575|0
1396227597|0
1396227620|0
1396227642|0
1396227665|0
1396227687|0
1396227710|0
1396227732|0
1396227755|0
1396227777|0
1396227800|0
1396227822|0
1396227845|0
1396227867|0
1396227890|0
1396227912|0
1396227934|0
1396227957|0
1396227979|0
1396228002|0
1396228024|0
1396228047|0
1396228069|0
1396228092|0
1396228114|0
1396228137|0
1396228159|0
1396228182|0
1396228204|0
1396228227|0
1396228249|0
1396228272|0
1396228294|0
1396228316|0
1396228339|0
1396228361|0
1396228384|0
1396228406|0
1396228429|0
1396228451|0
1396228474|0
1396228496|0
1396228519|0
1396228541|0
1396228564|0
1396228586|0
1396228609|0
1396228631|0
1396228653|0
1396228676|0
1396228698|0
1396228721|0
1396228743|0
1396228766|0
1396228788|0
1396228811|0
1396228833|0
1396228856|0
1396228878|0
1396228901|0
1396228923|0
1396228946|0
1396228968|0
1396228991|0
1396229013|0
1396229035|0
1396229058|0
1396229080|0
1396229103|0
1396229125|0
1396229148|0
1396229170|0
1396229193|0
1396229215|0
1396229238|0
1396229260|0
1396229283|0
1396229305|0
1396229328|0
1396229350|0
1396229372|0
1396229395|0
1396229417|0
1396229440|0
1396229462|0
1396229485|0
1396229507|0
1396229530|0
1396229552|0
1396229575|0
1396229597|0
1396229620|0
1396229642|0
1396229665|0
1396229687|0
1396229709|0
1396229732|0
1396229754|0
1396229777|0
1396229799|0
1396229822|0
1396229844|0
1396229867|0
1396229889|0
1396229912|0
1396229934|0
1396229957|0
1396229979|0
1396230002|0
1396230024|0
1396230046|0
1396230069|0
1396230091|0
1396230114|0
1396230136|0
1396230159|0
1396230181|0
1396230204|0
1396230226|0
1396230249|0
1396230271|0
1396230294|0
1396230316|0
1396230339|0
1396230361|0
1396230384|0
1396230406|0
1396230429|0
1396230451|0
1396230473|0
1396230496|0
1396230518|0
1396230541|0
1396230563|0
1396230586|0
1396230608|0
1396230631|0
1396230653|0
1396230676|0
1396230698|0
1396230721|0
1396230743|0
1396230766|0
1396230788|0
1396230810|0
1396230833|0
1396230855|0
1396230878|0
1396230900|0
1396230923|0
1396230945|0
1396230968|0
1396230990|0
1396231013|0
1396231035|0
1396231058|0
1396231080|0
1396231103|0
1396231125|0
1396231147|0
1396231170|0
1396231192|0
1396231215|0
1396231237|0
1396231260|0
1396231282|0
1396231305|0
1396231327|0
1396231350|0
1396231372|0
1396231395|0
1396231417|0
1396231440|0
1396231462|0
1396231484|0
1396231507|0
1396231529|0
1396231552|0
1396231574|0
1396231597|0
1396231619|0
1396231642|0
1396231664|0
1396231687|0
1396231709|0
1396231732|0
1396231754|0
1396231777|0
1396231799|0
1396231822|0
1396231844|0
1396231867|0
1396231889|0
1396231911|0
1396231934|0
1396231956|0
1396231979|0
1396232001|0
1396232024|0
1396232046|0
1396232069|0
1396232091|0
1396232114|0
1396232136|0
1396232159|0
1396232181|0
1396232204|0
1396232226|0
1396232249|0
1396232271|0
1396232293|0
1396232316|0
1396232338|0
1396232361|0
1396232383|0
1396232406|0
1396232428|0
1396232451|0
1396232473|0
1396232496|0
1396232518|0
1396232541|0
1396232563|0
1396232586|0
1396232608|0
1396232630|0
1396232653|0
1396232675|0
1396232698|0
1396232720|0
1396232743|0
1396232765|0
1396232788|0
1396232810|0
1396232833|0
1396232855|0
1396232878|0
1396232900|0
1396232923|0
1396232945|0
1396232967|0
1396232990|0
1396233012|0
1396233035|0
1396233057|0
1396233080|0
1396233102|0
1396233125|0
1396233147|0
1396233170|0
1396233192|0
1396233215|0
1396233237|0
1396233260|0
1396233282|0
1396233304|0
1396233327|0
1396233349|0
1396233372|0
1396233394|0
1396233417|0
1396233439|0
1396233462|0
1396233484|0
1396233507|0
1396233529|0
1396233552|0
1396233574|0
1396233597|0
1396233619|0
1396233642|0
1396233664|0
1396233687|0
1396233709|0
1396233731|0
1396233754|0
1396233776|0
1396233799|0
1396233821|0
1396233844|0
1396233866|0
1396233889|0
1396233911|0
1396233934|0
1396233956|0
1396233979|0
1396234001|0
1396234024|0
1396234046|0
1396234068|0
1396234091|0
1396234113|0
1396234136|0
1396234158|0
1396234181|0
1396234203|0
1396234226|0
1396234248|0
1396234271|0
1396234293|0
1396234316|0
1396234338|0
1396234361|0
1396234383|0
1396234405|0
1396234428|0
1396234450|0
1396234473|0
1396234495|0
1396234518|0
1396234540|0
1396234563|0
1396234585|0
1396234608|0
1396234630|0
1396234653|0
1396234675|0
1396234698|0
1396234720|0
1396234742|0
1396234765|0
1396234787|0
1396234810|0
1396234832|0
1396234855|0
1396234877|0
1396234900|0
1396234922|0
1396234945|0
1396234967|0
1396234990|0
1396235012|0
1396235035|0
1396235057|0
1396235080|0
1396235102|0
1396235125|0
1396235147|0
1396235169|0
1396235192|0
1396235214|0
1396235237|0
1396235259|0
1396235282|0
1396235304|0
1396235327|0
1396235349|0
1396235372|0
1396235394|0
1396235417|0
1396235439|0
1396235462|0
1396235484|0
1396235506|0
1396235529|0
1396235551|0
1396235574|0
1396235596|0
1396235619|0
1396235641|0
1396235664|0
1396235686|0
1396235709|0
1396235731|0
1396235754|0
1396235776|0
1396235799|0
1396235821|0
1396235843|0
1396235866|0
1396235888|0
1396235911|0
1396235933|0
1396235956|0
1396235978|0
1396236001|0
1396236023|0
1396236046|0
1396236068|0
1396236091|0
1396236113|0
1396236136|0
1396236158|0
1396236180|0
1396236203|0
1396236225|0
1396236248|0
1396236270|0
1396236293|0
1396236315|0
1396236338|0
1396236360|0
1396236383|0
1396236405|0
1396236428|0
1396236450|0
1396236473|0
1396236495|0
1396236517|0
1396236540|0
1396236562|0
1396236585|0
1396236607|0
1396236630|0
1396236652|0
1396236675|0
1396236697|0
1396236720|0
1396236742|0
1396236765|0
1396236787|0
1396236810|0
1396236832|0
1396236854|0
1396236877|0
1396236899|0
1396236922|0
1396236944|0
1396236967|0
1396236989|0
1396237012|0
1396237034|0
1396237057|0
1396237079|0
1396237102|0
1396237124|0
1396237147|0
1396237169|0
1396237192|0
1396237214|0
1396237236|0
1396237259|0
1396237281|0
1396237304|0
1396237326|0
1396237349|0
1396237371|0
1396237394|0
1396237416|0
1396237439|0
1396237461|0
1396237484|0
1396237506|0
1396237529|0
1396237551|0
1396237573|0
1396237596|0
1396237618|0
1396237641|0
1396237663|0
1396237686|0
1396237708|0
1396237731|0
1396237753|0
1396237776|0
1396237798|0
1396237821|0
1396237843|0
1396237866|0
1396237888|0
1396237910|0
1396237933|0
1396237955|0
1396237978|0
1396238000|0
1396238023|0
1396238045|0
1396238068|0
1396238090|0
1396238113|0
1396238135|0
1396238158|0
1396238180|0
1396238203|0
1396238225|0
1396238247|0
1396238270|0
1396238292|0
1396238315|0
1396238337|0
1396238360|0
1396238382|0
1396238405|0
1396238427|0
1396238450|0
1396238472|0
1396238495|0
1396238517|0
1396238540|0
1396238562|0
1396238584|0
1396238607|0
1396238629|0
1396238652|0
1396238674|0
1396238697|0
1396238719|0
1396238742|0
1396238764|0
1396238787|0
1396238809|0
1396238832|0
1396238854|0
1396238877|0
1396238899|0
1396238922|0
1396238944|0
1396238967|0
1396238989|0
1396239011|0
1396239034|0
1396239056|0
1396239079|0
1396239101|0
1396239124|0
1396239146|0
1396239169|0
1396239191|0
1396239214|0
1396239236|0
1396239259|0
1396239281|0
1396239304|0
1396239326|0
1396239348|0
1396239371|0
1396239394|0
1396239416|0
1396239438|0
1396239461|0
1396239483|0
1396239506|0
1396239528|0
1396239551|0
1396239573|0
1396239596|0
1396239618|0
1396239641|0
1396239663|0
1396239686|0
1396239708|0
1396239731|0
1396239753|0
1396239775|0
1396239798|0
1396239820|0
1396239843|0
1396239865|0
1396239888|0
1396239910|0
1396239933|0
1396239955|0
1396239978|0
1396240000|0
1396240023|0
1396240045|0
1396240068|0
1396240090|0
1396240112|0
1396240135|0
1396240157|0
1396240180|0
1396240202|0
1396240225|0
1396240247|0
1396240270|0
1396240292|0
1396240315|0
1396240337|0
1396240360|0
1396240382|0
1396240405|0
1396240427|0
1396240449|0
1396240472|0
1396240494|0
1396240517|0
1396240539|0
1396240562|0
1396240584|0
1396240607|0
1396240629|0
1396240652|0
1396240674|0
1396240697|0
1396240719|0
1396240742|0
1396240764|0
1396240787|0
1396240809|0
1396240831|0
1396240854|0
1396240876|0
1396240899|0
1396240921|0
1396240944|0
1396240966|0
1396240989|0
1396241011|0
1396241034|0
1396241056|0
1396241079|0
1396241101|0
1396241124|0
1396241146|0
1396241168|0
1396241191|0
1396241213|0
1396241236|0
1396241258|0
1396241281|0
1396241303|0
1396241326|0
1396241348|0
1396241371|0
1396241393|0
1396241416|0
1396241438|0
1396241461|0
1396241483|0
1396241505|0
1396241528|0
1396241550|0
1396241573|0
1396241595|0
1396241618|0
1396241640|0
1396241663|0
1396241685|0
1396241708|0
1396241730|0
1396241753|0
1396241775|0
1396241798|0
1396241820|0
1396241843|0
1396241865|0
1396241887|0
1396241910|0
1396241932|0
1396241955|0
1396241977|0
1396242000|0
1396242022|0
1396242045|0
1396242067|0
1396242090|0
1396242112|0
1396242135|0
1396242157|0
1396242180|0
1396242202|0
1396242225|0
1396242247|0
1396242269|0
1396242292|0
1396242314|0
1396242337|0
1396242359|0
1396242382|0
1396242404|0
1396242427|0
1396242449|0
1396242472|0
1396242494|0
1396242517|0
1396242539|0
1396242562|0
1396242584|0
1396242606|0
1396242629|0
1396242651|0
1396242674|0
1396242696|0
1396242719|0
1396242741|0
1396242764|0
1396242786|0
1396242809|0
1396242831|0
1396242854|0
1396242876|0
1396242899|0
1396242921|0
1396242943|0
1396242966|0
1396242988|0
1396243011|0
1396243033|0
1396243056|0
1396243078|0
1396243101|0
1396243123|0
1396243146|0
1396243168|0
1396243191|0
1396243213|0
1396243236|0
1396243258|0
1396243281|0
1396243303|0
1396243326|0
1396243348|0
1396243370|0
1396243393|0
1396243415|0
1396243438|0
1396243460|0
1396243483|0
1396243505|0
1396243528|0
1396243550|0
1396243573|0
1396243595|0
1396243618|0
1396243640|0
1396243663|0
1396243685|0
1396243707|0
1396243730|0
1396243753|0
1396243775|0
1396243798|0
1396243820|0
1396243843|0
1396243865|0
1396243888|0
1396243910|0
1396243932|0
1396243955|0
1396243977|0
1396244000|0
1396244022|0
1396244045|0
1396244067|0
1396244090|0
1396244112|0
1396244135|0
1396244157|0
1396244180|0
1396244202|0
1396244225|0
1396244247|0
1396244270|0
1396244292|0
1396244314|0
1396244337|0
1396244359|0
1396244382|0
1396244404|0
1396244427|0
1396244449|0
1396244472|0
1396244494|0
1396244517|0
1396244539|0
1396244562|0
1396244584|0
1396244607|0
1396244629|0
1396244652|0
1396244674|0
1396244696|0
1396244719|0
1396244741|0
1396244764|0
1396244786|0
1396244809|0
1396244831|0
1396244854|0
1396244876|0
1396244899|0
1396244921|0
1396244944|0
1396244966|0
1396244989|0
1396245011|0
1396245033|0
1396245056|0
1396245078|0
1396245101|0
1396245123|0
1396245146|0
1396245168|0
1396245191|0
1396245213|0
1396245236|0
1396245258|0
1396245281|0
1396245303|0
1396245326|0
1396245348|0
1396245370|0
1396245393|0
1396245415|0
1396245438|0
1396245460|0
1396245483|0
1396245505|0
1396245528|0
1396245550|0
1396245573|0
1396245595|0
1396245618|0
1396245640|0
1396245663|0
1396245685|0
1396245708|0
1396245730|0
1396245752|0
1396245775|0
1396245797|0
1396245820|0
1396245842|0
1396245865|0
1396245887|0
1396245910|0
1396245932|0
1396245955|0
1396245977|0
1396246000|0
1396246022|0
1396246045|0
1396246067|0
1396246089|0
1396246112|0
1396246134|0
1396246157|0
1396246179|0
1396246202|0
1396246224|0
1396246247|0
1396246269|0
1396246292|0
1396246314|0
1396246337|0
1396246359|0
1396246382|0
1396246404|0
1396246426|0
1396246449|0
1396246471|0
1396246494|0
1396246516|0
1396246539|0
1396246561|0
1396246584|0
1396246606|0
1396246629|0
1396246651|0
1396246674|0
1396246696|0
1396246719|0
1396246741|0
1396246763|0
1396246786|0
1396246808|0
1396246831|0
1396246853|0
1396246876|0
1396246898|0
1396246921|0
1396246943|0
1396246966|0
1396246988|0
1396247011|0
1396247033|0
1396247056|0
1396247078|0
1396247101|0
1396247123|0
1396247146|0
1396247168|0
1396247191|0
1396247213|0
1396247236|0
1396247258|0
1396247280|0
1396247303|0
1396247325|0
1396247348|0
1396247370|0
1396247393|0
1396247415|0
1396247438|0
1396247460|0
1396247483|0
1396247505|0
1396247528|0
1396247550|0
1396247573|0
1396247595|0
1396247617|0
1396247640|0
1396247662|0
1396247685|0
1396247707|0
1396247730|0
1396247752|0
1396247775|0
1396247797|0
1396247820|0
1396247842|0
1396247865|0
1396247887|0
1396247910|0
1396247932|0
1396247954|0
1396247977|0
1396247999|0
1396248022|0
1396248044|0
1396248067|0
1396248089|0
1396248112|0
1396248134|0
1396248157|0
1396248179|0
1396248202|0
1396248224|0
1396248247|0
1396248269|0
1396248291|0
1396248314|0
1396248336|0
1396248359|0
1396248381|0
1396248404|0
1396248426|0
1396248449|0
1396248471|0
1396248494|0
1396248516|0
1396248539|0
1396248561|0
1396248584|0
1396248606|0
1396248629|0
1396248651|0
1396248673|0
1396248696|0
1396248718|0
1396248741|0
1396248763|0
1396248786|0
1396248808|0
1396248831|0
1396248853|0
1396248876|0
1396248898|0
1396248921|0
1396248943|0
1396248966|0
1396248988|0
1396249010|0
1396249033|0
1396249055|0
1396249078|0
1396249100|0
1396249123|0
1396249145|0
1396249168|0
1396249190|0
1396249213|0
1396249235|0
1396249258|0
1396249280|0
1396249303|0
1396249325|0
1396249347|0
1396249370|0
1396249392|0
1396249415|0
1396249437|0
1396249460|0
1396249482|0
1396249505|0
1396249527|0
1396249550|0
1396249572|0
1396249595|0
1396249617|0
1396249640|0
1396249662|0
1396249684|0
1396249707|0
1396249729|0
1396249752|0
1396249774|0
1396249797|0
1396249819|0
1396249842|0
1396249864|0
1396249887|0
1396249909|0
1396249932|0
1396249954|0
1396249977|0
1396249999|0
1396250022|0
1396250044|0
1396250067|0
1396250089|0
1396250111|0
1396250134|0
1396250156|0
1396250179|0
1396250201|0
1396250224|0
1396250246|0
1396250269|0
1396250291|0
1396250314|0
1396250336|0
1396250359|0
1396250381|0
1396250404|0
1396250426|0
1396250448|0
1396250471|0
1396250493|0
1396250516|0
1396250538|0
1396250561|0
1396250583|0
1396250606|0
1396250628|0
1396250651|0
1396250673|0
1396250696|0
1396250718|0
1396250741|0
1396250763|0
1396250785|0
1396250808|0
1396250830|0
1396250853|0
1396250875|0
1396250898|0
1396250920|0
1396250943|0
1396250965|0
1396250988|0
1396251010|0
1396251033|0
1396251055|0
1396251078|0
1396251100|0
1396251123|0
1396251145|0
1396251167|0
1396251190|0
1396251212|0
1396251235|0
1396251257|0
1396251280|0
1396251302|0
1396251325|0
1396251347|0
1396251370|0
1396251392|0
1396251415|0
1396251437|0
1396251460|0
1396251482|0
1396251505|0
1396251527|0
1396251549|0
1396251572|0
1396251594|0
1396251617|0
1396251639|0
1396251662|0
1396251684|0
1396251707|0
1396251729|0
1396251752|0
1396251774|0
1396251797|0
1396251819|0
1396251842|0
1396251864|0
1396251886|0
1396251909|0
1396251931|0
1396251954|0
1396251976|0
1396251999|0
1396252021|0
1396252044|0
1396252066|0
1396252089|0
1396252111|0
1396252134|0
1396252156|0
1396252179|0
1396252201|0
1396252223|0
1396252246|0
1396252268|0
1396252291|0
1396252313|0
1396252336|0
1396252358|0
1396252381|0
1396252403|0
1396252426|0
1396252448|0
1396252471|0
1396252493|0
1396252516|0
1396252538|0
1396252560|0
1396252583|0
1396252605|0
1396252628|0
1396252650|0
1396252673|0
1396252695|0
1396252718|0
1396252740|0
1396252763|0
1396252785|0
1396252808|0
1396252830|0
1396252853|0
1396252875|0
1396252897|0
1396252920|0
1396252942|0
1396252965|0
1396252987|0
1396253010|0
1396253032|0
1396253055|0
1396253077|0
1396253100|0
1396253122|0
1396253145|0
1396253167|0
1396253190|0
1396253212|0
1396253235|0
1396253257|0
1396253279|0
1396253302|0
1396253324|0
1396253347|0
1396253369|0
1396253392|0
1396253414|0
1396253437|0
1396253459|0
1396253482|0
1396253504|0
1396253527|0
1396253549|0
1396253572|0
1396253594|0
1396253616|0
1396253639|0
1396253661|0
1396253684|0
1396253706|0
1396253729|0
1396253751|0
1396253774|0
1396253796|0
1396253819|0
1396253841|0
1396253864|0
1396253886|0
1396253909|0
1396253931|0
1396253954|0
1396253976|0
1396253999|0
1396254021|0
1396254043|0
1396254066|0
1396254088|0
1396254111|0
1396254133|0
1396254156|0
1396254178|0
1396254201|0
1396254223|0
1396254246|0
1396254268|0
1396254291|0
1396254313|0
1396254336|0
1396254358|0
1396254380|0
1396254403|0
1396254425|0
1396254448|0
1396254470|0
1396254493|0
1396254515|0
1396254538|0
1396254560|0
1396254583|0
1396254605|0
1396254628|0
1396254650|0
1396254673|0
1396254695|0
1396254717|0
1396254740|0
1396254762|0
1396254785|0
1396254807|0
1396254830|0
1396254852|0
1396254875|0
1396254897|0
1396254920|0
1396254942|0
1396254965|0
1396254987|0
1396255010|0
1396255032|0
1396255055|0
1396255077|0
1396255100|0
1396255122|0
1396255144|0
1396255167|0
1396255189|0
1396255212|0
1396255234|0
1396255257|0
1396255279|0
1396255302|0
1396255324|0
1396255347|0
1396255369|0
1396255392|0
1396255414|0
1396255437|0
1396255459|0
1396255481|0
1396255504|0
1396255526|0
1396255549|0
1396255571|0
1396255594|0
1396255616|0
1396255639|0
1396255661|0
1396255684|0
1396255706|0
1396255729|0
1396255751|0
1396255774|0
1396255796|0
1396255818|0
1396255841|0
1396255863|0
1396255886|0
1396255908|0
1396255931|0
1396255953|0
1396255976|0
1396255998|0
1396256021|0
1396256043|0
1396256066|0
1396256088|0
1396256111|0
1396256133|0
1396256155|0
1396256178|0
1396256200|0
1396256223|0
1396256245|0
1396256268|0
1396256290|0
1396256313|0
1396256335|0
1396256358|0
1396256380|0
1396256403|0
1396256425|0
1396256448|0
1396256470|0
1396256492|0
1396256515|0
1396256537|0
1396256560|0
1396256582|0
1396256605|0
1396256627|0
1396256650|0
1396256672|0
1396256695|0
1396256717|0
1396256740|0
1396256762|0
1396256785|0
1396256807|0
1396256830|0
1396256852|0
1396256874|0
1396256897|0
1396256919|0
1396256942|0
1396256964|0
1396256987|0
1396257009|0
1396257032|0
1396257054|0
1396257077|0
1396257099|0
1396257122|0
1396257144|0
1396257167|0
1396257189|0
1396257211|0
1396257234|0
1396257256|0
1396257279|0
1396257301|0
1396257324|0
1396257346|0
1396257369|0
1396257391|0
1396257414|0
1396257436|0
1396257459|0
1396257481|0
1396257504|0
1396257526|0
1396257548|0
1396257571|0
1396257593|0
1396257616|0
1396257638|0
1396257661|0
1396257683|0
1396257706|0
1396257728|0
1396257751|0
1396257773|0
1396257796|0
1396257818|0
1396257841|0
1396257863|0
1396257885|0
1396257908|0
1396257930|0
1396257953|0
1396257975|0
1396257998|0
1396258020|0
1396258043|0
1396258065|0
1396258088|0
1396258110|0
1396258133|0
1396258155|0
1396258178|0
1396258200|0
1396258223|0
1396258245|0
1396258268|0
1396258290|0
1396258312|0
1396258335|0
1396258357|0
1396258380|0
1396258402|0
1396258425|0
1396258447|0
1396258470|0
1396258492|0
1396258515|0
1396258537|0
1396258560|0
1396258582|0
1396258605|0
1396258627|0
1396258649|0
1396258672|0
1396258694|0
1396258717|0
1396258739|0
1396258762|0
1396258784|0
1396258807|0
1396258829|0
1396258852|0
1396258874|0
1396258897|0
1396258919|0
1396258942|0
1396258964|0
1396258986|0
1396259009|0
1396259031|0
1396259054|0
1396259076|0
1396259099|0
1396259121|0
1396259144|0
1396259166|0
1396259189|0
1396259211|0
1396259234|0
1396259256|0
1396259279|0
1396259301|0
1396259323|0
1396259346|0
1396259368|0
1396259391|0
1396259413|0
1396259436|0
1396259458|0
1396259481|0
1396259503|0
1396259526|0
1396259548|0
1396259571|0
1396259593|0
1396259616|0
1396259638|0
1396259660|0
1396259683|0
1396259705|0
1396259728|0
1396259750|0
1396259773|0
1396259795|0
1396259818|0
1396259840|0
1396259863|0
1396259885|0
1396259908|0
1396259930|0
1396259953|0
1396259975|0
1396259998|0
1396260020|0
1396260042|0
1396260065|0
1396260087|0
1396260110|0
1396260132|0
1396260155|0
1396260177|0
1396260200|0
1396260222|0
1396260245|0
1396260267|0
1396260290|0
1396260312|0
1396260335|0
1396260357|0
1396260380|0
1396260402|0
1396260424|0
1396260447|0
1396260469|0
1396260492|0
1396260514|0
1396260537|0
1396260559|0
1396260582|0
1396260604|0
1396260627|0
1396260649|0
1396260672|0
1396260694|0
1396260717|0
1396260739|0
1396260761|0
1396260784|0
1396260806|0
1396260829|0
1396260851|0
1396260874|0
1396260896|0
1396260919|0
1396260941|0
1396260964|0
1396260986|0
1396261009|0
1396261031|0
1396261054|0
1396261076|0
1396261098|0
1396261121|0
1396261143|0
1396261166|0
1396261188|0
1396261211|0
1396261233|0
1396261256|0
1396261278|0
1396261301|0
1396261323|0
1396261346|0
1396261368|0
1396261391|0
1396261413|0
1396261435|0
1396261458|0
1396261480|0
1396261503|0
1396261525|0
1396261548|0
1396261570|0
1396261593|0
1396261615|0
1396261638|0
1396261660|0
1396261683|0
1396261705|0
1396261728|0
1396261750|0
1396261773|0
1396261795|0
1396261817|0
1396261840|0
1396261862|0
1396261885|0
1396261907|0
1396261930|0
1396261952|0
1396261975|0
1396261997|0
1396262020|0
1396262042|0
1396262065|0
1396262087|0
1396262110|0
1396262132|0
1396262154|0
1396262177|0
1396262199|0
1396262222|0
1396262244|0
1396262267|0
1396262289|0
1396262312|0
1396262334|0
1396262357|0
1396262379|0
1396262402|0
1396262424|0
1396262447|0
1396262469|0
1396262491|0
1396262514|0
1396262536|0
1396262559|0
1396262581|0
1396262604|0
1396262626|0
1396262649|0
1396262671|0
1396262694|0
1396262716|0
1396262739|0
1396262761|0
1396262784|0
1396262806|0
1396262829|0
1396262851|0
1396262874|0
1396262896|0
1396262918|0
1396262941|0
1396262963|0
1396262986|0
1396263008|0
1396263031|0
1396263053|0
1396263076|0
1396263098|0
1396263121|0
1396263143|0
1396263166|0
1396263188|0
1396263211|0
1396263233|0
1396263255|0
1396263278|0
1396263300|0
1396263323|0
1396263345|0
1396263368|0
1396263390|0
1396263413|0
1396263435|0
1396263458|0
1396263480|0
1396263503|0
1396263525|0
1396263548|0
1396263570|0
1396263592|0
1396263615|0
1396263637|0
1396263660|0
1396263682|0
1396263705|0
1396263727|0
1396263750|0
1396263772|0
1396263795|0
1396263817|0
1396263840|0
1396263862|0
1396263885|0
1396263907|0
1396263929|0
1396263952|0
1396263974|0
1396263997|0
1396264019|0
1396264042|0
1396264064|0
1396264087|0
1396264109|0
1396264132|0
1396264154|0
1396264177|0
1396264199|0
1396264222|0
1396264244|0
1396264266|0
1396264289|0
1396264311|0
1396264334|0
1396264356|0
1396264379|0
1396264401|0
1396264424|0
1396264446|0
1396264469|0
1396264491|0
1396264514|0
1396264536|0
1396264559|0
1396264581|0
1396264604|0
1396264626|0
1396264649|0
1396264671|0
1396264693|0
1396264716|0
1396264738|0
1396264761|0
1396264783|0
1396264806|0
1396264828|0
1396264851|0
1396264873|0
1396264896|0
1396264918|0
1396264941|0
1396264963|0
1396264986|0
1396265008|0
1396265030|0
1396265053|0
1396265075|0
1396265098|0
1396265120|0
1396265143|0
1396265165|0
1396265188|0
1396265210|0
1396265233|0
1396265255|0
1396265278|0
1396265300|0
1396265323|0
1396265345|0
1396265368|0
1396265390|0
1396265412|0
1396265435|0
1396265457|0
1396265480|0
1396265502|0
1396265525|0
1396265547|0
1396265570|0
1396265592|0
1396265615|0
1396265637|0
1396265660|0
1396265682|0
1396265705|0
1396265727|0
1396265749|0
1396265772|0
1396265794|0
1396265817|0
1396265839|0
1396265862|0
1396265884|0
1396265907|0
1396265929|0
1396265952|0
1396265974|0
1396265997|0
1396266019|0
1396266042|0
1396266064|0
1396266086|0
1396266109|0
1396266131|0
1396266154|0
1396266176|0
1396266199|0
1396266221|0
1396266244|0
1396266266|0
1396266289|0
1396266311|0
1396266334|0
1396266356|0
1396266379|0
1396266401|0
1396266424|0
1396266446|0
1396266469|0
1396266491|0
1396266513|0
1396266536|0
1396266558|0
1396266581|0
1396266603|0
1396266626|0
1396266648|0
1396266671|0
1396266693|0
1396266716|0
1396266738|0
1396266761|0
1396266783|0
1396266806|0
1396266828|0
1396266850|0
1396266873|0
1396266895|0
1396266918|0
1396266940|0
1396266963|0
1396266985|0
1396267008|0
1396267030|0
1396267053|0
1396267075|0
1396267098|0
1396267120|0
1396267143|0
1396267165|0
1396267188|0
1396267210|0
1396267233|0
1396267255|0
1396267277|0
1396267300|0
1396267322|0
1396267345|0
1396267367|0
1396267390|0
1396267412|0
1396267435|0
1396267457|0
1396267480|0
1396267502|0
1396267525|0
1396267547|0
1396267570|0
1396267592|0
1396267614|0
1396267637|0
1396267659|0
1396267682|0
1396267704|0
1396267727|0
1396267749|0
1396267772|0
1396267794|0
1396267817|0
1396267839|0
1396267862|0
1396267884|0
1396267907|0
1396267929|0
1396267951|0
1396267974|0
1396267996|0
1396268019|0
1396268041|0
1396268064|0
1396268086|0
1396268109|0
1396268131|0
1396268154|0
1396268176|0
1396268199|0
1396268221|0
1396268244|0
1396268266|0
1396268288|0
1396268311|0
1396268333|0
1396268356|0
1396268378|0
1396268401|0
1396268423|0
1396268446|0
1396268468|0
1396268491|0
1396268513|0
1396268536|0
1396268558|0
1396268581|0
1396268603|0
1396268626|0
1396268648|0
1396268670|0
1396268693|0
1396268715|0
1396268738|0
1396268760|0
1396268783|0
1396268805|0
1396268828|0
1396268850|0
1396268873|0
1396268895|0
1396268918|0
1396268940|0
1396268963|0
1396268985|0
1396269007|0
1396269030|0
1396269052|0
1396269075|0
1396269097|0
1396269120|0
1396269142|0
1396269165|0
1396269187|0
1396269210|0
1396269232|0
1396269255|0
1396269277|0
1396269300|0
1396269322|0
1396269344|0
1396269367|0
1396269389|0
1396269412|0
1396269434|0
1396269457|0
1396269479|0
1396269502|0
1396269524|0
1396269547|0
1396269569|0
1396269592|0
1396269614|0
1396269637|0
1396269659|0
1396269682|0
1396269704|0
1396269727|0
1396269749|0
1396269771|0
1396269794|0
1396269816|0
1396269839|0
1396269861|0
1396269884|0
1396269906|0
1396269929|0
1396269951|0
1396269974|0
1396269996|0
1396270019|0
1396270041|0
1396270064|0
1396270086|0
1396270108|0
1396270131|0
1396270153|0
1396270176|0
1396270198|0
1396270221|0
1396270243|0
1396270266|0
1396270288|0
1396270311|0
1396270333|0
1396270356|0
1396270378|0
1396270401|0
1396270423|0
1396270445|0
1396270468|0
1396270490|0
1396270513|0
1396270535|0
1396270558|0
1396270580|0
1396270603|0
1396270625|0
1396270648|0
1396270670|0
1396270693|0
1396270715|0
1396270738|0
1396270760|0
1396270782|0
1396270805|0
1396270827|0
1396270850|0
1396270872|0
1396270895|0
1396270917|0
1396270940|0
1396270962|0
1396270985|0
1396271007|0
1396271030|0
1396271052|0
1396271075|0
1396271097|0
1396271120|0
1396271142|0
1396271165|0
1396271187|0
1396271209|0
1396271232|0
1396271254|0
1396271277|0
1396271299|0
1396271322|0
1396271344|0
1396271367|0
1396271389|0
1396271412|0
1396271434|0
1396271457|0
1396271479|0
1396271502|0
1396271524|0
1396271546|0
1396271569|0
1396271591|0
1396271614|0
1396271636|0
1396271659|0
1396271681|0
1396271704|0
1396271726|0
1396271749|0
1396271771|0
1396271794|0
1396271816|0
1396271839|0
1396271861|0
1396271883|0
1396271906|0
1396271928|0
1396271951|0
1396271973|0
1396271996|0
1396272018|0
1396272041|0
1396272063|0
1396272086|0
1396272108|0
1396272131|0
1396272153|0
1396272176|0
1396272198|0
1396272220|0
1396272243|0
1396272265|0
1396272288|0
1396272310|0
1396272333|0
1396272355|0
1396272378|0
1396272400|0
1396272423|0
1396272445|0
1396272468|0
1396272490|0
1396272513|0
1396272535|0
1396272557|0
1396272580|0
1396272602|0
1396272625|0
1396272647|0
1396272670|0
1396272692|0
1396272715|0
1396272737|0
1396272760|0
1396272782|0
1396272805|0
1396272827|0
1396272850|0
1396272872|0
1396272895|0
1396272917|0
1396272939|0
1396272962|0
1396272984|0
1396273007|0
1396273029|0
1396273052|0
1396273074|0
1396273097|0
1396273119|0
1396273142|0
1396273164|0
1396273187|0
1396273209|0
1396273232|0
1396273254|0
1396273277|0
1396273299|0
1396273322|0
1396273344|0
1396273366|0
1396273389|0
1396273411|0
1396273434|0
1396273456|0
1396273479|0
1396273502|0
1396273524|0
1396273547|0
1396273569|0
1396273592|0
1396273614|0
1396273637|0
1396273659|0
1396273681|0
1396273704|0
1396273727|0
1396273749|0
1396273772|0
1396273794|0
1396273817|0
1396273839|0
1396273862|0
1396273884|0
1396273907|0
1396273929|0
1396273952|0
1396273974|0
1396273996|0
1396274019|0
1396274041|0
1396274064|0
1396274086|0
1396274109|0
1396274131|0
1396274154|0
1396274176|0
1396274199|0
1396274221|0
1396274244|0
1396274266|0
1396274289|0
1396274311|0
1396274334|0
1396274356|0
1396274379|0
1396274401|0
1396274423|0
1396274446|0
1396274468|0
1396274491|0
1396274513|0
1396274536|0
1396274558|0
1396274581|0
1396274603|0
1396274626|0
1396274648|0
1396274671|0
1396274693|0
1396274716|0
1396274738|0
1396274760|0
1396274783|0
1396274805|0
1396274828|0
1396274850|0
1396274873|0
1396274895|0
1396274918|0
1396274940|0
1396274963|0
1396274985|0
1396275008|0
1396275030|0
1396275053|0
1396275075|0
1396275097|0
1396275120|0
1396275142|0
1396275165|0
1396275187|0
1396275210|0
1396275232|0
1396275255|0
1396275277|0
1396275300|0
1396275322|0
1396275345|0
1396275367|0
1396275390|0
1396275412|0
1396275435|0
1396275457|0
1396275479|0
1396275502|0
1396275524|0
1396275547|0
1396275569|0
1396275592|0
1396275614|0
1396275637|0
1396275659|0
1396275682|0
1396275704|0
1396275727|0
1396275749|0
1396275772|0
1396275794|0
1396275816|0
1396275839|0
1396275861|0
1396275884|0
1396275906|0
1396275929|0
1396275951|0
1396275974|0
1396275996|0
1396276019|0
1396276041|0
1396276064|0
1396276086|0
1396276109|0
1396276131|0
1396276153|0
1396276176|0
1396276198|0
1396276221|0
1396276243|0
1396276266|0
1396276288|0
1396276311|0
1396276333|0
1396276356|0
1396276378|0
1396276401|0
1396276423|0
1396276446|0
1396276468|0
1396276491|0
1396276513|0
1396276535|0
1396276558|0
1396276580|0
1396276603|0
1396276625|0
1396276648|0
1396276670|0
1396276693|0
1396276716|0
1396276739|0
1396276761|0
1396276783|0
1396276806|0
1396276828|0
1396276851|0
1396276873|0
1396276896|0
1396276918|0
1396276941|0
1396276963|0
1396276986|0
1396277008|0
1396277031|0
1396277053|0
1396277076|0
1396277098|0
1396277120|0
1396277143|0
1396277165|0
1396277188|0
1396277210|0
1396277233|0
1396277255|0
1396277278|0
1396277300|0
1396277323|0
1396277345|0
1396277368|0
1396277390|0
1396277413|0
1396277435|0
1396277457|0
1396277480|0
1396277502|0
1396277525|0
1396277547|0
1396277570|0
1396277592|0
1396277615|0
1396277637|0
1396277660|0
1396277682|0
1396277705|0
1396277727|0
1396277750|0
1396277772|0
1396277795|0
1396277817|0
1396277839|0
1396277862|0
1396277884|0
1396277907|0
1396277929|0
1396277952|0
1396277974|0
1396277997|0
1396278019|0
1396278042|0
1396278064|0
1396278087|0
1396278109|0
1396278132|0
1396278154|0
1396278177|0
1396278199|0
1396278221|0
1396278244|0
1396278266|0
1396278289|0
1396278311|0
1396278334|0
1396278356|0
1396278379|0
1396278401|0
1396278424|0
1396278446|0
1396278469|0
1396278491|0
1396278514|0
1396278536|0
1396278558|0
1396278581|0
1396278603|0
1396278626|0
1396278648|0
1396278671|0
1396278693|0
1396278716|0
1396278738|0
1396278761|0
1396278783|0
1396278806|0
1396278828|0
1396278851|0
1396278873|0
1396278895|0
1396278918|0
1396278940|0
1396278963|0
1396278985|0
1396279008|0
1396279030|0
1396279053|0
1396279075|0
1396279098|0
1396279120|0
1396279143|0
1396279165|0
1396279188|0
1396279210|0
1396279233|0
1396279255|0
1396279277|0
1396279300|0
1396279322|0
1396279345|0
1396279367|0
1396279390|0
1396279412|0
1396279435|0
1396279457|0
1396279480|0
1396279502|0
1396279525|0
1396279547|0
1396279570|0
1396279592|0
1396279614|0
1396279637|0
1396279659|0
1396279682|0
1396279704|0
1396279727|0
1396279749|0
1396279772|0
1396279794|0
1396279817|0
1396279839|0
1396279862|0
1396279884|0
1396279907|0
1396279929|0
1396279951|0
1396279974|0
1396279996|0
1396280019|0
1396280041|0
1396280064|0
1396280086|0
1396280109|0
1396280131|0
1396280154|0
1396280176|0
1396280199|0
1396280221|0
1396280244|0
1396280266|0
1396280288|0
1396280311|0
1396280333|0
1396280356|0
1396280378|0
1396280401|0
1396280423|0
1396280446|0
1396280468|0
1396280491|0
1396280513|0
1396280536|0
1396280558|0
1396280581|0
1396280603|0
1396280625|0
1396280648|0
1396280670|0
1396280693|0
1396280715|0
1396280738|0
1396280760|0
1396280783|0
1396280805|0
1396280828|0
1396280850|0
1396280873|0
1396280895|0
1396280918|0
1396280940|0
1396280963|0
1396280985|0
1396281008|0
1396281030|0
1396281052|0
1396281075|0
1396281097|0
1396281120|0
1396281142|0
1396281165|0
1396281187|0
1396281210|0
1396281232|0
1396281255|0
1396281277|0
1396281300|0
1396281322|0
1396281345|0
1396281367|0
1396281389|0
1396281412|0
1396281434|0
1396281457|0
1396281479|0
1396281502|0
1396281524|0
1396281547|0
1396281569|0
1396281592|0
1396281614|0
1396281637|0
1396281659|0
1396281682|0
1396281704|0
1396281727|0
1396281749|0
1396281772|0
1396281794|0
1396281816|0
1396281839|0
1396281861|0
1396281884|0
1396281906|0
1396281929|0
1396281951|0
1396281974|0
1396281996|0
1396282019|0
1396282041|0
1396282064|0
1396282086|0
1396282109|0
1396282131|0
1396282153|0
1396282176|0
1396282198|0
1396282221|0
1396282243|0
1396282266|0
1396282288|0
1396282311|0
1396282333|0
1396282356|0
1396282378|0
1396282401|0
1396282423|0
1396282446|0
1396282468|0
1396282490|0
1396282513|0
1396282535|0
1396282558|0
1396282580|0
1396282603|0
1396282625|0
1396282648|0
1396282670|0
1396282693|0
1396282715|0
1396282738|0
1396282760|0
1396282783|0
1396282805|0
1396282828|0
1396282850|0
1396282872|0
1396282895|0
1396282917|0
1396282940|0
1396282962|0
1396282985|0
1396283007|0
1396283030|0
1396283052|0
1396283075|0
1396283097|0
1396283120|0
1396283142|0
1396283165|0
1396283187|0
1396283209|0
1396283232|0
1396283254|0
1396283277|0
1396283299|0
1396283322|0
1396283344|0
1396283367|0
1396283389|0
1396283412|0
1396283434|0
1396283457|0
1396283479|0
1396283502|0
1396283524|0
1396283546|0
1396283569|0
1396283591|0
1396283614|0
1396283636|0
1396283659|0
1396283681|0
1396283704|0
1396283726|0
1396283749|0
1396283771|0
1396283794|0
1396283816|0
1396283839|0
1396283861|0
1396283883|0
1396283906|0
1396283928|0
1396283951|0
1396283973|0
1396283996|0
1396284018|0
1396284041|0
1396284063|0
1396284086|0
1396284108|0
1396284131|0
1396284153|0
1396284176|0
1396284198|0
1396284221|0
1396284243|0
1396284266|0
1396284288|0
1396284310|0
1396284333|0
1396284355|0
1396284378|0
1396284400|0
1396284423|0
1396284445|0
1396284468|0
1396284490|0
1396284513|0
1396284535|0
1396284558|0
1396284580|0
1396284603|0
1396284625|0
1396284647|0
1396284670|0
1396284692|0
1396284715|0
1396284737|0
1396284760|0
1396284782|0
1396284805|0
1396284827|0
1396284850|0
1396284872|0
1396284895|0
1396284917|0
1396284940|0
1396284962|0
1396284984|0
1396285007|0
1396285029|0
1396285052|0
1396285074|0
1396285097|0
1396285119|0
1396285142|0
1396285164|0
1396285187|0
1396285209|0
1396285233|0
1396285255|0
1396285277|0
1396285300|0
1396285322|0
1396285345|0
1396285367|0
1396285390|0
1396285412|0
1396285435|0
1396285457|0
1396285480|0
1396285502|0
1396285525|0
1396285547|0
1396285570|0
1396285592|0
1396285614|0
1396285637|0
1396285659|0
1396285682|0
1396285704|0
1396285727|0
1396285749|0
1396285772|0
1396285794|0
1396285817|0
1396285839|0
1396285862|0
1396285884|0
1396285907|0
1396285929|0
1396285951|0
1396285974|0
1396285996|0
1396286019|0
1396286041|0
1396286064|0
1396286086|0
1396286109|0
1396286131|0
1396286154|0
1396286176|0
1396286199|0
1396286221|0
1396286244|0
1396286266|0
1396286288|0
1396286311|0
1396286333|0
1396286356|0
1396286378|0
1396286401|0
1396286423|0
1396286446|0
1396286468|0
1396286491|0
1396286513|0
1396286536|0
1396286558|0
1396286581|0
1396286603|0
1396286625|0
1396286648|0
1396286670|0
1396286693|0
1396286715|0
1396286738|0
1396286760|0
1396286783|0
1396286806|0
1396286829|0
1396286851|0
1396286873|0
1396286896|0
1396286918|0
1396286941|0
1396286963|0
1396286986|0
1396287008|0
1396287031|0
1396287053|0
1396287076|0
1396287098|0
1396287121|0
1396287143|0
1396287166|0
1396287188|0
1396287210|0
1396287233|0
1396287255|0
1396287278|0
1396287300|0
1396287323|0
1396287345|0
1396287368|0
1396287390|0
1396287413|0
1396287435|0
1396287458|0
1396287480|0
1396287503|0
1396287525|0
1396287547|0
1396287570|0
1396287592|0
1396287615|0
1396287637|0
1396287660|0
1396287682|0
1396287705|0
1396287727|0
1396287750|0
1396287772|0
1396287795|0
1396287817|0
1396287840|0
1396287862|0
1396287884|0
1396287908|0
1396287930|0
1396287953|0
1396287975|0
1396287998|0
1396288020|0
1396288043|0
1396288065|0
1396288088|0
1396288110|0
1396288133|0
1396288155|0
1396288177|0
1396288200|0
1396288222|0
1396288245|0
1396288267|0
1396288290|0
1396288312|0
1396288335|0
1396288357|0
1396288380|0
1396288402|0
1396288425|0
1396288447|0
1396288470|0
1396288492|0
1396288514|0
1396288537|0
1396288559|0
1396288582|0
1396288604|0
1396288627|0
1396288649|0
1396288672|0
1396288694|0
1396288717|0
1396288739|0
1396288762|0
1396288784|0
1396288807|0
1396288829|0
1396288851|0
1396288874|0
1396288896|0
1396288919|0
1396288941|0
1396288964|0
1396288986|0
1396289009|0
1396289031|0
1396289054|0
1396289076|0
1396289099|0
1396289122|0
1396289144|0
1396289167|0
1396289189|0
1396289212|0
1396289234|0
1396289257|0
1396289279|0
1396289302|0
1396289324|0
1396289347|0
1396289369|0
1396289392|0
1396289414|0
1396289436|0
1396289459|0
1396289481|0
1396289504|0
1396289526|0
1396289549|0
1396289571|0
1396289594|0
1396289616|0
1396289639|0
1396289661|0
1396289684|0
1396289706|0
1396289729|0
1396289751|0
1396289773|0
1396289796|0
1396289818|0
1396289841|0
1396289863|0
1396289886|0
1396289908|0
1396289931|0
1396289953|0
1396289976|0
1396289998|0
1396290021|0
1396290043|0
1396290066|0
1396290088|0
1396290110|0
1396290133|0
1396290155|0
1396290178|0
1396290200|0
1396290223|0
1396290245|0
1396290268|0
1396290290|0
1396290313|0
1396290335|0
1396290358|0
1396290380|0
1396290403|0
1396290425|0
1396290447|0
1396290470|0
1396290492|0
1396290515|0
1396290537|0
1396290560|0
1396290582|0
1396290605|0
1396290627|0
1396290650|0
1396290672|0
1396290695|0
1396290717|0
1396290740|0
1396290762|0
1396290784|0
1396290807|0
1396290829|0
1396290852|0
1396290874|0
1396290897|0
1396290919|0
1396290942|0
1396290964|0
1396290987|0
1396291009|0
1396291032|0
1396291054|0
1396291077|0
1396291099|0
1396291122|0
1396291144|0
1396291167|0
1396291189|0
1396291211|0
1396291234|0
1396291256|0
1396291279|0
1396291301|0
1396291324|0
1396291346|0
1396291369|0
1396291391|0
1396291414|0
1396291436|0
1396291459|0
1396291481|0
1396291504|0
1396291526|0
1396291548|0
1396291571|0
1396291593|0
1396291616|0
1396291638|0
1396291661|0
1396291683|0
1396291706|0
1396291728|0
1396291751|0
1396291773|0
1396291796|0
1396291818|0
1396291841|0
1396291863|0
1396291885|0
1396291908|0
1396291930|0
1396291953|0
1396291975|0
1396291998|0
1396292020|0
1396292043|0
1396292065|0
1396292088|0
1396292110|0
1396292133|0
1396292155|0
1396292178|0
1396292200|0
1396292223|0
1396292245|0
1396292268|0
1396292290|0
1396292312|0
1396292335|0
1396292357|0
1396292380|0
1396292402|0
1396292425|0
1396292447|0
1396292470|0
1396292492|0
1396292515|0
1396292537|0
1396292560|0
1396292582|0
1396292605|0
1396292627|0
1396292649|0
1396292672|0
1396292694|0
1396292717|0
1396292739|0
1396292762|0
1396292784|0
1396292807|0
1396292829|0
1396292852|0
1396292874|0
1396292897|0
1396292919|0
1396292942|0
1396292964|0
1396292987|0
1396293009|0
1396293031|0
1396293054|0
1396293076|0
1396293099|0
1396293121|0
1396293144|0
1396293166|0
1396293189|0
1396293211|0
1396293234|0
1396293256|0
1396293279|0
1396293301|0
1396293324|0
1396293346|0
1396293369|0
1396293391|0
1396293413|0
1396293436|0
1396293458|0
1396293481|0
1396293503|0
1396293526|0
1396293548|0
1396293571|0
1396293593|0
1396293616|0
1396293638|0
1396293661|0
1396293683|0
1396293706|0
1396293728|0
1396293751|0
1396293773|0
1396293795|0
1396293818|0
1396293840|0
1396293863|0
1396293885|0
1396293908|0
1396293930|0
1396293954|0
1396293976|0
1396293998|0
1396294021|0
1396294043|0
1396294066|0
1396294088|0
1396294111|0
1396294133|0
1396294156|0
1396294178|0
1396294201|0
1396294223|0
1396294246|0
1396294268|0
1396294291|0
1396294313|0
1396294336|0
1396294358|0
1396294380|0
1396294403|0
1396294425|0
1396294448|0
1396294470|0
1396294493|0
1396294515|0
1396294538|0
1396294560|0
