1396985923|0
1396985945|0
1396985968|0
1396985990|0
1396986013|0
1396986035|0
1396986058|0
1396986080|0
1396986103|0
1396986125|0
1396986148|0
1396986170|0
1396986193|0
1396986215|0
1396986237|0
1396986260|0
1396986282|0
1396986305|0
1396986327|0
1396986350|0
1396986372|0
1396986395|0
1396986417|0
1396986440|0
1396986462|0
1396986485|0
1396986507|0
1396986530|0
1396986552|0
1396986575|0
1396986597|0
1396986620|0
1396986642|0
1396986664|0
1396986687|0
1396986709|0
1396986732|0
1396986754|0
1396986777|0
1396986799|0
1396986822|0
1396986844|0
1396986867|0
1396986889|0
1396986912|0
1396986934|0
1396986957|0
1396986979|0
1396987001|0
1396987024|0
1396987046|0
1396987069|0
1396987091|0
1396987114|0
1396987136|0
1396987159|0
1396987181|0
1396987204|0
1396987226|0
1396987249|0
1396987271|0
1396987294|0
1396987316|0
1396987338|0
1396987361|0
1396987383|0
1396987406|0
1396987428|0
1396987451|0
1396987473|0
1396987496|0
1396987518|0
1396987541|0
1396987563|0
1396987586|0
1396987608|0
1396987631|0
1396987653|0
1396987675|0
1396987698|0
1396987720|0
1396987743|0
1396987765|0
1396987788|0
1396987810|0
1396987833|0
1396987855|0
1396987878|0
1396987900|0
1396987923|0
1396987945|0
1396987968|0
1396987990|0
1396988013|0
1396988035|0
1396988057|0
1396988080|0
1396988102|0
1396988125|0
1396988147|0
1396988170|0
1396988192|0
1396988215|0
1396988237|0
1396988260|0
1396988282|0
1396988305|0
1396988327|0
1396988350|0
1396988372|0
1396988395|0
1396988417|0
1396988439|0
1396988462|0
1396988484|0
1396988507|0
1396988529|0
1396988552|0
1396988574|0
1396988597|0
1396988619|0
1396988642|0
1396988664|0
1396988687|0
1396988709|0
1396988732|0
1396988754|0
1396988777|0
1396988799|0
1396988821|0
1396988844|0
1396988866|0
1396988889|0
1396988911|0
1396988934|0
1396988956|0
1396988979|0
1396989001|0
1396989024|0
1396989046|0
1396989069|0
1396989091|0
1396989114|0
1396989136|0
1396989158|0
1396989181|0
1396989203|0
1396989226|0
1396989248|0
1396989271|0
1396989293|0
1396989316|0
1396989338|0
1396989361|0
1396989383|0
1396989406|0
1396989428|0
1396989451|0
1396989473|0
1396989495|0
1396989518|0
1396989540|0
1396989563|0
1396989585|0
1396989608|0
1396989630|0
1396989653|0
1396989675|0
1396989698|0
1396989720|0
1396989743|0
1396989765|0
1396989788|0
1396989810|0
1396989832|0
1396989855|0
1396989877|0
1396989900|0
1396989922|0
1396989945|0
1396989967|0
1396989990|0
1396990012|0
1396990035|0
1396990057|0
1396990080|0
1396990102|0
1396990125|0
1396990147|0
1396990170|0
1396990192|0
1396990214|0
1396990237|0
1396990259|0
1396990282|0
1396990304|0
1396990327|0
1396990349|0
1396990372|0
1396990394|0
1396990417|0
1396990439|0
1396990462|0
1396990484|0
1396990507|0
1396990529|0
1396990552|0
1396990574|0
1396990596|0
1396990619|0
1396990641|0
1396990664|0
1396990686|0
1396990709|0
1396990731|0
1396990754|0
1396990776|0
1396990799|0
1396990821|0
1396990844|0
1396990866|0
1396990889|0
1396990911|0
1396990933|0
1396990956|0
1396990978|0
1396991001|0
1396991023|0
1396991046|0
1396991068|0
1396991091|0
1396991113|0
1396991136|0
1396991158|0
1396991181|0
1396991203|0
1396991226|0
1396991248|0
1396991270|0
1396991293|0
1396991315|0
1396991338|0
1396991360|0
1396991383|0
1396991405|0
1396991428|0
1396991450|0
1396991473|0
1396991495|0
1396991518|0
1396991540|0
1396991563|0
1396991585|0
1396991607|0
1396991630|0
1396991652|0
1396991675|0
1396991697|0
1396991720|0
1396991742|0
1396991765|0
1396991787|0
1396991810|0
1396991832|0
1396991855|0
1396991877|0
1396991900|0
1396991922|0
1396991945|0
1396991967|0
1396991989|0
1396992012|0
1396992034|0
1396992057|0
1396992079|0
1396992102|0
1396992124|0
1396992147|0
1396992169|0
1396992192|0
1396992214|0
1396992237|0
1396992259|0
1396992282|0
1396992304|0
1396992326|0
1396992349|0
1396992371|0
1396992394|0
1396992416|0
1396992439|0
1396992461|0
1396992484|0
1396992506|0
1396992529|0
1396992551|0
1396992574|0
1396992596|0
1396992619|0
1396992641|0
1396992663|0
1396992686|0
1396992708|0
1396992731|0
1396992753|0
1396992776|0
1396992798|0
1396992821|0
1396992843|0
1396992866|0
1396992888|0
1396992911|0
1396992933|0
1396992956|0
1396992978|0
1396993000|0
1396993023|0
1396993045|0
1396993068|0
1396993090|0
1396993113|0
1396993135|0
1396993158|0
1396993180|0
1396993203|0
1396993225|0
1396993248|0
1396993270|0
1396993293|0
1396993315|0
1396993338|0
1396993360|0
1396993383|0
1396993405|0
1396993427|0
1396993450|0
1396993472|0
1396993495|0
1396993517|0
1396993540|0
1396993562|0
1396993585|0
1396993607|0
1396993630|0
1396993652|0
1396993675|0
1396993697|0
1396993720|0
1396993742|0
1396993765|0
1396993787|0
1396993810|0
1396993832|0
1396993854|0
1396993877|0
1396993899|0
1396993922|0
1396993944|0
1396993967|0
1396993989|0
1396994012|0
1396994034|0
1396994057|0
1396994079|0
1396994102|0
1396994124|0
1396994147|0
1396994169|0
1396994191|0
1396994214|0
1396994236|0
1396994259|0
1396994281|0
1396994304|0
1396994326|0
1396994349|0
1396994371|0
1396994394|0
1396994416|0
1396994439|0
1396994461|0
1396994484|0
1396994506|0
1396994528|0
1396994551|0
1396994573|0
1396994596|0
1396994618|0
1396994641|0
1396994663|0
1396994686|0
1396994708|0
1396994731|0
1396994753|0
1396994776|0
1396994798|0
1396994821|0
1396994843|0
1396994865|0
1396994888|0
1396994910|0
1396994933|0
1396994955|0
1396994978|0
1396995000|0
1396995023|0
1396995045|0
1396995068|0
1396995090|0
1396995113|0
1396995135|0
1396995158|0
1396995180|0
1396995203|0
1396995225|0
1396995247|0
1396995270|0
1396995292|0
1396995315|0
1396995337|0
1396995360|0
1396995382|0
1396995405|0
1396995427|0
1396995450|0
1396995472|0
1396995495|0
1396995517|0
1396995540|0
1396995562|0
1396995584|0
1396995607|0
1396995629|0
1396995652|0
1396995674|0
1396995697|0
1396995719|0
1396995742|0
1396995764|0
1396995787|0
1396995809|0
1396995832|0
1396995854|0
1396995877|0
1396995899|0
1396995921|0
1396995944|0
1396995966|0
1396995989|0
1396996011|0
1396996034|0
1396996056|0
1396996079|0
1396996101|0
1396996124|0
1396996146|0
1396996169|0
1396996191|0
1396996214|0
1396996236|0
1396996259|0
1396996281|0
1396996303|0
1396996326|0
1396996348|0
1396996371|0
1396996393|0
1396996416|0
1396996438|0
1396996461|0
1396996483|0
1396996506|0
1396996528|0
1396996551|0
1396996573|0
1396996596|0
1396996618|0
1396996641|0
1396996663|0
1396996685|0
1396996708|0
1396996730|0
1396996753|0
1396996775|0
1396996798|0
1396996820|0
1396996843|0
1396996865|0
1396996888|0
1396996910|0
1396996933|0
1396996955|0
1396996978|0
1396997000|0
1396997022|0
1396997045|0
1396997067|0
1396997090|0
1396997112|0
1396997135|0
1396997157|0
1396997180|0
1396997202|0
1396997225|0
1396997247|0
1396997270|0
1396997292|0
1396997315|0
1396997337|0
1396997359|0
1396997382|0
1396997404|0
1396997427|0
1396997449|0
1396997472|0
1396997494|0
1396997517|0
1396997539|0
1396997562|0
1396997584|0
1396997607|0
1396997629|0
1396997652|0
1396997674|0
1396997696|0
1396997719|0
1396997741|0
1396997764|0
1396997786|0
1396997809|0
1396997831|0
1396997854|0
1396997876|0
1396997899|0
1396997921|0
1396997944|0
1396997966|0
1396997989|0
1396998011|0
1396998034|0
1396998056|0
1396998078|0
1396998101|0
1396998123|0
1396998146|0
1396998168|0
1396998191|0
1396998213|0
1396998236|0
1396998258|0
1396998281|0
1396998303|0
1396998326|0
1396998348|0
1396998371|0
1396998393|0
1396998416|0
1396998438|0
1396998460|0
1396998483|0
1396998505|0
1396998528|0
1396998550|0
1396998573|0
1396998595|0
1396998618|0
1396998640|0
1396998663|0
1396998685|0
1396998708|0
1396998730|0
1396998753|0
1396998775|0
1396998797|0
1396998820|0
1396998842|0
1396998865|0
1396998887|0
1396998910|0
1396998932|0
1396998955|0
1396998977|0
1396999000|0
1396999022|0
1396999045|0
1396999067|0
1396999090|0
1396999112|0
1396999134|0
1396999157|0
1396999179|0
1396999202|0
1396999224|0
1396999247|0
1396999269|0
1396999292|0
1396999314|0
1396999337|0
1396999359|0
1396999382|0
1396999404|0
1396999427|0
1396999449|0
1396999472|0
1396999494|0
1396999516|0
1396999539|0
1396999561|0
1396999584|0
1396999606|0
1396999629|0
1396999651|0
1396999674|0
1396999696|0
1396999719|0
1396999741|0
1396999764|0
1396999786|0
1396999809|0
1396999831|0
1396999853|0
1396999876|0
1396999898|0
1396999921|0
1396999943|0
1396999966|0
1396999988|0
1397000011|0
1397000033|0
1397000056|0
1397000078|0
1397000101|0
1397000123|0
1397000146|0
1397000168|0
1397000190|0
1397000213|0
1397000235|0
1397000258|0
1397000280|0
1397000303|0
1397000325|0
1397000348|0
1397000370|0
1397000393|0
1397000415|0
1397000438|0
1397000460|0
1397000483|0
1397000505|0
1397000527|0
1397000550|0
1397000572|0
1397000595|0
1397000617|0
1397000640|0
1397000662|0
1397000685|0
1397000707|0
1397000730|0
1397000752|0
1397000775|0
1397000797|0
1397000820|0
1397000842|0
1397000864|0
1397000887|0
1397000909|0
1397000932|0
1397000954|0
1397000977|0
1397000999|0
1397001022|0
1397001044|0
1397001067|0
1397001089|0
1397001112|0
1397001134|0
1397001157|0
1397001179|0
1397001201|0
1397001224|0
1397001246|0
1397001269|0
1397001291|0
1397001314|0
1397001336|0
1397001359|0
1397001381|0
1397001404|0
1397001426|0
1397001449|0
1397001471|0
1397001494|0
1397001516|0
1397001539|0
1397001561|0
1397001583|0
1397001606|0
1397001628|0
1397001651|0
1397001673|0
1397001696|0
1397001718|0
1397001741|0
1397001763|0
1397001786|0
1397001808|0
1397001831|0
1397001853|0
1397001876|0
1397001898|0
1397001921|0
1397001943|0
1397001965|0
1397001988|0
1397002010|0
1397002033|0
1397002055|0
1397002078|0
1397002100|0
1397002123|0
1397002145|0
1397002168|0
1397002190|0
1397002213|0
1397002235|0
1397002258|0
1397002280|0
1397002302|0
1397002325|0
1397002347|0
1397002370|0
1397002392|0
1397002415|0
1397002437|0
1397002460|0
1397002482|0
1397002505|0
1397002527|0
1397002550|0
1397002572|0
1397002595|0
1397002617|0
1397002640|0
1397002662|0
1397002684|0
1397002707|0
1397002730|0
1397002753|0
1397002775|0
1397002798|0
1397002820|0
1397002843|0
1397002865|0
1397002888|0
1397002910|0
1397002932|0
1397002955|0
1397002977|0
1397003000|0
1397003022|0
1397003045|0
1397003067|0
1397003090|0
1397003112|0
1397003135|0
1397003157|0
1397003180|0
1397003202|0
1397003225|0
1397003247|0
1397003270|0
1397003292|0
1397003314|0
1397003337|0
1397003359|0
1397003382|0
1397003404|0
1397003427|0
1397003449|0
1397003472|0
1397003494|0
1397003517|0
1397003539|0
1397003562|0
1397003584|0
1397003607|0
1397003629|0
1397003652|0
1397003674|0
1397003696|0
1397003719|0
1397003741|0
1397003764|0
1397003786|0
1397003809|0
1397003831|0
1397003854|0
1397003876|0
1397003899|0
1397003921|0
1397003944|0
1397003966|0
1397003989|0
1397004011|0
1397004034|0
1397004056|0
1397004078|0
1397004101|0
1397004123|0
1397004146|0
1397004168|0
1397004191|0
1397004213|0
1397004236|0
1397004258|0
1397004281|0
1397004303|0
1397004326|0
1397004348|0
1397004371|0
1397004393|0
1397004415|0
1397004438|0
1397004460|0
1397004483|0
1397004505|0
1397004528|0
1397004550|0
1397004573|0
1397004595|0
1397004618|0
1397004640|0
1397004663|0
1397004685|0
1397004708|0
1397004730|0
1397004752|0
1397004775|0
1397004797|0
1397004820|0
1397004842|0
1397004865|0
1397004887|0
1397004910|0
1397004932|0
1397004955|0
1397004977|0
1397005000|0
1397005022|0
1397005045|0
1397005067|0
1397005089|0
1397005112|0
1397005134|0
1397005157|0
1397005179|0
1397005202|0
1397005224|0
1397005247|0
1397005269|0
1397005292|0
1397005314|0
1397005337|0
1397005359|0
1397005382|0
1397005404|0
1397005427|0
1397005449|0
1397005472|0
1397005494|0
1397005516|0
1397005539|0
1397005561|0
1397005584|0
1397005606|0
1397005629|0
1397005651|0
1397005674|0
1397005696|0
1397005719|0
1397005741|0
1397005764|0
1397005786|0
1397005809|0
1397005831|0
1397005853|0
1397005876|0
1397005898|0
1397005921|0
1397005943|0
1397005966|0
1397005988|0
1397006011|0
1397006033|0
1397006056|0
1397006078|0
1397006101|0
1397006123|0
1397006146|0
1397006168|0
1397006190|0
1397006213|0
1397006235|0
1397006258|0
1397006280|0
1397006303|0
1397006325|0
1397006348|0
1397006370|0
1397006393|0
1397006415|0
1397006438|0
1397006460|0
1397006483|0
1397006505|0
1397006527|0
1397006550|0
1397006572|0
1397006595|0
1397006617|0
1397006640|0
1397006662|0
1397006685|0
1397006707|0
1397006730|0
1397006752|0
1397006775|0
1397006797|0
1397006820|0
1397006842|0
1397006865|0
1397006887|0
1397006909|0
1397006932|0
1397006954|0
1397006977|0
1397006999|0
1397007022|0
1397007044|0
1397007067|0
1397007089|0
1397007112|0
1397007134|0
1397007157|0
1397007179|0
1397007202|0
1397007224|0
1397007246|0
1397007269|0
1397007291|0
1397007314|0
1397007336|0
1397007359|0
1397007381|0
1397007404|0
1397007426|0
1397007449|0
1397007471|0
1397007494|0
1397007516|0
1397007539|0
1397007561|0
1397007583|0
1397007606|0
1397007628|0
1397007651|0
1397007673|0
1397007696|0
1397007718|0
1397007741|0
1397007763|0
1397007786|0
1397007808|0
1397007831|0
1397007853|0
1397007876|0
1397007898|0
1397007920|0
1397007943|0
1397007965|0
1397007988|0
1397008010|0
1397008033|0
1397008055|0
1397008078|0
1397008100|0
1397008123|0
1397008145|0
1397008168|0
1397008190|0
1397008213|0
1397008235|0
1397008257|0
1397008280|0
1397008302|0
1397008325|0
1397008347|0
1397008370|0
1397008392|0
1397008415|0
1397008437|0
1397008460|0
1397008482|0
1397008505|0
1397008527|0
1397008550|0
1397008572|0
1397008595|0
1397008617|0
1397008640|0
1397008662|0
1397008684|0
1397008707|0
1397008729|0
1397008752|0
1397008774|0
1397008797|0
1397008819|0
1397008842|0
1397008864|0
1397008887|0
1397008909|0
1397008932|0
1397008954|0
1397008977|0
1397008999|0
1397009021|0
1397009044|0
1397009066|0
1397009089|0
1397009111|0
1397009134|0
1397009156|0
1397009179|0
1397009201|0
1397009224|0
1397009246|0
1397009269|0
1397009291|0
1397009314|0
1397009336|0
1397009358|0
1397009381|0
1397009403|0
1397009426|0
1397009448|0
1397009471|0
1397009493|0
1397009516|0
1397009538|0
1397009561|0
1397009583|0
1397009606|0
1397009628|0
1397009651|0
1397009673|0
1397009696|0
1397009718|0
1397009740|0
1397009763|0
1397009785|0
1397009808|0
1397009830|0
1397009853|0
1397009875|0
1397009898|0
1397009920|0
1397009943|0
1397009965|0
1397009988|0
1397010010|0
1397010033|0
1397010055|0
1397010078|0
1397010100|0
1397010122|0
1397010145|0
1397010167|0
1397010190|0
1397010212|0
1397010235|0
1397010257|0
1397010280|0
1397010302|0
1397010325|0
1397010347|0
1397010370|0
1397010392|0
1397010415|0
1397010437|0
1397010459|0
1397010482|0
1397010504|0
1397010527|0
1397010549|0
1397010572|0
1397010594|0
1397010617|0
1397010639|0
1397010662|0
1397010684|0
1397010707|0
1397010729|0
1397010752|0
1397010774|0
1397010796|0
1397010819|0
1397010841|0
1397010864|0
1397010886|0
1397010909|0
1397010931|0
1397010954|0
1397010976|0
1397010999|0
1397011021|0
1397011044|0
1397011066|0
1397011089|0
1397011111|0
1397011133|0
1397011156|0
1397011178|0
1397011201|0
1397011223|0
1397011246|0
1397011268|0
1397011291|0
1397011313|0
1397011336|0
1397011358|0
1397011381|0
1397011403|0
1397011426|0
1397011448|0
1397011470|0
1397011493|0
1397011515|0
1397011538|0
1397011560|0
1397011583|0
1397011605|0
1397011628|0
1397011650|0
1397011673|0
1397011695|0
1397011718|0
1397011740|0
1397011763|0
1397011785|0
1397011808|0
1397011830|0
1397011852|0
1397011875|0
1397011897|0
1397011920|0
1397011942|0
1397011965|0
1397011987|0
1397012011|0
1397012033|0
1397012055|0
1397012078|0
1397012100|0
1397012123|0
1397012146|0
1397012169|0
1397012191|0
1397012214|0
1397012236|0
1397012258|0
1397012281|0
1397012303|0
1397012326|0
1397012348|0
1397012371|0
1397012393|0
1397012416|0
1397012438|0
1397012461|0
1397012483|0
1397012506|0
1397012528|0
1397012551|0
1397012573|0
1397012596|0
1397012618|0
1397012641|0
1397012663|0
1397012685|0
1397012708|0
1397012730|0
1397012753|0
1397012775|0
1397012798|0
1397012820|0
1397012843|0
1397012865|0
1397012888|0
1397012910|0
1397012933|0
1397012955|0
1397012978|0
1397013000|0
1397013022|0
1397013045|0
1397013067|0
1397013090|0
1397013112|0
1397013135|0
1397013157|0
1397013180|0
1397013202|0
1397013225|0
1397013247|0
1397013270|0
1397013292|0
1397013315|0
1397013337|0
1397013359|0
1397013382|0
1397013404|0
1397013427|0
1397013449|0
1397013472|0
1397013494|0
1397013517|0
1397013539|0
1397013562|0
1397013584|0
1397013607|0
1397013629|0
1397013652|0
1397013674|0
1397013696|0
1397013719|0
1397013741|0
1397013764|0
1397013786|0
1397013809|0
1397013831|0
1397013854|0
1397013876|0
1397013899|0
1397013921|0
1397013944|0
1397013966|0
1397013989|0
1397014011|0
1397014033|0
1397014056|0
1397014078|0
1397014101|0
1397014123|0
1397014146|0
1397014168|0
1397014191|0
1397014213|0
1397014236|0
1397014258|0
1397014281|0
1397014303|0
1397014326|0
1397014348|0
1397014371|0
1397014393|0
1397014415|0
1397014438|0
1397014460|0
1397014483|0
1397014505|0
1397014528|0
1397014550|0
1397014573|0
1397014595|0
1397014618|0
1397014640|0
1397014663|0
1397014685|0
1397014708|0
1397014730|0
1397014752|0
1397014775|0
1397014797|0
1397014820|0
1397014842|0
1397014865|0
1397014887|0
1397014910|0
1397014932|0
1397014955|0
1397014977|0
1397015000|0
1397015022|0
1397015045|0
1397015067|0
1397015090|0
1397015112|0
1397015134|0
1397015157|0
1397015179|0
1397015202|0
1397015224|0
1397015247|0
1397015269|0
1397015292|0
1397015314|0
1397015337|0
1397015359|0
1397015382|0
1397015404|0
1397015427|0
1397015449|0
1397015472|0
1397015494|0
1397015516|0
1397015539|0
1397015561|0
1397015584|0
1397015606|0
1397015629|0
1397015651|0
1397015674|0
1397015696|0
1397015719|0
1397015741|0
1397015764|0
1397015786|0
1397015809|0
1397015831|0
1397015853|0
1397015876|0
1397015898|0
1397015921|0
1397015943|0
1397015966|0
1397015988|0
1397016011|0
1397016033|0
1397016056|0
1397016078|0
1397016101|0
1397016123|0
1397016146|0
1397016168|0
1397016190|0
1397016213|0
1397016235|0
1397016258|0
1397016280|0
1397016303|0
1397016325|0
1397016348|0
1397016370|0
1397016393|0
1397016415|0
1397016438|0
1397016460|0
1397016483|0
1397016505|0
1397016527|0
1397016550|0
1397016572|0
1397016595|0
1397016617|0
1397016640|0
1397016662|0
1397016685|0
1397016707|0
1397016730|0
1397016752|0
1397016775|0
1397016797|0
1397016820|0
1397016842|0
1397016865|0
1397016887|0
1397016909|0
1397016932|0
1397016954|0
1397016977|0
1397016999|0
1397017022|0
1397017044|0
1397017067|0
1397017089|0
1397017112|0
1397017134|0
1397017157|0
1397017179|0
1397017202|0
1397017224|0
1397017247|0
1397017269|0
1397017291|0
1397017314|0
1397017336|0
1397017359|0
1397017381|0
1397017404|0
1397017426|0
1397017449|0
1397017471|0
1397017494|0
1397017516|0
1397017539|0
1397017561|0
1397017584|0
1397017606|0
1397017628|0
1397017651|0
1397017673|0
1397017696|0
1397017718|0
1397017741|0
1397017763|0
1397017786|0
1397017808|0
1397017831|0
1397017853|0
1397017876|0
1397017898|0
1397017921|0
1397017943|0
1397017965|0
1397017988|0
1397018010|0
1397018033|0
1397018055|0
1397018078|0
1397018100|0
1397018123|0
1397018145|0
1397018168|0
1397018190|0
1397018213|0
1397018235|0
1397018258|0
1397018280|0
1397018302|0
1397018325|0
1397018347|0
1397018370|0
1397018392|0
1397018415|0
1397018437|0
1397018460|0
1397018482|0
1397018505|0
1397018527|0
1397018550|0
1397018572|0
1397018595|0
1397018617|0
1397018640|0
1397018662|0
1397018684|0
1397018707|0
1397018729|0
1397018752|0
1397018774|0
1397018797|0
1397018819|0
1397018842|0
1397018864|0
1397018887|0
1397018909|0
1397018932|0
1397018954|0
1397018977|0
1397018999|0
1397019021|0
1397019044|0
1397019066|0
1397019089|0
1397019111|0
1397019134|0
1397019156|0
1397019179|0
1397019201|0
1397019224|0
1397019246|0
1397019269|0
1397019291|0
1397019314|0
1397019336|0
1397019358|0
1397019381|0
1397019403|0
1397019426|0
1397019448|0
1397019471|0
1397019493|0
1397019516|0
1397019538|0
1397019561|0
1397019583|0
1397019606|0
1397019628|0
1397019651|0
1397019673|0
1397019695|0
1397019718|0
1397019740|0
1397019763|0
1397019785|0
1397019808|0
1397019830|0
1397019853|0
1397019875|0
1397019898|0
1397019920|0
1397019943|0
1397019965|0
1397019988|0
1397020010|0
1397020032|0
1397020055|0
1397020077|0
1397020100|0
1397020122|0
1397020145|0
1397020167|0
1397020190|0
1397020212|0
1397020235|0
1397020257|0
1397020280|0
1397020302|0
1397020325|0
1397020347|0
1397020370|0
1397020392|0
1397020414|0
1397020437|0
1397020459|0
1397020482|0
1397020504|0
1397020527|0
1397020549|0
1397020572|0
1397020594|0
1397020617|0
1397020639|0
1397020662|0
1397020684|0
1397020707|0
1397020729|0
1397020752|0
1397020774|0
1397020796|0
1397020819|0
1397020841|0
1397020864|0
1397020886|0
1397020909|0
1397020931|0
1397020954|0
1397020976|0
1397020999|0
1397021021|0
1397021044|0
1397021066|0
1397021089|0
1397021111|0
1397021133|0
1397021156|0
1397021178|0
1397021201|0
1397021223|0
1397021246|0
1397021268|0
1397021291|0
1397021313|0
1397021336|0
1397021358|0
1397021381|0
1397021403|0
1397021426|0
1397021448|0
1397021470|0
1397021493|0
1397021515|0
1397021538|0
1397021560|0
1397021583|0
1397021605|0
1397021628|0
1397021650|0
1397021673|0
1397021695|0
1397021718|0
1397021740|0
1397021763|0
1397021785|0
1397021808|0
1397021830|0
1397021853|0
1397021875|0
1397021897|0
1397021920|0
1397021942|0
1397021965|0
1397021987|0
1397022010|0
1397022032|0
1397022055|0
1397022077|0
1397022100|0
1397022122|0
1397022145|0
1397022167|0
1397022190|0
1397022212|0
1397022234|0
1397022257|0
1397022279|0
1397022302|0
1397022324|0
1397022347|0
1397022369|0
1397022392|0
1397022414|0
1397022437|0
1397022459|0
1397022482|0
1397022504|0
1397022527|0
1397022549|0
1397022571|0
1397022594|0
1397022616|0
1397022639|0
1397022661|0
1397022684|0
1397022706|0
1397022729|0
1397022751|0
1397022774|0
1397022796|0
1397022819|0
1397022841|0
1397022864|0
1397022886|0
1397022908|0
1397022931|0
1397022953|0
1397022976|0
1397022998|0
1397023021|0
1397023043|0
1397023066|0
1397023088|0
1397023111|0
1397023133|0
1397023156|0
1397023178|0
1397023201|0
1397023223|0
1397023246|0
1397023268|0
1397023290|0
1397023313|0
1397023335|0
1397023358|0
1397023380|0
1397023403|0
1397023425|0
1397023448|0
1397023470|0
1397023493|0
1397023515|0
1397023538|0
1397023560|0
1397023583|0
1397023605|0
1397023628|0
1397023650|0
1397023673|0
1397023695|0
1397023718|0
1397023740|0
1397023763|0
1397023785|0
1397023808|0
1397023830|0
1397023853|0
1397023875|0
1397023898|0
1397023920|0
1397023942|0
1397023965|0
1397023987|0
1397024010|0
1397024032|0
1397024055|0
1397024077|0
1397024100|0
1397024122|0
1397024145|0
1397024167|0
1397024190|0
1397024212|0
1397024235|0
1397024257|0
1397024279|0
1397024302|0
1397024324|0
1397024347|0
1397024369|0
1397024392|0
1397024414|0
1397024437|0
1397024459|0
1397024482|0
1397024504|0
1397024527|0
1397024549|0
1397024572|0
1397024594|0
1397024617|0
1397024639|0
1397024662|0
1397024684|0
1397024706|0
1397024729|0
1397024751|0
1397024774|0
1397024796|0
1397024819|0
1397024841|0
1397024864|0
1397024886|0
1397024909|0
1397024931|0
1397024954|0
1397024976|0
1397024999|0
1397025021|0
1397025044|0
1397025066|0
1397025089|0
1397025111|0
1397025133|0
1397025156|0
1397025178|0
1397025201|0
1397025223|0
1397025246|0
1397025268|0
1397025291|0
1397025313|0
1397025336|0
1397025358|0
1397025381|0
1397025403|0
1397025426|0
1397025448|0
1397025470|0
1397025493|0
1397025515|0
1397025538|0
1397025560|0
1397025583|0
1397025605|0
1397025628|0
1397025650|0
1397025673|0
1397025695|0
1397025718|0
1397025740|0
1397025763|0
1397025785|0
1397025808|0
1397025830|0
1397025852|0
1397025875|0
1397025897|0
1397025920|0
1397025942|0
1397025965|0
1397025987|0
1397026010|0
1397026032|0
1397026055|0
1397026077|0
1397026100|0
1397026122|0
1397026145|0
1397026167|0
1397026189|0
1397026212|0
1397026234|0
1397026257|0
1397026279|0
1397026302|0
1397026324|0
1397026347|0
1397026369|0
1397026392|0
1397026414|0
1397026437|0
1397026459|0
1397026482|0
1397026504|0
1397026526|0
1397026549|0
1397026571|0
1397026594|0
1397026616|0
1397026639|0
1397026661|0
1397026684|0
1397026706|0
1397026729|0
1397026751|0
1397026774|0
1397026796|0
1397026819|0
1397026841|0
1397026863|0
1397026886|0
1397026908|0
1397026931|0
1397026953|0
1397026976|0
1397026998|0
1397027021|0
1397027043|0
1397027066|0
1397027088|0
1397027111|0
1397027133|0
1397027156|0
1397027178|0
1397027201|0
1397027223|0
1397027246|0
1397027268|0
1397027290|0
1397027313|0
1397027335|0
1397027358|0
1397027380|0
1397027403|0
1397027425|0
1397027448|0
1397027470|0
1397027493|0
1397027515|0
1397027538|0
1397027560|0
1397027583|0
1397027605|0
1397027627|0
1397027650|0
1397027672|0
1397027695|0
1397027717|0
1397027740|0
1397027762|0
1397027785|0
1397027807|0
1397027830|0
1397027852|0
1397027875|0
1397027897|0
1397027920|0
1397027942|0
1397027965|0
1397027987|0
1397028010|0
1397028032|0
1397028054|0
1397028077|0
1397028099|0
1397028122|0
1397028144|0
1397028167|0
1397028189|0
1397028212|0
1397028234|0
1397028257|0
1397028279|0
1397028302|0
1397028324|0
1397028347|0
1397028369|0
1397028391|0
1397028414|0
1397028436|0
1397028459|0
1397028481|0
1397028504|0
1397028526|0
1397028549|0
1397028571|0
1397028594|0
1397028616|0
1397028639|0
1397028661|0
1397028684|0
1397028706|0
1397028728|0
1397028751|0
1397028773|0
1397028796|0
1397028818|0
1397028841|0
1397028863|0
1397028886|0
1397028908|0
1397028931|0
1397028953|0
1397028976|0
1397028998|0
1397029021|0
1397029043|0
1397029065|0
1397029088|0
1397029110|0
1397029133|0
1397029155|0
1397029178|0
1397029200|0
1397029223|0
1397029245|0
1397029268|0
1397029290|0
1397029313|0
1397029335|0
1397029358|0
1397029380|0
1397029403|0
1397029425|0
1397029447|0
1397029470|0
1397029492|0
1397029515|0
1397029537|0
1397029560|0
1397029582|0
1397029605|0
1397029627|0
1397029650|0
1397029672|0
1397029695|0
1397029717|0
1397029740|0
1397029762|0
1397029784|0
1397029807|0
1397029829|0
1397029852|0
1397029874|0
1397029897|0
1397029919|0
1397029942|0
1397029964|0
1397029987|0
1397030009|0
1397030032|0
1397030054|0
1397030077|0
1397030099|0
1397030122|0
1397030144|0
1397030167|0
1397030189|0
1397030211|0
1397030234|0
1397030256|0
1397030279|0
1397030301|0
1397030324|0
1397030346|0
1397030369|0
1397030391|0
1397030414|0
1397030436|0
1397030459|0
1397030481|0
1397030504|0
1397030526|0
1397030548|0
1397030571|0
1397030593|0
1397030616|0
1397030638|0
1397030661|0
1397030683|0
1397030706|0
1397030728|0
1397030751|0
1397030773|0
1397030796|0
1397030818|0
1397030841|0
1397030863|0
1397030885|0
1397030908|0
1397030930|0
1397030953|0
1397030975|0
1397030998|0
1397031020|0
1397031043|0
1397031065|0
1397031088|0
1397031110|0
1397031133|0
1397031156|0
1397031178|0
1397031201|0
1397031223|0
1397031246|0
1397031268|0
1397031291|0
1397031313|0
1397031336|0
1397031358|0
1397031381|0
1397031403|0
1397031426|0
1397031448|0
1397031471|0
1397031493|0
1397031515|0
1397031538|0
1397031560|0
1397031583|0
1397031605|0
1397031628|0
1397031650|0
1397031673|0
1397031695|0
1397031718|0
1397031740|0
1397031763|0
1397031785|0
1397031808|0
1397031830|0
1397031852|0
1397031875|0
1397031897|0
1397031920|0
1397031942|0
1397031965|0
1397031987|0
1397032010|0
1397032032|0
1397032055|0
1397032077|0
1397032100|0
1397032122|0
1397032145|0
1397032167|0
1397032190|0
1397032212|0
1397032234|0
1397032257|0
1397032279|0
1397032302|0
1397032324|0
1397032347|0
1397032369|0
1397032392|0
1397032414|0
1397032437|0
1397032459|0
1397032482|0
1397032504|0
1397032526|0
1397032549|0
1397032571|0
1397032594|0
1397032616|0
1397032639|0
1397032661|0
1397032684|0
1397032706|0
1397032729|0
1397032751|0
1397032774|0
1397032796|0
1397032819|0
1397032841|0
1397032864|0
1397032886|0
1397032908|0
1397032931|0
1397032953|0
1397032976|0
1397032998|0
1397033021|0
1397033043|0
1397033066|0
1397033088|0
1397033111|0
1397033133|0
1397033156|0
1397033178|0
1397033201|0
1397033223|0
1397033245|0
1397033268|0
1397033290|0
1397033313|0
1397033335|0
1397033358|0
1397033380|0
1397033403|0
1397033425|0
1397033448|0
1397033470|0
1397033493|0
1397033515|0
1397033538|0
1397033560|0
1397033582|0
1397033605|0
1397033627|0
1397033650|0
1397033672|0
1397033695|0
1397033717|0
1397033740|0
1397033762|0
1397033785|0
1397033807|0
1397033830|0
1397033852|0
1397033875|0
1397033897|0
1397033919|0
1397033942|0
1397033964|0
1397033987|0
1397034009|0
1397034032|0
1397034054|0
1397034077|0
1397034099|0
1397034122|0
1397034144|0
1397034167|0
1397034189|0
1397034212|0
1397034234|0
1397034256|0
1397034279|0
1397034301|0
1397034324|0
1397034346|0
1397034369|0
1397034391|0
1397034414|0
1397034436|0
1397034459|0
1397034481|0
1397034504|0
1397034526|0
1397034549|0
1397034571|0
1397034594|0
1397034616|0
1397034638|0
1397034661|0
1397034683|0
1397034706|0
1397034728|0
1397034751|0
1397034773|0
1397034796|0
1397034818|0
1397034841|0
1397034863|0
1397034886|0
1397034908|0
1397034931|0
1397034953|0
1397034976|0
1397034998|0
1397035020|0
1397035043|0
1397035065|0
1397035088|0
1397035110|0
1397035133|0
1397035155|0
1397035178|0
1397035200|0
1397035223|0
1397035245|0
1397035268|0
1397035290|0
1397035313|0
1397035335|0
1397035357|0
1397035380|0
1397035402|0
1397035425|0
1397035447|0
1397035470|0
1397035492|0
1397035515|0
1397035537|0
1397035560|0
1397035582|0
1397035605|0
1397035627|0
1397035650|0
1397035672|0
1397035695|0
1397035717|0
1397035739|0
1397035762|0
1397035784|0
1397035807|0
1397035829|0
1397035852|0
1397035874|0
1397035897|0
1397035919|0
1397035942|0
1397035964|0
1397035987|0
1397036009|0
1397036032|0
1397036054|0
1397036077|0
1397036099|0
1397036121|0
1397036144|0
1397036166|0
1397036189|0
1397036211|0
1397036234|0
1397036256|0
1397036279|0
1397036301|0
1397036324|0
1397036346|0
1397036369|0
1397036391|0
1397036414|0
1397036436|0
1397036458|0
1397036481|0
1397036503|0
1397036526|0
1397036548|0
1397036571|0
1397036593|0
1397036616|0
1397036638|0
1397036661|0
1397036683|0
1397036706|0
1397036728|0
1397036751|0
1397036773|0
1397036795|0
1397036818|0
1397036840|0
1397036863|0
1397036885|0
1397036908|0
1397036930|0
1397036953|0
1397036975|0
1397036998|0
1397037020|0
1397037043|0
1397037065|0
1397037088|0
1397037110|0
1397037133|0
1397037155|0
1397037177|0
1397037200|0
1397037222|0
1397037245|0
1397037267|0
1397037290|0
1397037312|0
1397037335|0
1397037357|0
1397037380|0
1397037402|0
1397037425|0
1397037447|0
1397037470|0
1397037492|0
1397037514|0
1397037537|0
1397037559|0
1397037582|0
1397037604|0
1397037627|0
1397037649|0
1397037672|0
1397037694|0
1397037717|0
1397037739|0
1397037762|0
1397037784|0
1397037807|0
1397037829|0
1397037851|0
1397037874|0
1397037896|0
1397037919|0
1397037941|0
1397037964|0
1397037986|0
1397038009|0
1397038031|0
1397038054|0
1397038076|0
1397038099|0
1397038121|0
1397038144|0
1397038166|0
1397038188|0
1397038211|0
1397038233|0
1397038256|0
1397038278|0
1397038301|0
1397038323|0
1397038346|0
1397038368|0
1397038391|0
1397038413|0
1397038436|0
1397038458|0
1397038481|0
1397038503|0
1397038526|0
1397038548|0
1397038571|0
1397038593|0
1397038615|0
1397038638|0
1397038660|0
1397038683|0
1397038705|0
1397038728|0
1397038750|0
1397038773|0
1397038795|0
1397038818|0
1397038840|0
1397038863|0
1397038885|0
1397038908|0
1397038930|0
1397038952|0
1397038975|0
1397038997|0
1397039020|0
1397039042|0
1397039065|0
1397039087|0
1397039110|0
1397039132|0
1397039155|0
1397039177|0
1397039200|0
1397039222|0
1397039245|0
1397039267|0
1397039290|0
1397039312|0
1397039335|0
1397039357|0
1397039379|0
1397039402|0
1397039424|0
1397039447|0
1397039469|0
1397039492|0
1397039514|0
1397039537|0
1397039559|0
1397039582|0
1397039604|0
1397039627|0
1397039649|0
1397039672|0
1397039694|0
1397039716|0
1397039739|0
1397039761|0
1397039784|0
1397039806|0
1397039829|0
1397039851|0
1397039874|0
1397039896|0
1397039919|0
1397039941|0
1397039964|0
1397039986|0
1397040009|0
1397040031|0
1397040053|0
1397040076|0
1397040098|0
1397040121|0
1397040143|0
1397040166|0
1397040188|0
1397040211|0
1397040233|0
1397040256|0
1397040278|0
1397040301|0
1397040323|0
1397040346|0
1397040368|0
1397040391|0
1397040413|0
1397040435|0
1397040458|0
1397040480|0
1397040503|0
1397040525|0
1397040548|0
1397040570|0
1397040593|0
1397040615|0
1397040638|0
1397040660|0
1397040683|0
1397040705|0
1397040728|0
1397040750|0
1397040772|0
1397040795|0
1397040817|0
1397040840|0
1397040862|0
1397040885|0
1397040907|0
1397040930|0
1397040952|0
1397040975|0
1397040997|0
1397041020|0
1397041042|0
1397041065|0
1397041087|0
1397041109|0
1397041132|0
1397041154|0
1397041177|0
1397041199|0
1397041222|0
1397041244|0
1397041267|0
1397041289|0
1397041312|0
1397041334|0
1397041357|0
1397041379|0
1397041402|0
1397041424|0
1397041447|0
1397041469|0
1397041492|0
1397041514|0
1397041536|0
1397041559|0
1397041581|0
1397041604|0
1397041626|0
1397041649|0
1397041671|0
1397041694|0
1397041716|0
1397041739|0
1397041761|0
1397041784|0
1397041806|0
1397041829|0
1397041851|0
1397041873|0
1397041896|0
1397041918|0
1397041941|0
1397041963|0
1397041986|0
1397042008|0
1397042031|0
1397042053|0
1397042076|0
1397042098|0
1397042121|0
1397042143|0
1397042166|0
1397042188|0
1397042210|0
1397042233|0
1397042255|0
1397042278|0
1397042300|0
1397042323|0
1397042345|0
1397042368|0
1397042390|0
1397042413|0
1397042435|0
1397042458|0
1397042480|0
1397042503|0
1397042525|0
1397042548|0
1397042570|0
1397042593|0
1397042615|0
1397042637|0
1397042660|0
1397042682|0
1397042705|0
1397042727|0
1397042750|0
1397042772|0
1397042795|0
1397042817|0
1397042840|0
1397042862|0
1397042885|0
1397042907|0
1397042930|0
1397042952|0
1397042974|0
1397042997|0
1397043019|0
1397043042|0
1397043064|0
1397043087|0
1397043109|0
1397043132|0
1397043154|0
1397043177|0
1397043199|0
1397043222|0
1397043244|0
1397043267|0
1397043289|0
1397043311|0
1397043334|0
1397043356|0
1397043379|0
1397043401|0
1397043424|0
1397043446|0
1397043469|0
1397043491|0
1397043514|0
1397043536|0
1397043559|0
1397043581|0
1397043604|0
1397043626|0
1397043648|0
1397043671|0
1397043693|0
1397043716|0
1397043738|0
1397043761|0
1397043783|0
1397043806|0
1397043828|0
1397043851|0
1397043873|0
1397043896|0
1397043918|0
1397043941|0
1397043963|0
1397043985|0
1397044008|0
1397044030|0
1397044053|0
1397044075|0
1397044098|0
1397044120|0
1397044143|0
1397044165|0
1397044188|0
1397044210|0
1397044233|0
1397044255|0
1397044278|0
1397044300|0
1397044323|0
1397044345|0
1397044367|0
1397044390|0
1397044412|0
1397044435|0
1397044457|0
1397044480|0
1397044502|0
1397044525|0
1397044547|0
1397044570|0
1397044592|0
1397044615|0
1397044637|0
1397044660|0
1397044682|0
1397044704|0
1397044727|0
1397044749|0
1397044772|0
1397044794|0
1397044817|0
1397044839|0
1397044862|0
1397044884|0
1397044907|0
1397044929|0
1397044952|0
1397044974|0
1397044997|0
1397045019|0
1397045041|0
1397045064|0
1397045086|0
1397045109|0
1397045131|0
1397045154|0
1397045176|0
1397045199|0
1397045221|0
1397045244|0
1397045266|0
1397045289|0
1397045311|0
1397045334|0
1397045356|0
1397045378|0
1397045401|0
1397045423|0
1397045446|0
1397045468|0
1397045491|0
1397045513|0
1397045536|0
1397045558|0
1397045581|0
1397045603|0
1397045626|0
1397045648|0
1397045671|0
1397045693|0
1397045716|0
1397045738|0
1397045760|0
1397045783|0
1397045805|0
1397045828|0
1397045850|0
1397045873|0
1397045895|0
1397045918|0
1397045940|0
1397045963|0
1397045985|0
1397046008|0
1397046030|0
1397046053|0
1397046075|0
1397046098|0
1397046120|0
1397046142|0
1397046165|0
1397046187|0
1397046210|0
1397046232|0
1397046255|0
1397046277|0
1397046300|0
1397046322|0
1397046345|0
1397046367|0
1397046390|0
1397046412|0
1397046435|0
1397046457|0
1397046480|0
1397046502|0
1397046524|0
1397046547|0
1397046569|0
1397046592|0
1397046614|0
1397046637|0
1397046659|0
1397046682|0
1397046704|0
1397046727|0
1397046749|0
1397046772|0
1397046794|0
1397046817|0
1397046839|0
1397046862|0
1397046884|0
1397046906|0
1397046929|0
1397046951|0
1397046974|0
1397046996|0
1397047019|0
1397047041|0
1397047064|0
1397047086|0
1397047109|0
1397047131|0
1397047154|0
1397047176|0
1397047199|0
1397047221|0
1397047243|0
1397047266|0
1397047288|0
1397047311|0
1397047333|0
1397047356|0
1397047378|0
1397047401|0
1397047423|0
1397047446|0
1397047468|0
1397047491|0
1397047513|0
1397047536|0
1397047558|0
1397047580|0
1397047603|0
1397047625|0
1397047648|0
1397047670|0
1397047693|0
1397047715|0
1397047738|0
1397047760|0
1397047783|0
1397047805|0
1397047828|0
1397047850|0
1397047873|0
1397047895|0
1397047917|0
1397047940|0
1397047962|0
1397047985|0
1397048007|0
1397048030|0
1397048052|0
1397048075|0
1397048097|0
1397048120|0
1397048142|0
1397048165|0
1397048187|0
1397048210|0
1397048232|0
1397048255|0
1397048277|0
1397048299|0
1397048322|0
1397048344|0
1397048367|0
1397048389|0
1397048412|0
1397048434|0
1397048457|0
1397048479|0
1397048502|0
1397048524|0
1397048547|0
1397048569|0
1397048592|0
1397048614|0
1397048636|0
1397048659|0
1397048681|0
1397048704|0
1397048726|0
1397048749|0
1397048771|0
1397048794|0
1397048816|0
1397048839|0
1397048861|0
1397048884|0
1397048906|0
1397048929|0
1397048951|0
1397048973|0
1397048996|0
1397049018|0
1397049041|0
1397049063|0
1397049086|0
1397049108|0
1397049131|0
1397049153|0
1397049176|0
1397049198|0
1397049221|0
1397049243|0
1397049266|0
1397049288|0
1397049311|0
1397049333|0
1397049355|0
1397049378|0
1397049400|0
1397049423|0
1397049445|0
1397049468|0
1397049490|0
1397049513|0
1397049535|0
1397049558|0
1397049580|0
1397049603|0
1397049625|0
1397049647|0
1397049670|0
1397049692|0
1397049715|0
1397049737|0
1397049760|0
1397049782|0
1397049805|0
1397049827|0
1397049850|0
1397049872|0
1397049895|0
1397049917|0
1397049940|0
1397049962|0
1397049985|0
1397050007|0
1397050030|0
1397050052|0
1397050074|0
1397050097|0
1397050119|0
1397050142|0
1397050164|0
1397050187|0
1397050209|0
1397050232|0
1397050254|0
1397050277|0
1397050299|0
1397050322|0
1397050344|0
1397050367|0
1397050389|0
1397050411|0
1397050434|0
1397050456|0
1397050479|0
1397050501|0
1397050524|0
1397050546|0
1397050569|0
1397050591|0
1397050614|0
1397050636|0
1397050659|0
1397050681|0
1397050704|0
1397050726|0
1397050748|0
1397050771|0
1397050793|0
1397050816|0
1397050838|0
1397050861|0
1397050883|0
1397050906|0
1397050928|0
1397050951|0
1397050973|0
1397050996|0
1397051018|0
1397051041|0
1397051063|0
1397051086|0
1397051108|0
1397051131|0
1397051153|0
1397051175|0
1397051198|0
1397051220|0
1397051243|0
1397051265|0
1397051288|0
1397051310|0
1397051333|0
1397051355|0
1397051378|0
1397051400|0
1397051423|0
1397051445|0
1397051468|0
1397051490|0
1397051512|0
1397051535|0
1397051557|0
1397051580|0
1397051602|0
1397051625|0
1397051647|0
1397051670|0
1397051692|0
1397051715|0
1397051737|0
1397051760|0
1397051782|0
1397051805|0
1397051827|0
1397051849|0
1397051872|0
1397051894|0
1397051917|0
1397051939|0
1397051962|0
1397051984|0
1397052007|0
1397052029|0
1397052052|0
1397052075|0
1397052097|0
1397052120|0
1397052142|0
1397052165|0
1397052187|0
1397052210|0
1397052232|0
1397052255|0
1397052277|0
1397052299|0
1397052322|0
1397052344|0
1397052367|0
1397052389|0
1397052412|0
1397052434|0
1397052457|0
1397052479|0
1397052502|0
1397052524|0
1397052547|0
1397052569|0
1397052592|0
1397052614|0
1397052636|0
1397052659|0
1397052681|0
1397052704|0
1397052726|0
1397052749|0
1397052771|0
1397052794|0
1397052816|0
1397052839|0
1397052861|0
1397052884|0
1397052906|0
1397052929|0
1397052951|0
1397052973|0
1397052996|0
1397053018|0
1397053041|0
1397053063|0
1397053086|0
1397053108|0
1397053131|0
1397053153|0
1397053176|0
1397053198|0
1397053221|0
1397053243|0
1397053266|0
1397053288|0
1397053311|0
1397053333|0
1397053356|0
1397053378|0
1397053400|0
1397053423|0
1397053445|0
1397053468|0
1397053490|0
1397053513|0
1397053535|0
1397053558|0
1397053580|0
1397053603|0
1397053625|0
1397053648|0
1397053670|0
1397053693|0
1397053715|0
1397053737|0
1397053760|0
1397053782|0
1397053805|0
1397053827|0
1397053850|0
1397053872|0
1397053895|0
1397053917|0
1397053940|0
1397053962|0
1397053985|0
1397054007|0
1397054030|0
1397054052|0
1397054074|0
1397054097|0
1397054119|0
1397054142|0
1397054164|0
1397054187|0
1397054209|0
1397054232|0
1397054254|0
1397054277|0
1397054299|0
1397054322|0
1397054344|0
1397054367|0
1397054389|0
1397054411|0
1397054434|0
1397054456|0
1397054479|0
1397054501|0
1397054524|0
1397054546|0
1397054569|0
1397054591|0
1397054614|0
1397054636|0
1397054659|0
1397054681|0
1397054704|0
1397054726|0
1397054749|0
1397054771|0
1397054793|0
1397054816|0
1397054838|0
1397054861|0
1397054883|0
1397054906|0
1397054928|0
1397054951|0
1397054973|0
1397054996|0
1397055018|0
1397055041|0
1397055063|0
1397055086|0
1397055108|0
1397055130|0
1397055153|0
1397055175|0
1397055198|0
1397055220|0
1397055243|0
1397055265|0
1397055288|0
1397055310|0
1397055333|0
1397055355|0
1397055378|0
1397055400|0
1397055423|0
1397055445|0
1397055467|0
1397055490|0
1397055512|0
1397055535|0
1397055557|0
1397055580|0
1397055602|0
1397055625|0
1397055647|0
1397055670|0
1397055692|0
1397055715|0
1397055737|0
1397055760|0
1397055782|0
1397055804|0
1397055827|0
1397055849|0
1397055872|0
1397055894|0
1397055917|0
1397055939|0
1397055962|0
1397055984|0
1397056007|0
1397056029|0
1397056052|0
1397056074|0
1397056097|0
1397056119|0
1397056141|0
1397056164|0
1397056186|0
1397056209|0
1397056231|0
1397056254|0
1397056276|0
1397056299|0
1397056321|0
1397056344|0
1397056366|0
1397056389|0
1397056411|0
1397056434|0
1397056456|0
1397056479|0
1397056501|0
1397056524|0
1397056546|0
1397056568|0
1397056591|0
1397056613|0
1397056636|0
1397056658|0
1397056681|0
1397056703|0
1397056726|0
1397056748|0
1397056771|0
1397056793|0
1397056816|0
1397056838|0
1397056861|0
1397056883|0
1397056905|0
1397056928|0
1397056950|0
1397056973|0
1397056995|0
1397057018|0
1397057040|0
1397057063|0
1397057085|0
1397057108|0
1397057130|0
1397057153|0
1397057175|0
1397057198|0
1397057220|0
1397057243|0
1397057265|0
1397057288|0
1397057310|0
1397057332|0
1397057355|0
1397057377|0
1397057400|0
1397057422|0
1397057445|0
1397057467|0
1397057490|0
1397057512|0
1397057535|0
1397057557|0
1397057580|0
1397057602|0
1397057625|0
1397057647|0
1397057669|0
1397057692|0
1397057714|0
1397057737|0
1397057759|0
1397057782|0
1397057804|0
1397057827|0
1397057849|0
1397057872|0
1397057894|0
1397057917|0
1397057939|0
1397057962|0
1397057984|0
1397058006|0
1397058029|0
1397058051|0
1397058074|0
1397058096|0
1397058119|0
1397058141|0
1397058164|0
1397058186|0
1397058209|0
1397058231|0
1397058254|0
1397058276|0
1397058299|0
1397058321|0
1397058343|0
1397058366|0
1397058388|0
1397058411|0
1397058433|0
1397058456|0
1397058478|0
1397058501|0
1397058523|0
1397058546|0
1397058568|0
1397058591|0
1397058613|0
1397058636|0
1397058658|0
1397058680|0
1397058703|0
1397058725|0
1397058748|0
1397058770|0
1397058793|0
1397058815|0
1397058838|0
1397058860|0
1397058883|0
1397058905|0
1397058928|0
1397058950|0
1397058973|0
1397058995|0
1397059018|0
1397059040|0
1397059062|0
1397059085|0
1397059107|0
1397059130|0
1397059152|0
1397059175|0
1397059197|0
1397059220|0
1397059242|0
1397059265|0
1397059287|0
1397059310|0
1397059332|0
1397059355|0
1397059377|0
1397059399|0
1397059422|0
1397059444|0
1397059467|0
1397059489|0
1397059512|0
1397059534|0
1397059557|0
1397059579|0
1397059602|0
1397059624|0
1397059647|0
1397059670|0
1397059692|0
1397059715|0
1397059737|0
1397059760|0
1397059782|0
1397059805|0
1397059827|0
1397059850|0
1397059872|0
1397059895|0
1397059917|0
1397059940|0
1397059962|0
1397059985|0
1397060007|0
1397060029|0
1397060052|0
1397060074|0
1397060097|0
1397060119|0
1397060142|0
1397060164|0
1397060187|0
1397060209|0
1397060232|0
1397060254|0
1397060277|0
1397060299|0
1397060322|0
1397060344|0
1397060366|0
1397060389|0
1397060411|0
1397060434|0
1397060456|0
1397060479|0
1397060501|0
1397060524|0
1397060546|0
1397060569|0
1397060591|0
1397060614|0
1397060636|0
1397060659|0
1397060681|0
1397060704|0
1397060726|0
1397060749|0
1397060771|0
1397060793|0
1397060816|0
1397060838|0
1397060861|0
1397060883|0
1397060906|0
1397060928|0
1397060951|0
1397060973|0
1397060996|0
1397061018|0
1397061041|0
1397061063|0
1397061086|0
1397061108|0
1397061130|0
1397061153|0
1397061175|0
1397061198|0
1397061220|0
1397061243|0
1397061265|0
1397061288|0
1397061310|0
1397061333|0
1397061355|0
1397061378|0
1397061400|0
1397061423|0
1397061445|0
1397061468|0
1397061490|0
1397061513|0
1397061535|0
1397061558|0
1397061580|0
1397061603|0
1397061625|0
1397061648|0
1397061670|0
1397061693|0
1397061715|0
1397061737|0
1397061760|0
1397061782|0
1397061805|0
1397061827|0
1397061850|0
1397061872|0
1397061895|0
1397061917|0
1397061940|0
1397061962|0
1397061985|0
1397062007|0
1397062030|0
1397062052|0
1397062075|0
1397062097|0
1397062119|0
1397062142|0
1397062164|0
1397062187|0
1397062209|0
1397062232|0
1397062254|0
1397062277|0
1397062299|0
1397062322|0
1397062344|0
1397062367|0
1397062389|0
1397062412|0
1397062434|0
1397062456|0
1397062479|0
1397062501|0
1397062524|0
1397062546|0
1397062569|0
1397062591|0
1397062614|0
1397062636|0
1397062659|0
1397062681|0
1397062704|0
1397062726|0
1397062749|0
1397062771|0
1397062794|0
1397062816|0
1397062838|0
1397062861|0
1397062883|0
1397062906|0
1397062928|0
1397062951|0
1397062973|0
1397062996|0
1397063018|0
1397063041|0
1397063063|0
1397063086|0
1397063108|0
1397063131|0
1397063153|0
1397063175|0
1397063198|0
1397063220|0
1397063243|0
1397063265|0
1397063288|0
1397063310|0
1397063333|0
1397063355|0
1397063378|0
1397063400|0
1397063423|0
1397063445|0
1397063468|0
1397063490|0
1397063512|0
1397063535|0
1397063557|0
1397063580|0
1397063602|0
1397063625|0
1397063647|0
1397063670|0
1397063692|0
1397063715|0
1397063737|0
1397063760|0
1397063782|0
1397063805|0
1397063827|0
1397063849|0
1397063872|0
1397063895|0
1397063917|0
1397063939|0
1397063962|0
1397063984|0
1397064007|0
1397064029|0
1397064052|0
1397064074|0
1397064097|0
1397064119|0
1397064142|0
1397064164|0
1397064187|0
1397064209|0
1397064232|0
1397064254|0
1397064276|0
1397064299|0
1397064321|0
1397064344|0
1397064366|0
1397064389|0
1397064411|0
1397064434|0
1397064456|0
1397064479|0
1397064501|0
1397064524|0
1397064546|0
1397064569|0
1397064591|0
1397064613|0
1397064636|0
1397064658|0
1397064681|0
1397064703|0
1397064726|0
1397064748|0
1397064771|0
1397064793|0
1397064816|0
1397064838|0
1397064861|0
1397064883|0
1397064906|0
1397064928|0
1397064951|0
1397064973|0
1397064996|0
1397065018|0
1397065040|0
1397065063|0
1397065085|0
1397065108|0
1397065130|0
1397065153|0
1397065175|0
1397065198|0
1397065220|0
1397065243|0
1397065265|0
1397065288|0
1397065310|0
1397065333|0
1397065355|0
1397065377|0
1397065400|0
1397065422|0
1397065445|0
1397065467|0
1397065490|0
1397065512|0
1397065535|0
1397065557|0
1397065580|0
1397065602|0
1397065625|0
1397065647|0
1397065670|0
1397065692|0
1397065714|0
1397065737|0
1397065759|0
1397065782|0
1397065804|0
1397065827|0
1397065849|0
1397065872|0
1397065894|0
1397065917|0
1397065939|0
1397065962|0
1397065984|0
1397066007|0
1397066029|0
1397066051|0
1397066074|0
1397066096|0
1397066119|0
1397066141|0
1397066164|0
1397066186|0
1397066209|0
1397066231|0
1397066254|0
1397066276|0
1397066299|0
1397066321|0
1397066344|0
1397066366|0
1397066389|0
1397066411|0
1397066433|0
1397066456|0
1397066478|0
1397066501|0
1397066523|0
1397066546|0
1397066568|0
1397066591|0
1397066613|0
1397066636|0
1397066658|0
1397066681|0
1397066703|0
1397066726|0
1397066748|0
1397066770|0
1397066793|0
1397066815|0
1397066838|0
1397066860|0
1397066883|0
1397066905|0
1397066928|0
1397066950|0
1397066973|0
1397066995|0
1397067018|0
1397067040|0
1397067063|0
1397067085|0
1397067107|0
1397067130|0
1397067152|0
1397067175|0
1397067197|0
1397067220|0
1397067242|0
1397067265|0
1397067287|0
1397067310|0
1397067332|0
1397067355|0
1397067377|0
1397067400|0
1397067422|0
1397067444|0
1397067467|0
1397067489|0
1397067512|0
1397067534|0
1397067557|0
1397067579|0
1397067602|0
1397067624|0
1397067647|0
1397067669|0
1397067692|0
1397067714|0
1397067737|0
1397067759|0
1397067782|0
1397067804|0
1397067826|0
1397067849|0
1397067871|0
1397067894|0
1397067916|0
1397067939|0
1397067961|0
1397067984|0
1397068006|0
1397068029|0
1397068051|0
1397068074|0
1397068096|0
1397068119|0
1397068141|0
1397068164|0
1397068186|0
1397068208|0
1397068231|0
1397068253|0
1397068276|0
1397068298|0
1397068321|0
1397068343|0
1397068366|0
1397068388|0
1397068411|0
1397068433|0
1397068456|0
1397068478|0
1397068501|0
1397068523|0
1397068545|0
1397068568|0
1397068590|0
1397068613|0
1397068635|0
1397068658|0
1397068680|0
1397068703|0
1397068725|0
1397068748|0
1397068770|0
1397068793|0
1397068815|0
1397068838|0
1397068860|0
1397068882|0
1397068905|0
1397068927|0
1397068950|0
1397068972|0
1397068995|0
1397069017|0
1397069040|0
1397069062|0
1397069085|0
1397069107|0
1397069130|0
1397069152|0
1397069175|0
1397069197|0
1397069220|0
1397069242|0
1397069265|0
1397069287|0
1397069309|0
1397069332|0
1397069354|0
1397069377|0
1397069399|0
1397069422|0
1397069444|0
1397069467|0
1397069489|0
1397069512|0
1397069534|0
1397069557|0
1397069579|0
1397069602|0
1397069624|0
1397069646|0
1397069669|0
1397069691|0
1397069714|0
1397069736|0
1397069759|0
1397069781|0
1397069804|0
1397069826|0
1397069849|0
1397069871|0
1397069894|0
1397069916|0
1397069939|0
1397069961|0
1397069983|0
1397070006|0
1397070028|0
1397070051|0
1397070073|0
1397070096|0
1397070118|0
1397070141|0
1397070163|0
1397070186|0
1397070208|0
1397070231|0
1397070253|0
1397070276|0
1397070298|0
1397070320|0
1397070343|0
1397070365|0
1397070388|0
1397070410|0
1397070433|0
1397070455|0
1397070478|0
1397070500|0
1397070523|0
1397070545|0
1397070568|0
1397070590|0
1397070613|0
1397070635|0
1397070657|0
1397070680|0
1397070702|0
1397070725|0
1397070747|0
1397070770|0
1397070792|0
1397070815|0
1397070837|0
1397070860|0
1397070882|0
1397070905|0
1397070927|0
1397070950|0
1397070972|0
1397070995|0
1397071017|0
1397071039|0
1397071062|0
1397071084|0
1397071107|0
1397071129|0
1397071152|0
1397071174|0
1397071197|0
1397071219|0
1397071242|0
1397071264|0
1397071287|0
1397071309|0
1397071332|0
1397071354|0
1397071376|0
1397071399|0
1397071421|0
1397071444|0
1397071466|0
1397071489|0
1397071511|0
1397071534|0
1397071556|0
1397071579|0
1397071601|0
1397071624|0
1397071646|0
1397071669|0
1397071691|0
1397071713|0
1397071736|0
1397071758|0
1397071781|0
1397071803|0
1397071826|0
1397071848|0
1397071871|0
1397071893|0
1397071916|0
1397071938|0
1397071961|0
1397071983|0
1397072006|0
1397072028|0
1397072050|0
1397072073|0
1397072095|0
1397072118|0
1397072140|0
1397072163|0
1397072185|0
1397072208|0
1397072230|0
1397072253|0
1397072275|0
1397072298|0
1397072320|0
