1397757633|0
1397757656|0
1397757678|0
1397757701|0
1397757723|0
1397757746|0
1397757768|0
1397757791|0
1397757813|0
1397757836|0
1397757858|0
1397757880|0
1397757903|0
1397757925|0
1397757948|0
1397757970|0
1397757993|0
1397758015|0
1397758038|0
1397758060|0
1397758083|0
1397758105|0
1397758128|0
1397758150|0
1397758173|0
1397758195|0
1397758217|0
1397758240|0
1397758262|0
1397758285|0
1397758307|0
1397758330|0
1397758352|0
1397758375|0
1397758397|0
1397758420|0
1397758442|0
1397758465|0
1397758487|0
1397758510|0
1397758532|0
1397758555|0
1397758577|0
1397758599|0
1397758622|0
1397758644|0
1397758667|0
1397758689|0
1397758712|0
1397758734|0
1397758757|0
1397758779|0
1397758802|0
1397758824|0
1397758847|0
1397758869|0
1397758892|0
1397758914|0
1397758936|0
1397758959|0
1397758981|0
1397759004|0
1397759026|0
1397759049|0
1397759071|0
1397759094|0
1397759116|0
1397759139|0
1397759161|0
1397759184|0
1397759206|0
1397759229|0
1397759251|0
1397759273|0
1397759296|0
1397759318|0
1397759341|0
1397759363|0
1397759386|0
1397759408|0
1397759431|0
1397759453|0
1397759476|0
1397759498|0
1397759521|0
1397759543|0
1397759566|0
1397759588|0
1397759610|0
1397759633|0
1397759655|0
1397759678|0
1397759700|0
1397759723|0
1397759745|0
1397759768|0
1397759790|0
1397759813|0
1397759835|0
1397759858|0
1397759880|0
1397759903|0
1397759925|0
1397759948|0
1397759970|0
1397759993|0
1397760015|0
1397760037|0
1397760060|0
1397760082|0
1397760105|0
1397760127|0
1397760150|0
1397760172|0
1397760195|0
1397760217|0
1397760240|0
1397760262|0
1397760285|0
1397760307|0
1397760330|0
1397760352|0
1397760374|0
1397760397|0
1397760419|0
1397760442|0
1397760464|0
1397760487|0
1397760509|0
1397760532|0
1397760554|0
1397760577|0
1397760599|0
1397760622|0
1397760644|0
1397760667|0
1397760689|0
1397760711|0
1397760734|0
1397760756|0
1397760779|0
1397760801|0
1397760824|0
1397760846|0
1397760869|0
1397760891|0
1397760914|0
1397760936|0
1397760959|0
1397760981|0
1397761004|0
1397761026|0
1397761048|0
1397761071|0
1397761093|0
1397761116|0
1397761138|0
1397761161|0
1397761183|0
1397761206|0
1397761228|0
1397761251|0
1397761273|0
1397761296|0
1397761318|0
1397761341|0
1397761363|0
1397761386|0
1397761408|0
1397761431|0
1397761453|0
1397761475|0
1397761498|0
1397761520|0
1397761543|0
1397761565|0
1397761588|0
1397761610|0
1397761633|0
1397761655|0
1397761678|0
1397761700|0
1397761723|0
1397761745|0
1397761768|0
1397761790|0
1397761812|0
1397761835|0
1397761857|0
1397761880|0
1397761902|0
1397761925|0
1397761947|0
1397761970|0
1397761992|0
1397762015|0
1397762037|0
1397762060|0
1397762082|0
1397762105|0
1397762127|0
1397762149|0
1397762172|0
1397762194|0
1397762217|0
1397762239|0
1397762262|0
1397762284|0
1397762307|0
1397762329|0
1397762352|0
1397762374|0
1397762397|0
1397762419|0
1397762442|0
1397762464|0
1397762486|0
1397762509|0
1397762531|0
1397762554|0
1397762576|0
1397762599|0
1397762621|0
1397762644|0
1397762666|0
1397762689|0
1397762711|0
1397762734|0
1397762756|0
1397762779|0
1397762801|0
1397762824|0
1397762846|0
1397762868|0
1397762891|0
1397762913|0
1397762936|0
1397762958|0
1397762981|0
1397763003|0
1397763026|0
1397763048|0
1397763071|0
1397763093|0
1397763116|0
1397763138|0
1397763161|0
1397763183|0
1397763205|0
1397763228|0
1397763250|0
1397763273|0
1397763295|0
1397763318|0
1397763340|0
1397763363|0
1397763385|0
1397763408|0
1397763430|0
1397763453|0
1397763475|0
1397763498|0
1397763520|0
1397763542|0
1397763565|0
1397763587|0
1397763610|0
1397763632|0
1397763655|0
1397763677|0
1397763700|0
1397763722|0
1397763745|0
1397763767|0
1397763790|0
1397763812|0
1397763835|0
1397763857|0
1397763879|0
1397763902|0
1397763924|0
1397763947|0
1397763969|0
1397763992|0
1397764014|0
1397764037|0
1397764059|0
1397764082|0
1397764104|0
1397764127|0
1397764149|0
1397764172|0
1397764194|0
1397764217|0
1397764239|0
1397764261|0
1397764284|0
1397764306|0
1397764329|0
1397764351|0
1397764374|0
1397764396|0
1397764419|0
1397764441|0
1397764464|0
1397764486|0
1397764509|0
1397764531|0
1397764554|0
1397764576|0
1397764599|0
1397764621|0
1397764643|0
1397764666|0
1397764688|0
1397764711|0
1397764733|0
1397764756|0
1397764778|0
1397764801|0
1397764823|0
1397764846|0
1397764868|0
1397764891|0
1397764913|0
1397764936|0
1397764958|0
1397764980|0
1397765003|0
1397765025|0
1397765048|0
1397765070|0
1397765093|0
1397765115|0
1397765138|0
1397765160|0
1397765183|0
1397765205|0
1397765228|0
1397765250|0
1397765273|0
1397765295|0
1397765317|0
1397765340|0
1397765362|0
1397765385|0
1397765407|0
1397765430|0
1397765452|0
1397765475|0
1397765497|0
1397765520|0
1397765542|0
1397765565|0
1397765587|0
1397765610|0
1397765632|0
1397765654|0
1397765677|0
1397765699|0
1397765722|0
1397765744|0
1397765767|0
1397765789|0
1397765812|0
1397765834|0
1397765857|0
1397765879|0
1397765902|0
1397765924|0
1397765947|0
1397765969|0
1397765992|0
1397766014|0
1397766036|0
1397766059|0
1397766081|0
1397766104|0
1397766126|0
1397766149|0
1397766171|0
1397766194|0
1397766216|0
1397766239|0
1397766261|0
1397766284|0
1397766306|0
1397766329|0
1397766351|0
1397766374|0
1397766396|0
1397766418|0
1397766441|0
1397766463|0
1397766486|0
1397766508|0
1397766531|0
1397766553|0
1397766576|0
1397766598|0
1397766621|0
1397766643|0
1397766666|0
1397766688|0
1397766711|0
1397766733|0
1397766755|0
1397766778|0
1397766800|0
1397766823|0
1397766845|0
1397766868|0
1397766890|0
1397766913|0
1397766935|0
1397766958|0
1397766980|0
1397767003|0
1397767025|0
1397767048|0
1397767070|0
1397767092|0
1397767115|0
1397767137|0
1397767160|0
1397767182|0
1397767205|0
1397767227|0
1397767250|0
1397767272|0
1397767295|0
1397767317|0
1397767340|0
1397767362|0
1397767385|0
1397767407|0
1397767429|0
1397767452|0
1397767474|0
1397767497|0
1397767519|0
1397767542|0
1397767564|0
1397767587|0
1397767609|0
1397767632|0
1397767654|0
1397767677|0
1397767699|0
1397767722|0
1397767744|0
1397767767|0
1397767789|0
1397767811|0
1397767834|0
1397767856|0
1397767879|0
1397767901|0
1397767924|0
1397767946|0
1397767969|0
1397767991|0
1397768014|0
1397768036|0
1397768059|0
1397768081|0
1397768104|0
1397768126|0
1397768148|0
1397768171|0
1397768193|0
1397768216|0
1397768238|0
1397768261|0
1397768283|0
1397768306|0
1397768328|0
1397768351|0
1397768373|0
1397768396|0
1397768418|0
1397768441|0
1397768463|0
1397768485|0
1397768508|0
1397768530|0
1397768553|0
1397768575|0
1397768598|0
1397768620|0
1397768643|0
1397768665|0
1397768688|0
1397768710|0
1397768733|0
1397768755|0
1397768778|0
1397768800|0
1397768822|0
1397768845|0
1397768867|0
1397768890|0
1397768912|0
1397768935|0
1397768957|0
1397768980|0
1397769002|0
1397769025|0
1397769047|0
1397769070|0
1397769092|0
1397769115|0
1397769137|0
1397769159|0
1397769182|0
1397769204|0
1397769227|0
1397769249|0
1397769272|0
1397769294|0
1397769317|0
1397769339|0
1397769362|0
1397769384|0
1397769407|0
1397769429|0
1397769452|0
1397769474|0
1397769496|0
1397769519|0
1397769541|0
1397769564|0
1397769586|0
1397769609|0
1397769631|0
1397769654|0
1397769676|0
1397769699|0
1397769721|0
1397769744|0
1397769766|0
1397769789|0
1397769811|0
1397769834|0
1397769856|0
1397769879|0
1397769901|0
1397769923|0
1397769946|0
1397769968|0
1397769991|0
1397770013|0
1397770036|0
1397770058|0
1397770081|0
1397770103|0
1397770126|0
1397770148|0
1397770171|0
1397770193|0
1397770216|0
1397770238|0
1397770260|0
1397770283|0
1397770305|0
1397770328|0
1397770350|0
1397770373|0
1397770395|0
1397770418|0
1397770440|0
1397770463|0
1397770485|0
1397770508|0
1397770530|0
1397770553|0
1397770575|0
1397770597|0
1397770620|0
1397770642|0
1397770665|0
1397770687|0
1397770710|0
1397770732|0
1397770755|0
1397770777|0
1397770800|0
1397770822|0
1397770845|0
1397770867|0
1397770890|0
1397770912|0
1397770934|0
1397770957|0
1397770980|0
1397771002|0
1397771024|0
1397771047|0
1397771069|0
1397771092|0
1397771114|0
1397771137|0
1397771159|0
1397771182|0
1397771204|0
1397771227|0
1397771249|0
1397771272|0
1397771294|0
1397771317|0
1397771339|0
1397771361|0
1397771384|0
1397771406|0
1397771429|0
1397771451|0
1397771474|0
1397771496|0
1397771519|0
1397771541|0
1397771564|0
1397771586|0
1397771609|0
1397771631|0
1397771654|0
1397771676|0
1397771698|0
1397771721|0
1397771743|0
1397771766|0
1397771788|0
1397771811|0
1397771833|0
1397771856|0
1397771878|0
1397771901|0
1397771923|0
1397771946|0
1397771968|0
1397771991|0
1397772013|0
1397772035|0
1397772058|0
1397772080|0
1397772103|0
1397772125|0
1397772148|0
1397772170|0
1397772193|0
1397772215|0
1397772238|0
1397772260|0
1397772283|0
1397772305|0
1397772328|0
1397772350|0
1397772373|0
1397772395|0
1397772417|0
1397772440|0
1397772462|0
1397772485|0
1397772507|0
1397772530|0
1397772552|0
1397772575|0
1397772597|0
1397772620|0
1397772642|0
1397772665|0
1397772687|0
1397772710|0
1397772732|0
1397772754|0
1397772777|0
1397772799|0
1397772822|0
1397772844|0
1397772867|0
1397772889|0
1397772912|0
1397772934|0
1397772957|0
1397772979|0
1397773002|0
1397773024|0
1397773047|0
1397773069|0
1397773092|0
1397773114|0
1397773136|0
1397773159|0
1397773181|0
1397773204|0
1397773226|0
1397773249|0
1397773271|0
1397773294|0
1397773316|0
1397773339|0
1397773361|0
1397773384|0
1397773406|0
1397773429|0
1397773451|0
1397773474|0
1397773496|0
1397773518|0
1397773541|0
1397773563|0
1397773586|0
1397773608|0
1397773631|0
1397773653|0
1397773676|0
1397773698|0
1397773721|0
1397773743|0
1397773766|0
1397773788|0
1397773811|0
1397773833|0
1397773855|0
1397773878|0
1397773900|0
1397773923|0
1397773945|0
1397773968|0
1397773990|0
1397774013|0
1397774035|0
1397774058|0
1397774080|0
1397774103|0
1397774125|0
1397774148|0
1397774170|0
1397774192|0
1397774215|0
1397774237|0
1397774260|0
1397774282|0
1397774305|0
1397774327|0
1397774350|0
1397774372|0
1397774395|0
1397774417|0
1397774440|0
1397774462|0
1397774485|0
1397774507|0
1397774530|0
1397774552|0
1397774575|0
1397774597|0
1397774619|0
1397774642|0
1397774664|0
1397774687|0
1397774709|0
1397774732|0
1397774754|0
1397774777|0
1397774799|0
1397774822|0
1397774844|0
1397774867|0
1397774889|0
1397774912|0
1397774934|0
1397774957|0
1397774979|0
1397775001|0
1397775024|0
1397775046|0
1397775069|0
1397775091|0
1397775114|0
1397775136|0
1397775159|0
1397775181|0
1397775204|0
1397775226|0
1397775249|0
1397775271|0
1397775294|0
1397775316|0
1397775338|0
1397775361|0
1397775383|0
1397775406|0
1397775428|0
1397775451|0
1397775473|0
1397775496|0
1397775518|0
1397775541|0
1397775563|0
1397775586|0
1397775608|0
1397775631|0
1397775653|0
1397775675|0
1397775698|0
1397775720|0
1397775743|0
1397775765|0
1397775788|0
1397775810|0
1397775833|0
1397775855|0
1397775878|0
1397775900|0
1397775923|0
1397775945|0
1397775968|0
1397775990|0
1397776012|0
1397776035|0
1397776057|0
1397776080|0
1397776102|0
1397776125|0
1397776147|0
1397776170|0
1397776192|0
1397776215|0
1397776237|0
1397776260|0
1397776282|0
1397776305|0
1397776327|0
1397776349|0
1397776372|0
1397776394|0
1397776417|0
1397776439|0
1397776462|0
1397776484|0
1397776507|0
1397776529|0
1397776552|0
1397776574|0
1397776597|0
1397776619|0
1397776642|0
1397776664|0
1397776686|0
1397776709|0
1397776731|0
1397776754|0
1397776776|0
1397776799|0
1397776821|0
1397776844|0
1397776866|0
1397776889|0
1397776911|0
1397776934|0
1397776956|0
1397776979|0
1397777001|0
1397777024|0
1397777046|0
1397777069|0
1397777091|0
1397777113|0
1397777136|0
1397777158|0
1397777181|0
1397777203|0
1397777226|0
1397777248|0
1397777271|0
1397777293|0
1397777316|0
1397777338|0
1397777361|0
1397777383|0
1397777406|0
1397777428|0
1397777450|0
1397777473|0
1397777495|0
1397777518|0
1397777540|0
1397777563|0
1397777585|0
1397777608|0
1397777630|0
1397777653|0
1397777675|0
1397777698|0
1397777720|0
1397777743|0
1397777765|0
1397777788|0
1397777810|0
1397777833|0
1397777855|0
1397777877|0
1397777900|0
1397777922|0
1397777945|0
1397777968|0
1397777990|0
1397778013|0
1397778035|0
1397778058|0
1397778080|0
1397778103|0
1397778125|0
1397778148|0
1397778170|0
1397778192|0
1397778215|0
1397778237|0
1397778260|0
1397778282|0
1397778305|0
1397778327|0
1397778350|0
1397778372|0
1397778395|0
1397778417|0
1397778440|0
1397778462|0
1397778485|0
1397778507|0
1397778529|0
1397778552|0
1397778574|0
1397778597|0
1397778619|0
1397778642|0
1397778664|0
1397778687|0
1397778709|0
1397778732|0
1397778754|0
1397778777|0
1397778799|0
1397778822|0
1397778844|0
1397778866|0
1397778889|0
1397778911|0
1397778934|0
1397778956|0
1397778979|0
1397779001|0
1397779024|0
1397779046|0
1397779069|0
1397779091|0
1397779114|0
1397779136|0
1397779159|0
1397779181|0
1397779203|0
1397779226|0
1397779248|0
1397779271|0
1397779293|0
1397779316|0
1397779338|0
1397779361|0
1397779383|0
1397779406|0
1397779428|0
1397779451|0
1397779473|0
1397779496|0
1397779518|0
1397779541|0
1397779563|0
1397779585|0
1397779608|0
1397779630|0
1397779653|0
1397779675|0
1397779698|0
1397779720|0
1397779743|0
1397779765|0
1397779788|0
1397779810|0
1397779833|0
1397779855|0
1397779878|0
1397779900|0
1397779922|0
1397779945|0
1397779967|0
1397779990|0
1397780012|0
1397780035|0
1397780057|0
1397780080|0
1397780102|0
1397780125|0
1397780147|0
1397780170|0
1397780192|0
1397780215|0
1397780237|0
1397780260|0
1397780282|0
1397780305|0
1397780327|0
1397780349|0
1397780372|0
1397780394|0
1397780417|0
1397780439|0
1397780462|0
1397780484|0
1397780507|0
1397780529|0
1397780552|0
1397780574|0
1397780597|0
1397780619|0
1397780642|0
1397780664|0
1397780686|0
1397780709|0
1397780731|0
1397780754|0
1397780776|0
1397780799|0
1397780821|0
1397780844|0
1397780866|0
1397780889|0
1397780911|0
1397780934|0
1397780956|0
1397780979|0
1397781001|0
1397781023|0
1397781046|0
1397781068|0
1397781091|0
1397781113|0
1397781136|0
1397781158|0
1397781181|0
1397781203|0
1397781226|0
1397781248|0
1397781271|0
1397781293|0
1397781316|0
1397781338|0
1397781361|0
1397781383|0
1397781406|0
1397781428|0
1397781450|0
1397781473|0
1397781495|0
1397781518|0
1397781540|0
1397781563|0
1397781585|0
1397781608|0
1397781630|0
1397781653|0
1397781675|0
1397781698|0
1397781720|0
1397781743|0
1397781765|0
1397781787|0
1397781810|0
1397781832|0
1397781855|0
1397781877|0
1397781900|0
1397781922|0
1397781945|0
1397781967|0
1397781990|0
1397782012|0
1397782035|0
1397782057|0
1397782080|0
1397782102|0
1397782124|0
1397782147|0
1397782169|0
1397782192|0
1397782214|0
1397782237|0
1397782259|0
1397782282|0
1397782304|0
1397782327|0
1397782349|0
1397782372|0
1397782394|0
1397782417|0
1397782439|0
1397782461|0
1397782484|0
1397782506|0
1397782529|0
1397782551|0
1397782574|0
1397782596|0
1397782619|0
1397782641|0
1397782664|0
1397782686|0
1397782709|0
1397782731|0
1397782754|0
1397782776|0
1397782798|0
1397782821|0
1397782843|0
1397782866|0
1397782888|0
1397782911|0
1397782933|0
1397782956|0
1397782978|0
1397783001|0
1397783023|0
1397783046|0
1397783068|0
1397783091|0
1397783113|0
1397783136|0
1397783158|0
1397783180|0
1397783203|0
1397783225|0
1397783248|0
1397783270|0
1397783293|0
1397783315|0
1397783338|0
1397783360|0
1397783383|0
1397783405|0
1397783428|0
1397783450|0
1397783473|0
1397783495|0
1397783517|0
1397783540|0
1397783562|0
1397783585|0
1397783608|0
1397783631|0
1397783653|0
1397783676|0
1397783698|0
1397783720|0
1397783743|0
1397783765|0
1397783788|0
1397783810|0
1397783833|0
1397783855|0
1397783878|0
1397783900|0
1397783923|0
1397783945|0
1397783968|0
1397783990|0
1397784013|0
1397784035|0
1397784058|0
1397784080|0
1397784103|0
1397784125|0
1397784147|0
1397784170|0
1397784192|0
1397784215|0
1397784237|0
1397784260|0
1397784282|0
1397784305|0
1397784327|0
1397784350|0
1397784372|0
1397784395|0
1397784417|0
1397784440|0
1397784462|0
1397784484|0
1397784507|0
1397784529|0
1397784552|0
1397784574|0
1397784597|0
1397784619|0
1397784642|0
1397784664|0
1397784687|0
1397784709|0
1397784732|0
1397784754|0
1397784777|0
1397784799|0
1397784821|0
1397784844|0
1397784866|0
1397784889|0
1397784911|0
1397784934|0
1397784956|0
1397784979|0
1397785001|0
1397785024|0
1397785046|0
1397785069|0
1397785091|0
1397785114|0
1397785136|0
1397785158|0
1397785181|0
1397785203|0
1397785226|0
1397785248|0
1397785271|0
1397785293|0
1397785316|0
1397785338|0
1397785361|0
1397785383|0
1397785406|0
1397785428|0
1397785451|0
1397785473|0
1397785495|0
1397785518|0
1397785540|0
1397785563|0
1397785585|0
1397785608|0
1397785630|0
1397785653|0
1397785675|0
1397785698|0
1397785720|0
1397785743|0
1397785765|0
1397785788|0
1397785810|0
1397785833|0
1397785855|0
1397785878|0
1397785900|0
1397785922|0
1397785945|0
1397785967|0
1397785990|0
1397786012|0
1397786035|0
1397786057|0
1397786080|0
1397786102|0
1397786125|0
1397786147|0
1397786170|0
1397786192|0
1397786215|0
1397786237|0
1397786259|0
1397786282|0
1397786304|0
1397786327|0
1397786349|0
1397786372|0
1397786394|0
1397786417|0
1397786439|0
1397786462|0
1397786484|0
1397786507|0
1397786529|0
1397786552|0
1397786574|0
1397786596|0
1397786619|0
1397786641|0
1397786664|0
1397786686|0
1397786709|0
1397786731|0
1397786754|0
1397786776|0
1397786799|0
1397786821|0
1397786844|0
1397786866|0
1397786889|0
1397786911|0
1397786933|0
1397786956|0
1397786978|0
1397787001|0
1397787023|0
1397787046|0
1397787068|0
1397787091|0
1397787113|0
1397787136|0
1397787158|0
1397787181|0
1397787203|0
1397787226|0
1397787248|0
1397787270|0
1397787293|0
1397787315|0
1397787338|0
1397787360|0
1397787383|0
1397787405|0
1397787428|0
1397787451|0
1397787473|0
1397787496|0
1397787518|0
1397787541|0
1397787563|0
1397787585|0
1397787608|0
1397787630|0
1397787653|0
1397787675|0
1397787698|0
1397787720|0
1397787743|0
1397787765|0
1397787788|0
1397787810|0
1397787833|0
1397787855|0
1397787878|0
1397787900|0
1397787923|0
1397787945|0
1397787967|0
1397787990|0
1397788012|0
1397788035|0
1397788057|0
1397788080|0
1397788102|0
1397788125|0
1397788147|0
1397788170|0
1397788192|0
1397788215|0
1397788237|0
1397788260|0
1397788282|0
1397788304|0
1397788327|0
1397788349|0
1397788372|0
1397788394|0
1397788417|0
1397788439|0
1397788462|0
1397788484|0
1397788507|0
1397788529|0
1397788552|0
1397788574|0
1397788597|0
1397788619|0
1397788641|0
1397788664|0
1397788686|0
1397788709|0
1397788731|0
1397788754|0
1397788776|0
1397788799|0
1397788821|0
1397788844|0
1397788866|0
1397788889|0
1397788911|0
1397788934|0
1397788956|0
1397788978|0
1397789001|0
1397789023|0
1397789046|0
1397789068|0
1397789091|0
1397789113|0
1397789136|0
1397789158|0
1397789181|0
1397789203|0
1397789226|0
1397789248|0
1397789271|0
1397789293|0
1397789315|0
1397789338|0
1397789360|0
1397789383|0
1397789405|0
1397789428|0
1397789450|0
1397789473|0
1397789495|0
1397789518|0
1397789540|0
1397789563|0
1397789585|0
1397789608|0
1397789630|0
1397789653|0
1397789675|0
1397789698|0
1397789720|0
1397789742|0
1397789765|0
1397789787|0
1397789810|0
1397789832|0
1397789855|0
1397789877|0
1397789900|0
1397789922|0
1397789945|0
1397789967|0
1397789990|0
1397790012|0
1397790035|0
1397790057|0
1397790079|0
1397790102|0
1397790124|0
1397790147|0
1397790169|0
1397790192|0
1397790214|0
1397790237|0
1397790259|0
1397790282|0
1397790304|0
1397790327|0
1397790349|0
1397790372|0
1397790394|0
1397790417|0
1397790439|0
1397790461|0
1397790484|0
1397790506|0
1397790529|0
1397790551|0
1397790574|0
1397790596|0
1397790619|0
1397790641|0
1397790664|0
1397790686|0
1397790709|0
1397790731|0
1397790754|0
1397790776|0
1397790799|0
1397790821|0
1397790843|0
1397790866|0
1397790888|0
1397790911|0
1397790933|0
1397790956|0
1397790978|0
1397791001|0
1397791023|0
1397791046|0
1397791068|0
1397791091|0
1397791113|0
1397791136|0
1397791158|0
1397791180|0
1397791203|0
1397791225|0
1397791248|0
1397791270|0
1397791293|0
1397791315|0
1397791338|0
1397791360|0
1397791383|0
1397791405|0
1397791428|0
1397791450|0
1397791473|0
1397791495|0
1397791517|0
1397791540|0
1397791562|0
1397791585|0
1397791607|0
1397791630|0
1397791652|0
1397791675|0
1397791697|0
1397791720|0
1397791742|0
1397791765|0
1397791787|0
1397791810|0
1397791832|0
1397791855|0
1397791877|0
1397791899|0
1397791922|0
1397791944|0
1397791967|0
1397791989|0
1397792012|0
1397792034|0
1397792057|0
1397792079|0
1397792102|0
1397792124|0
1397792147|0
1397792169|0
1397792192|0
1397792214|0
1397792236|0
1397792259|0
1397792281|0
1397792304|0
1397792326|0
1397792349|0
1397792371|0
1397792394|0
1397792416|0
1397792439|0
1397792461|0
1397792484|0
1397792506|0
1397792529|0
1397792551|0
1397792573|0
1397792596|0
1397792618|0
1397792641|0
1397792663|0
1397792686|0
1397792708|0
1397792731|0
1397792753|0
1397792776|0
1397792798|0
1397792821|0
1397792843|0
1397792866|0
1397792888|0
1397792911|0
1397792933|0
1397792956|0
1397792978|0
1397793000|0
1397793023|0
1397793045|0
1397793068|0
1397793090|0
1397793113|0
1397793135|0
1397793158|0
1397793180|0
1397793203|0
1397793225|0
1397793248|0
1397793270|0
1397793293|0
1397793315|0
1397793337|0
1397793360|0
1397793382|0
1397793405|0
1397793427|0
1397793450|0
1397793472|0
1397793495|0
1397793517|0
1397793540|0
1397793562|0
1397793585|0
1397793607|0
1397793630|0
1397793652|0
1397793674|0
1397793697|0
1397793719|0
1397793742|0
1397793764|0
1397793787|0
1397793809|0
1397793832|0
1397793854|0
1397793877|0
1397793899|0
1397793922|0
1397793944|0
1397793967|0
1397793989|0
1397794011|0
1397794034|0
1397794056|0
1397794079|0
1397794101|0
1397794124|0
1397794146|0
1397794169|0
1397794191|0
1397794214|0
1397794236|0
1397794259|0
1397794281|0
1397794304|0
1397794326|0
1397794348|0
1397794371|0
1397794393|0
1397794416|0
1397794438|0
1397794461|0
1397794483|0
1397794506|0
1397794528|0
1397794551|0
1397794573|0
1397794596|0
1397794618|0
1397794641|0
1397794663|0
1397794685|0
1397794708|0
1397794730|0
1397794753|0
1397794775|0
1397794798|0
1397794820|0
1397794843|0
1397794865|0
1397794888|0
1397794910|0
1397794933|0
1397794955|0
1397794978|0
1397795000|0
1397795023|0
1397795045|0
1397795068|0
1397795090|0
1397795112|0
1397795135|0
1397795157|0
1397795180|0
1397795202|0
1397795225|0
1397795247|0
1397795270|0
1397795292|0
1397795315|0
1397795337|0
1397795360|0
1397795382|0
1397795405|0
1397795427|0
1397795449|0
1397795472|0
1397795494|0
1397795517|0
1397795539|0
1397795562|0
1397795584|0
1397795607|0
1397795629|0
1397795652|0
1397795674|0
1397795697|0
1397795719|0
1397795742|0
1397795764|0
1397795786|0
1397795809|0
1397795831|0
1397795854|0
1397795876|0
1397795899|0
1397795921|0
1397795944|0
1397795966|0
1397795989|0
1397796011|0
1397796034|0
1397796056|0
1397796079|0
1397796101|0
1397796123|0
1397796146|0
1397796168|0
1397796191|0
1397796213|0
1397796236|0
1397796258|0
1397796281|0
1397796303|0
1397796326|0
1397796348|0
1397796371|0
1397796393|0
1397796416|0
1397796438|0
1397796461|0
1397796483|0
1397796505|0
1397796528|0
1397796550|0
1397796573|0
1397796595|0
1397796618|0
1397796640|0
1397796663|0
1397796685|0
1397796708|0
1397796730|0
1397796753|0
1397796775|0
1397796798|0
1397796820|0
1397796842|0
1397796865|0
1397796887|0
1397796910|0
1397796932|0
1397796955|0
1397796977|0
1397797000|0
1397797022|0
1397797045|0
1397797067|0
1397797090|0
1397797112|0
1397797135|0
1397797157|0
1397797180|0
1397797202|0
1397797225|0
1397797247|0
1397797269|0
1397797292|0
1397797314|0
1397797337|0
1397797359|0
1397797382|0
1397797404|0
1397797427|0
1397797449|0
1397797472|0
1397797494|0
1397797517|0
1397797539|0
1397797562|0
1397797584|0
1397797607|0
1397797629|0
1397797651|0
1397797674|0
1397797696|0
1397797719|0
1397797741|0
1397797764|0
1397797786|0
1397797809|0
1397797831|0
1397797854|0
1397797876|0
1397797899|0
1397797921|0
1397797944|0
1397797966|0
1397797989|0
1397798011|0
1397798033|0
1397798056|0
1397798078|0
1397798101|0
1397798123|0
1397798146|0
1397798168|0
1397798191|0
1397798213|0
1397798236|0
1397798258|0
1397798281|0
1397798303|0
1397798326|0
1397798348|0
1397798370|0
1397798393|0
1397798415|0
1397798438|0
1397798460|0
1397798483|0
1397798505|0
1397798528|0
1397798550|0
1397798573|0
1397798595|0
1397798618|0
1397798640|0
1397798663|0
1397798685|0
1397798707|0
1397798730|0
1397798752|0
1397798775|0
1397798797|0
1397798820|0
1397798842|0
1397798865|0
1397798887|0
1397798910|0
1397798932|0
1397798955|0
1397798977|0
1397799000|0
1397799022|0
1397799044|0
1397799067|0
1397799089|0
1397799112|0
1397799134|0
1397799157|0
1397799179|0
1397799202|0
1397799224|0
1397799247|0
1397799269|0
1397799292|0
1397799314|0
1397799337|0
1397799359|0
1397799382|0
1397799404|0
1397799426|0
1397799449|0
1397799471|0
1397799494|0
1397799516|0
1397799539|0
1397799561|0
1397799584|0
1397799606|0
1397799629|0
1397799651|0
1397799674|0
1397799696|0
1397799719|0
1397799741|0
1397799763|0
1397799786|0
1397799808|0
1397799831|0
1397799853|0
1397799876|0
1397799898|0
1397799922|0
1397799944|0
1397799966|0
1397799989|0
1397800011|0
1397800034|0
1397800056|0
1397800079|0
1397800101|0
1397800124|0
1397800146|0
1397800169|0
1397800191|0
1397800214|0
1397800236|0
1397800259|0
1397800281|0
1397800303|0
1397800326|0
1397800348|0
1397800371|0
1397800393|0
1397800416|0
1397800438|0
1397800461|0
1397800483|0
1397800506|0
1397800528|0
1397800551|0
1397800573|0
1397800596|0
1397800618|0
1397800640|0
1397800663|0
1397800685|0
1397800708|0
1397800730|0
1397800753|0
1397800775|0
1397800798|0
1397800820|0
1397800843|0
1397800865|0
1397800888|0
1397800910|0
1397800933|0
1397800955|0
1397800978|0
1397801000|0
1397801023|0
1397801045|0
1397801067|0
1397801090|0
1397801112|0
1397801135|0
1397801157|0
1397801180|0
1397801202|0
1397801225|0
1397801247|0
1397801270|0
1397801292|0
1397801315|0
1397801337|0
1397801360|0
1397801382|0
1397801404|0
1397801427|0
1397801449|0
1397801472|0
1397801494|0
1397801517|0
1397801539|0
1397801562|0
1397801584|0
1397801607|0
1397801629|0
1397801652|0
1397801674|0
1397801697|0
1397801719|0
1397801741|0
1397801764|0
1397801786|0
1397801809|0
1397801831|0
1397801854|0
1397801876|0
1397801899|0
1397801921|0
1397801944|0
1397801966|0
1397801989|0
1397802011|0
1397802034|0
1397802056|0
1397802079|0
1397802101|0
1397802123|0
1397802146|0
1397802168|0
1397802191|0
1397802213|0
1397802236|0
1397802258|0
1397802281|0
1397802303|0
1397802326|0
1397802348|0
1397802371|0
1397802393|0
1397802416|0
1397802438|0
1397802461|0
1397802483|0
1397802505|0
1397802528|0
1397802550|0
1397802573|0
1397802595|0
1397802618|0
1397802640|0
1397802663|0
1397802685|0
1397802708|0
1397802730|0
1397802753|0
1397802775|0
1397802798|0
1397802820|0
1397802842|0
1397802865|0
1397802887|0
1397802910|0
1397802932|0
1397802955|0
1397802977|0
1397803000|0
1397803022|0
1397803045|0
1397803067|0
1397803090|0
1397803112|0
1397803135|0
1397803157|0
1397803180|0
1397803202|0
1397803224|0
1397803247|0
1397803269|0
1397803292|0
1397803314|0
1397803337|0
1397803359|0
1397803382|0
1397803404|0
1397803427|0
1397803449|0
1397803472|0
1397803494|0
1397803517|0
1397803539|0
1397803561|0
1397803584|0
1397803606|0
1397803629|0
1397803651|0
1397803674|0
1397803696|0
1397803719|0
1397803741|0
1397803764|0
1397803786|0
1397803809|0
1397803831|0
1397803854|0
1397803876|0
1397803898|0
1397803921|0
1397803943|0
1397803966|0
1397803988|0
1397804011|0
1397804033|0
1397804056|0
1397804078|0
1397804101|0
1397804123|0
1397804146|0
1397804168|0
1397804191|0
1397804213|0
1397804236|0
1397804258|0
1397804281|0
1397804303|0
1397804325|0
1397804348|0
1397804370|0
1397804393|0
1397804415|0
1397804438|0
1397804460|0
1397804483|0
1397804505|0
1397804528|0
1397804550|0
1397804573|0
1397804595|0
1397804618|0
1397804640|0
1397804662|0
1397804685|0
1397804707|0
1397804730|0
1397804752|0
1397804775|0
1397804797|0
1397804820|0
1397804842|0
1397804865|0
1397804887|0
1397804910|0
1397804932|0
1397804955|0
1397804977|0
1397804999|0
1397805022|0
1397805044|0
1397805067|0
1397805089|0
1397805112|0
1397805134|0
1397805157|0
1397805179|0
1397805202|0
1397805224|0
1397805247|0
1397805269|0
1397805292|0
1397805314|0
1397805336|0
1397805359|0
1397805381|0
1397805404|0
1397805426|0
1397805449|0
1397805471|0
1397805494|0
1397805516|0
1397805539|0
1397805561|0
1397805584|0
1397805606|0
1397805629|0
1397805651|0
1397805674|0
1397805696|0
1397805718|0
1397805741|0
1397805763|0
1397805786|0
1397805808|0
1397805831|0
1397805853|0
1397805876|0
1397805898|0
1397805921|0
1397805943|0
1397805966|0
1397805988|0
1397806011|0
1397806033|0
1397806056|0
1397806078|0
1397806100|0
1397806123|0
1397806145|0
1397806168|0
1397806190|0
1397806213|0
1397806235|0
1397806258|0
1397806280|0
1397806303|0
1397806325|0
1397806348|0
1397806370|0
1397806393|0
1397806415|0
1397806437|0
1397806460|0
1397806482|0
1397806505|0
1397806527|0
1397806550|0
1397806572|0
1397806595|0
1397806617|0
1397806640|0
1397806662|0
1397806685|0
1397806707|0
1397806730|0
1397806752|0
1397806774|0
1397806797|0
1397806820|0
1397806842|0
1397806865|0
1397806887|0
1397806910|0
1397806932|0
1397806955|0
1397806977|0
1397807000|0
1397807022|0
1397807045|0
1397807067|0
1397807089|0
1397807112|0
1397807134|0
1397807157|0
1397807179|0
1397807202|0
1397807224|0
1397807247|0
1397807269|0
1397807292|0
1397807314|0
1397807337|0
1397807359|0
1397807382|0
1397807404|0
1397807426|0
1397807449|0
1397807471|0
1397807494|0
1397807516|0
1397807539|0
1397807561|0
1397807584|0
1397807606|0
1397807629|0
1397807651|0
1397807674|0
1397807696|0
1397807719|0
1397807741|0
1397807763|0
1397807786|0
1397807808|0
1397807831|0
1397807853|0
1397807876|0
1397807898|0
1397807921|0
1397807943|0
1397807966|0
1397807988|0
1397808011|0
1397808033|0
1397808056|0
1397808078|0
1397808100|0
1397808123|0
1397808145|0
1397808168|0
1397808190|0
1397808213|0
1397808235|0
1397808258|0
1397808280|0
1397808303|0
1397808325|0
1397808348|0
1397808370|0
1397808393|0
1397808415|0
1397808438|0
1397808460|0
1397808482|0
1397808505|0
1397808527|0
1397808550|0
1397808572|0
1397808595|0
1397808617|0
1397808640|0
1397808662|0
1397808685|0
1397808707|0
1397808730|0
1397808752|0
1397808775|0
1397808797|0
1397808819|0
1397808842|0
1397808864|0
1397808887|0
1397808909|0
1397808932|0
1397808954|0
1397808977|0
1397808999|0
1397809022|0
1397809044|0
1397809067|0
1397809089|0
1397809112|0
1397809134|0
1397809156|0
1397809179|0
1397809201|0
1397809224|0
1397809246|0
1397809269|0
1397809291|0
1397809314|0
1397809336|0
1397809359|0
1397809381|0
1397809404|0
1397809426|0
1397809449|0
1397809471|0
1397809493|0
1397809516|0
1397809538|0
1397809561|0
1397809583|0
1397809606|0
1397809628|0
1397809651|0
1397809673|0
1397809696|0
1397809718|0
1397809741|0
1397809763|0
1397809786|0
1397809808|0
1397809830|0
1397809853|0
1397809875|0
1397809898|0
1397809920|0
1397809943|0
1397809965|0
1397809988|0
1397810010|0
1397810033|0
1397810055|0
1397810078|0
1397810100|0
1397810123|0
1397810145|0
1397810168|0
1397810190|0
1397810213|0
1397810235|0
1397810257|0
1397810280|0
1397810302|0
1397810325|0
1397810347|0
1397810370|0
1397810392|0
1397810415|0
1397810437|0
1397810460|0
1397810482|0
1397810505|0
1397810527|0
1397810550|0
1397810572|0
1397810594|0
1397810617|0
1397810639|0
1397810662|0
1397810684|0
1397810707|0
1397810729|0
1397810752|0
1397810774|0
1397810797|0
1397810819|0
1397810842|0
1397810864|0
1397810887|0
1397810909|0
1397810931|0
1397810954|0
1397810976|0
1397810999|0
1397811021|0
1397811044|0
1397811066|0
1397811089|0
1397811111|0
1397811134|0
1397811156|0
1397811179|0
1397811201|0
1397811224|0
1397811246|0
1397811268|0
1397811291|0
1397811313|0
1397811336|0
1397811358|0
1397811381|0
1397811403|0
1397811426|0
1397811448|0
1397811471|0
1397811493|0
1397811516|0
1397811538|0
1397811561|0
1397811583|0
1397811606|0
1397811628|0
1397811650|0
1397811673|0
1397811695|0
1397811718|0
1397811740|0
1397811763|0
1397811785|0
1397811808|0
1397811830|0
1397811853|0
1397811875|0
1397811898|0
1397811920|0
1397811943|0
1397811965|0
1397811988|0
1397812010|0
1397812032|0
1397812055|0
1397812077|0
1397812100|0
1397812122|0
1397812145|0
1397812167|0
1397812190|0
1397812212|0
1397812235|0
1397812257|0
1397812280|0
1397812302|0
1397812325|0
1397812347|0
1397812369|0
1397812392|0
1397812414|0
1397812437|0
1397812459|0
1397812482|0
1397812504|0
1397812527|0
1397812549|0
1397812572|0
1397812594|0
1397812617|0
1397812639|0
1397812662|0
1397812684|0
1397812706|0
1397812729|0
1397812751|0
1397812774|0
1397812796|0
1397812819|0
1397812841|0
1397812864|0
1397812886|0
1397812909|0
1397812931|0
1397812954|0
1397812976|0
1397812999|0
1397813021|0
1397813044|0
1397813066|0
1397813088|0
1397813111|0
1397813133|0
1397813156|0
1397813178|0
1397813201|0
1397813223|0
1397813246|0
1397813268|0
1397813291|0
1397813313|0
1397813336|0
1397813358|0
1397813381|0
1397813403|0
1397813425|0
1397813448|0
1397813470|0
1397813493|0
1397813515|0
1397813538|0
1397813560|0
1397813583|0
1397813605|0
1397813628|0
1397813650|0
1397813673|0
1397813695|0
1397813718|0
1397813740|0
1397813763|0
1397813785|0
1397813808|0
1397813830|0
1397813852|0
1397813875|0
1397813897|0
1397813920|0
1397813942|0
1397813965|0
1397813987|0
1397814010|0
1397814032|0
1397814055|0
1397814077|0
1397814100|0
1397814122|0
1397814145|0
1397814167|0
1397814189|0
1397814212|0
1397814234|0
1397814257|0
1397814279|0
1397814302|0
1397814324|0
1397814347|0
1397814369|0
1397814392|0
1397814414|0
1397814437|0
1397814459|0
1397814482|0
1397814504|0
1397814526|0
1397814549|0
1397814571|0
1397814594|0
1397814616|0
1397814639|0
1397814661|0
1397814684|0
1397814706|0
1397814729|0
1397814751|0
1397814774|0
1397814796|0
1397814819|0
1397814841|0
1397814864|0
1397814886|0
1397814909|0
1397814931|0
1397814953|0
1397814976|0
1397814998|0
1397815021|0
1397815043|0
1397815066|0
1397815088|0
1397815111|0
1397815133|0
1397815156|0
1397815178|0
1397815201|0
1397815223|0
1397815246|0
1397815268|0
1397815290|0
1397815313|0
1397815335|0
1397815358|0
1397815380|0
1397815403|0
1397815425|0
1397815448|0
1397815470|0
1397815493|0
1397815515|0
1397815538|0
1397815560|0
1397815583|0
1397815605|0
1397815627|0
1397815650|0
1397815672|0
1397815695|0
1397815717|0
1397815740|0
1397815762|0
1397815785|0
1397815807|0
1397815830|0
1397815852|0
1397815875|0
1397815897|0
1397815920|0
1397815942|0
1397815964|0
1397815987|0
1397816009|0
1397816032|0
1397816054|0
1397816077|0
1397816099|0
1397816122|0
1397816144|0
1397816167|0
1397816189|0
1397816212|0
1397816234|0
1397816257|0
1397816279|0
1397816302|0
1397816324|0
1397816346|0
1397816369|0
1397816391|0
1397816414|0
1397816436|0
1397816459|0
1397816481|0
1397816504|0
1397816526|0
1397816549|0
1397816571|0
1397816594|0
1397816616|0
1397816639|0
1397816661|0
1397816683|0
1397816706|0
1397816728|0
1397816751|0
1397816773|0
1397816796|0
1397816818|0
1397816841|0
1397816863|0
1397816886|0
1397816908|0
1397816931|0
1397816953|0
1397816976|0
1397816998|0
1397817020|0
1397817043|0
1397817065|0
1397817088|0
1397817110|0
1397817133|0
1397817155|0
1397817178|0
1397817200|0
1397817223|0
1397817245|0
1397817268|0
1397817290|0
1397817313|0
1397817335|0
1397817357|0
1397817380|0
1397817402|0
1397817425|0
1397817447|0
1397817470|0
1397817492|0
1397817515|0
1397817537|0
1397817560|0
1397817582|0
1397817605|0
1397817627|0
1397817650|0
1397817672|0
1397817695|0
1397817717|0
1397817740|0
1397817762|0
1397817784|0
1397817807|0
1397817829|0
1397817852|0
1397817874|0
1397817897|0
1397817919|0
1397817942|0
1397817964|0
1397817987|0
1397818009|0
1397818032|0
1397818054|0
1397818077|0
1397818099|0
1397818121|0
1397818144|0
1397818166|0
1397818189|0
1397818211|0
1397818234|0
1397818256|0
1397818279|0
1397818301|0
1397818324|0
1397818346|0
1397818369|0
1397818391|0
1397818414|0
1397818436|0
1397818458|0
1397818481|0
1397818503|0
1397818526|0
1397818548|0
1397818571|0
1397818593|0
1397818616|0
1397818638|0
1397818661|0
1397818683|0
1397818706|0
1397818728|0
1397818751|0
1397818773|0
1397818795|0
1397818818|0
1397818840|0
1397818863|0
1397818885|0
1397818908|0
1397818930|0
1397818953|0
1397818975|0
1397818998|0
1397819020|0
1397819043|0
1397819065|0
1397819088|0
1397819110|0
1397819132|0
1397819155|0
1397819177|0
1397819200|0
1397819222|0
1397819245|0
1397819267|0
1397819290|0
1397819312|0
1397819335|0
1397819357|0
1397819380|0
1397819402|0
1397819425|0
1397819447|0
1397819470|0
1397819492|0
1397819515|0
1397819537|0
1397819559|0
1397819582|0
1397819604|0
1397819627|0
1397819649|0
1397819672|0
1397819694|0
1397819717|0
1397819739|0
1397819762|0
1397819784|0
1397819807|0
1397819829|0
1397819852|0
1397819875|0
1397819897|0
1397819920|0
1397819942|0
1397819965|0
1397819987|0
1397820010|0
1397820032|0
1397820054|0
1397820077|0
1397820099|0
1397820122|0
1397820144|0
1397820167|0
1397820189|0
1397820212|0
1397820234|0
1397820257|0
1397820279|0
1397820302|0
1397820324|0
1397820347|0
1397820369|0
1397820392|0
1397820414|0
1397820436|0
1397820459|0
1397820481|0
1397820504|0
1397820526|0
1397820549|0
1397820571|0
1397820594|0
1397820616|0
1397820639|0
1397820661|0
1397820684|0
1397820706|0
1397820729|0
1397820751|0
1397820774|0
1397820796|0
1397820818|0
1397820841|0
1397820863|0
1397820886|0
1397820908|0
1397820931|0
1397820953|0
1397820976|0
1397820998|0
1397821021|0
1397821043|0
1397821066|0
1397821088|0
1397821111|0
1397821133|0
1397821155|0
1397821178|0
1397821200|0
1397821223|0
1397821245|0
1397821268|0
1397821290|0
1397821313|0
1397821335|0
1397821358|0
1397821380|0
1397821403|0
1397821425|0
1397821448|0
1397821470|0
1397821492|0
1397821515|0
1397821537|0
1397821560|0
1397821582|0
1397821605|0
1397821627|0
1397821650|0
1397821672|0
1397821695|0
1397821717|0
1397821740|0
1397821762|0
1397821785|0
1397821807|0
1397821829|0
1397821852|0
1397821874|0
1397821897|0
1397821919|0
1397821942|0
1397821964|0
1397821987|0
1397822009|0
1397822032|0
1397822054|0
1397822077|0
1397822099|0
1397822122|0
1397822144|0
1397822167|0
1397822189|0
1397822212|0
1397822234|0
1397822256|0
1397822279|0
1397822301|0
1397822324|0
1397822346|0
1397822369|0
1397822391|0
1397822414|0
1397822436|0
1397822459|0
1397822481|0
1397822504|0
1397822526|0
1397822549|0
1397822571|0
1397822593|0
1397822616|0
1397822638|0
1397822661|0
1397822683|0
1397822706|0
1397822728|0
1397822751|0
1397822773|0
1397822796|0
1397822818|0
1397822841|0
1397822863|0
1397822886|0
1397822908|0
1397822930|0
1397822953|0
1397822975|0
1397822998|0
1397823020|0
1397823043|0
1397823065|0
1397823088|0
1397823110|0
1397823133|0
1397823155|0
1397823178|0
1397823200|0
1397823223|0
1397823245|0
1397823267|0
1397823290|0
1397823312|0
1397823335|0
1397823357|0
1397823380|0
1397823402|0
1397823425|0
1397823447|0
1397823470|0
1397823492|0
1397823515|0
1397823537|0
1397823560|0
1397823582|0
1397823605|0
1397823627|0
1397823649|0
1397823672|0
1397823694|0
1397823717|0
1397823739|0
1397823762|0
1397823784|0
1397823807|0
1397823829|0
1397823852|0
1397823874|0
1397823897|0
1397823919|0
1397823942|0
1397823964|0
1397823986|0
1397824009|0
1397824031|0
1397824054|0
1397824076|0
1397824099|0
1397824121|0
1397824144|0
1397824166|0
1397824189|0
1397824211|0
1397824234|0
1397824256|0
1397824279|0
1397824301|0
1397824324|0
1397824346|0
1397824369|0
1397824391|0
1397824413|0
1397824436|0
1397824458|0
1397824481|0
1397824503|0
1397824526|0
1397824548|0
1397824571|0
1397824593|0
1397824616|0
1397824638|0
1397824661|0
1397824683|0
1397824706|0
1397824728|0
1397824750|0
1397824773|0
1397824795|0
1397824818|0
1397824840|0
1397824863|0
1397824885|0
1397824908|0
1397824930|0
1397824953|0
1397824975|0
1397824998|0
1397825020|0
1397825043|0
1397825065|0
1397825087|0
1397825110|0
1397825132|0
1397825155|0
1397825177|0
1397825200|0
1397825222|0
1397825245|0
1397825267|0
1397825290|0
1397825312|0
1397825335|0
1397825357|0
1397825380|0
1397825402|0
1397825425|0
1397825447|0
1397825469|0
1397825492|0
1397825514|0
1397825537|0
1397825559|0
1397825582|0
1397825604|0
1397825627|0
1397825649|0
1397825672|0
1397825694|0
1397825717|0
1397825739|0
1397825762|0
1397825784|0
1397825807|0
1397825829|0
1397825851|0
1397825874|0
1397825896|0
1397825919|0
1397825941|0
1397825964|0
1397825986|0
1397826009|0
1397826031|0
1397826054|0
1397826076|0
1397826099|0
1397826121|0
1397826144|0
1397826166|0
1397826188|0
1397826211|0
1397826233|0
1397826256|0
1397826278|0
1397826301|0
1397826323|0
1397826346|0
1397826368|0
1397826391|0
1397826413|0
1397826436|0
1397826458|0
1397826481|0
1397826503|0
1397826525|0
1397826548|0
1397826570|0
1397826593|0
1397826615|0
1397826638|0
1397826660|0
1397826683|0
1397826705|0
1397826728|0
1397826750|0
1397826773|0
1397826795|0
1397826818|0
1397826840|0
1397826863|0
1397826885|0
1397826907|0
1397826930|0
1397826952|0
1397826975|0
1397826997|0
1397827020|0
1397827042|0
1397827065|0
1397827087|0
1397827110|0
1397827132|0
1397827155|0
1397827177|0
1397827200|0
1397827222|0
1397827244|0
1397827267|0
1397827289|0
1397827312|0
1397827334|0
1397827357|0
1397827379|0
1397827402|0
1397827424|0
1397827447|0
1397827469|0
1397827492|0
1397827514|0
1397827537|0
1397827559|0
1397827582|0
1397827604|0
1397827627|0
1397827649|0
1397827671|0
1397827694|0
1397827716|0
1397827739|0
1397827761|0
1397827784|0
1397827806|0
1397827829|0
1397827851|0
1397827874|0
1397827896|0
1397827919|0
1397827941|0
1397827964|0
1397827986|0
1397828008|0
1397828031|0
1397828053|0
1397828076|0
1397828098|0
1397828121|0
1397828143|0
1397828166|0
1397828188|0
1397828211|0
1397828233|0
1397828256|0
1397828278|0
1397828301|0
1397828323|0
1397828345|0
1397828368|0
1397828390|0
1397828413|0
1397828435|0
1397828458|0
1397828480|0
1397828503|0
1397828525|0
1397828548|0
1397828570|0
1397828593|0
1397828615|0
1397828638|0
1397828660|0
1397828683|0
1397828705|0
1397828728|0
1397828750|0
1397828772|0
1397828795|0
1397828817|0
1397828840|0
1397828862|0
1397828885|0
1397828907|0
1397828930|0
1397828952|0
1397828975|0
1397828997|0
1397829020|0
1397829042|0
1397829065|0
1397829087|0
1397829109|0
1397829132|0
1397829154|0
1397829177|0
1397829199|0
1397829222|0
1397829244|0
1397829267|0
1397829289|0
1397829312|0
1397829334|0
1397829357|0
1397829379|0
1397829402|0
1397829424|0
1397829446|0
1397829469|0
1397829491|0
1397829514|0
1397829536|0
1397829559|0
1397829581|0
1397829604|0
1397829626|0
1397829649|0
1397829671|0
1397829694|0
1397829716|0
1397829739|0
1397829761|0
1397829783|0
1397829806|0
1397829828|0
1397829851|0
1397829873|0
1397829896|0
1397829918|0
1397829941|0
1397829963|0
1397829986|0
1397830008|0
1397830031|0
1397830053|0
1397830076|0
1397830098|0
1397830121|0
1397830143|0
1397830165|0
1397830188|0
1397830210|0
1397830233|0
1397830255|0
1397830278|0
1397830300|0
1397830323|0
1397830345|0
1397830368|0
1397830390|0
1397830413|0
1397830435|0
1397830458|0
1397830480|0
1397830502|0
1397830525|0
1397830547|0
1397830570|0
1397830592|0
1397830615|0
1397830637|0
1397830660|0
1397830682|0
1397830705|0
1397830727|0
1397830750|0
1397830772|0
1397830795|0
1397830817|0
1397830839|0
1397830862|0
1397830884|0
1397830907|0
1397830929|0
1397830952|0
1397830974|0
1397830997|0
1397831019|0
1397831042|0
1397831064|0
1397831087|0
1397831109|0
1397831132|0
1397831154|0
1397831177|0
1397831199|0
1397831222|0
1397831244|0
1397831266|0
1397831289|0
1397831311|0
1397831334|0
1397831356|0
1397831379|0
1397831401|0
1397831424|0
1397831446|0
1397831469|0
1397831491|0
1397831514|0
1397831536|0
1397831559|0
1397831581|0
1397831603|0
1397831626|0
1397831648|0
1397831671|0
1397831693|0
1397831716|0
1397831738|0
1397831761|0
1397831783|0
1397831806|0
1397831828|0
1397831851|0
1397831873|0
1397831896|0
1397831918|0
1397831940|0
1397831963|0
1397831985|0
1397832008|0
1397832030|0
1397832053|0
1397832075|0
1397832098|0
1397832120|0
1397832143|0
1397832165|0
1397832188|0
1397832210|0
1397832233|0
1397832255|0
1397832277|0
1397832300|0
1397832322|0
1397832345|0
1397832367|0
1397832390|0
1397832412|0
1397832435|0
1397832457|0
1397832480|0
1397832502|0
1397832525|0
1397832547|0
1397832570|0
1397832592|0
1397832615|0
1397832637|0
1397832660|0
1397832682|0
1397832704|0
1397832727|0
1397832749|0
1397832772|0
1397832794|0
1397832817|0
1397832839|0
1397832862|0
1397832884|0
1397832907|0
1397832929|0
1397832952|0
1397832974|0
1397832997|0
1397833019|0
1397833041|0
1397833064|0
1397833086|0
1397833109|0
1397833131|0
1397833154|0
1397833176|0
1397833199|0
1397833221|0
1397833244|0
1397833266|0
1397833289|0
1397833311|0
1397833334|0
1397833356|0
1397833378|0
1397833401|0
1397833423|0
1397833446|0
1397833468|0
1397833491|0
1397833513|0
1397833536|0
1397833558|0
1397833581|0
1397833603|0
1397833626|0
1397833648|0
1397833671|0
1397833693|0
1397833716|0
1397833738|0
1397833760|0
1397833783|0
1397833805|0
1397833828|0
1397833850|0
1397833873|0
1397833895|0
1397833918|0
1397833940|0
1397833963|0
1397833985|0
1397834008|0
1397834030|0
1397834053|0
1397834075|0
1397834097|0
1397834120|0
1397834142|0
1397834165|0
1397834187|0
1397834210|0
1397834232|0
1397834255|0
1397834277|0
1397834300|0
1397834322|0
1397834345|0
1397834367|0
1397834390|0
1397834412|0
1397834434|0
1397834457|0
1397834479|0
1397834502|0
1397834524|0
1397834547|0
1397834569|0
1397834592|0
1397834614|0
1397834637|0
1397834659|0
1397834682|0
1397834704|0
1397834727|0
1397834749|0
1397834771|0
1397834794|0
1397834816|0
1397834839|0
1397834861|0
1397834884|0
1397834906|0
1397834929|0
1397834951|0
1397834974|0
1397834996|0
1397835019|0
1397835041|0
1397835064|0
1397835086|0
1397835108|0
1397835131|0
1397835153|0
1397835176|0
1397835198|0
1397835221|0
1397835243|0
1397835266|0
1397835288|0
1397835311|0
1397835333|0
1397835356|0
1397835378|0
1397835401|0
1397835423|0
1397835446|0
1397835468|0
1397835491|0
1397835513|0
1397835535|0
1397835558|0
1397835580|0
1397835603|0
1397835625|0
1397835648|0
1397835670|0
1397835693|0
1397835715|0
1397835738|0
1397835760|0
1397835783|0
1397835805|0
1397835828|0
1397835850|0
1397835872|0
1397835895|0
1397835917|0
1397835940|0
1397835963|0
1397835985|0
1397836008|0
1397836030|0
1397836053|0
1397836075|0
1397836098|0
1397836120|0
1397836142|0
1397836165|0
1397836187|0
1397836210|0
1397836232|0
1397836255|0
1397836277|0
1397836300|0
1397836322|0
1397836345|0
1397836367|0
1397836390|0
1397836412|0
1397836435|0
1397836457|0
1397836480|0
1397836502|0
1397836524|0
1397836547|0
1397836569|0
1397836592|0
1397836614|0
1397836637|0
1397836659|0
1397836682|0
1397836704|0
1397836727|0
1397836749|0
1397836772|0
1397836794|0
1397836817|0
1397836839|0
1397836861|0
1397836884|0
1397836906|0
1397836929|0
1397836951|0
1397836974|0
1397836996|0
1397837019|0
1397837041|0
1397837064|0
1397837086|0
1397837109|0
1397837131|0
1397837154|0
1397837176|0
1397837198|0
1397837221|0
1397837243|0
1397837266|0
1397837288|0
1397837311|0
1397837333|0
1397837356|0
1397837378|0
1397837401|0
1397837423|0
1397837446|0
1397837468|0
1397837491|0
1397837513|0
1397837535|0
1397837558|0
1397837580|0
1397837603|0
1397837625|0
1397837648|0
1397837670|0
1397837693|0
1397837715|0
1397837738|0
1397837760|0
1397837783|0
1397837805|0
1397837828|0
1397837850|0
1397837873|0
1397837895|0
1397837918|0
1397837940|0
1397837962|0
1397837985|0
1397838007|0
1397838030|0
1397838052|0
1397838075|0
1397838097|0
1397838120|0
1397838142|0
1397838165|0
1397838187|0
1397838210|0
1397838232|0
1397838255|0
1397838277|0
1397838299|0
1397838322|0
1397838344|0
1397838367|0
1397838389|0
1397838412|0
1397838434|0
1397838457|0
1397838479|0
1397838502|0
1397838524|0
1397838547|0
1397838569|0
1397838592|0
1397838614|0
1397838636|0
1397838659|0
1397838681|0
1397838704|0
1397838726|0
1397838749|0
1397838771|0
1397838794|0
1397838816|0
1397838839|0
1397838861|0
1397838884|0
1397838906|0
1397838929|0
1397838951|0
1397838973|0
1397838996|0
1397839018|0
1397839041|0
1397839063|0
1397839086|0
1397839108|0
1397839131|0
1397839153|0
1397839176|0
1397839198|0
1397839221|0
1397839243|0
1397839266|0
1397839288|0
1397839311|0
1397839333|0
1397839355|0
1397839378|0
1397839400|0
1397839423|0
1397839445|0
1397839468|0
1397839490|0
1397839513|0
1397839535|0
1397839558|0
1397839580|0
1397839603|0
1397839625|0
1397839648|0
1397839670|0
1397839692|0
1397839715|0
1397839737|0
1397839760|0
1397839782|0
1397839805|0
1397839827|0
1397839850|0
1397839872|0
1397839895|0
1397839917|0
1397839940|0
1397839962|0
1397839985|0
1397840007|0
1397840030|0
1397840052|0
1397840075|0
1397840097|0
1397840119|0
1397840142|0
1397840164|0
1397840187|0
1397840209|0
1397840232|0
1397840254|0
1397840277|0
1397840299|0
1397840322|0
1397840344|0
1397840367|0
1397840389|0
1397840412|0
1397840434|0
1397840456|0
1397840479|0
1397840501|0
1397840524|0
1397840546|0
1397840569|0
1397840591|0
1397840614|0
1397840636|0
1397840659|0
1397840681|0
1397840704|0
1397840726|0
1397840749|0
1397840771|0
1397840793|0
1397840816|0
1397840838|0
1397840861|0
1397840883|0
1397840906|0
1397840928|0
1397840951|0
1397840973|0
1397840996|0
1397841018|0
1397841041|0
1397841063|0
1397841086|0
1397841108|0
1397841130|0
1397841153|0
1397841175|0
1397841198|0
1397841220|0
1397841243|0
1397841265|0
1397841288|0
1397841310|0
1397841333|0
1397841355|0
1397841378|0
1397841400|0
1397841423|0
1397841445|0
1397841468|0
1397841490|0
1397841513|0
1397841535|0
1397841557|0
1397841580|0
1397841602|0
1397841625|0
1397841647|0
1397841670|0
1397841692|0
1397841715|0
1397841737|0
1397841760|0
1397841782|0
1397841805|0
1397841827|0
1397841850|0
1397841872|0
1397841894|0
1397841917|0
1397841939|0
1397841962|0
1397841984|0
1397842007|0
1397842029|0
1397842052|0
1397842074|0
1397842097|0
1397842120|0
1397842142|0
1397842165|0
1397842187|0
1397842210|0
1397842232|0
1397842255|0
1397842277|0
1397842300|0
1397842322|0
1397842345|0
1397842367|0
1397842390|0
1397842412|0
1397842435|0
1397842457|0
1397842479|0
1397842502|0
1397842524|0
1397842547|0
1397842569|0
1397842592|0
1397842614|0
1397842637|0
1397842659|0
1397842682|0
1397842704|0
1397842727|0
1397842749|0
1397842772|0
1397842794|0
1397842816|0
1397842839|0
1397842861|0
1397842884|0
1397842906|0
1397842929|0
1397842951|0
1397842974|0
1397842996|0
1397843019|0
1397843041|0
1397843064|0
1397843086|0
1397843109|0
1397843131|0
1397843153|0
1397843176|0
1397843198|0
1397843221|0
1397843243|0
1397843266|0
1397843288|0
1397843311|0
1397843333|0
1397843356|0
1397843378|0
1397843401|0
1397843423|0
1397843446|0
1397843468|0
1397843490|0
1397843513|0
1397843535|0
1397843558|0
1397843580|0
1397843603|0
1397843625|0
1397843648|0
1397843670|0
1397843693|0
1397843715|0
1397843738|0
1397843760|0
1397843783|0
1397843805|0
1397843827|0
1397843850|0
1397843872|0
1397843895|0
1397843917|0
1397843940|0
1397843962|0
1397843985|0
1397844007|0
1397844030|0
