1400868718|0
1400868740|0
1400868763|0
1400868785|0
1400868808|0
1400868830|0
1400868853|0
1400868875|0
1400868897|0
1400868920|0
1400868942|0
1400868965|0
1400868987|0
1400869010|0
1400869032|0
1400869055|0
1400869077|0
1400869100|0
1400869122|0
1400869145|0
1400869167|0
1400869190|0
1400869212|0
1400869234|0
1400869257|0
1400869279|0
1400869302|0
1400869324|0
1400869347|0
1400869369|0
1400869392|0
1400869414|0
1400869437|0
1400869459|0
1400869482|0
1400869504|0
1400869527|0
1400869549|0
1400869572|0
1400869594|0
1400869616|0
1400869639|0
1400869661|0
1400869684|0
1400869706|0
1400869729|0
1400869751|0
1400869774|0
1400869796|0
1400869819|0
1400869841|0
1400869864|0
1400869886|0
1400869909|0
1400869931|0
1400869954|0
1400869976|0
1400869998|0
1400870021|0
1400870043|0
1400870066|0
1400870088|0
1400870111|0
1400870133|0
1400870156|0
1400870178|0
1400870201|0
1400870223|0
1400870246|0
1400870268|0
1400870291|0
1400870313|0
1400870335|0
1400870358|0
1400870380|0
1400870403|0
1400870425|0
1400870448|0
1400870470|0
1400870493|0
1400870515|0
1400870538|0
1400870560|0
1400870583|0
1400870605|0
1400870628|0
1400870650|0
1400870672|0
1400870695|0
1400870717|0
1400870740|0
1400870762|0
1400870785|0
1400870807|0
1400870830|0
1400870852|0
1400870875|0
1400870897|0
1400870920|0
1400870942|0
1400870965|0
1400870987|0
1400871009|0
1400871032|0
1400871054|0
1400871077|0
1400871099|0
1400871122|0
1400871144|0
1400871167|0
1400871189|0
1400871212|0
1400871234|0
1400871257|0
1400871279|0
1400871302|0
1400871324|0
1400871347|0
1400871369|0
1400871391|0
1400871414|0
1400871436|0
1400871459|0
1400871481|0
1400871504|0
1400871526|0
1400871549|0
1400871571|0
1400871594|0
1400871616|0
1400871639|0
1400871661|0
1400871684|0
1400871706|0
1400871728|0
1400871751|0
1400871773|0
1400871796|0
1400871818|0
1400871841|0
1400871863|0
1400871886|0
1400871908|0
1400871931|0
1400871953|0
1400871976|0
1400871998|0
1400872021|0
1400872043|0
1400872065|0
1400872088|0
1400872111|0
1400872134|0
1400872156|0
1400872179|0
1400872201|0
1400872224|0
1400872246|0
1400872269|0
1400872291|0
1400872313|0
1400872336|0
1400872358|0
1400872381|0
1400872403|0
1400872426|0
1400872448|0
1400872471|0
1400872493|0
1400872516|0
1400872538|0
1400872561|0
1400872583|0
1400872606|0
1400872628|0
1400872651|0
1400872673|0
1400872695|0
1400872718|0
1400872740|0
1400872763|0
1400872785|0
1400872808|0
1400872830|0
1400872853|0
1400872875|0
1400872898|0
1400872920|0
1400872943|0
1400872965|0
1400872988|0
1400873010|0
1400873032|0
1400873055|0
1400873077|0
1400873100|0
1400873122|0
1400873145|0
1400873167|0
1400873190|0
1400873212|0
1400873235|0
1400873257|0
1400873280|0
1400873302|0
1400873325|0
1400873347|0
1400873369|0
1400873392|0
1400873414|0
1400873437|0
1400873459|0
1400873482|0
1400873504|0
1400873527|0
1400873549|0
1400873572|0
1400873594|0
1400873617|0
1400873639|0
1400873662|0
1400873684|0
1400873706|0
1400873729|0
1400873751|0
1400873774|0
1400873796|0
1400873819|0
1400873841|0
1400873864|0
1400873886|0
1400873909|0
1400873931|0
1400873954|0
1400873976|0
1400873999|0
1400874021|0
1400874044|0
1400874066|0
1400874089|0
1400874111|0
1400874133|0
1400874156|0
1400874178|0
1400874201|0
1400874223|0
1400874246|0
1400874268|0
1400874291|0
1400874313|0
1400874336|0
1400874358|0
1400874381|0
1400874403|0
1400874426|0
1400874448|0
1400874470|0
1400874493|0
1400874515|0
1400874538|0
1400874560|0
1400874583|0
1400874605|0
1400874628|0
1400874650|0
1400874673|0
1400874695|0
1400874718|0
1400874740|0
1400874763|0
1400874785|0
1400874807|0
1400874830|0
1400874852|0
1400874875|0
1400874897|0
1400874920|0
1400874942|0
1400874965|0
1400874987|0
1400875010|0
1400875032|0
1400875055|0
1400875077|0
1400875100|0
1400875122|0
1400875145|0
1400875167|0
1400875189|0
1400875212|0
1400875234|0
1400875257|0
1400875279|0
1400875302|0
1400875324|0
1400875347|0
1400875369|0
1400875392|0
1400875414|0
1400875437|0
1400875459|0
1400875482|0
1400875504|0
1400875526|0
1400875549|0
1400875571|0
1400875594|0
1400875616|0
1400875639|0
1400875661|0
1400875684|0
1400875706|0
1400875729|0
1400875751|0
1400875774|0
1400875796|0
1400875819|0
1400875841|0
1400875863|0
1400875886|0
1400875908|0
1400875931|0
1400875953|0
1400875976|0
1400875998|0
1400876021|0
1400876043|0
1400876066|0
1400876088|0
1400876111|0
1400876133|0
1400876156|0
1400876178|0
1400876200|0
1400876223|0
1400876245|0
1400876268|0
1400876290|0
1400876313|0
1400876336|0
1400876358|0
1400876381|0
1400876404|0
1400876426|0
1400876449|0
1400876471|0
1400876494|0
1400876516|0
1400876539|0
1400876561|0
1400876584|0
1400876606|0
1400876629|0
1400876651|0
1400876674|0
1400876696|0
1400876718|0
1400876741|0
1400876763|0
1400876786|0
1400876808|0
1400876831|0
1400876853|0
1400876876|0
1400876898|0
1400876921|0
1400876943|0
1400876966|0
1400876988|0
1400877011|0
1400877033|0
1400877055|0
1400877078|0
1400877100|0
1400877123|0
1400877145|0
1400877168|0
1400877190|0
1400877213|0
1400877235|0
1400877258|0
1400877280|0
1400877303|0
1400877325|0
1400877348|0
1400877370|0
1400877393|0
1400877415|0
1400877437|0
1400877460|0
1400877482|0
1400877505|0
1400877527|0
1400877550|0
1400877572|0
1400877595|0
1400877617|0
1400877640|0
1400877662|0
1400877685|0
1400877707|0
1400877730|0
1400877752|0
1400877775|0
1400877797|0
1400877819|0
1400877842|0
1400877864|0
1400877888|0
1400877910|0
1400877933|0
1400877955|0
1400877978|0
1400878000|0
1400878022|0
1400878045|0
1400878067|0
1400878090|0
1400878112|0
1400878135|0
1400878157|0
1400878180|0
1400878202|0
1400878225|0
1400878247|0
1400878270|0
1400878292|0
1400878315|0
1400878337|0
1400878359|0
1400878382|0
1400878404|0
1400878427|0
1400878449|0
1400878472|0
1400878494|0
1400878517|0
1400878539|0
1400878562|0
1400878584|0
1400878607|0
1400878629|0
1400878652|0
1400878674|0
1400878696|0
1400878719|0
1400878741|0
1400878764|0
1400878786|0
1400878809|0
1400878831|0
1400878854|0
1400878876|0
1400878899|0
1400878921|0
1400878944|0
1400878966|0
1400878989|0
1400879011|0
1400879033|0
1400879056|0
1400879078|0
1400879101|0
1400879123|0
1400879146|0
1400879168|0
1400879191|0
1400879213|0
1400879236|0
1400879258|0
1400879281|0
1400879303|0
1400879326|0
1400879348|0
1400879371|0
1400879393|0
1400879415|0
1400879438|0
1400879460|0
1400879483|0
1400879505|0
1400879528|0
1400879550|0
1400879573|0
1400879595|0
1400879618|0
1400879640|0
1400879663|0
1400879685|0
1400879708|0
1400879730|0
1400879753|0
1400879775|0
1400879798|0
1400879820|0
1400879842|0
1400879865|0
1400879887|0
1400879910|0
1400879932|0
1400879955|0
1400879977|0
1400880000|0
1400880022|0
1400880045|0
1400880067|0
1400880090|0
1400880112|0
1400880135|0
1400880157|0
1400880180|0
1400880202|0
1400880225|0
1400880247|0
1400880269|0
1400880292|0
1400880314|0
1400880337|0
1400880359|0
1400880382|0
1400880404|0
1400880427|0
1400880449|0
1400880472|0
1400880494|0
1400880517|0
1400880539|0
1400880562|0
1400880584|0
1400880606|0
1400880629|0
1400880651|0
1400880674|0
1400880696|0
1400880719|0
1400880741|0
1400880764|0
1400880786|0
1400880809|0
1400880831|0
1400880854|0
1400880876|0
1400880899|0
1400880921|0
1400880944|0
1400880966|0
1400880988|0
1400881011|0
1400881033|0
1400881056|0
1400881078|0
1400881101|0
1400881123|0
1400881146|0
1400881168|0
1400881191|0
1400881213|0
1400881236|0
1400881258|0
1400881281|0
1400881303|0
1400881325|0
1400881348|0
1400881370|0
1400881393|0
1400881415|0
1400881438|0
1400881460|0
1400881483|0
1400881505|0
1400881528|0
1400881550|0
1400881573|0
1400881595|0
1400881618|0
1400881640|0
1400881662|0
1400881685|0
1400881707|0
1400881730|0
1400881752|0
1400881775|0
1400881797|0
1400881820|0
1400881842|0
1400881865|0
1400881887|0
1400881910|0
1400881932|0
1400881955|0
1400881977|0
1400881999|0
1400882022|0
1400882044|0
1400882067|0
1400882089|0
1400882112|0
1400882134|0
1400882157|0
1400882179|0
1400882202|0
1400882224|0
1400882247|0
1400882269|0
1400882292|0
1400882314|0
1400882337|0
1400882359|0
1400882382|0
1400882404|0
1400882426|0
1400882449|0
1400882471|0
1400882494|0
1400882516|0
1400882539|0
1400882561|0
1400882584|0
1400882606|0
1400882629|0
1400882651|0
1400882674|0
1400882696|0
1400882719|0
1400882741|0
1400882763|0
1400882786|0
1400882808|0
1400882831|0
1400882853|0
1400882876|0
1400882898|0
1400882921|0
1400882943|0
1400882966|0
1400882988|0
1400883011|0
1400883033|0
1400883056|0
1400883078|0
1400883100|0
1400883123|0
1400883145|0
1400883168|0
1400883190|0
1400883213|0
1400883235|0
1400883258|0
1400883280|0
1400883303|0
1400883325|0
1400883348|0
1400883370|0
1400883393|0
1400883415|0
1400883437|0
1400883460|0
1400883483|0
1400883505|0
1400883528|0
1400883550|0
1400883573|0
1400883595|0
1400883618|0
1400883640|0
1400883663|0
1400883685|0
1400883708|0
1400883730|0
1400883752|0
1400883775|0
1400883797|0
1400883820|0
1400883842|0
1400883865|0
1400883887|0
1400883910|0
1400883932|0
1400883955|0
1400883977|0
1400884000|0
1400884022|0
1400884045|0
1400884067|0
1400884089|0
1400884112|0
1400884134|0
1400884157|0
1400884179|0
1400884202|0
1400884224|0
1400884247|0
1400884269|0
1400884292|0
1400884314|0
1400884337|0
1400884359|0
1400884382|0
1400884404|0
1400884426|0
1400884449|0
1400884471|0
1400884494|0
1400884516|0
1400884539|0
1400884561|0
1400884584|0
1400884606|0
1400884629|0
1400884651|0
1400884674|0
1400884696|0
1400884719|0
1400884741|0
1400884764|0
1400884786|0
1400884808|0
1400884831|0
1400884853|0
1400884876|0
1400884898|0
1400884921|0
1400884943|0
1400884966|0
1400884988|0
1400885011|0
1400885033|0
1400885056|0
1400885078|0
1400885101|0
1400885123|0
1400885146|0
1400885168|0
1400885190|0
1400885213|0
1400885235|0
1400885258|0
1400885280|0
1400885303|0
1400885325|0
1400885348|0
1400885370|0
1400885393|0
1400885415|0
1400885438|0
1400885460|0
1400885483|0
1400885505|0
1400885527|0
1400885550|0
1400885572|0
1400885595|0
1400885617|0
1400885640|0
1400885662|0
1400885685|0
1400885707|0
1400885730|0
1400885752|0
1400885775|0
1400885797|0
1400885820|0
1400885842|0
1400885864|0
1400885887|0
1400885909|0
1400885932|0
1400885954|0
1400885977|0
1400885999|0
1400886022|0
1400886044|0
1400886067|0
1400886089|0
1400886112|0
1400886134|0
1400886157|0
1400886179|0
1400886201|0
1400886224|0
1400886246|0
1400886269|0
1400886291|0
1400886314|0
1400886336|0
1400886359|0
1400886381|0
1400886404|0
1400886426|0
1400886449|0
1400886472|0
1400886494|0
1400886517|0
1400886539|0
1400886562|0
1400886584|0
1400886607|0
1400886629|0
1400886652|0
1400886674|0
1400886697|0
1400886719|0
1400886742|0
1400886764|0
1400886786|0
1400886809|0
1400886831|0
1400886854|0
1400886876|0
1400886899|0
1400886921|0
1400886944|0
1400886966|0
1400886989|0
1400887011|0
1400887034|0
1400887056|0
1400887079|0
1400887101|0
1400887123|0
1400887146|0
1400887168|0
1400887191|0
1400887213|0
1400887236|0
1400887258|0
1400887281|0
1400887303|0
1400887326|0
1400887348|0
1400887371|0
1400887393|0
1400887416|0
1400887438|0
1400887460|0
1400887483|0
1400887505|0
1400887528|0
1400887550|0
1400887573|0
1400887595|0
1400887618|0
1400887640|0
1400887663|0
1400887685|0
1400887708|0
1400887730|0
1400887753|0
1400887775|0
1400887798|0
1400887820|0
1400887843|0
1400887865|0
1400887887|0
1400887910|0
1400887932|0
1400887955|0
1400887977|0
1400888000|0
1400888022|0
1400888045|0
1400888067|0
1400888090|0
1400888112|0
1400888135|0
1400888157|0
1400888180|0
1400888202|0
1400888224|0
1400888247|0
1400888269|0
1400888292|0
1400888314|0
1400888337|0
1400888359|0
1400888382|0
1400888404|0
1400888427|0
1400888449|0
1400888472|0
1400888494|0
1400888517|0
1400888539|0
1400888561|0
1400888584|0
1400888606|0
1400888629|0
1400888651|0
1400888674|0
1400888696|0
1400888719|0
1400888741|0
1400888764|0
1400888786|0
1400888809|0
1400888831|0
1400888854|0
1400888876|0
1400888898|0
1400888921|0
1400888943|0
1400888966|0
1400888988|0
1400889011|0
1400889033|0
1400889056|0
1400889078|0
1400889101|0
1400889123|0
1400889146|0
1400889168|0
1400889191|0
1400889213|0
1400889235|0
1400889258|0
1400889280|0
1400889303|0
1400889325|0
1400889348|0
1400889370|0
1400889393|0
1400889415|0
1400889438|0
1400889460|0
1400889483|0
1400889505|0
1400889528|0
1400889550|0
1400889572|0
1400889595|0
1400889617|0
1400889640|0
1400889662|0
1400889685|0
1400889707|0
1400889730|0
1400889752|0
1400889775|0
1400889797|0
1400889820|0
1400889842|0
1400889865|0
1400889887|0
1400889910|0
1400889932|0
1400889954|0
1400889977|0
1400889999|0
1400890022|0
1400890044|0
1400890067|0
1400890089|0
1400890112|0
1400890134|0
1400890157|0
1400890179|0
1400890202|0
1400890224|0
1400890247|0
1400890269|0
1400890291|0
1400890314|0
1400890336|0
1400890359|0
1400890381|0
1400890404|0
1400890426|0
1400890449|0
1400890471|0
1400890494|0
1400890516|0
1400890539|0
1400890561|0
1400890584|0
1400890606|0
1400890629|0
1400890651|0
1400890674|0
1400890696|0
1400890718|0
1400890741|0
1400890763|0
1400890786|0
1400890808|0
1400890831|0
1400890853|0
1400890876|0
1400890898|0
1400890921|0
1400890943|0
1400890966|0
1400890988|0
1400891011|0
1400891033|0
1400891055|0
1400891078|0
1400891100|0
1400891123|0
1400891145|0
1400891168|0
1400891190|0
1400891213|0
1400891235|0
1400891258|0
1400891280|0
1400891303|0
1400891325|0
1400891348|0
1400891370|0
1400891392|0
1400891415|0
1400891437|0
1400891460|0
1400891482|0
1400891505|0
1400891527|0
1400891550|0
1400891572|0
1400891595|0
1400891617|0
1400891640|0
1400891662|0
1400891685|0
1400891707|0
1400891729|0
1400891752|0
1400891774|0
1400891797|0
1400891819|0
1400891842|0
1400891864|0
1400891887|0
1400891909|0
1400891932|0
1400891954|0
1400891977|0
1400891999|0
1400892022|0
1400892044|0
1400892067|0
1400892089|0
1400892112|0
1400892134|0
1400892156|0
1400892179|0
1400892201|0
1400892224|0
1400892246|0
1400892269|0
1400892291|0
1400892314|0
1400892336|0
1400892359|0
1400892381|0
1400892404|0
1400892426|0
1400892449|0
1400892471|0
1400892493|0
1400892516|0
1400892538|0
1400892561|0
1400892583|0
1400892606|0
1400892628|0
1400892651|0
1400892673|0
1400892696|0
1400892718|0
1400892741|0
1400892763|0
1400892786|0
1400892808|0
1400892830|0
1400892853|0
1400892875|0
1400892898|0
1400892920|0
1400892943|0
1400892965|0
1400892988|0
1400893010|0
1400893033|0
1400893055|0
1400893078|0
1400893100|0
1400893123|0
1400893145|0
1400893167|0
1400893190|0
1400893212|0
1400893235|0
1400893257|0
1400893280|0
1400893302|0
1400893325|0
1400893347|0
1400893370|0
1400893392|0
1400893415|0
1400893437|0
1400893460|0
1400893482|0
1400893505|0
1400893527|0
1400893549|0
1400893572|0
1400893594|0
1400893617|0
1400893639|0
1400893662|0
1400893684|0
1400893707|0
1400893729|0
1400893752|0
1400893774|0
1400893797|0
1400893819|0
1400893842|0
1400893864|0
1400893886|0
1400893909|0
1400893931|0
1400893954|0
1400893976|0
1400893999|0
1400894021|0
1400894044|0
1400894066|0
1400894089|0
1400894111|0
1400894134|0
1400894156|0
1400894179|0
1400894201|0
1400894223|0
1400894246|0
1400894268|0
1400894291|0
1400894313|0
1400894336|0
1400894358|0
1400894381|0
1400894403|0
1400894426|0
1400894448|0
1400894471|0
1400894493|0
1400894516|0
1400894538|0
1400894560|0
1400894583|0
1400894605|0
1400894628|0
1400894650|0
1400894673|0
1400894695|0
1400894718|0
1400894740|0
1400894763|0
1400894785|0
1400894808|0
1400894830|0
1400894853|0
1400894875|0
1400894897|0
1400894920|0
1400894942|0
1400894965|0
1400894987|0
1400895010|0
1400895032|0
1400895055|0
1400895077|0
1400895100|0
1400895122|0
1400895145|0
1400895167|0
1400895190|0
1400895212|0
1400895235|0
1400895257|0
1400895280|0
1400895302|0
1400895324|0
1400895347|0
1400895369|0
1400895392|0
1400895414|0
1400895437|0
1400895459|0
1400895482|0
1400895504|0
1400895527|0
1400895549|0
1400895572|0
1400895594|0
1400895617|0
1400895639|0
1400895661|0
1400895684|0
1400895706|0
1400895729|0
1400895751|0
1400895774|0
1400895796|0
1400895819|0
1400895841|0
1400895864|0
1400895886|0
1400895909|0
1400895931|0
1400895954|0
1400895976|0
1400895998|0
1400896021|0
1400896043|0
1400896066|0
1400896088|0
1400896111|0
1400896133|0
1400896156|0
1400896178|0
1400896201|0
1400896223|0
1400896246|0
1400896268|0
1400896291|0
1400896313|0
1400896336|0
1400896358|0
1400896380|0
1400896403|0
1400896425|0
1400896448|0
1400896470|0
1400896493|0
1400896515|0
1400896538|0
1400896560|0
1400896583|0
1400896605|0
1400896628|0
1400896650|0
1400896673|0
1400896695|0
1400896718|0
1400896740|0
1400896762|0
1400896785|0
1400896807|0
1400896830|0
1400896852|0
1400896875|0
1400896897|0
1400896920|0
1400896942|0
1400896965|0
1400896987|0
1400897010|0
1400897032|0
1400897055|0
1400897077|0
1400897099|0
1400897122|0
1400897144|0
1400897167|0
1400897189|0
1400897212|0
1400897234|0
1400897257|0
1400897279|0
1400897302|0
1400897324|0
1400897347|0
1400897369|0
1400897392|0
1400897414|0
1400897436|0
1400897459|0
1400897481|0
1400897504|0
1400897526|0
1400897549|0
1400897571|0
1400897594|0
1400897616|0
1400897639|0
1400897661|0
1400897684|0
1400897706|0
1400897729|0
1400897751|0
1400897773|0
1400897796|0
1400897818|0
1400897841|0
1400897863|0
1400897886|0
1400897908|0
1400897931|0
1400897953|0
1400897976|0
1400897998|0
1400898021|0
1400898043|0
1400898066|0
1400898088|0
1400898111|0
1400898133|0
1400898155|0
1400898178|0
1400898200|0
1400898223|0
1400898245|0
1400898268|0
1400898290|0
1400898313|0
1400898335|0
1400898358|0
1400898380|0
1400898403|0
1400898425|0
1400898448|0
1400898470|0
1400898492|0
1400898515|0
1400898537|0
1400898560|0
1400898582|0
1400898605|0
1400898627|0
1400898650|0
1400898672|0
1400898695|0
1400898717|0
1400898740|0
1400898762|0
1400898785|0
1400898807|0
1400898829|0
1400898852|0
1400898874|0
1400898897|0
1400898919|0
1400898942|0
1400898964|0
1400898987|0
1400899009|0
1400899032|0
1400899054|0
1400899077|0
1400899099|0
1400899122|0
1400899144|0
1400899167|0
1400899189|0
1400899211|0
1400899234|0
1400899256|0
1400899279|0
1400899301|0
1400899324|0
1400899346|0
1400899369|0
1400899391|0
1400899414|0
1400899436|0
1400899459|0
1400899481|0
1400899504|0
1400899526|0
1400899549|0
1400899571|0
1400899593|0
1400899616|0
1400899638|0
1400899661|0
1400899683|0
1400899706|0
1400899728|0
1400899751|0
1400899773|0
1400899796|0
1400899818|0
1400899841|0
1400899863|0
1400899886|0
1400899908|0
1400899930|0
1400899953|0
1400899975|0
1400899998|0
1400900020|0
1400900043|0
1400900065|0
1400900088|0
1400900110|0
1400900133|0
1400900155|0
1400900178|0
1400900200|0
1400900223|0
1400900245|0
1400900267|0
1400900290|0
1400900312|0
1400900335|0
1400900357|0
1400900380|0
1400900402|0
1400900425|0
1400900447|0
1400900470|0
1400900492|0
1400900515|0
1400900537|0
1400900560|0
1400900582|0
1400900604|0
1400900627|0
1400900649|0
1400900672|0
1400900694|0
1400900717|0
1400900739|0
1400900762|0
1400900784|0
1400900807|0
1400900829|0
1400900852|0
1400900874|0
1400900897|0
1400900919|0
1400900941|0
1400900964|0
1400900986|0
1400901009|0
1400901031|0
1400901054|0
1400901076|0
1400901099|0
1400901121|0
1400901144|0
1400901166|0
1400901189|0
1400901211|0
1400901234|0
1400901256|0
1400901279|0
1400901301|0
1400901324|0
1400901346|0
1400901368|0
1400901391|0
1400901413|0
1400901436|0
1400901458|0
1400901481|0
1400901503|0
1400901526|0
1400901548|0
1400901571|0
1400901593|0
1400901616|0
1400901638|0
1400901661|0
1400901683|0
1400901705|0
1400901728|0
1400901750|0
1400901773|0
1400901795|0
1400901818|0
1400901840|0
1400901863|0
1400901885|0
1400901908|0
1400901930|0
1400901953|0
1400901975|0
1400901998|0
1400902020|0
1400902042|0
1400902065|0
1400902087|0
1400902110|0
1400902132|0
1400902155|0
1400902177|0
1400902200|0
1400902222|0
1400902245|0
1400902267|0
1400902290|0
1400902312|0
1400902335|0
1400902357|0
1400902379|0
1400902402|0
1400902424|0
1400902447|0
1400902469|0
1400902492|0
1400902514|0
1400902537|0
1400902559|0
1400902582|0
1400902604|0
1400902627|0
1400902649|0
1400902672|0
1400902694|0
1400902716|0
1400902739|0
1400902761|0
1400902784|0
1400902806|0
1400902829|0
1400902851|0
1400902874|0
1400902896|0
1400902919|0
1400902941|0
1400902964|0
1400902986|0
1400903009|0
1400903031|0
1400903054|0
1400903076|0
1400903098|0
1400903121|0
1400903143|0
1400903166|0
1400903188|0
1400903211|0
1400903233|0
1400903256|0
1400903278|0
1400903301|0
1400903323|0
1400903346|0
1400903368|0
1400903391|0
1400903413|0
1400903435|0
1400903458|0
1400903480|0
1400903503|0
1400903525|0
1400903548|0
1400903570|0
1400903593|0
1400903615|0
1400903638|0
1400903660|0
1400903683|0
1400903705|0
1400903728|0
1400903750|0
1400903772|0
1400903795|0
1400903817|0
1400903840|0
1400903862|0
1400903885|0
1400903907|0
1400903930|0
1400903952|0
1400903975|0
1400903997|0
1400904020|0
1400904042|0
1400904065|0
1400904087|0
1400904109|0
1400904132|0
1400904154|0
1400904177|0
1400904199|0
1400904222|0
1400904244|0
1400904267|0
1400904289|0
1400904312|0
1400904335|0
1400904357|0
1400904380|0
1400904402|0
1400904425|0
1400904447|0
1400904470|0
1400904492|0
1400904515|0
1400904537|0
1400904560|0
1400904582|0
1400904605|0
1400904627|0
1400904650|0
1400904672|0
1400904694|0
1400904717|0
1400904739|0
1400904762|0
1400904784|0
1400904807|0
1400904829|0
1400904852|0
1400904874|0
1400904897|0
1400904919|0
1400904942|0
1400904964|0
1400904987|0
1400905009|0
1400905032|0
1400905054|0
1400905076|0
1400905099|0
1400905121|0
1400905144|0
1400905166|0
1400905189|0
1400905211|0
1400905234|0
1400905256|0
1400905279|0
1400905301|0
1400905324|0
1400905346|0
1400905369|0
1400905391|0
1400905413|0
1400905436|0
1400905458|0
1400905481|0
1400905503|0
1400905526|0
1400905548|0
1400905571|0
1400905593|0
1400905616|0
1400905638|0
1400905661|0
1400905683|0
1400905706|0
1400905728|0
1400905750|0
1400905773|0
1400905795|0
1400905818|0
1400905840|0
1400905863|0
1400905885|0
1400905908|0
1400905930|0
1400905953|0
1400905975|0
1400905998|0
1400906020|0
1400906043|0
1400906065|0
1400906088|0
1400906110|0
1400906132|0
1400906155|0
1400906177|0
1400906200|0
1400906222|0
1400906245|0
1400906267|0
1400906290|0
1400906312|0
1400906335|0
1400906357|0
1400906380|0
1400906402|0
1400906425|0
1400906447|0
1400906469|0
1400906492|0
1400906514|0
1400906537|0
1400906559|0
1400906582|0
1400906604|0
1400906627|0
1400906649|0
1400906672|0
1400906694|0
1400906717|0
1400906739|0
1400906762|0
1400906784|0
1400906806|0
1400906829|0
1400906851|0
1400906874|0
1400906896|0
1400906919|0
1400906941|0
1400906964|0
1400906986|0
1400907009|0
1400907031|0
1400907054|0
1400907076|0
1400907099|0
1400907121|0
1400907143|0
1400907166|0
1400907188|0
1400907211|0
1400907233|0
1400907256|0
1400907278|0
1400907301|0
1400907323|0
1400907346|0
1400907368|0
1400907391|0
1400907413|0
1400907436|0
1400907458|0
1400907480|0
1400907503|0
1400907525|0
1400907548|0
1400907570|0
1400907593|0
1400907615|0
1400907638|0
1400907660|0
1400907683|0
1400907705|0
1400907728|0
1400907750|0
1400907773|0
1400907795|0
1400907818|0
1400907840|0
1400907863|0
1400907885|0
1400907907|0
1400907931|0
1400907953|0
1400907976|0
1400907998|0
1400908021|0
1400908043|0
1400908066|0
1400908088|0
1400908110|0
1400908133|0
1400908155|0
1400908178|0
1400908200|0
1400908223|0
1400908245|0
1400908268|0
1400908290|0
1400908313|0
1400908335|0
1400908358|0
1400908380|0
1400908403|0
1400908425|0
1400908447|0
1400908470|0
1400908492|0
1400908515|0
1400908537|0
1400908560|0
1400908582|0
1400908605|0
1400908627|0
1400908650|0
1400908672|0
1400908695|0
1400908717|0
1400908740|0
1400908762|0
1400908784|0
1400908807|0
1400908829|0
1400908852|0
1400908874|0
1400908897|0
1400908919|0
1400908942|0
1400908964|0
1400908987|0
1400909009|0
1400909032|0
1400909054|0
1400909077|0
1400909099|0
1400909122|0
1400909144|0
1400909166|0
1400909189|0
1400909211|0
1400909234|0
1400909256|0
1400909279|0
1400909301|0
1400909324|0
1400909346|0
1400909369|0
1400909391|0
1400909414|0
1400909436|0
1400909459|0
1400909481|0
1400909503|0
1400909526|0
1400909548|0
1400909571|0
1400909593|0
1400909616|0
1400909638|0
1400909661|0
1400909683|0
1400909706|0
1400909728|0
1400909751|0
1400909773|0
1400909796|0
1400909818|0
1400909841|0
1400909863|0
1400909886|0
1400909908|0
1400909930|0
1400909953|0
1400909975|0
1400909998|0
1400910020|0
1400910043|0
1400910065|0
1400910088|0
1400910110|0
1400910133|0
1400910155|0
1400910178|0
1400910200|0
1400910223|0
1400910245|0
1400910267|0
1400910290|0
1400910312|0
1400910335|0
1400910357|0
1400910380|0
1400910402|0
1400910425|0
1400910447|0
1400910470|0
1400910492|0
1400910515|0
1400910537|0
1400910560|0
1400910582|0
1400910604|0
1400910627|0
1400910649|0
1400910672|0
1400910694|0
1400910717|0
1400910739|0
1400910762|0
1400910784|0
1400910807|0
1400910829|0
1400910852|0
1400910874|0
1400910897|0
1400910919|0
1400910942|0
1400910964|0
1400910987|0
1400911009|0
1400911031|0
1400911054|0
1400911076|0
1400911099|0
1400911121|0
1400911144|0
1400911166|0
1400911189|0
1400911211|0
1400911234|0
1400911256|0
1400911279|0
1400911301|0
1400911324|0
1400911346|0
1400911368|0
1400911391|0
1400911413|0
1400911436|0
1400911458|0
1400911481|0
1400911503|0
1400911526|0
1400911548|0
1400911571|0
1400911593|0
1400911616|0
1400911638|0
1400911661|0
1400911683|0
1400911705|0
1400911728|0
1400911750|0
1400911773|0
1400911795|0
1400911818|0
1400911840|0
1400911863|0
1400911885|0
1400911908|0
1400911930|0
1400911953|0
1400911975|0
1400911998|0
1400912020|0
1400912042|0
1400912065|0
1400912087|0
1400912110|0
1400912132|0
1400912155|0
1400912177|0
1400912200|0
1400912222|0
1400912245|0
1400912267|0
1400912290|0
1400912312|0
1400912335|0
1400912357|0
1400912380|0
1400912402|0
1400912424|0
1400912447|0
1400912469|0
1400912492|0
1400912514|0
1400912537|0
1400912559|0
1400912582|0
1400912604|0
1400912627|0
1400912649|0
1400912672|0
1400912694|0
1400912717|0
1400912739|0
1400912761|0
1400912784|0
1400912806|0
1400912829|0
1400912851|0
1400912874|0
1400912896|0
1400912919|0
1400912941|0
1400912964|0
1400912986|0
1400913009|0
1400913031|0
1400913054|0
1400913076|0
1400913098|0
1400913121|0
1400913143|0
1400913166|0
1400913188|0
1400913211|0
1400913233|0
1400913256|0
1400913278|0
1400913301|0
1400913323|0
1400913346|0
1400913368|0
1400913391|0
1400913413|0
1400913436|0
1400913458|0
1400913481|0
1400913503|0
1400913525|0
1400913548|0
1400913570|0
1400913593|0
1400913615|0
1400913638|0
1400913660|0
1400913683|0
1400913705|0
1400913728|0
1400913750|0
1400913773|0
1400913795|0
1400913818|0
1400913840|0
1400913862|0
1400913885|0
1400913907|0
1400913930|0
1400913952|0
1400913975|0
1400913997|0
1400914020|0
1400914042|0
1400914065|0
1400914087|0
1400914110|0
1400914132|0
1400914155|0
1400914177|0
1400914200|0
1400914222|0
1400914245|0
1400914267|0
1400914290|0
1400914312|0
1400914335|0
1400914357|0
1400914380|0
1400914402|0
1400914424|0
1400914447|0
1400914469|0
1400914492|0
1400914514|0
1400914537|0
1400914559|0
1400914582|0
1400914604|0
1400914627|0
1400914649|0
1400914672|0
1400914694|0
1400914717|0
1400914739|0
1400914761|0
1400914784|0
1400914806|0
1400914829|0
1400914851|0
1400914874|0
1400914896|0
1400914919|0
1400914941|0
1400914964|0
1400914986|0
1400915009|0
1400915031|0
1400915054|0
1400915076|0
1400915099|0
1400915121|0
1400915144|0
1400915166|0
1400915188|0
1400915211|0
1400915233|0
1400915256|0
1400915278|0
1400915301|0
1400915323|0
1400915346|0
1400915368|0
1400915391|0
1400915413|0
1400915436|0
1400915458|0
1400915481|0
1400915503|0
1400915525|0
1400915548|0
1400915570|0
1400915593|0
1400915615|0
1400915638|0
1400915660|0
1400915683|0
1400915705|0
1400915728|0
1400915750|0
1400915773|0
1400915795|0
1400915818|0
1400915840|0
1400915862|0
1400915885|0
1400915907|0
1400915930|0
1400915952|0
1400915975|0
1400915997|0
1400916020|0
1400916042|0
1400916065|0
1400916087|0
1400916110|0
1400916132|0
1400916155|0
1400916177|0
1400916199|0
1400916222|0
1400916244|0
1400916267|0
1400916289|0
1400916312|0
1400916334|0
1400916357|0
1400916379|0
1400916402|0
1400916424|0
1400916447|0
1400916469|0
1400916492|0
1400916514|0
1400916536|0
1400916559|0
1400916581|0
1400916604|0
1400916626|0
1400916649|0
1400916671|0
1400916694|0
1400916716|0
1400916739|0
1400916761|0
1400916784|0
1400916806|0
1400916829|0
1400916851|0
1400916874|0
1400916896|0
1400916919|0
1400916941|0
1400916963|0
1400916986|0
1400917008|0
1400917031|0
1400917053|0
1400917076|0
1400917098|0
1400917121|0
1400917143|0
1400917166|0
1400917188|0
1400917211|0
1400917233|0
1400917256|0
1400917278|0
1400917300|0
1400917323|0
1400917345|0
1400917368|0
1400917390|0
1400917413|0
1400917435|0
1400917458|0
1400917480|0
1400917503|0
1400917525|0
1400917548|0
1400917570|0
1400917593|0
1400917615|0
1400917637|0
1400917660|0
1400917682|0
1400917705|0
1400917727|0
1400917750|0
1400917772|0
1400917795|0
1400917817|0
1400917840|0
1400917862|0
1400917885|0
1400917907|0
1400917930|0
1400917952|0
1400917974|0
1400917997|0
1400918019|0
1400918042|0
1400918064|0
1400918087|0
1400918109|0
1400918132|0
1400918154|0
1400918177|0
1400918199|0
1400918222|0
1400918244|0
1400918267|0
1400918289|0
1400918312|0
1400918334|0
1400918356|0
1400918379|0
1400918401|0
1400918424|0
1400918446|0
1400918469|0
1400918491|0
1400918514|0
1400918536|0
1400918559|0
1400918581|0
1400918604|0
1400918626|0
1400918649|0
1400918671|0
1400918693|0
1400918716|0
1400918738|0
1400918761|0
1400918783|0
1400918806|0
1400918828|0
1400918851|0
1400918873|0
1400918896|0
1400918918|0
1400918941|0
1400918963|0
1400918986|0
1400919008|0
1400919030|0
1400919053|0
1400919075|0
1400919098|0
1400919120|0
1400919143|0
1400919165|0
1400919188|0
1400919210|0
1400919233|0
1400919255|0
1400919278|0
1400919300|0
1400919323|0
1400919345|0
1400919368|0
1400919390|0
1400919412|0
1400919435|0
1400919457|0
1400919480|0
1400919502|0
1400919525|0
1400919547|0
1400919570|0
1400919592|0
1400919615|0
1400919637|0
1400919660|0
1400919682|0
1400919705|0
1400919727|0
1400919750|0
1400919772|0
1400919794|0
1400919817|0
1400919839|0
1400919862|0
1400919884|0
1400919907|0
1400919929|0
1400919952|0
1400919974|0
1400919997|0
1400920019|0
1400920042|0
1400920064|0
1400920087|0
1400920109|0
1400920131|0
1400920154|0
1400920176|0
1400920199|0
1400920221|0
1400920244|0
1400920266|0
1400920289|0
1400920311|0
1400920334|0
1400920356|0
1400920379|0
1400920401|0
1400920424|0
1400920446|0
1400920469|0
1400920491|0
1400920513|0
1400920536|0
1400920558|0
1400920581|0
1400920603|0
1400920626|0
1400920648|0
1400920671|0
1400920693|0
1400920716|0
1400920738|0
1400920761|0
1400920783|0
1400920806|0
1400920828|0
1400920851|0
1400920873|0
1400920895|0
1400920918|0
1400920940|0
1400920963|0
1400920985|0
1400921008|0
1400921030|0
1400921053|0
1400921075|0
1400921098|0
1400921120|0
1400921143|0
1400921165|0
1400921188|0
1400921210|0
1400921232|0
1400921255|0
1400921277|0
1400921300|0
1400921322|0
1400921345|0
1400921367|0
1400921390|0
1400921412|0
1400921435|0
1400921457|0
1400921480|0
1400921502|0
1400921525|0
1400921547|0
1400921569|0
1400921592|0
1400921614|0
1400921637|0
1400921659|0
1400921682|0
1400921704|0
1400921727|0
1400921749|0
1400921772|0
1400921794|0
1400921817|0
1400921839|0
1400921862|0
1400921884|0
1400921906|0
1400921929|0
1400921951|0
1400921974|0
1400921996|0
1400922019|0
1400922041|0
1400922064|0
1400922086|0
1400922109|0
1400922131|0
1400922154|0
1400922176|0
1400922199|0
1400922221|0
1400922244|0
1400922266|0
1400922288|0
1400922311|0
1400922333|0
1400922356|0
1400922378|0
1400922401|0
1400922423|0
1400922446|0
1400922468|0
1400922491|0
1400922513|0
1400922536|0
1400922558|0
1400922581|0
1400922603|0
1400922625|0
1400922648|0
1400922670|0
1400922693|0
1400922715|0
1400922738|0
1400922760|0
1400922783|0
1400922805|0
1400922828|0
1400922850|0
1400922873|0
1400922895|0
1400922918|0
1400922940|0
1400922962|0
1400922985|0
1400923007|0
1400923030|0
1400923052|0
1400923075|0
1400923097|0
1400923120|0
1400923142|0
1400923165|0
1400923187|0
1400923210|0
1400923232|0
1400923255|0
1400923277|0
1400923299|0
1400923322|0
1400923344|0
1400923367|0
1400923389|0
1400923412|0
1400923434|0
1400923457|0
1400923479|0
1400923502|0
1400923524|0
1400923547|0
1400923569|0
1400923592|0
1400923614|0
1400923637|0
1400923659|0
1400923682|0
1400923704|0
1400923726|0
1400923749|0
1400923771|0
1400923794|0
1400923816|0
1400923839|0
1400923861|0
1400923884|0
1400923906|0
1400923929|0
1400923951|0
1400923974|0
1400923996|0
1400924019|0
1400924041|0
1400924063|0
1400924086|0
1400924108|0
1400924131|0
1400924153|0
1400924176|0
1400924198|0
1400924221|0
1400924243|0
1400924266|0
1400924288|0
1400924311|0
1400924333|0
1400924356|0
1400924378|0
1400924400|0
1400924423|0
1400924445|0
1400924468|0
1400924490|0
1400924513|0
1400924535|0
1400924558|0
1400924580|0
1400924603|0
1400924625|0
1400924648|0
1400924670|0
1400924693|0
1400924715|0
1400924737|0
1400924760|0
1400924782|0
1400924805|0
1400924827|0
1400924850|0
1400924873|0
1400924896|0
1400924918|0
1400924940|0
1400924963|0
1400924985|0
1400925008|0
1400925030|0
1400925053|0
1400925075|0
1400925098|0
1400925120|0
1400925143|0
1400925165|0
1400925188|0
1400925210|0
1400925233|0
1400925255|0
1400925278|0
1400925300|0
1400925322|0
1400925345|0
1400925367|0
1400925390|0
1400925412|0
1400925435|0
1400925457|0
1400925480|0
1400925502|0
1400925525|0
1400925547|0
1400925570|0
1400925592|0
1400925615|0
1400925637|0
1400925659|0
1400925682|0
1400925704|0
1400925727|0
1400925749|0
1400925772|0
1400925794|0
1400925817|0
1400925839|0
1400925862|0
1400925884|0
1400925907|0
1400925929|0
1400925952|0
1400925974|0
1400925996|0
1400926019|0
1400926041|0
1400926064|0
1400926086|0
1400926109|0
1400926131|0
1400926154|0
1400926176|0
1400926199|0
1400926221|0
1400926244|0
1400926266|0
1400926289|0
1400926311|0
1400926334|0
1400926356|0
1400926379|0
1400926401|0
1400926423|0
1400926446|0
1400926468|0
1400926491|0
1400926513|0
1400926536|0
1400926558|0
1400926581|0
1400926603|0
1400926626|0
1400926648|0
1400926671|0
1400926693|0
1400926716|0
1400926738|0
1400926760|0
1400926783|0
1400926805|0
1400926828|0
1400926850|0
1400926873|0
1400926895|0
1400926918|0
1400926940|0
1400926963|0
1400926985|0
1400927008|0
1400927030|0
1400927053|0
1400927075|0
1400927097|0
1400927120|0
1400927142|0
1400927165|0
1400927187|0
1400927210|0
1400927232|0
1400927255|0
1400927277|0
1400927300|0
1400927322|0
1400927345|0
1400927367|0
1400927390|0
1400927412|0
1400927434|0
1400927457|0
1400927479|0
1400927502|0
1400927524|0
1400927547|0
1400927569|0
1400927592|0
1400927614|0
1400927637|0
1400927659|0
1400927682|0
1400927704|0
1400927727|0
1400927749|0
1400927771|0
1400927794|0
1400927816|0
1400927839|0
1400927861|0
1400927884|0
1400927906|0
1400927929|0
1400927951|0
1400927974|0
1400927996|0
1400928019|0
1400928041|0
1400928064|0
1400928086|0
1400928109|0
1400928131|0
1400928154|0
1400928176|0
1400928198|0
1400928221|0
1400928243|0
1400928266|0
1400928288|0
1400928311|0
1400928333|0
1400928356|0
1400928378|0
1400928401|0
1400928423|0
1400928446|0
1400928468|0
1400928491|0
1400928513|0
1400928535|0
1400928558|0
1400928580|0
1400928603|0
1400928625|0
1400928648|0
1400928670|0
1400928693|0
1400928715|0
1400928738|0
1400928760|0
1400928783|0
1400928805|0
1400928828|0
1400928850|0
1400928872|0
1400928895|0
1400928917|0
1400928940|0
1400928962|0
1400928985|0
1400929007|0
1400929030|0
1400929052|0
1400929075|0
1400929097|0
1400929120|0
1400929142|0
1400929165|0
1400929187|0
1400929209|0
1400929232|0
1400929254|0
1400929277|0
1400929299|0
1400929322|0
1400929344|0
1400929367|0
1400929389|0
1400929412|0
1400929434|0
1400929457|0
1400929479|0
1400929502|0
1400929524|0
1400929547|0
1400929569|0
1400929591|0
1400929614|0
1400929636|0
1400929659|0
1400929681|0
1400929704|0
1400929726|0
1400929749|0
1400929771|0
1400929794|0
1400929816|0
1400929839|0
1400929861|0
1400929884|0
1400929906|0
1400929928|0
1400929951|0
1400929973|0
1400929996|0
1400930018|0
1400930041|0
1400930063|0
1400930086|0
1400930108|0
1400930131|0
1400930153|0
1400930176|0
1400930198|0
1400930221|0
1400930243|0
1400930265|0
1400930288|0
1400930310|0
1400930333|0
1400930355|0
1400930378|0
1400930400|0
1400930423|0
1400930445|0
1400930468|0
1400930490|0
1400930513|0
1400930535|0
1400930558|0
1400930580|0
1400930602|0
1400930625|0
1400930647|0
1400930670|0
1400930692|0
1400930715|0
1400930737|0
1400930760|0
1400930782|0
1400930805|0
1400930827|0
1400930850|0
1400930872|0
1400930895|0
1400930917|0
1400930940|0
1400930962|0
1400930985|0
1400931007|0
1400931029|0
1400931052|0
1400931074|0
1400931097|0
1400931119|0
1400931142|0
1400931164|0
1400931187|0
1400931209|0
1400931232|0
1400931254|0
1400931277|0
1400931299|0
1400931322|0
1400931344|0
1400931366|0
1400931389|0
1400931411|0
1400931434|0
1400931456|0
1400931479|0
1400931501|0
1400931524|0
1400931546|0
1400931569|0
1400931591|0
1400931614|0
1400931636|0
1400931659|0
1400931681|0
1400931703|0
1400931726|0
1400931748|0
1400931771|0
1400931793|0
1400931816|0
1400931838|0
1400931861|0
1400931883|0
1400931906|0
1400931928|0
1400931951|0
1400931973|0
1400931996|0
1400932018|0
1400932040|0
1400932063|0
1400932085|0
1400932108|0
1400932130|0
1400932153|0
1400932175|0
1400932198|0
1400932220|0
1400932243|0
1400932265|0
1400932288|0
1400932310|0
1400932333|0
1400932355|0
1400932378|0
1400932400|0
1400932423|0
1400932445|0
1400932467|0
1400932490|0
1400932512|0
1400932535|0
1400932557|0
1400932580|0
1400932602|0
1400932625|0
1400932647|0
1400932670|0
1400932692|0
1400932715|0
1400932737|0
1400932760|0
1400932782|0
1400932804|0
1400932827|0
1400932849|0
1400932872|0
1400932894|0
1400932917|0
1400932939|0
1400932962|0
1400932984|0
1400933007|0
1400933029|0
1400933052|0
1400933074|0
1400933097|0
1400933119|0
1400933141|0
1400933164|0
1400933186|0
1400933209|0
1400933231|0
1400933254|0
1400933276|0
1400933299|0
1400933321|0
1400933344|0
1400933366|0
1400933389|0
1400933411|0
1400933434|0
1400933456|0
1400933478|0
1400933501|0
1400933523|0
1400933546|0
1400933568|0
1400933591|0
1400933613|0
1400933636|0
1400933658|0
1400933681|0
1400933703|0
1400933726|0
1400933748|0
1400933771|0
1400933793|0
1400933815|0
1400933838|0
1400933860|0
1400933883|0
1400933905|0
1400933928|0
1400933950|0
1400933973|0
1400933995|0
1400934018|0
1400934040|0
1400934063|0
1400934085|0
1400934108|0
1400934130|0
1400934153|0
1400934175|0
1400934197|0
1400934220|0
1400934242|0
1400934265|0
1400934287|0
1400934310|0
1400934332|0
1400934355|0
1400934377|0
1400934400|0
1400934422|0
1400934445|0
1400934467|0
1400934490|0
1400934512|0
1400934534|0
1400934557|0
1400934579|0
1400934602|0
1400934624|0
1400934647|0
1400934669|0
1400934692|0
1400934714|0
1400934737|0
1400934759|0
1400934782|0
1400934804|0
1400934827|0
1400934849|0
1400934871|0
1400934894|0
1400934916|0
1400934939|0
1400934961|0
1400934984|0
1400935006|0
1400935029|0
1400935051|0
1400935074|0
1400935096|0
1400935119|0
1400935141|0
1400935164|0
1400935186|0
1400935208|0
1400935231|0
1400935253|0
1400935276|0
1400935298|0
1400935321|0
1400935343|0
1400935366|0
1400935388|0
1400935411|0
1400935433|0
1400935456|0
1400935478|0
1400935501|0
1400935523|0
1400935545|0
1400935568|0
1400935590|0
1400935613|0
1400935635|0
1400935658|0
1400935680|0
1400935703|0
1400935725|0
1400935748|0
1400935770|0
1400935793|0
1400935815|0
1400935838|0
1400935860|0
1400935882|0
1400935905|0
1400935927|0
1400935950|0
1400935972|0
1400935995|0
1400936017|0
1400936040|0
1400936062|0
1400936085|0
1400936107|0
1400936130|0
1400936152|0
1400936175|0
1400936197|0
1400936220|0
1400936242|0
1400936265|0
1400936287|0
1400936309|0
1400936332|0
1400936354|0
1400936377|0
1400936399|0
1400936422|0
1400936444|0
1400936467|0
1400936489|0
1400936512|0
1400936534|0
1400936557|0
1400936579|0
1400936602|0
1400936624|0
1400936646|0
1400936669|0
1400936691|0
1400936714|0
1400936736|0
1400936759|0
1400936781|0
1400936804|0
1400936826|0
1400936849|0
1400936871|0
1400936894|0
1400936916|0
1400936939|0
1400936961|0
1400936983|0
1400937006|0
1400937028|0
1400937051|0
1400937073|0
1400937096|0
1400937118|0
1400937141|0
1400937163|0
1400937186|0
1400937208|0
1400937231|0
1400937253|0
1400937276|0
1400937298|0
1400937321|0
1400937343|0
1400937365|0
1400937388|0
1400937410|0
1400937433|0
1400937455|0
1400937478|0
1400937500|0
1400937523|0
1400937545|0
1400937568|0
1400937590|0
1400937613|0
1400937635|0
1400937658|0
1400937680|0
1400937703|0
1400937725|0
1400937747|0
1400937770|0
1400937792|0
1400937815|0
1400937837|0
1400937860|0
1400937882|0
1400937905|0
1400937927|0
1400937950|0
1400937972|0
1400937995|0
1400938017|0
1400938040|0
1400938062|0
1400938084|0
1400938107|0
1400938129|0
1400938152|0
1400938174|0
1400938197|0
1400938219|0
1400938242|0
1400938264|0
1400938287|0
1400938309|0
1400938332|0
1400938354|0
1400938377|0
1400938399|0
1400938421|0
1400938444|0
1400938466|0
1400938489|0
1400938511|0
1400938534|0
1400938556|0
1400938579|0
1400938601|0
1400938624|0
1400938646|0
1400938669|0
1400938691|0
1400938714|0
1400938736|0
1400938758|0
1400938781|0
1400938803|0
1400938826|0
1400938848|0
1400938871|0
1400938893|0
1400938916|0
1400938938|0
1400938961|0
1400938983|0
1400939006|0
1400939028|0
1400939051|0
1400939073|0
1400939096|0
1400939118|0
1400939140|0
1400939163|0
1400939185|0
1400939208|0
1400939230|0
1400939253|0
1400939275|0
1400939298|0
1400939320|0
1400939343|0
1400939365|0
1400939388|0
1400939410|0
1400939433|0
1400939455|0
1400939477|0
1400939500|0
1400939522|0
1400939545|0
1400939567|0
1400939590|0
1400939612|0
1400939635|0
1400939657|0
1400939680|0
1400939702|0
1400939725|0
1400939747|0
1400939770|0
1400939792|0
1400939814|0
1400939837|0
1400939859|0
1400939882|0
1400939904|0
1400939927|0
1400939949|0
1400939972|0
1400939994|0
1400940017|0
1400940039|0
1400940062|0
1400940084|0
1400940107|0
1400940129|0
1400940151|0
1400940174|0
1400940196|0
1400940219|0
1400940241|0
1400940264|0
1400940286|0
1400940309|0
1400940331|0
1400940354|0
1400940376|0
1400940399|0
1400940421|0
1400940444|0
1400940466|0
1400940488|0
1400940511|0
1400940533|0
1400940556|0
1400940578|0
1400940601|0
1400940623|0
1400940646|0
1400940668|0
1400940691|0
1400940713|0
1400940736|0
1400940758|0
1400940781|0
1400940803|0
1400940825|0
1400940848|0
1400940870|0
1400940893|0
1400940915|0
1400940938|0
1400940960|0
1400940983|0
1400941005|0
1400941028|0
1400941050|0
1400941073|0
1400941095|0
1400941118|0
1400941140|0
1400941163|0
1400941185|0
1400941207|0
1400941230|0
1400941252|0
1400941275|0
1400941297|0
1400941320|0
1400941342|0
1400941365|0
1400941387|0
1400941410|0
1400941432|0
1400941455|0
1400941477|0
1400941500|0
1400941522|0
1400941545|0
1400941567|0
1400941589|0
1400941612|0
1400941634|0
1400941657|0
1400941679|0
1400941702|0
1400941724|0
1400941747|0
1400941769|0
1400941792|0
1400941814|0
1400941837|0
1400941859|0
1400941882|0
1400941904|0
1400941926|0
1400941949|0
1400941971|0
1400941994|0
1400942016|0
1400942039|0
1400942061|0
1400942084|0
1400942106|0
1400942129|0
1400942151|0
1400942174|0
1400942196|0
1400942219|0
1400942241|0
1400942263|0
1400942286|0
1400942308|0
1400942331|0
1400942353|0
1400942376|0
1400942398|0
1400942421|0
1400942443|0
1400942466|0
1400942488|0
1400942511|0
1400942533|0
1400942556|0
1400942578|0
1400942601|0
1400942623|0
1400942645|0
1400942668|0
1400942690|0
1400942713|0
1400942735|0
1400942758|0
1400942780|0
1400942803|0
1400942825|0
1400942848|0
1400942870|0
1400942893|0
1400942915|0
1400942938|0
1400942960|0
1400942983|0
1400943005|0
1400943027|0
1400943050|0
1400943072|0
1400943095|0
1400943117|0
1400943140|0
1400943162|0
1400943185|0
1400943207|0
1400943230|0
1400943252|0
1400943275|0
1400943297|0
1400943320|0
1400943342|0
1400943364|0
1400943387|0
1400943409|0
1400943432|0
1400943454|0
1400943477|0
1400943499|0
1400943522|0
1400943544|0
1400943567|0
1400943589|0
1400943612|0
1400943634|0
1400943657|0
1400943679|0
1400943701|0
1400943724|0
1400943746|0
1400943769|0
1400943791|0
1400943814|0
1400943836|0
1400943859|0
1400943881|0
1400943904|0
1400943926|0
1400943949|0
1400943971|0
1400943994|0
1400944016|0
1400944038|0
1400944061|0
1400944083|0
1400944106|0
1400944128|0
1400944151|0
1400944173|0
1400944196|0
1400944218|0
1400944241|0
1400944263|0
1400944286|0
1400944308|0
1400944331|0
1400944353|0
1400944376|0
1400944398|0
1400944420|0
1400944443|0
1400944465|0
1400944488|0
1400944510|0
1400944533|0
1400944555|0
1400944578|0
1400944600|0
1400944623|0
1400944645|0
1400944668|0
1400944690|0
1400944713|0
1400944735|0
1400944757|0
1400944780|0
1400944802|0
1400944825|0
1400944847|0
1400944870|0
1400944892|0
1400944915|0
1400944937|0
1400944960|0
1400944982|0
1400945005|0
1400945027|0
1400945050|0
1400945072|0
1400945094|0
1400945117|0
1400945139|0
1400945162|0
1400945184|0
1400945207|0
1400945229|0
1400945252|0
1400945274|0
1400945297|0
1400945319|0
1400945342|0
1400945364|0
1400945387|0
1400945409|0
1400945432|0
1400945454|0
1400945477|0
1400945499|0
1400945521|0
1400945544|0
1400945566|0
1400945589|0
1400945611|0
1400945634|0
1400945656|0
1400945679|0
1400945701|0
1400945724|0
1400945746|0
1400945769|0
1400945791|0
1400945814|0
1400945836|0
1400945858|0
1400945881|0
1400945903|0
1400945926|0
1400945948|0
1400945971|0
1400945993|0
1400946016|0
1400946038|0
1400946061|0
1400946083|0
1400946106|0
1400946128|0
1400946151|0
1400946173|0
1400946195|0
1400946218|0
1400946240|0
1400946263|0
1400946285|0
1400946308|0
1400946330|0
1400946353|0
1400946375|0
1400946398|0
1400946420|0
1400946443|0
1400946465|0
1400946488|0
1400946510|0
1400946532|0
1400946555|0
1400946577|0
1400946600|0
1400946622|0
1400946645|0
1400946667|0
1400946690|0
1400946712|0
1400946735|0
1400946757|0
1400946780|0
1400946802|0
1400946825|0
1400946847|0
1400946869|0
1400946892|0
1400946914|0
1400946937|0
1400946959|0
1400946982|0
1400947004|0
1400947027|0
1400947049|0
1400947072|0
1400947094|0
1400947117|0
1400947139|0
1400947162|0
1400947184|0
1400947206|0
1400947229|0
1400947251|0
1400947274|0
1400947296|0
1400947319|0
1400947341|0
1400947364|0
1400947386|0
1400947409|0
1400947431|0
1400947454|0
1400947476|0
1400947499|0
1400947521|0
1400947544|0
1400947566|0
1400947588|0
1400947611|0
1400947634|0
1400947657|0
1400947679|0
1400947702|0
1400947724|0
1400947747|0
1400947769|0
1400947792|0
1400947814|0
1400947836|0
1400947859|0
1400947881|0
1400947904|0
1400947926|0
1400947949|0
1400947971|0
1400947994|0
1400948016|0
1400948039|0
1400948061|0
1400948084|0
1400948106|0
1400948129|0
1400948151|0
1400948173|0
1400948196|0
1400948218|0
1400948241|0
1400948263|0
1400948286|0
1400948308|0
1400948331|0
1400948353|0
1400948376|0
1400948398|0
1400948421|0
1400948443|0
1400948466|0
1400948488|0
1400948510|0
1400948533|0
1400948555|0
1400948578|0
1400948600|0
1400948623|0
1400948645|0
1400948668|0
1400948690|0
1400948713|0
1400948735|0
1400948758|0
1400948780|0
1400948803|0
1400948825|0
1400948848|0
1400948870|0
1400948892|0
1400948915|0
1400948937|0
1400948960|0
1400948982|0
1400949005|0
1400949027|0
1400949050|0
1400949072|0
1400949095|0
1400949117|0
1400949140|0
1400949162|0
1400949185|0
1400949207|0
1400949229|0
1400949252|0
1400949274|0
1400949297|0
1400949319|0
1400949342|0
1400949364|0
1400949387|0
1400949409|0
1400949432|0
1400949454|0
1400949477|0
1400949499|0
1400949522|0
1400949544|0
1400949566|0
1400949589|0
1400949611|0
1400949634|0
1400949656|0
1400949679|0
1400949701|0
1400949724|0
1400949746|0
1400949769|0
1400949791|0
1400949814|0
1400949836|0
1400949859|0
1400949881|0
1400949904|0
1400949926|0
1400949949|0
1400949971|0
1400949993|0
1400950016|0
1400950038|0
1400950061|0
1400950083|0
1400950106|0
1400950128|0
1400950151|0
1400950173|0
1400950196|0
1400950218|0
1400950241|0
1400950263|0
1400950286|0
1400950308|0
1400950330|0
1400950353|0
1400950375|0
1400950398|0
1400950420|0
1400950443|0
1400950465|0
1400950488|0
1400950510|0
1400950533|0
1400950555|0
1400950578|0
1400950600|0
1400950623|0
1400950645|0
1400950667|0
1400950690|0
1400950712|0
1400950735|0
1400950757|0
1400950780|0
1400950802|0
1400950825|0
1400950847|0
1400950870|0
1400950892|0
1400950915|0
1400950937|0
1400950960|0
1400950982|0
1400951004|0
1400951027|0
1400951049|0
1400951072|0
1400951094|0
1400951117|0
1400951139|0
1400951162|0
1400951184|0
1400951207|0
1400951229|0
1400951252|0
1400951274|0
1400951297|0
1400951319|0
1400951341|0
1400951364|0
1400951386|0
1400951409|0
1400951431|0
1400951454|0
1400951476|0
1400951499|0
1400951521|0
1400951544|0
1400951566|0
1400951589|0
1400951611|0
1400951634|0
1400951656|0
1400951679|0
1400951701|0
1400951724|0
1400951746|0
1400951768|0
1400951791|0
1400951813|0
1400951836|0
1400951858|0
1400951881|0
1400951903|0
1400951926|0
1400951948|0
1400951971|0
1400951993|0
1400952016|0
1400952038|0
1400952061|0
1400952083|0
1400952105|0
1400952128|0
1400952150|0
1400952173|0
1400952195|0
1400952218|0
1400952240|0
1400952263|0
1400952285|0
1400952308|0
1400952330|0
1400952353|0
1400952375|0
1400952398|0
1400952420|0
1400952442|0
1400952465|0
1400952487|0
1400952510|0
1400952532|0
1400952555|0
1400952577|0
1400952600|0
1400952622|0
1400952645|0
1400952667|0
1400952690|0
1400952712|0
1400952735|0
1400952757|0
1400952780|0
1400952802|0
1400952825|0
1400952847|0
1400952870|0
1400952892|0
1400952915|0
1400952937|0
1400952960|0
1400952982|0
1400953005|0
1400953027|0
1400953050|0
1400953072|0
1400953094|0
1400953117|0
1400953139|0
1400953162|0
1400953184|0
1400953207|0
1400953229|0
1400953252|0
1400953274|0
1400953297|0
1400953319|0
1400953342|0
1400953364|0
1400953387|0
1400953409|0
1400953431|0
1400953454|0
1400953476|0
1400953499|0
1400953521|0
1400953544|0
1400953566|0
1400953589|0
1400953611|0
1400953634|0
1400953656|0
1400953679|0
1400953701|0
1400953724|0
1400953746|0
1400953768|0
1400953791|0
1400953813|0
1400953836|0
1400953858|0
1400953881|0
1400953903|0
1400953926|0
1400953948|0
1400953971|0
1400953993|0
1400954016|0
1400954038|0
1400954061|0
1400954083|0
1400954105|0
1400954128|0
1400954150|0
1400954173|0
1400954195|0
1400954218|0
1400954240|0
1400954263|0
1400954285|0
1400954308|0
1400954330|0
1400954353|0
1400954375|0
1400954398|0
1400954420|0
1400954442|0
1400954465|0
1400954487|0
1400954510|0
1400954532|0
1400954555|0
1400954577|0
1400954600|0
1400954622|0
1400954645|0
1400954667|0
1400954690|0
1400954712|0
1400954735|0
1400954757|0
1400954780|0
1400954802|0
1400954824|0
1400954847|0
1400954869|0
1400954892|0
1400954914|0
1400954937|0
1400954959|0
1400954982|0
1400955004|0
1400955027|0
1400955049|0
1400955072|0
1400955094|0
1400955117|0
