1409680579|0
1409680599|0
1409680620|0
1409680640|0
1409680660|0
1409680680|0
1409680700|0
1409680720|0
1409680742|0
1409680762|0
1409680782|0
1409680802|0
1409680823|0
1409680843|0
1409680864|0
1409680884|0
1409680904|0
1409680924|0
1409680944|0
1409680964|0
1409680984|0
1409681004|0
1409681024|0
1409681044|0
1409681064|0
1409681085|0
1409681105|0
1409681125|0
1409681145|0
1409681165|0
1409681185|0
1409681205|0
1409681225|0
1409681245|0
1409681265|0
1409681286|0
1409681306|0
1409681326|0
1409681347|0
1409681367|0
1409681387|0
1409681407|0
1409681427|0
1409681448|0
1409681468|0
1409681488|0
1409681508|0
1409681528|0
1409681548|0
1409681568|0
1409681588|0
1409681608|0
1409681628|0
1409681649|0
1409681669|0
1409681689|0
1409681709|0
1409681729|0
1409681749|0
1409681769|0
1409681789|0
1409681809|0
1409681829|0
1409681849|0
1409681870|0
1409681890|0
1409681910|0
1409681930|0
1409681952|0
1409681972|0
1409681992|0
1409682012|0
1409682032|0
1409682052|0
1409682072|0
1409682092|0
1409682113|0
1409682133|0
1409682153|0
1409682173|0
1409682193|0
1409682214|0
1409682234|0
1409682254|0
1409682274|0
1409682294|0
1409682314|0
1409682334|0
1409682354|0
1409682374|0
1409682394|0
1409682415|0
1409682435|0
1409682455|0
1409682475|0
1409682495|0
1409682515|0
1409682535|0
1409682555|0
1409682575|0
1409682596|0
1409682616|0
1409682637|0
1409682657|0
1409682677|0
1409682697|0
1409682717|0
1409682738|0
1409682758|0
1409682778|0
1409682798|0
1409682818|0
1409682838|0
1409682858|0
1409682878|0
1409682898|0
1409682919|0
1409682939|0
1409682959|0
1409682979|0
1409682999|0
1409683019|0
1409683040|0
1409683060|0
1409683080|0
1409683100|0
1409683120|0
1409683140|0
1409683160|0
1409683180|0
1409683200|0
1409683220|0
1409683241|0
1409683261|0
1409683281|0
1409683301|0
1409683321|0
1409683341|0
1409683361|0
1409683381|0
1409683401|0
1409683421|0
1409683441|0
1409683462|0
1409683482|0
1409683502|0
1409683522|0
1409683542|0
1409683562|0
1409683582|0
1409683603|0
1409683623|0
1409683643|0
1409683663|0
1409683683|0
1409683703|0
1409683724|0
1409683744|0
1409683764|0
1409683784|0
1409683804|0
1409683824|0
1409683845|0
1409683865|0
1409683885|0
1409683905|0
1409683925|0
1409683946|0
1409683966|0
1409683986|0
1409684006|0
1409684026|0
1409684046|0
1409684067|0
1409684087|0
1409684107|0
1409684127|0
1409684147|0
1409684167|0
1409684187|0
1409684207|0
1409684227|0
1409684247|0
1409684268|0
1409684288|0
1409684308|0
1409684328|0
1409684348|0
1409684368|0
1409684389|0
1409684409|0
1409684429|0
1409684449|0
1409684469|0
1409684489|0
1409684510|0
1409684530|0
1409684550|0
1409684570|0
1409684590|0
1409684610|0
1409684630|0
1409684650|0
1409684670|0
1409684690|0
1409684710|0
1409684731|0
1409684751|0
1409684771|0
1409684791|0
1409684811|0
1409684831|0
1409684851|0
1409684871|0
1409684891|0
1409684911|0
1409684932|0
1409684952|0
1409684972|0
1409684992|0
1409685012|0
1409685032|0
1409685053|0
1409685073|0
1409685093|0
1409685113|0
1409685133|0
1409685153|0
1409685173|0
1409685193|0
1409685214|0
1409685234|0
1409685254|0
1409685274|0
1409685294|0
1409685314|0
1409685334|0
1409685354|0
1409685374|0
1409685394|0
1409685415|0
1409685435|0
1409685455|0
1409685475|0
1409685495|0
1409685515|0
1409685536|0
1409685556|0
1409685576|0
1409685596|0
1409685616|0
1409685636|0
1409685656|0
1409685676|0
1409685697|0
1409685717|0
1409685737|0
1409685757|0
1409685778|0
1409685798|0
1409685818|0
1409685838|0
1409685858|0
1409685878|0
1409685898|0
1409685918|0
1409685938|0
1409685958|0
1409685979|0
1409685999|0
1409686019|0
1409686039|0
1409686059|0
1409686079|0
1409686099|0
1409686119|0
1409686139|0
1409686159|0
1409686180|0
1409686200|0
1409686220|0
1409686240|0
1409686260|0
1409686280|0
1409686300|0
1409686320|0
1409686341|0
1409686361|0
1409686381|0
1409686401|0
1409686421|0
1409686442|0
1409686462|0
1409686482|0
1409686502|0
1409686522|0
1409686542|0
1409686562|0
1409686582|0
1409686602|0
1409686622|0
1409686643|0
1409686663|0
1409686683|0
1409686703|0
1409686723|0
1409686743|0
1409686763|0
1409686783|0
1409686803|0
1409686823|0
1409686844|0
1409686864|0
1409686884|0
1409686904|0
1409686924|0
1409686944|0
1409686964|0
1409686984|0
1409687004|0
1409687024|0
1409687045|0
1409687065|0
1409687085|0
1409687106|0
1409687126|0
1409687147|0
1409687167|0
1409687187|0
1409687207|0
1409687227|0
1409687247|0
1409687267|0
1409687287|0
1409687307|0
1409687328|0
1409687348|0
1409687368|0
1409687388|0
1409687408|0
1409687428|0
1409687448|0
1409687468|0
1409687488|0
1409687508|0
1409687528|0
1409687549|0
1409687569|0
1409687590|0
1409687610|0
1409687630|0
1409687650|0
1409687670|0
1409687690|0
1409687711|0
1409687731|0
1409687751|0
1409687771|0
1409687791|0
1409687811|0
1409687831|0
1409687852|0
1409687872|0
1409687892|0
1409687912|0
1409687932|0
1409687952|0
1409687972|0
1409687992|0
1409688013|0
1409688033|0
1409688053|0
1409688073|0
1409688093|0
1409688113|0
1409688133|0
1409688153|0
1409688173|0
1409688193|0
1409688214|0
1409688234|0
1409688254|0
1409688274|0
1409688294|0
1409688314|0
1409688334|0
1409688354|0
1409688374|0
1409688394|0
1409688414|0
1409688435|0
1409688455|0
1409688475|0
1409688495|0
1409688516|0
1409688536|0
1409688556|0
1409688576|0
1409688596|0
1409688616|0
1409688636|0
1409688656|0
1409688676|0
1409688697|0
1409688717|0
1409688737|0
1409688757|0
1409688777|0
1409688797|0
1409688817|0
1409688837|0
1409688857|0
1409688877|0
1409688898|0
1409688918|0
1409688938|0
1409688958|0
1409688978|0
1409688998|0
1409689018|0
1409689038|0
1409689058|0
1409689078|0
1409689099|0
1409689119|0
1409689139|0
1409689159|0
1409689179|0
1409689200|0
1409689220|0
1409689240|0
1409689260|0
1409689280|0
1409689300|0
1409689320|0
1409689342|0
1409689362|0
1409689382|0
1409689402|0
1409689422|0
1409689443|0
1409689463|0
1409689483|0
1409689503|0
1409689523|0
1409689543|0
1409689563|0
1409689583|0
1409689603|0
1409689623|0
1409689644|0
1409689664|0
1409689684|0
1409689704|0
1409689724|0
1409689744|0
1409689764|0
1409689784|0
1409689804|0
1409689824|0
1409689845|0
1409689865|0
1409689885|0
1409689905|0
1409689925|0
1409689947|0
1409689967|0
1409689987|0
1409690007|0
1409690027|0
1409690047|0
1409690067|0
1409690087|0
1409690108|0
1409690128|0
1409690148|0
1409690168|0
1409690188|0
1409690208|0
1409690228|0
1409690249|0
1409690269|0
1409690289|0
1409690309|0
1409690329|0
1409690349|0
1409690369|0
1409690389|0
1409690409|0
1409690429|0
1409690450|0
1409690470|0
1409690490|0
1409690510|0
1409690530|0
1409690551|0
1409690571|0
1409690591|0
1409690611|0
1409690631|0
1409690651|0
1409690671|0
1409690691|0
1409690712|0
1409690732|0
1409690752|0
1409690772|0
1409690792|0
1409690812|0
1409690833|0
1409690853|0
1409690873|0
1409690893|0
1409690913|0
1409690933|0
1409690953|0
1409690974|0
1409690994|0
1409691014|0
1409691034|0
1409691054|0
1409691074|0
1409691094|0
1409691114|0
1409691134|0
1409691154|0
1409691175|0
1409691195|0
1409691215|0
1409691235|0
1409691255|0
1409691275|0
1409691295|0
1409691315|0
1409691335|0
1409691357|0
1409691377|0
1409691397|0
1409691417|0
1409691437|0
1409691458|0
1409691478|0
1409691498|0
1409691518|0
1409691538|0
1409691558|0
1409691578|0
1409691598|0
1409691619|0
1409691639|0
1409691659|0
1409691679|0
1409691699|0
1409691719|0
1409691740|0
1409691760|0
1409691780|0
1409691800|0
1409691820|0
1409691840|0
1409691861|0
1409691881|0
1409691901|0
1409691921|0
1409691941|0
1409691961|0
1409691981|0
1409692002|0
1409692022|0
1409692042|0
1409692062|0
1409692082|0
1409692102|0
1409692122|0
1409692143|0
1409692163|0
1409692183|0
1409692203|0
1409692223|0
1409692243|0
1409692263|0
1409692283|0
1409692303|0
1409692323|0
1409692344|0
1409692364|0
1409692384|0
1409692404|0
1409692425|0
1409692445|0
1409692465|0
1409692485|0
1409692505|0
1409692525|0
1409692545|0
1409692567|0
1409692587|0
1409692607|0
1409692629|0
1409692649|0
1409692669|0
1409692689|0
1409692709|0
1409692729|0
1409692749|0
1409692769|0
1409692789|0
1409692809|0
1409692830|0
1409692850|0
1409692870|0
1409692890|0
1409692910|0
1409692931|0
1409692951|0
1409692971|0
1409692991|0
1409693011|0
1409693031|0
1409693051|0
1409693071|0
1409693092|0
1409693112|0
1409693132|0
1409693152|0
1409693172|0
1409693192|0
1409693212|0
1409693232|0
1409693252|0
1409693273|0
1409693293|0
1409693313|0
1409693333|0
1409693354|0
1409693374|0
1409693394|0
1409693414|0
1409693434|0
1409693454|0
1409693474|0
1409693494|0
1409693514|0
1409693534|0
1409693554|0
1409693575|0
1409693595|0
1409693615|0
1409693635|0
1409693655|0
1409693675|0
1409693695|0
1409693715|0
1409693735|0
1409693755|0
1409693776|0
1409693796|0
1409693816|0
1409693836|0
1409693856|0
1409693876|0
1409693896|0
1409693916|0
1409693937|0
1409693957|0
1409693977|0
1409693997|0
1409694017|0
1409694037|0
1409694057|0
1409694078|0
1409694098|0
1409694118|0
1409694138|0
1409694158|0
1409694178|0
1409694198|0
1409694218|0
1409694238|0
1409694258|0
1409694278|0
1409694299|0
1409694319|0
1409694339|0
1409694359|0
1409694379|0
1409694399|0
1409694419|0
1409694439|0
1409694459|0
1409694479|0
1409694500|0
1409694520|0
1409694540|0
1409694560|0
1409694581|0
1409694601|0
1409694621|0
1409694641|0
1409694662|0
1409694682|0
1409694702|0
1409694722|0
1409694742|0
1409694762|0
1409694782|0
1409694802|0
1409694822|0
1409694843|0
1409694863|0
1409694883|0
1409694903|0
1409694923|0
1409694943|0
1409694963|0
1409694983|0
1409695003|0
1409695025|0
1409695045|0
1409695065|0
1409695085|0
1409695105|0
1409695125|0
1409695146|0
1409695166|0
1409695186|0
1409695206|0
1409695226|0
1409695246|0
1409695266|0
1409695286|0
1409695306|0
1409695326|0
1409695347|0
1409695367|0
1409695387|0
1409695407|0
1409695427|0
1409695448|0
1409695468|0
1409695488|0
1409695508|0
1409695528|0
1409695548|0
1409695568|0
1409695588|0
1409695608|0
1409695629|0
1409695649|0
1409695669|0
1409695689|0
1409695709|0
1409695729|0
1409695750|0
1409695770|0
1409695790|0
1409695810|0
1409695830|0
1409695850|0
1409695871|0
1409695891|0
1409695911|0
1409695931|0
1409695951|0
1409695971|0
1409695991|0
1409696012|0
1409696032|0
1409696052|0
1409696072|0
1409696092|0
1409696112|0
1409696132|0
1409696152|0
1409696173|0
1409696193|0
1409696213|0
1409696233|0
1409696253|0
1409696273|0
1409696294|0
1409696314|0
1409696334|0
1409696354|0
1409696374|0
1409696394|0
1409696414|0
1409696434|0
1409696454|0
1409696474|0
1409696495|0
1409696515|0
1409696535|0
1409696555|0
1409696575|0
1409696596|0
1409696616|0
1409696636|0
1409696656|0
1409696676|0
1409696696|0
1409696716|0
1409696736|0
1409696757|0
1409696777|0
1409696797|0
1409696817|0
1409696837|0
1409696857|0
1409696877|0
1409696898|0
1409696918|0
1409696938|0
1409696958|0
1409696978|0
1409696999|0
1409697019|0
1409697039|0
1409697059|0
1409697079|0
1409697099|0
1409697119|0
1409697139|0
1409697159|0
1409697179|0
1409697199|0
1409697220|0
1409697240|0
1409697260|0
1409697280|0
1409697300|0
1409697321|0
1409697341|0
1409697361|0
1409697381|0
1409697401|0
1409697421|0
1409697441|0
1409697461|0
1409697482|0
1409697502|0
1409697522|0
1409697542|0
1409697562|0
1409697582|0
1409697602|0
1409697623|0
1409697643|0
1409697663|0
1409697683|0
1409697703|0
1409697723|0
1409697744|0
1409697764|0
1409697784|0
1409697804|0
1409697824|0
1409697844|0
1409697864|0
1409697884|0
1409697904|0
1409697924|0
1409697944|0
1409697965|0
1409697985|0
1409698005|0
1409698025|0
1409698045|0
1409698065|0
1409698087|0
1409698107|0
1409698127|0
1409698147|0
1409698167|0
1409698187|0
1409698207|0
1409698227|0
1409698247|0
1409698268|0
1409698288|0
1409698308|0
1409698328|0
1409698348|0
1409698368|0
1409698388|0
1409698409|0
1409698429|0
1409698449|0
1409698469|0
1409698489|0
1409698509|0
1409698530|0
1409698550|0
1409698570|0
1409698590|0
1409698610|0
1409698630|0
1409698650|0
1409698670|0
1409698690|0
1409698710|0
1409698731|0
1409698751|0
1409698772|0
1409698792|0
1409698812|0
1409698832|0
1409698852|0
1409698872|0
1409698892|0
1409698912|0
1409698932|0
1409698952|0
1409698972|0
1409698993|0
1409699013|0
1409699033|0
1409699053|0
1409699073|0
1409699093|0
1409699113|0
1409699133|0
1409699154|0
1409699174|0
1409699194|0
1409699214|0
1409699235|0
1409699255|0
1409699275|0
1409699295|0
1409699315|0
1409699335|0
1409699355|0
1409699375|0
1409699395|0
1409699415|0
1409699436|0
1409699456|0
1409699476|0
1409699496|0
1409699516|0
1409699536|0
1409699556|0
1409699577|0
1409699597|0
1409699617|0
1409699637|0
1409699657|0
1409699677|0
1409699697|0
1409699717|0
1409699737|0
1409699757|0
1409699778|0
1409699798|0
1409699818|0
1409699838|0
1409699858|0
1409699879|0
1409699899|0
1409699919|0
1409699939|0
1409699959|0
1409699979|0
1409699999|0
1409700019|0
1409700039|0
1409700060|0
1409700080|0
1409700100|0
1409700120|0
1409700140|0
1409700160|0
1409700180|0
1409700200|0
1409700220|0
1409700240|0
1409700261|0
1409700281|0
1409700301|0
1409700321|0
1409700341|0
1409700361|0
1409700381|0
1409700401|0
1409700421|0
1409700441|0
1409700462|0
1409700482|0
1409700502|0
1409700522|0
1409700543|0
1409700563|0
1409700583|0
1409700603|0
1409700623|0
1409700643|0
1409700663|0
1409700683|0
1409700703|0
1409700724|0
1409700744|0
1409700764|0
1409700784|0
1409700804|0
1409700824|0
1409700844|0
1409700864|0
1409700884|0
1409700904|0
1409700925|0
1409700945|0
1409700965|0
1409700985|0
1409701005|0
1409701025|0
1409701045|0
1409701065|0
1409701085|0
1409701105|0
1409701126|0
1409701146|0
1409701166|0
1409701187|0
1409701207|0
1409701227|0
1409701247|0
1409701267|0
1409701287|0
1409701307|0
1409701328|0
1409701348|0
1409701368|0
1409701388|0
1409701408|0
1409701428|0
1409701448|0
1409701468|0
1409701488|0
1409701508|0
1409701529|0
1409701549|0
1409701569|0
1409701589|0
1409701609|0
1409701629|0
1409701649|0
1409701669|0
1409701689|0
1409701709|0
1409701729|0
1409701750|0
1409701770|0
1409701790|0
1409701810|0
1409701830|0
1409701851|0
1409701871|0
1409701891|0
1409701911|0
1409701931|0
1409701951|0
1409701971|0
1409701991|0
1409702011|0
1409702032|0
1409702052|0
1409702072|0
1409702092|0
1409702112|0
1409702132|0
1409702152|0
1409702172|0
1409702192|0
1409702212|0
1409702233|0
1409702253|0
1409702273|0
1409702293|0
1409702313|0
1409702333|0
1409702353|0
1409702373|0
1409702393|0
1409702413|0
1409702433|0
1409702454|0
1409702474|0
1409702494|0
1409702514|0
1409702535|0
1409702555|0
1409702575|0
1409702595|0
1409702615|0
1409702637|0
1409702658|0
1409702678|0
1409702698|0
1409702718|0
1409702738|0
1409702758|0
1409702778|0
1409702798|0
1409702818|0
1409702838|0
1409702859|0
1409702879|0
1409702899|0
1409702919|0
1409702939|0
1409702959|0
1409702979|0
1409702999|0
1409703019|0
1409703039|0
1409703060|0
1409703080|0
1409703100|0
1409703120|0
1409703140|0
1409703160|0
1409703180|0
1409703200|0
1409703220|0
1409703241|0
1409703261|0
1409703281|0
1409703301|0
1409703322|0
1409703342|0
1409703362|0
1409703382|0
1409703402|0
1409703422|0
1409703442|0
1409703462|0
1409703482|0
1409703502|0
1409703522|0
1409703543|0
1409703563|0
1409703583|0
1409703603|0
1409703623|0
1409703643|0
1409703663|0
1409703683|0
1409703703|0
1409703723|0
1409703744|0
1409703764|0
1409703784|0
1409703804|0
1409703824|0
1409703844|0
1409703864|0
1409703885|0
1409703905|0
1409703925|0
1409703947|0
1409703967|0
1409703987|0
1409704007|0
1409704027|0
1409704048|0
1409704068|0
1409704088|0
1409704108|0
1409704129|0
1409704149|0
1409704169|0
1409704189|0
1409704209|0
1409704229|0
1409704249|0
1409704269|0
1409704289|0
1409704310|0
1409704330|0
1409704350|0
1409704370|0
1409704390|0
1409704410|0
1409704432|0
1409704452|0
1409704472|0
1409704492|0
1409704512|0
1409704533|0
1409704553|0
1409704574|0
1409704594|0
1409704614|0
1409704634|0
1409704654|0
1409704674|0
1409704694|0
1409704714|0
1409704734|0
1409704754|0
1409704775|0
1409704795|0
1409704815|0
1409704835|0
1409704855|0
1409704875|0
1409704895|0
1409704915|0
1409704935|0
1409704955|0
1409704976|0
1409704996|0
1409705016|0
1409705036|0
1409705057|0
1409705077|0
1409705097|0
1409705117|0
1409705137|0
1409705157|0
1409705177|0
1409705197|0
1409705217|0
1409705237|0
1409705258|0
1409705278|0
1409705298|0
1409705318|0
1409705338|0
1409705358|0
1409705378|0
1409705398|0
1409705418|0
1409705438|0
1409705458|0
1409705479|0
1409705499|0
1409705519|0
1409705539|0
1409705559|0
1409705579|0
1409705599|0
1409705620|0
1409705640|0
1409705660|0
1409705680|0
1409705700|0
1409705720|0
1409705740|0
1409705761|0
1409705781|0
1409705801|0
1409705821|0
1409705841|0
1409705861|0
1409705881|0
1409705901|0
1409705921|0
1409705941|0
1409705962|0
1409705982|0
1409706002|0
1409706022|0
1409706042|0
1409706062|0
1409706082|0
1409706102|0
1409706122|0
1409706142|0
1409706163|0
1409706183|0
1409706203|0
1409706223|0
1409706243|0
1409706263|0
1409706284|0
1409706304|0
1409706324|0
1409706344|0
1409706364|0
1409706384|0
1409706404|0
1409706425|0
1409706445|0
1409706465|0
1409706485|0
1409706505|0
1409706526|0
1409706546|0
1409706566|0
1409706586|0
1409706606|0
1409706626|0
1409706646|0
1409706667|0
1409706687|0
1409706707|0
1409706727|0
1409706747|0
1409706767|0
1409706787|0
1409706807|0
1409706827|0
1409706847|0
1409706867|0
1409706888|0
1409706908|0
1409706928|0
1409706948|0
1409706968|0
1409706988|0
1409707009|0
1409707029|0
1409707049|0
1409707069|0
1409707089|0
1409707109|0
1409707129|0
1409707149|0
1409707170|0
1409707190|0
1409707210|0
1409707230|0
1409707250|0
1409707270|0
1409707290|0
1409707310|0
1409707330|0
1409707350|0
1409707371|0
1409707391|0
1409707411|0
1409707431|0
1409707451|0
1409707471|0
1409707491|0
1409707511|0
1409707531|0
1409707551|0
1409707572|0
1409707592|0
1409707612|0
1409707632|0
1409707652|0
1409707673|0
1409707693|0
1409707713|0
1409707733|0
1409707753|0
1409707773|0
1409707794|0
1409707814|0
1409707834|0
1409707854|0
1409707874|0
1409707894|0
1409707914|0
1409707934|0
1409707954|0
1409707974|0
1409707994|0
1409708015|0
1409708035|0
1409708055|0
1409708075|0
1409708096|0
1409708116|0
1409708137|0
1409708157|0
1409708177|0
1409708197|0
1409708217|0
1409708237|0
1409708257|0
1409708277|0
1409708297|0
1409708318|0
1409708338|0
1409708358|0
1409708378|0
1409708398|0
1409708418|0
1409708438|0
1409708459|0
1409708479|0
1409708499|0
1409708519|0
1409708539|0
1409708559|0
1409708580|0
1409708600|0
1409708620|0
1409708640|0
1409708660|0
1409708680|0
1409708700|0
1409708720|0
1409708741|0
1409708761|0
1409708781|0
1409708801|0
1409708821|0
1409708841|0
1409708862|0
1409708882|0
1409708902|0
1409708922|0
1409708942|0
1409708963|0
1409708983|0
1409709003|0
1409709023|0
1409709043|0
1409709063|0
1409709083|0
1409709103|0
1409709123|0
1409709143|0
1409709164|0
1409709184|0
1409709204|0
1409709224|0
1409709245|0
1409709265|0
1409709285|0
1409709305|0
1409709326|0
1409709346|0
1409709366|0
1409709386|0
1409709406|0
1409709427|0
1409709447|0
1409709467|0
1409709487|0
1409709507|0
1409709527|0
1409709547|0
1409709567|0
1409709588|0
1409709608|0
1409709628|0
1409709648|0
1409709668|0
1409709688|0
1409709708|0
1409709728|0
1409709748|0
1409709768|0
1409709788|0
1409709809|0
1409709829|0
1409709849|0
1409709869|0
1409709889|0
1409709909|0
1409709929|0
1409709950|0
1409709970|0
1409709990|0
1409710010|0
1409710030|0
1409710050|0
1409710071|0
1409710091|0
1409710111|0
1409710132|0
1409710152|0
1409710172|0
1409710192|0
1409710212|0
1409710232|0
1409710252|0
1409710272|0
1409710292|0
1409710313|0
1409710333|0
1409710353|0
1409710373|0
1409710393|0
1409710413|0
1409710433|0
1409710453|0
1409710473|0
1409710493|0
1409710514|0
1409710534|0
1409710554|0
1409710574|0
1409710594|0
1409710614|0
1409710634|0
1409710654|0
1409710675|0
1409710695|0
1409710715|0
1409710735|0
1409710755|0
1409710776|0
1409710797|0
1409710817|0
1409710837|0
1409710857|0
1409710877|0
1409710897|0
1409710917|0
1409710937|0
1409710958|0
1409710978|0
1409710998|0
1409711018|0
1409711038|0
1409711058|0
1409711078|0
1409711098|0
1409711118|0
1409711138|0
1409711159|0
1409711179|0
1409711199|0
1409711219|0
1409711239|0
1409711259|0
1409711279|0
1409711299|0
1409711319|0
1409711339|0
1409711359|0
1409711380|0
1409711400|0
1409711420|0
1409711440|0
1409711461|0
1409711481|0
1409711501|0
1409711521|0
1409711541|0
1409711561|0
1409711581|0
1409711602|0
1409711622|0
1409711642|0
1409711662|0
1409711682|0
1409711702|0
1409711722|0
1409711742|0
1409711762|0
1409711783|0
1409711803|0
1409711823|0
1409711843|0
1409711863|0
1409711883|0
1409711904|0
1409711924|0
1409711944|0
1409711964|0
1409711984|0
1409712004|0
1409712024|0
1409712044|0
1409712064|0
1409712084|0
1409712105|0
1409712125|0
1409712145|0
1409712165|0
1409712185|0
1409712206|0
1409712226|0
1409712246|0
1409712266|0
1409712287|0
1409712307|0
1409712327|0
1409712347|0
1409712367|0
1409712388|0
1409712408|0
1409712428|0
1409712448|0
1409712468|0
1409712488|0
1409712508|0
1409712528|0
1409712548|0
1409712568|0
1409712589|0
1409712609|0
1409712629|0
1409712649|0
1409712669|0
1409712689|0
1409712709|0
1409712729|0
1409712749|0
1409712769|0
1409712790|0
1409712810|0
1409712830|0
1409712850|0
1409712870|0
1409712891|0
1409712911|0
1409712931|0
1409712951|0
1409712971|0
1409712991|0
1409713011|0
1409713031|0
1409713052|0
1409713072|0
1409713092|0
1409713112|0
1409713132|0
1409713153|0
1409713173|0
1409713193|0
1409713213|0
1409713233|0
1409713253|0
1409713273|0
1409713293|0
1409713313|0
1409713333|0
1409713354|0
1409713374|0
1409713394|0
1409713414|0
1409713434|0
1409713454|0
1409713474|0
1409713494|0
1409713514|0
1409713535|0
1409713555|0
1409713575|0
1409713595|0
1409713615|0
1409713636|0
1409713656|0
1409713676|0
1409713696|0
1409713716|0
1409713736|0
1409713756|0
1409713776|0
1409713796|0
1409713816|0
1409713837|0
1409713857|0
1409713877|0
1409713897|0
1409713917|0
1409713938|0
1409713958|0
1409713978|0
1409713998|0
1409714018|0
1409714038|0
1409714058|0
1409714078|0
1409714098|0
1409714118|0
1409714139|0
1409714159|0
1409714179|0
1409714199|0
1409714219|0
1409714239|0
1409714259|0
1409714280|0
1409714300|0
1409714320|0
1409714341|0
1409714361|0
1409714381|0
1409714401|0
1409714421|0
1409714442|0
1409714462|0
1409714482|0
1409714502|0
1409714522|0
1409714542|0
1409714562|0
1409714582|0
1409714602|0
1409714622|0
1409714643|0
1409714663|0
1409714683|0
1409714703|0
1409714723|0
1409714743|0
1409714763|0
1409714783|0
1409714803|0
1409714823|0
1409714844|0
1409714864|0
1409714884|0
1409714904|0
1409714924|0
1409714944|0
1409714965|0
1409714985|0
1409715005|0
1409715027|0
1409715048|0
1409715068|0
1409715088|0
1409715108|0
1409715128|0
1409715148|0
1409715169|0
1409715189|0
1409715209|0
1409715229|0
1409715249|0
1409715269|0
1409715289|0
1409715309|0
1409715329|0
1409715349|0
1409715370|0
1409715390|0
1409715410|0
1409715430|0
1409715450|0
1409715470|0
1409715490|0
1409715511|0
1409715531|0
1409715551|0
1409715571|0
1409715591|0
1409715611|0
1409715631|0
1409715652|0
1409715672|0
1409715692|0
1409715712|0
1409715732|0
1409715752|0
1409715773|0
1409715793|0
1409715813|0
1409715833|0
1409715853|0
1409715873|0
1409715894|0
1409715914|0
1409715934|0
1409715954|0
1409715974|0
1409715994|0
1409716014|0
1409716034|0
1409716054|0
1409716074|0
1409716095|0
1409716115|0
1409716135|0
1409716155|0
1409716175|0
1409716195|0
1409716215|0
1409716235|0
1409716255|0
1409716275|0
1409716296|0
1409716316|0
1409716336|0
1409716356|0
1409716376|0
1409716397|0
1409716417|0
1409716437|0
1409716457|0
1409716477|0
1409716497|0
1409716518|0
1409716538|0
1409716558|0
1409716578|0
1409716598|0
1409716618|0
1409716638|0
1409716659|0
1409716679|0
1409716699|0
1409716719|0
1409716739|0
1409716759|0
1409716779|0
1409716799|0
1409716819|0
1409716839|0
1409716860|0
1409716880|0
1409716900|0
1409716920|0
1409716940|0
1409716960|0
1409716980|0
1409717001|0
1409717021|0
1409717041|0
1409717061|0
1409717081|0
1409717101|0
1409717122|0
1409717142|0
1409717162|0
1409717182|0
1409717202|0
1409717222|0
1409717243|0
1409717263|0
1409717283|0
1409717303|0
1409717323|0
1409717343|0
1409717363|0
1409717384|0
1409717404|0
1409717424|0
1409717444|0
1409717464|0
1409717484|0
1409717504|0
1409717524|0
1409717545|0
1409717565|0
1409717585|0
1409717605|0
1409717625|0
1409717645|0
1409717665|0
1409717685|0
1409717705|0
1409717725|0
1409717746|0
1409717766|0
1409717786|0
1409717806|0
1409717826|0
1409717846|0
1409717866|0
1409717886|0
1409717907|0
1409717927|0
1409717947|0
1409717967|0
1409717987|0
1409718007|0
1409718028|0
1409718048|0
1409718068|0
1409718088|0
1409718108|0
1409718128|0
1409718148|0
1409718168|0
1409718188|0
1409718208|0
1409718229|0
1409718249|0
1409718269|0
1409718289|0
1409718309|0
1409718329|0
1409718349|0
1409718369|0
1409718389|0
1409718409|0
1409718429|0
1409718450|0
1409718470|0
1409718490|0
1409718510|0
1409718530|0
1409718552|0
1409718572|0
1409718592|0
1409718612|0
1409718633|0
1409718653|0
1409718673|0
1409718693|0
1409718714|0
1409718734|0
1409718754|0
1409718774|0
1409718794|0
1409718814|0
1409718834|0
1409718854|0
1409718874|0
1409718894|0
1409718915|0
1409718935|0
1409718955|0
1409718975|0
1409718995|0
1409719015|0
1409719036|0
1409719056|0
1409719077|0
1409719097|0
1409719117|0
1409719137|0
1409719157|0
1409719177|0
1409719198|0
1409719218|0
1409719238|0
1409719258|0
1409719278|0
1409719298|0
1409719318|0
1409719338|0
1409719358|0
1409719378|0
1409719399|0
1409719419|0
1409719439|0
1409719459|0
1409719479|0
1409719500|0
1409719520|0
1409719540|0
1409719560|0
1409719580|0
1409719600|0
1409719620|0
1409719642|0
1409719662|0
1409719682|0
1409719702|0
1409719722|0
1409719743|0
1409719763|0
1409719783|0
1409719803|0
1409719823|0
1409719843|0
1409719863|0
1409719883|0
1409719903|0
1409719923|0
1409719944|0
1409719964|0
1409719984|0
1409720004|0
1409720024|0
1409720044|0
1409720064|0
1409720084|0
1409720104|0
1409720124|0
1409720145|0
1409720165|0
1409720185|0
1409720205|0
1409720225|0
1409720246|0
1409720266|0
1409720286|0
1409720307|0
1409720327|0
1409720347|0
1409720367|0
1409720387|0
1409720407|0
1409720427|0
1409720447|0
1409720468|0
1409720488|0
1409720508|0
1409720528|0
1409720548|0
1409720568|0
1409720588|0
1409720608|0
1409720628|0
1409720648|0
1409720669|0
1409720689|0
1409720709|0
1409720729|0
1409720749|0
1409720769|0
1409720789|0
1409720809|0
1409720829|0
1409720849|0
1409720870|0
1409720890|0
1409720910|0
1409720930|0
1409720950|0
1409720971|0
1409720991|0
1409721011|0
1409721031|0
1409721051|0
1409721071|0
1409721091|0
1409721111|0
1409721132|0
1409721152|0
1409721172|0
1409721192|0
1409721212|0
1409721232|0
1409721252|0
1409721272|0
1409721292|0
1409721312|0
1409721333|0
1409721353|0
1409721373|0
1409721393|0
1409721413|0
1409721433|0
1409721453|0
1409721473|0
1409721493|0
1409721513|0
1409721534|0
1409721554|0
1409721574|0
1409721594|0
1409721614|0
1409721635|0
1409721655|0
1409721675|0
1409721696|0
1409721717|0
1409721737|0
1409721757|0
1409721777|0
1409721797|0
1409721817|0
1409721837|0
1409721857|0
1409721877|0
1409721897|0
1409721918|0
1409721938|0
1409721958|0
1409721978|0
1409721998|0
1409722018|0
1409722038|0
1409722058|0
1409722078|0
1409722098|0
1409722118|0
1409722139|0
1409722159|0
1409722179|0
1409722199|0
1409722219|0
1409722239|0
1409722259|0
1409722279|0
1409722300|0
1409722320|0
1409722340|0
1409722360|0
1409722381|0
1409722401|0
1409722422|0
1409722442|0
1409722462|0
1409722482|0
1409722502|0
1409722522|0
1409722542|0
1409722563|0
1409722583|0
1409722603|0
1409722623|0
1409722643|0
1409722663|0
1409722683|0
1409722703|0
1409722723|0
1409722743|0
1409722764|0
1409722784|0
1409722804|0
1409722824|0
1409722844|0
1409722864|0
1409722884|0
1409722904|0
1409722924|0
1409722944|0
1409722965|0
1409722985|0
1409723005|0
1409723025|0
1409723046|0
1409723066|0
1409723087|0
1409723107|0
1409723127|0
1409723147|0
1409723167|0
1409723187|0
1409723207|0
1409723228|0
1409723248|0
1409723268|0
1409723288|0
1409723309|0
1409723329|0
1409723349|0
1409723369|0
1409723389|0
1409723409|0
1409723429|0
1409723449|0
1409723469|0
1409723489|0
1409723510|0
1409723530|0
1409723550|0
1409723570|0
1409723591|0
1409723611|0
1409723631|0
1409723651|0
1409723671|0
1409723691|0
1409723711|0
1409723732|0
1409723752|0
1409723772|0
1409723792|0
1409723812|0
1409723832|0
1409723852|0
1409723873|0
1409723893|0
1409723913|0
1409723933|0
1409723954|0
1409723974|0
1409723994|0
1409724014|0
1409724034|0
1409724054|0
1409724074|0
1409724094|0
1409724114|0
1409724134|0
1409724155|0
1409724175|0
1409724195|0
1409724215|0
1409724235|0
1409724255|0
1409724275|0
1409724295|0
1409724315|0
1409724335|0
1409724356|0
1409724376|0
1409724396|0
1409724417|0
1409724437|0
1409724457|0
1409724477|0
1409724497|0
1409724517|0
1409724537|0
1409724557|0
1409724577|0
1409724598|0
1409724618|0
1409724638|0
1409724658|0
1409724678|0
1409724699|0
1409724719|0
1409724739|0
1409724759|0
1409724779|0
1409724799|0
1409724819|0
1409724839|0
1409724859|0
1409724879|0
1409724900|0
1409724920|0
1409724941|0
1409724961|0
1409724981|0
1409725001|0
1409725021|0
1409725041|0
1409725063|0
1409725083|0
1409725103|0
1409725123|0
1409725143|0
1409725164|0
1409725184|0
1409725204|0
1409725224|0
1409725244|0
1409725264|0
1409725284|0
1409725304|0
1409725324|0
1409725344|0
1409725365|0
1409725385|0
1409725405|0
1409725425|0
1409725445|0
1409725465|0
1409725485|0
1409725506|0
1409725526|0
1409725547|0
1409725567|0
1409725588|0
1409725608|0
1409725628|0
1409725648|0
1409725668|0
1409725688|0
1409725709|0
1409725729|0
1409725749|0
1409725769|0
1409725789|0
1409725809|0
1409725829|0
1409725849|0
1409725869|0
1409725889|0
1409725910|0
1409725930|0
1409725950|0
1409725970|0
1409725990|0
1409726010|0
1409726030|0
1409726050|0
1409726070|0
1409726090|0
1409726111|0
1409726131|0
1409726151|0
1409726171|0
1409726191|0
1409726211|0
1409726231|0
1409726252|0
1409726272|0
1409726292|0
1409726312|0
1409726332|0
1409726352|0
1409726372|0
1409726393|0
1409726413|0
1409726433|0
1409726453|0
1409726473|0
1409726493|0
1409726513|0
1409726533|0
1409726553|0
1409726573|0
1409726593|0
1409726614|0
1409726634|0
1409726654|0
1409726674|0
1409726694|0
1409726714|0
1409726734|0
1409726754|0
1409726774|0
1409726794|0
1409726815|0
1409726835|0
1409726855|0
1409726875|0
1409726895|0
1409726916|0
1409726936|0
1409726956|0
1409726976|0
1409726996|0
1409727016|0
1409727036|0
1409727056|0
1409727077|0
1409727097|0
1409727117|0
1409727137|0
1409727157|0
1409727177|0
1409727197|0
1409727217|0
1409727237|0
1409727257|0
1409727278|0
1409727298|0
1409727318|0
1409727338|0
1409727358|0
1409727378|0
1409727398|0
1409727418|0
1409727438|0
1409727458|0
1409727479|0
1409727499|0
1409727519|0
1409727539|0
1409727559|0
1409727579|0
1409727600|0
1409727620|0
1409727640|0
1409727660|0
1409727680|0
1409727700|0
1409727720|0
1409727741|0
1409727761|0
1409727781|0
1409727801|0
1409727821|0
1409727841|0
1409727861|0
1409727881|0
1409727901|0
1409727921|0
1409727942|0
1409727962|0
1409727982|0
1409728002|0
1409728022|0
1409728042|0
1409728063|0
1409728083|0
1409728103|0
1409728123|0
1409728143|0
1409728163|0
1409728183|0
1409728203|0
1409728223|0
1409728243|0
1409728264|0
1409728284|0
1409728304|0
1409728324|0
1409728344|0
1409728365|0
1409728385|0
1409728405|0
1409728425|0
1409728445|0
1409728465|0
1409728485|0
1409728505|0
1409728525|0
1409728545|0
1409728566|0
1409728586|0
1409728606|0
1409728627|0
1409728648|0
1409728668|0
1409728688|0
1409728708|0
1409728728|0
1409728749|0
1409728769|0
1409728789|0
1409728809|0
1409728829|0
1409728849|0
1409728869|0
1409728889|0
1409728909|0
1409728929|0
1409728950|0
1409728970|0
1409728990|0
1409729010|0
1409729030|0
1409729050|0
1409729070|0
1409729090|0
1409729111|0
1409729131|0
1409729151|0
1409729172|0
1409729192|0
1409729212|0
1409729232|0
1409729252|0
1409729272|0
1409729292|0
1409729312|0
1409729332|0
1409729353|0
1409729373|0
1409729393|0
1409729413|0
1409729433|0
1409729453|0
1409729473|0
1409729493|0
1409729513|0
1409729533|0
1409729554|0
1409729574|0
1409729594|0
1409729614|0
1409729634|0
1409729654|0
1409729674|0
1409729694|0
1409729714|0
1409729734|0
1409729755|0
1409729775|0
1409729795|0
1409729815|0
1409729836|0
1409729856|0
1409729876|0
1409729896|0
1409729916|0
1409729936|0
1409729956|0
1409729976|0
1409729996|0
1409730016|0
1409730037|0
1409730057|0
1409730077|0
1409730097|0
1409730117|0
1409730137|0
1409730157|0
1409730177|0
1409730198|0
1409730218|0
1409730238|0
1409730258|0
1409730278|0
1409730298|0
1409730318|0
1409730338|0
1409730358|0
1409730378|0
1409730399|0
1409730419|0
1409730439|0
1409730459|0
1409730479|0
1409730500|0
1409730520|0
1409730540|0
1409730560|0
1409730580|0
1409730600|0
1409730620|0
1409730640|0
1409730660|0
1409730681|0
1409730701|0
1409730721|0
1409730741|0
1409730761|0
1409730783|0
1409730803|0
1409730823|0
1409730843|0
1409730864|0
1409730884|0
1409730904|0
1409730924|0
1409730944|0
1409730964|0
1409730984|0
1409731004|0
1409731024|0
1409731044|0
1409731064|0
1409731085|0
1409731105|0
1409731125|0
1409731145|0
1409731165|0
1409731185|0
1409731205|0
1409731225|0
1409731245|0
1409731265|0
1409731286|0
1409731306|0
1409731326|0
1409731346|0
1409731367|0
1409731387|0
1409731407|0
1409731427|0
1409731447|0
1409731467|0
1409731487|0
1409731507|0
1409731528|0
1409731548|0
1409731568|0
1409731588|0
1409731608|0
1409731628|0
1409731648|0
1409731668|0
1409731688|0
1409731708|0
1409731728|0
1409731749|0
1409731769|0
1409731789|0
1409731809|0
1409731829|0
1409731849|0
1409731869|0
1409731889|0
1409731909|0
1409731929|0
1409731950|0
1409731970|0
1409731990|0
1409732010|0
1409732031|0
1409732051|0
1409732071|0
1409732091|0
1409732111|0
1409732131|0
1409732152|0
1409732172|0
1409732192|0
1409732212|0
1409732232|0
1409732252|0
1409732273|0
1409732293|0
1409732313|0
1409732333|0
1409732353|0
1409732374|0
1409732394|0
1409732414|0
1409732434|0
1409732454|0
1409732474|0
1409732494|0
1409732514|0
1409732534|0
1409732554|0
1409732575|0
1409732595|0
1409732615|0
1409732635|0
1409732655|0
1409732675|0
1409732695|0
1409732715|0
1409732735|0
1409732756|0
1409732776|0
1409732796|0
1409732816|0
1409732836|0
1409732857|0
1409732877|0
1409732897|0
1409732917|0
1409732937|0
1409732957|0
1409732977|0
1409732997|0
1409733017|0
1409733037|0
1409733058|0
1409733078|0
1409733098|0
1409733118|0
1409733138|0
1409733158|0
1409733178|0
1409733198|0
1409733218|0
1409733238|0
1409733259|0
1409733279|0
1409733299|0
1409733319|0
1409733339|0
1409733359|0
1409733379|0
1409733399|0
1409733419|0
1409733440|0
1409733460|0
1409733480|0
1409733500|0
1409733520|0
1409733541|0
1409733561|0
1409733581|0
1409733601|0
1409733621|0
1409733641|0
1409733661|0
1409733682|0
1409733702|0
1409733723|0
1409733743|0
1409733763|0
1409733783|0
1409733803|0
1409733823|0
1409733843|0
1409733863|0
1409733883|0
1409733904|0
1409733924|0
1409733944|0
1409733964|0
1409733984|0
1409734004|0
1409734024|0
1409734044|0
1409734064|0
1409734084|0
1409734105|0
1409734125|0
1409734145|0
1409734165|0
1409734185|0
1409734205|0
1409734226|0
1409734246|0
1409734266|0
1409734286|0
1409734306|0
1409734326|0
1409734346|0
1409734367|0
1409734387|0
1409734407|0
1409734428|0
1409734448|0
1409734468|0
1409734488|0
1409734508|0
1409734528|0
1409734548|0
1409734568|0
1409734588|0
1409734608|0
1409734628|0
1409734649|0
1409734669|0
1409734689|0
1409734709|0
1409734729|0
1409734749|0
1409734769|0
1409734789|0
1409734809|0
1409734829|0
1409734850|0
1409734870|0
1409734890|0
1409734910|0
1409734930|0
1409734950|0
1409734971|0
1409734991|0
1409735011|0
1409735031|0
1409735052|0
1409735072|0
1409735093|0
1409735113|0
1409735133|0
1409735153|0
1409735173|0
1409735193|0
1409735213|0
1409735233|0
1409735253|0
1409735273|0
1409735294|0
1409735314|0
1409735334|0
1409735354|0
1409735374|0
1409735394|0
1409735414|0
1409735434|0
1409735454|0
1409735474|0
1409735495|0
1409735515|0
1409735535|0
1409735555|0
1409735575|0
1409735595|0
1409735615|0
1409735635|0
1409735656|0
1409735676|0
1409735698|0
1409735718|0
1409735739|0
1409735759|0
1409735779|0
1409735799|0
1409735819|0
1409735839|0
1409735859|0
1409735879|0
1409735900|0
1409735920|0
1409735940|0
1409735960|0
1409735980|0
1409736000|0
1409736020|0
1409736041|0
1409736061|0
1409736081|0
1409736101|0
1409736121|0
1409736141|0
1409736161|0
1409736181|0
1409736201|0
1409736221|0
1409736242|0
1409736262|0
1409736282|0
1409736302|0
1409736322|0
1409736342|0
1409736362|0
1409736382|0
1409736403|0
1409736423|0
1409736443|0
1409736463|0
1409736483|0
1409736503|0
1409736524|0
1409736544|0
1409736564|0
1409736584|0
1409736604|0
1409736624|0
1409736644|0
1409736664|0
1409736684|0
1409736704|0
1409736725|0
1409736745|0
1409736765|0
1409736785|0
1409736805|0
1409736826|0
1409736846|0
1409736866|0
1409736886|0
1409736907|0
1409736927|0
1409736947|0
1409736967|0
1409736987|0
1409737007|0
1409737027|0
1409737048|0
1409737068|0
1409737088|0
1409737108|0
1409737128|0
1409737148|0
1409737168|0
1409737188|0
1409737209|0
1409737229|0
1409737249|0
1409737269|0
1409737289|0
1409737309|0
1409737329|0
1409737350|0
1409737370|0
1409737390|0
1409737410|0
1409737430|0
1409737450|0
1409737470|0
1409737490|0
1409737510|0
1409737530|0
1409737551|0
1409737571|0
1409737591|0
1409737611|0
1409737633|0
1409737653|0
1409737673|0
1409737693|0
1409737713|0
1409737733|0
1409737753|0
1409737773|0
1409737794|0
1409737814|0
1409737834|0
1409737854|0
1409737874|0
1409737894|0
1409737914|0
1409737934|0
1409737954|0
1409737975|0
1409737995|0
1409738015|0
1409738035|0
1409738056|0
1409738076|0
1409738096|0
1409738116|0
1409738136|0
1409738156|0
1409738176|0
1409738196|0
1409738216|0
1409738237|0
1409738257|0
1409738277|0
1409738298|0
1409738318|0
1409738338|0
1409738358|0
1409738378|0
1409738398|0
1409738418|0
1409738438|0
1409738458|0
1409738479|0
1409738499|0
1409738519|0
1409738539|0
1409738559|0
1409738579|0
1409738599|0
1409738619|0
1409738639|0
1409738659|0
1409738680|0
1409738700|0
1409738720|0
1409738740|0
1409738760|0
1409738781|0
1409738801|0
1409738821|0
1409738841|0
1409738861|0
1409738881|0
1409738902|0
1409738922|0
1409738942|0
1409738962|0
1409738982|0
1409739002|0
1409739022|0
1409739042|0
1409739063|0
1409739083|0
1409739103|0
1409739123|0
1409739143|0
1409739163|0
1409739183|0
1409739203|0
1409739224|0
1409739244|0
1409739264|0
1409739284|0
1409739304|0
1409739324|0
1409739344|0
1409739364|0
1409739384|0
1409739404|0
1409739425|0
1409739445|0
1409739465|0
1409739485|0
1409739506|0
1409739526|0
1409739546|0
1409739566|0
1409739586|0
1409739606|0
1409739626|0
1409739646|0
1409739666|0
1409739686|0
1409739707|0
1409739727|0
1409739747|0
1409739767|0
1409739787|0
1409739807|0
1409739827|0
1409739847|0
1409739868|0
1409739888|0
1409739908|0
1409739928|0
1409739948|0
1409739969|0
1409739989|0
1409740009|0
1409740029|0
1409740049|0
1409740069|0
1409740089|0
1409740110|0
1409740130|0
1409740150|0
1409740170|0
1409740190|0
1409740210|0
1409740231|0
1409740251|0
1409740271|0
1409740291|0
1409740311|0
1409740331|0
1409740351|0
1409740372|0
1409740392|0
1409740412|0
1409740432|0
1409740452|0
1409740472|0
1409740492|0
1409740512|0
1409740532|0
1409740553|0
1409740573|0
1409740593|0
1409740613|0
1409740633|0
1409740654|0
1409740674|0
1409740694|0
1409740714|0
1409740734|0
1409740754|0
1409740774|0
1409740794|0
1409740814|0
1409740834|0
1409740855|0
1409740875|0
1409740895|0
1409740915|0
1409740935|0
1409740955|0
1409740976|0
1409740996|0
1409741016|0
1409741036|0
1409741056|0
1409741076|0
1409741096|0
1409741116|0
1409741136|0
1409741157|0
1409741177|0
1409741197|0
1409741217|0
1409741237|0
1409741257|0
1409741277|0
1409741297|0
1409741318|0
1409741338|0
1409741358|0
1409741378|0
1409741398|0
1409741419|0
1409741439|0
1409741459|0
1409741479|0
1409741499|0
1409741519|0
1409741539|0
1409741559|0
1409741579|0
1409741599|0
1409741620|0
1409741640|0
1409741660|0
1409741680|0
1409741701|0
1409741721|0
1409741741|0
1409741761|0
1409741781|0
1409741801|0
1409741821|0
1409741841|0
1409741861|0
1409741881|0
1409741901|0
1409741922|0
1409741942|0
1409741962|0
1409741982|0
1409742002|0
1409742022|0
1409742042|0
1409742062|0
1409742083|0
1409742103|0
1409742124|0
1409742144|0
1409742164|0
1409742184|0
1409742204|0
1409742224|0
1409742245|0
1409742265|0
1409742285|0
1409742305|0
1409742325|0
1409742345|0
1409742365|0
1409742385|0
1409742405|0
1409742426|0
1409742446|0
1409742466|0
1409742486|0
1409742507|0
1409742527|0
1409742547|0
1409742567|0
1409742587|0
1409742607|0
1409742627|0
1409742647|0
1409742667|0
1409742688|0
1409742708|0
1409742728|0
1409742748|0
1409742768|0
1409742789|0
1409742809|0
1409742829|0
1409742849|0
1409742869|0
1409742889|0
1409742909|0
1409742929|0
1409742949|0
1409742969|0
1409742990|0
1409743010|0
1409743030|0
1409743050|0
1409743070|0
1409743090|0
1409743110|0
1409743130|0
1409743151|0
1409743171|0
1409743191|0
1409743211|0
1409743232|0
1409743252|0
1409743272|0
1409743292|0
1409743312|0
1409743332|0
1409743352|0
1409743372|0
1409743392|0
1409743414|0
1409743434|0
1409743455|0
1409743475|0
1409743495|0
1409743515|0
1409743535|0
1409743555|0
1409743575|0
1409743595|0
1409743615|0
1409743635|0
1409743656|0
1409743676|0
1409743696|0
1409743716|0
1409743736|0
1409743756|0
1409743776|0
1409743796|0
1409743816|0
1409743836|0
1409743857|0
1409743877|0
1409743897|0
1409743917|0
1409743937|0
1409743957|0
1409743977|0
1409743997|0
1409744018|0
1409744038|0
1409744058|0
1409744079|0
1409744099|0
1409744119|0
1409744139|0
1409744160|0
1409744180|0
1409744200|0
1409744220|0
1409744240|0
1409744260|0
1409744280|0
1409744300|0
1409744320|0
1409744340|0
1409744361|0
1409744381|0
1409744401|0
1409744421|0
1409744441|0
1409744461|0
1409744481|0
1409744501|0
1409744521|0
1409744541|0
1409744562|0
1409744582|0
1409744602|0
1409744622|0
1409744642|0
1409744662|0
1409744682|0
1409744702|0
1409744722|0
1409744743|0
1409744763|0
1409744783|0
1409744803|0
1409744824|0
1409744844|0
1409744864|0
1409744885|0
1409744905|0
1409744925|0
1409744945|0
1409744965|0
1409744985|0
1409745005|0
1409745025|0
1409745045|0
1409745066|0
1409745086|0
1409745106|0
1409745126|0
1409745146|0
1409745166|0
1409745186|0
1409745206|0
1409745226|0
1409745246|0
1409745267|0
1409745287|0
1409745307|0
1409745327|0
1409745347|0
1409745367|0
1409745387|0
1409745407|0
1409745427|0
1409745447|0
1409745468|0
1409745488|0
1409745508|0
1409745528|0
1409745548|0
1409745569|0
1409745589|0
1409745609|0
1409745629|0
1409745649|0
1409745669|0
1409745689|0
1409745709|0
1409745730|0
1409745750|0
1409745770|0
1409745790|0
1409745810|0
1409745830|0
1409745850|0
1409745870|0
1409745890|0
1409745910|0
1409745931|0
1409745951|0
1409745971|0
1409745991|0
1409746011|0
1409746031|0
1409746051|0
1409746071|0
1409746091|0
1409746111|0
1409746131|0
1409746152|0
1409746172|0
1409746192|0
1409746212|0
1409746233|0
1409746254|0
1409746275|0
1409746295|0
1409746315|0
1409746335|0
1409746355|0
1409746375|0
1409746395|0
1409746415|0
1409746436|0
1409746456|0
1409746476|0
1409746496|0
1409746516|0
1409746536|0
1409746556|0
1409746576|0
1409746596|0
1409746616|0
1409746637|0
1409746657|0
1409746677|0
1409746697|0
1409746717|0
1409746737|0
1409746757|0
1409746777|0
1409746797|0
1409746819|0
1409746839|0
1409746859|0
1409746879|0
1409746899|0
1409746919|0
1409746939|0
1409746959|0
1409746980|0
1409747000|0
1409747020|0
1409747040|0
1409747061|0
1409747081|0
1409747101|0
1409747121|0
1409747141|0
1409747161|0
1409747181|0
1409747201|0
1409747221|0
1409747242|0
1409747262|0
1409747282|0
1409747302|0
1409747322|0
1409747342|0
1409747362|0
1409747382|0
1409747402|0
1409747422|0
1409747442|0
1409747463|0
1409747483|0
1409747503|0
1409747523|0
1409747543|0
1409747563|0
1409747583|0
1409747603|0
1409747624|0
1409747644|0
1409747664|0
1409747684|0
1409747704|0
1409747724|0
1409747745|0
1409747765|0
1409747785|0
1409747805|0
1409747826|0
1409747846|0
1409747866|0
1409747886|0
1409747906|0
1409747926|0
1409747946|0
1409747966|0
1409747986|0
1409748006|0
1409748027|0
1409748047|0
1409748067|0
1409748087|0
1409748107|0
1409748127|0
1409748147|0
1409748167|0
1409748187|0
1409748207|0
1409748227|0
1409748248|0
1409748268|0
1409748288|0
1409748308|0
1409748328|0
1409748348|0
1409748368|0
1409748388|0
1409748409|0
1409748429|0
1409748449|0
1409748469|0
1409748489|0
1409748510|0
1409748530|0
1409748550|0
1409748570|0
1409748590|0
1409748610|0
1409748630|0
1409748650|0
1409748670|0
1409748690|0
1409748711|0
1409748731|0
1409748751|0
1409748771|0
1409748791|0
1409748811|0
1409748831|0
1409748851|0
1409748871|0
1409748891|0
1409748911|0
1409748932|0
1409748952|0
1409748972|0
1409748992|0
1409749012|0
1409749032|0
1409749052|0
1409749073|0
1409749093|0
1409749113|0
1409749133|0
1409749153|0
1409749173|0
1409749193|0
1409749214|0
1409749234|0
1409749254|0
1409749274|0
1409749294|0
1409749314|0
1409749334|0
1409749354|0
1409749374|0
1409749394|0
1409749414|0
1409749435|0
1409749455|0
1409749475|0
1409749495|0
1409749515|0
1409749535|0
1409749555|0
1409749575|0
1409749595|0
1409749616|0
1409749636|0
1409749656|0
1409749677|0
1409749697|0
1409749717|0
1409749737|0
1409749757|0
1409749777|0
1409749798|0
1409749818|0
1409749839|0
1409749859|0
1409749879|0
1409749899|0
1409749919|0
1409749939|0
1409749959|0
1409749980|0
1409750000|0
1409750020|0
1409750040|0
1409750060|0
1409750080|0
1409750100|0
1409750120|0
1409750140|0
1409750160|0
1409750181|0
1409750201|0
1409750221|0
1409750241|0
1409750261|0
1409750281|0
1409750301|0
1409750321|0
1409750341|0
1409750361|0
1409750381|0
1409750402|0
1409750422|0
1409750442|0
1409750462|0
1409750482|0
1409750503|0
1409750523|0
1409750543|0
1409750563|0
1409750584|0
1409750604|0
1409750624|0
1409750644|0
1409750664|0
1409750684|0
1409750704|0
1409750725|0
1409750745|0
1409750765|0
1409750785|0
1409750805|0
1409750825|0
1409750845|0
1409750865|0
1409750885|0
1409750905|0
1409750926|0
1409750946|0
1409750966|0
1409750986|0
1409751006|0
1409751026|0
1409751046|0
1409751066|0
1409751086|0
1409751106|0
1409751127|0
1409751147|0
1409751167|0
1409751187|0
1409751208|0
1409751228|0
1409751248|0
1409751268|0
1409751288|0
1409751309|0
1409751329|0
1409751349|0
1409751369|0
1409751389|0
1409751409|0
1409751429|0
1409751449|0
1409751469|0
1409751489|0
1409751510|0
1409751530|0
1409751550|0
1409751570|0
1409751590|0
1409751610|0
1409751630|0
1409751650|0
1409751670|0
1409751690|0
1409751710|0
1409751731|0
1409751751|0
1409751771|0
1409751791|0
1409751811|0
1409751831|0
1409751851|0
1409751872|0
1409751892|0
1409751912|0
1409751932|0
1409751952|0
1409751972|0
1409751993|0
1409752013|0
1409752033|0
1409752053|0
1409752073|0
1409752093|0
1409752113|0
1409752134|0
1409752154|0
1409752174|0
1409752195|0
1409752215|0
1409752235|0
1409752255|0
1409752275|0
1409752295|0
1409752315|0
1409752335|0
1409752355|0
1409752376|0
1409752396|0
1409752416|0
1409752436|0
1409752456|0
1409752476|0
1409752496|0
1409752516|0
1409752536|0
1409752556|0
1409752576|0
1409752597|0
1409752617|0
1409752639|0
1409752659|0
1409752679|0
1409752699|0
1409752719|0
1409752740|0
1409752760|0
1409752780|0
1409752800|0
1409752820|0
1409752840|0
1409752860|0
1409752880|0
1409752901|0
1409752921|0
1409752941|0
1409752961|0
1409752982|0
1409753002|0
1409753022|0
1409753042|0
1409753062|0
1409753082|0
1409753102|0
1409753122|0
1409753144|0
1409753164|0
1409753185|0
1409753205|0
1409753225|0
1409753245|0
1409753265|0
1409753285|0
1409753305|0
1409753325|0
1409753345|0
1409753365|0
1409753385|0
1409753406|0
1409753426|0
1409753446|0
1409753466|0
1409753486|0
1409753506|0
1409753526|0
1409753546|0
1409753566|0
1409753586|0
1409753607|0
1409753627|0
1409753647|0
1409753667|0
1409753687|0
1409753707|0
1409753727|0
1409753748|0
1409753769|0
1409753789|0
1409753809|0
1409753829|0
1409753849|0
1409753869|0
1409753889|0
1409753910|0
1409753930|0
1409753950|0
1409753970|0
1409753990|0
1409754010|0
1409754030|0
1409754050|0
1409754070|0
1409754090|0
1409754110|0
1409754131|0
1409754151|0
1409754171|0
1409754191|0
1409754211|0
1409754231|0
1409754251|0
1409754271|0
1409754291|0
1409754311|0
1409754332|0
1409754352|0
1409754372|0
1409754392|0
1409754412|0
1409754433|0
1409754453|0
1409754474|0
1409754494|0
1409754514|0
1409754534|0
1409754554|0
1409754574|0
1409754594|0
1409754614|0
1409754634|0
1409754654|0
1409754675|0
1409754695|0
1409754715|0
1409754735|0
1409754755|0
1409754775|0
1409754795|0
1409754815|0
1409754835|0
1409754855|0
1409754876|0
1409754896|0
1409754916|0
1409754936|0
1409754956|0
1409754976|0
1409754997|0
1409755017|0
1409755037|0
1409755057|0
1409755077|0
1409755098|0
1409755118|0
1409755138|0
1409755158|0
1409755178|0
1409755199|0
1409755219|0
1409755239|0
1409755259|0
1409755279|0
1409755299|0
1409755320|0
1409755340|0
1409755360|0
1409755380|0
1409755400|0
1409755420|0
1409755440|0
1409755460|0
1409755480|0
1409755500|0
1409755521|0
1409755541|0
1409755561|0
1409755581|0
1409755601|0
1409755621|0
1409755641|0
1409755661|0
1409755681|0
1409755701|0
1409755722|0
1409755742|0
1409755762|0
1409755782|0
1409755802|0
1409755822|0
1409755843|0
1409755863|0
1409755883|0
1409755903|0
1409755923|0
1409755943|0
1409755963|0
1409755984|0
1409756004|0
1409756024|0
1409756044|0
1409756064|0
1409756084|0
1409756104|0
1409756125|0
1409756145|0
1409756165|0
1409756185|0
1409756205|0
1409756225|0
1409756245|0
1409756265|0
1409756285|0
1409756305|0
1409756325|0
1409756346|0
1409756366|0
1409756386|0
1409756406|0
1409756426|0
1409756446|0
1409756466|0
1409756487|0
1409756507|0
1409756527|0
1409756547|0
1409756567|0
1409756587|0
1409756608|0
1409756628|0
1409756648|0
1409756668|0
1409756688|0
1409756708|0
1409756728|0
1409756748|0
1409756769|0
1409756789|0
1409756809|0
1409756829|0
1409756849|0
1409756869|0
1409756889|0
1409756909|0
1409756929|0
1409756950|0
1409756970|0
1409756990|0
1409757010|0
1409757030|0
1409757050|0
1409757070|0
1409757090|0
1409757110|0
1409757130|0
1409757151|0
1409757171|0
1409757191|0
1409757211|0
1409757232|0
1409757252|0
1409757272|0
1409757292|0
1409757312|0
1409757332|0
1409757352|0
1409757372|0
1409757392|0
1409757412|0
1409757433|0
1409757456|0
1409757476|0
1409757496|0
1409757517|0
1409757537|0
1409757557|0
1409757577|0
1409757597|0
1409757617|0
1409757637|0
1409757657|0
1409757677|0
1409757697|0
1409757718|0
1409757738|0
1409757758|0
1409757778|0
1409757798|0
1409757818|0
1409757838|0
1409757858|0
1409757878|0
1409757898|0
1409757918|0
1409757939|0
1409757959|0
1409757979|0
1409757999|0
1409758019|0
1409758039|0
1409758059|0
1409758080|0
1409758100|0
1409758120|0
1409758140|0
1409758160|0
1409758180|0
1409758200|0
1409758221|0
1409758241|0
1409758261|0
1409758281|0
1409758301|0
1409758321|0
1409758341|0
1409758361|0
1409758381|0
1409758401|0
1409758422|0
1409758442|0
1409758462|0
1409758482|0
1409758502|0
1409758522|0
1409758542|0
1409758562|0
1409758582|0
1409758602|0
1409758623|0
1409758643|0
1409758663|0
1409758683|0
1409758703|0
1409758723|0
1409758744|0
1409758764|0
1409758784|0
1409758804|0
1409758824|0
1409758844|0
1409758864|0
1409758884|0
1409758905|0
1409758925|0
1409758945|0
1409758965|0
1409758985|0
1409759005|0
1409759025|0
1409759045|0
1409759065|0
1409759085|0
1409759105|0
1409759126|0
1409759146|0
1409759166|0
1409759186|0
1409759206|0
1409759226|0
1409759246|0
1409759266|0
1409759286|0
1409759306|0
1409759327|0
1409759347|0
1409759367|0
1409759387|0
1409759407|0
1409759428|0
1409759448|0
1409759468|0
1409759488|0
1409759508|0
1409759528|0
1409759548|0
1409759568|0
1409759589|0
1409759609|0
1409759629|0
1409759649|0
1409759669|0
1409759689|0
1409759709|0
1409759729|0
1409759749|0
1409759769|0
1409759790|0
1409759810|0
1409759830|0
1409759850|0
1409759870|0
1409759890|0
1409759910|0
1409759930|0
1409759950|0
1409759970|0
1409759991|0
1409760011|0
1409760031|0
1409760051|0
1409760071|0
1409760092|0
1409760112|0
1409760132|0
1409760152|0
1409760172|0
1409760192|0
1409760212|0
1409760235|0
1409760255|0
1409760275|0
1409760295|0
1409760315|0
1409760335|0
1409760356|0
1409760376|0
1409760396|0
1409760416|0
1409760436|0
1409760456|0
1409760476|0
1409760496|0
1409760516|0
1409760536|0
1409760557|0
1409760577|0
1409760597|0
1409760617|0
1409760637|0
1409760657|0
1409760677|0
1409760697|0
1409760717|0
1409760737|0
1409760757|0
1409760778|0
1409760799|0
1409760819|0
1409760840|0
1409760860|0
1409760880|0
1409760900|0
1409760920|0
1409760940|0
1409760960|0
1409760980|0
1409761000|0
1409761020|0
1409761041|0
1409761061|0
1409761081|0
1409761101|0
1409761122|0
1409761142|0
1409761162|0
1409761182|0
1409761202|0
1409761222|0
1409761242|0
1409761262|0
1409761282|0
1409761303|0
1409761323|0
1409761343|0
1409761363|0
1409761384|0
1409761404|0
1409761424|0
1409761444|0
1409761464|0
1409761484|0
1409761505|0
1409761525|0
1409761545|0
1409761565|0
1409761585|0
1409761605|0
1409761625|0
1409761645|0
1409761665|0
1409761685|0
1409761706|0
1409761726|0
1409761746|0
1409761766|0
1409761786|0
1409761806|0
1409761827|0
1409761847|0
1409761867|0
1409761887|0
1409761907|0
1409761927|0
1409761947|0
1409761967|0
1409761988|0
1409762008|0
1409762028|0
1409762048|0
1409762068|0
1409762088|0
1409762109|0
1409762129|0
1409762149|0
1409762170|0
1409762190|0
1409762210|0
1409762230|0
1409762250|0
1409762270|0
1409762290|0
1409762310|0
1409762330|0
1409762350|0
1409762371|0
1409762391|0
1409762411|0
1409762431|0
1409762451|0
1409762471|0
1409762491|0
1409762511|0
1409762531|0
1409762552|0
1409762572|0
1409762592|0
1409762612|0
1409762634|0
1409762655|0
1409762675|0
1409762695|0
1409762715|0
1409762735|0
1409762755|0
1409762775|0
1409762795|0
1409762816|0
1409762836|0
1409762856|0
1409762876|0
1409762896|0
1409762916|0
1409762936|0
1409762956|0
1409762976|0
1409762996|0
1409763017|0
1409763037|0
1409763057|0
1409763077|0
1409763097|0
1409763117|0
1409763137|0
1409763157|0
1409763177|0
1409763197|0
1409763217|0
1409763238|0
1409763258|0
1409763278|0
1409763299|0
1409763319|0
1409763339|0
1409763360|0
1409763380|0
1409763400|0
1409763420|0
1409763441|0
1409763461|0
1409763481|0
1409763501|0
1409763521|0
1409763541|0
1409763561|0
1409763581|0
1409763601|0
1409763621|0
1409763642|0
1409763662|0
1409763682|0
1409763702|0
1409763722|0
1409763742|0
1409763762|0
1409763782|0
1409763802|0
1409763822|0
1409763844|0
1409763864|0
1409763884|0
1409763904|0
1409763924|0
1409763944|0
1409763965|0
1409763985|0
1409764005|0
1409764025|0
1409764045|0
1409764065|0
1409764085|0
1409764105|0
1409764126|0
1409764146|0
1409764166|0
1409764186|0
1409764207|0
1409764227|0
1409764247|0
1409764267|0
1409764287|0
1409764307|0
1409764327|0
1409764347|0
1409764367|0
1409764387|0
1409764409|0
1409764429|0
1409764450|0
1409764470|0
1409764490|0
1409764510|0
1409764530|0
1409764550|0
1409764570|0
1409764590|0
1409764610|0
1409764630|0
1409764651|0
1409764671|0
1409764691|0
1409764711|0
1409764731|0
1409764751|0
1409764771|0
1409764791|0
1409764811|0
1409764831|0
1409764851|0
1409764872|0
1409764892|0
1409764912|0
1409764932|0
1409764952|0
1409764972|0
1409764993|0
1409765014|0
1409765034|0
1409765054|0
1409765074|0
1409765094|0
1409765114|0
1409765134|0
1409765155|0
1409765175|0
1409765195|0
1409765215|0
1409765235|0
1409765255|0
1409765275|0
1409765295|0
1409765315|0
1409765335|0
1409765356|0
1409765376|0
1409765396|0
1409765416|0
1409765436|0
1409765456|0
1409765476|0
1409765496|0
1409765516|0
1409765536|0
1409765557|0
1409765577|0
1409765597|0
1409765617|0
1409765637|0
1409765657|0
1409765678|0
1409765698|0
1409765718|0
1409765739|0
1409765759|0
1409765779|0
1409765799|0
1409765819|0
1409765839|0
1409765859|0
1409765879|0
1409765900|0
1409765920|0
1409765940|0
1409765960|0
1409765980|0
1409766000|0
1409766020|0
1409766040|0
1409766060|0
1409766080|0
1409766100|0
1409766121|0
1409766141|0
1409766161|0
1409766181|0
1409766201|0
1409766221|0
1409766241|0
1409766261|0
1409766281|0
1409766302|0
1409766322|0
1409766342|0
1409766362|0
1409766383|0
1409766404|0
1409766424|0
1409766444|0
1409766464|0
1409766484|0
1409766505|0
1409766525|0
1409766545|0
1409766565|0
1409766585|0
1409766605|0
1409766625|0
1409766645|0
1409766665|0
1409766685|0
1409766706|0
1409766726|0
1409766746|0
1409766766|0
1409766786|0
1409766806|0
1409766826|0
1409766846|0
1409766866|0
1409766886|0
1409766907|0
1409766927|0
1409766947|0
1409766967|0
