1405539226|36.375
1405539246|36.375
1405539267|36.375
1405539287|36.375
1405539307|36.312
1405539327|36.375
1405539347|36.375
1405539367|36.375
1405539388|36.375
1405539408|36.375
1405539428|36.375
1405539448|36.375
1405539468|36.375
1405539488|36.375
1405539508|36.375
1405539528|36.375
1405539548|36.375
1405539568|36.375
1405539588|36.375
1405539608|36.375
1405539628|36.375
1405539649|36.375
1405539669|36.375
1405539689|36.375
1405539709|36.375
1405539729|36.375
1405539749|36.375
1405539769|36.375
1405539790|36.375
1405539810|36.375
1405539830|36.375
1405539850|36.375
1405539870|36.375
1405539890|36.375
1405539910|36.375
1405539930|36.312
1405539950|36.375
1405539970|36.375
1405539990|36.312
1405540011|36.375
1405540031|36.375
1405540051|36.375
1405540071|36.375
1405540091|36.312
1405540111|36.312
1405540131|36.375
1405540151|36.312
1405540171|36.375
1405540191|36.312
1405540211|36.375
1405540231|36.312
1405540251|36.375
1405540272|36.375
1405540292|36.375
1405540312|36.312
1405540332|36.375
1405540352|36.375
1405540372|36.375
1405540393|36.375
1405540413|36.375
1405540433|36.312
1405540453|36.375
1405540473|36.312
1405540493|36.312
1405540513|36.312
1405540533|36.375
1405540553|36.375
1405540574|36.312
1405540594|36.312
1405540614|36.312
1405540634|36.312
1405540654|36.312
1405540674|36.312
1405540694|36.312
1405540714|36.312
1405540734|36.312
1405540754|36.312
1405540774|36.312
1405540794|36.312
1405540814|36.312
1405540835|36.312
1405540855|36.312
1405540875|36.312
1405540895|36.312
1405540915|36.312
1405540935|36.312
1405540955|36.312
1405540976|36.312
1405540996|36.312
1405541016|36.312
1405541036|36.312
1405541056|36.312
1405541077|36.312
1405541097|36.312
1405541117|36.312
1405541137|36.312
1405541157|36.312
1405541177|36.312
1405541197|36.312
1405541217|36.312
1405541237|36.312
1405541257|36.312
1405541277|36.312
1405541297|36.312
1405541317|36.312
1405541338|36.312
1405541358|36.312
1405541378|36.312
1405541398|36.312
1405541418|36.312
1405541438|36.312
1405541458|36.312
1405541478|36.312
1405541498|36.312
1405541518|36.312
1405541538|36.312
1405541558|36.312
1405541579|36.312
1405541599|36.312
1405541619|36.25
1405541639|36.25
1405541660|36.25
1405541680|36.312
1405541700|36.312
1405541720|36.312
1405541740|36.312
1405541760|36.25
1405541780|36.312
1405541800|36.312
1405541820|36.25
1405541840|36.25
1405541860|36.25
1405541880|36.312
1405541900|36.25
1405541921|36.25
1405541941|36.25
1405541961|36.25
1405541981|36.312
1405542001|36.312
1405542021|36.25
1405542041|36.25
1405542061|36.25
1405542081|36.25
1405542101|36.25
1405542121|36.25
1405542141|36.25
1405542162|36.25
1405542182|36.25
1405542202|36.25
1405542222|36.25
1405542242|36.25
1405542263|36.25
1405542283|36.25
1405542303|36.25
1405542323|36.25
1405542343|36.25
1405542363|36.25
1405542383|36.25
1405542403|36.25
1405542423|36.25
1405542443|36.25
1405542464|36.25
1405542484|36.25
1405542504|36.25
1405542524|36.25
1405542544|36.25
1405542564|36.25
1405542584|36.25
1405542604|36.25
1405542624|36.25
1405542644|36.25
1405542664|36.25
1405542684|36.25
1405542705|36.25
1405542725|36.25
1405542745|36.25
1405542765|36.187
1405542785|36.187
1405542805|36.25
1405542825|36.25
1405542845|36.25
1405542866|36.187
1405542886|36.25
1405542906|36.25
1405542926|36.25
1405542946|36.25
1405542967|36.187
1405542987|36.25
1405543007|36.25
1405543027|36.187
1405543047|36.187
1405543067|36.25
1405543087|36.25
1405543107|36.187
1405543127|36.25
1405543147|36.187
1405543167|36.187
1405543187|36.187
1405543208|36.25
1405543228|36.187
1405543248|36.187
1405543268|36.187
1405543288|36.187
1405543308|36.187
1405543328|36.187
1405543348|36.187
1405543368|36.187
1405543388|36.187
1405543408|36.187
1405543428|36.187
1405543448|36.187
1405543469|36.187
1405543489|36.25
1405543509|36.187
1405543530|36.187
1405543550|36.25
1405543570|36.25
1405543590|36.25
1405543610|36.187
1405543630|36.187
1405543650|36.187
1405543670|36.187
1405543690|36.187
1405543711|36.25
1405543731|36.187
1405543751|36.25
1405543771|36.187
1405543791|36.187
1405543811|36.187
1405543831|36.187
1405543851|36.187
1405543871|36.187
1405543891|36.187
1405543911|36.187
1405543931|36.187
1405543951|36.187
1405543972|36.187
1405543992|36.187
1405544012|36.187
1405544032|36.187
1405544052|36.187
1405544072|36.187
1405544092|36.187
1405544113|36.187
1405544133|36.187
1405544153|36.187
1405544173|36.187
1405544193|36.187
1405544213|36.187
1405544233|36.187
1405544253|36.187
1405544273|36.187
1405544293|36.187
1405544314|36.187
1405544334|36.187
1405544354|36.187
1405544374|36.187
1405544394|36.187
1405544414|36.187
1405544434|36.187
1405544454|36.187
1405544474|36.187
1405544494|36.187
1405544514|36.187
1405544534|36.187
1405544554|36.187
1405544575|36.187
1405544595|36.187
1405544615|36.187
1405544635|36.187
1405544655|36.187
1405544675|36.187
1405544695|36.187
1405544716|36.187
1405544736|36.125
1405544756|36.187
1405544776|36.187
1405544796|36.187
1405544816|36.187
1405544836|36.187
1405544856|36.187
1405544876|36.187
1405544897|36.187
1405544917|36.125
1405544937|36.187
1405544957|36.187
1405544977|36.125
1405544997|36.125
1405545017|36.125
1405545037|36.125
1405545057|36.125
1405545077|36.125
1405545097|36.125
1405545117|36.125
1405545137|36.187
1405545158|36.125
1405545178|36.125
1405545198|36.125
1405545218|36.125
1405545238|36.125
1405545258|36.125
1405545278|36.125
1405545298|36.125
1405545319|36.125
1405545339|36.125
1405545359|36.125
1405545379|36.125
1405545399|36.125
1405545419|36.125
1405545439|36.125
1405545460|36.125
1405545480|36.125
1405545500|36.187
1405545520|36.125
1405545540|36.125
1405545560|36.125
1405545580|36.187
1405545600|36.125
1405545620|36.125
1405545641|36.125
1405545661|36.125
1405545681|36.125
1405545701|36.125
1405545721|36.125
1405545741|36.125
1405545761|36.187
1405545781|36.125
1405545801|36.125
1405545821|36.125
1405545841|36.125
1405545861|36.125
1405545882|36.187
1405545902|36.125
1405545922|36.125
1405545942|36.125
1405545962|36.125
1405545982|36.125
1405546003|36.125
1405546023|36.125
1405546043|36.125
1405546063|36.125
1405546083|36.125
1405546103|36.125
1405546123|36.125
1405546144|36.125
1405546164|36.125
1405546184|36.125
1405546204|36.125
1405546224|36.062
1405546244|36.062
1405546264|36.125
1405546284|36.125
1405546304|36.125
1405546324|36.125
1405546344|36.125
1405546364|36.125
1405546385|36.125
1405546405|36.125
1405546425|36.125
1405546445|36.125
1405546465|36.062
1405546485|36.125
1405546505|36.062
1405546526|36.125
1405546546|36.062
1405546566|36.125
1405546586|36.062
1405546606|36.062
1405546626|36.062
1405546646|36.125
1405546666|36.125
1405546687|36.062
1405546707|36.062
1405546727|36.062
1405546747|36.125
1405546767|36.062
1405546787|36.125
1405546807|36.125
1405546827|36.125
1405546847|36.125
1405546868|36.062
1405546888|36.062
1405546908|36.062
1405546928|36.062
1405546948|36.062
1405546968|36.062
1405546988|36.125
1405547008|36.062
1405547028|36.062
1405547048|36.062
1405547068|36.062
1405547088|36.062
1405547108|36.062
1405547129|36.062
1405547149|36.062
1405547169|36.062
1405547189|36.062
1405547209|36.062
1405547229|36.062
1405547249|36.062
1405547269|36.062
1405547290|36.062
1405547310|36.062
1405547330|36.062
1405547350|36.062
1405547370|36.062
1405547390|36.062
1405547410|36.062
1405547430|36.062
1405547450|36.062
1405547470|36.062
1405547491|36.062
1405547511|36.062
1405547531|36.062
1405547551|36.062
1405547571|36.125
1405547591|36.062
1405547611|36.062
1405547631|36.062
1405547651|36.062
1405547671|36.062
1405547691|36.062
1405547711|36.062
1405547732|36.062
1405547752|36.125
1405547772|36.125
1405547792|36.062
1405547812|36.062
1405547832|36.062
1405547852|36.062
1405547872|36.062
1405547893|36.062
1405547913|36.062
1405547933|36.062
1405547953|36.062
1405547973|36.062
1405547993|36.062
1405548014|36.062
1405548034|36.062
1405548054|36.062
1405548074|36.062
1405548095|36.062
1405548115|36.062
1405548135|36.062
1405548155|36.062
1405548175|36.062
1405548195|36.062
1405548215|36.062
1405548235|36.062
1405548255|36.062
1405548275|36.062
1405548295|36.062
1405548315|36.062
1405548336|36.0
1405548356|36.062
1405548376|36.0
1405548396|36.0
1405548416|36.0
1405548436|36.0
1405548456|36.0
1405548476|36.0
1405548497|36.0
1405548517|36.0
1405548537|36.0
1405548557|36.0
1405548577|36.0
1405548597|36.0
1405548618|36.0
1405548638|36.0
1405548658|36.0
1405548678|36.0
1405548698|36.0
1405548718|36.0
1405548738|36.0
1405548758|36.0
1405548779|36.0
1405548799|36.0
1405548819|36.0
1405548839|36.0
1405548859|36.0
1405548879|36.0
1405548899|36.0
1405548919|36.0
1405548939|36.0
1405548959|36.0
1405548979|36.0
1405548999|36.0
1405549020|36.0
1405549040|36.0
1405549060|36.0
1405549080|36.0
1405549100|35.937
1405549121|35.937
1405549141|35.937
1405549161|36.0
1405549181|36.0
1405549201|36.0
1405549221|36.0
1405549241|36.0
1405549261|36.0
1405549282|36.0
1405549302|35.937
1405549322|36.0
1405549342|36.0
1405549362|36.0
1405549382|36.0
1405549402|36.0
1405549422|36.0
1405549442|36.0
1405549463|36.0
1405549483|36.0
1405549503|36.0
1405549523|36.0
1405549543|36.0
1405549563|36.0
1405549583|36.0
1405549603|36.0
1405549623|36.0
1405549643|36.0
1405549663|35.937
1405549683|35.937
1405549703|35.937
1405549724|36.0
1405549744|36.0
1405549764|36.0
1405549784|36.0
1405549804|36.0
1405549824|36.0
1405549844|36.0
1405549864|36.0
1405549884|36.0
1405549905|36.0
1405549925|35.937
1405549945|35.937
1405549965|35.937
1405549985|35.937
1405550005|35.937
1405550025|35.937
1405550045|35.937
1405550066|35.937
1405550086|35.937
1405550106|35.937
1405550126|35.937
1405550146|35.937
1405550166|35.937
1405550186|35.937
1405550206|36.0
1405550226|35.937
1405550246|35.937
1405550266|35.937
1405550286|35.937
1405550307|35.937
1405550327|35.937
1405550347|36.0
1405550367|35.937
1405550387|35.937
1405550407|35.937
1405550427|35.937
1405550447|35.937
1405550467|35.937
1405550487|35.937
1405550508|35.937
1405550528|35.937
1405550548|35.937
1405550568|35.937
1405550588|35.937
1405550608|35.937
1405550629|35.937
1405550649|35.937
1405550669|35.937
1405550690|35.937
1405550710|35.937
1405550730|35.937
1405550750|35.937
1405550770|35.937
1405550790|35.937
1405550810|35.937
1405550830|35.937
1405550850|35.937
1405550870|35.937
1405550890|35.937
1405550910|35.937
1405550931|35.937
1405550951|35.937
1405550971|35.937
1405550991|35.937
1405551011|35.937
1405551031|35.937
1405551051|35.937
1405551071|35.937
1405551091|35.937
1405551111|35.937
1405551131|35.937
1405551151|35.937
1405551171|35.937
1405551192|35.937
1405551212|35.937
1405551232|35.937
1405551252|35.937
1405551272|35.937
1405551292|35.937
1405551313|35.937
1405551333|35.937
1405551353|35.937
1405551373|35.937
1405551393|35.937
1405551413|35.937
1405551433|35.937
1405551453|35.937
1405551473|35.875
1405551493|35.875
1405551513|35.875
1405551533|35.937
1405551554|35.937
1405551574|35.875
1405551594|35.937
1405551614|35.937
1405551634|35.875
1405551654|35.875
1405551674|35.875
1405551694|35.937
1405551714|35.937
1405551734|35.937
1405551754|35.875
1405551774|35.875
1405551794|35.937
1405551815|35.937
1405551835|35.937
1405551855|35.937
1405551875|35.937
1405551895|35.937
1405551916|35.937
1405551936|35.937
1405551956|35.875
1405551976|35.875
1405551996|35.875
1405552016|35.875
1405552036|35.875
1405552056|35.875
1405552076|35.875
1405552096|35.875
1405552116|35.875
1405552136|35.875
1405552156|35.875
1405552177|35.875
1405552197|35.937
1405552217|35.875
1405552237|35.875
1405552257|35.875
1405552277|35.875
1405552297|35.875
1405552317|35.875
1405552337|35.875
1405552357|35.875
1405552377|35.875
1405552397|35.875
1405552418|35.875
1405552438|35.812
1405552458|35.875
1405552478|35.875
1405552498|35.875
1405552519|35.875
1405552539|35.875
1405552559|35.875
1405552579|35.875
1405552599|35.875
1405552619|35.812
1405552639|35.875
1405552659|35.875
1405552680|35.875
1405552700|35.875
1405552720|35.875
1405552740|35.875
1405552760|35.875
1405552780|35.875
1405552800|35.875
1405552820|35.875
1405552840|35.875
1405552860|35.875
1405552880|35.875
1405552900|35.875
1405552920|35.875
1405552941|35.875
1405552961|35.875
1405552981|35.875
1405553001|35.875
1405553021|35.875
1405553041|35.875
1405553061|35.812
1405553081|35.875
1405553102|35.875
1405553122|35.875
1405553142|35.875
1405553162|35.812
1405553182|35.875
1405553202|35.812
1405553222|35.812
1405553242|35.812
1405553262|35.812
1405553283|35.812
1405553303|35.812
1405553323|35.812
1405553343|35.812
1405553363|35.812
1405553383|35.812
1405553403|35.812
1405553423|35.812
1405553443|35.812
1405553463|35.812
1405553483|35.812
1405553503|35.812
1405553523|35.812
1405553544|35.812
1405553564|35.812
1405553584|35.812
1405553604|35.812
1405553624|35.812
1405553644|35.812
1405553665|35.812
1405553685|35.812
1405553705|35.812
1405553725|35.812
1405553745|35.812
1405553765|35.812
1405553786|35.812
1405553806|35.812
1405553826|35.812
1405553846|35.812
1405553866|35.812
1405553886|35.812
1405553906|35.812
1405553926|35.812
1405553946|35.812
1405553967|35.812
1405553987|35.812
1405554007|35.812
1405554027|35.812
1405554047|35.812
1405554067|35.812
1405554087|35.812
1405554107|35.812
1405554127|35.812
1405554147|35.875
1405554167|35.812
1405554187|35.812
1405554207|35.812
1405554228|35.812
1405554248|35.812
1405554268|35.75
1405554288|35.812
1405554308|35.812
1405554328|35.812
1405554348|35.75
1405554368|35.75
1405554389|35.812
1405554409|35.812
1405554429|35.812
1405554449|35.75
1405554469|35.812
1405554490|35.812
1405554510|35.812
1405554530|35.75
1405554550|35.812
1405554570|35.812
1405554590|35.75
1405554611|35.812
1405554631|35.812
1405554651|35.75
1405554671|35.812
1405554691|35.75
1405554711|35.75
1405554731|35.75
1405554751|35.812
1405554771|35.812
1405554791|35.812
1405554811|35.75
1405554831|35.75
1405554851|35.75
1405554872|35.75
1405554892|35.812
1405554912|35.75
1405554932|35.75
1405554952|35.75
1405554972|35.75
1405554992|35.75
1405555012|35.75
1405555033|35.75
1405555053|35.75
1405555073|35.75
1405555093|35.75
1405555113|35.75
1405555133|35.75
1405555153|35.75
1405555173|35.75
1405555193|35.75
1405555214|35.75
1405555234|35.75
1405555254|35.75
1405555274|35.75
1405555294|35.75
1405555314|35.75
1405555334|35.75
1405555354|35.687
1405555374|35.75
1405555394|35.75
1405555414|35.687
1405555434|35.75
1405555454|35.75
1405555475|35.75
1405555495|35.75
1405555515|35.75
1405555535|35.75
1405555555|35.75
1405555575|35.75
1405555595|35.75
1405555615|35.75
1405555636|35.75
1405555656|35.75
1405555676|35.687
1405555696|35.687
1405555717|35.75
1405555737|35.75
1405555757|35.687
1405555777|35.75
1405555797|35.75
1405555817|35.687
1405555837|35.687
1405555857|35.687
1405555877|35.687
1405555897|35.687
1405555917|35.75
1405555937|35.75
1405555957|35.75
1405555978|35.75
1405555998|35.75
1405556018|35.75
1405556038|35.75
1405556058|35.75
1405556078|35.75
1405556098|35.75
1405556118|35.75
1405556138|35.75
1405556158|35.75
1405556178|35.687
1405556198|35.75
1405556219|35.75
1405556239|35.687
1405556259|35.687
1405556279|35.687
1405556299|35.687
1405556320|35.75
1405556340|35.687
1405556360|35.687
1405556380|35.687
1405556400|35.687
1405556420|35.75
1405556440|35.687
1405556460|35.625
1405556481|35.687
1405556501|35.687
1405556521|35.687
1405556541|35.687
1405556561|35.687
1405556581|35.687
1405556601|35.687
1405556621|35.687
1405556641|35.687
1405556661|35.687
1405556681|35.687
1405556701|35.687
1405556721|35.687
1405556742|35.687
1405556762|35.687
1405556782|35.687
1405556802|35.687
1405556822|35.687
1405556842|35.687
1405556862|35.687
1405556882|35.687
1405556902|35.687
1405556923|35.687
1405556943|35.687
1405556963|35.687
1405556983|35.687
1405557003|35.687
1405557023|35.687
1405557043|35.687
1405557063|35.687
1405557084|35.687
1405557104|35.687
1405557124|35.687
1405557144|35.687
1405557164|35.687
1405557184|35.687
1405557204|35.687
1405557224|35.625
1405557244|35.625
1405557264|35.625
1405557284|35.625
1405557304|35.625
1405557324|35.625
1405557345|35.687
1405557365|35.687
1405557385|35.687
1405557405|35.625
1405557425|35.687
1405557445|35.687
1405557465|35.625
1405557485|35.687
1405557505|35.687
1405557526|35.687
1405557546|35.687
1405557566|35.687
1405557586|35.687
1405557606|35.625
1405557626|35.687
1405557646|35.625
1405557666|35.625
1405557687|35.625
1405557707|35.687
1405557727|35.625
1405557747|35.687
1405557767|35.625
1405557787|35.625
1405557807|35.687
1405557827|35.687
1405557847|35.625
1405557867|35.625
1405557887|35.625
1405557907|35.625
1405557927|35.687
1405557948|35.625
1405557968|35.625
1405557988|35.625
1405558008|35.625
1405558028|35.625
1405558048|35.625
1405558068|35.625
1405558088|35.625
1405558108|35.625
1405558129|35.625
1405558149|35.625
1405558169|35.625
1405558189|35.625
1405558209|35.625
1405558229|35.625
1405558249|35.625
1405558269|35.625
1405558289|35.625
1405558309|35.625
1405558330|35.625
1405558350|35.625
1405558370|35.625
1405558390|35.625
1405558410|35.625
1405558430|35.625
1405558450|35.625
1405558470|35.625
1405558490|35.625
1405558510|35.625
1405558530|35.625
1405558550|35.625
1405558571|35.625
1405558591|35.625
1405558611|35.625
1405558631|35.625
1405558651|35.625
1405558671|35.625
1405558691|35.625
1405558711|35.625
1405558732|35.562
1405558752|35.625
1405558772|35.625
1405558792|35.625
1405558812|35.625
1405558832|35.562
1405558852|35.625
1405558872|35.562
1405558892|35.625
1405558913|35.625
1405558933|35.562
1405558953|35.562
1405558973|35.562
1405558993|35.562
1405559013|35.562
1405559033|35.562
1405559053|35.625
1405559073|35.562
1405559093|35.562
1405559113|35.562
1405559133|35.625
1405559153|35.562
1405559174|35.562
1405559194|35.562
1405559214|35.562
1405559234|35.562
1405559254|35.562
1405559274|35.562
1405559294|35.562
1405559314|35.562
1405559334|35.562
1405559355|35.562
1405559375|35.562
1405559395|35.562
1405559415|35.562
1405559435|35.562
1405559455|35.562
1405559475|35.562
1405559495|35.562
1405559515|35.562
1405559536|35.562
1405559556|35.562
1405559576|35.562
1405559596|35.562
1405559616|35.562
1405559636|35.562
1405559656|35.562
1405559676|35.562
1405559696|35.562
1405559716|35.562
1405559736|35.562
1405559756|35.562
1405559777|35.562
1405559797|35.562
1405559817|35.562
1405559837|35.562
1405559857|35.562
1405559877|35.562
1405559897|35.562
1405559917|35.562
1405559937|35.562
1405559957|35.562
1405559978|35.562
1405559998|35.562
1405560018|35.562
1405560038|35.562
1405560058|35.562
1405560078|35.562
1405560098|35.562
1405560118|35.562
1405560138|35.562
1405560159|35.562
1405560179|35.562
1405560199|35.562
1405560219|35.562
1405560239|35.562
1405560259|35.562
1405560279|35.562
1405560299|35.5
1405560319|35.562
1405560339|35.562
1405560359|35.562
1405560379|35.5
1405560400|35.5
1405560420|35.562
1405560440|35.562
1405560460|35.5
1405560480|35.5
1405560500|35.5
1405560520|35.562
1405560540|35.5
1405560560|35.562
1405560581|35.562
1405560601|35.562
1405560621|35.562
1405560641|35.5
1405560661|35.5
1405560681|35.5
1405560701|35.5
1405560721|35.5
1405560741|35.5
1405560762|35.5
1405560782|35.5
1405560802|35.562
1405560822|35.5
1405560842|35.5
1405560862|35.5
1405560882|35.5
1405560902|35.562
1405560922|35.5
1405560942|35.5
1405560962|35.5
1405560982|35.5
1405561002|35.5
1405561023|35.5
1405561043|35.5
1405561063|35.5
1405561083|35.5
1405561103|35.5
1405561123|35.5
1405561143|35.5
1405561163|35.5
1405561183|35.5
1405561204|35.5
1405561224|35.5
1405561244|35.5
1405561264|35.5
1405561284|35.5
1405561304|35.5
1405561324|35.5
1405561344|35.5
1405561365|35.5
1405561385|35.5
1405561405|35.5
1405561425|35.5
1405561445|35.5
1405561465|35.5
1405561485|35.5
1405561506|35.5
1405561526|35.5
1405561546|35.5
1405561566|35.5
1405561586|35.5
1405561606|35.5
1405561626|35.5
1405561646|35.5
1405561666|35.437
1405561686|35.437
1405561706|35.437
1405561726|35.437
1405561746|35.437
1405561767|35.5
1405561787|35.5
1405561807|35.437
1405561827|35.437
1405561847|35.437
1405561867|35.437
1405561888|35.437
1405561908|35.437
1405561928|35.437
1405561948|35.437
1405561968|35.437
1405561988|35.437
1405562008|35.437
1405562028|35.437
1405562049|35.437
1405562069|35.437
1405562089|35.437
1405562109|35.437
1405562129|35.437
1405562149|35.437
1405562169|35.437
1405562189|35.437
1405562210|35.437
1405562230|35.437
1405562250|35.437
1405562270|35.437
1405562290|35.437
1405562310|35.437
1405562330|35.437
1405562350|35.437
1405562370|35.437
1405562390|35.437
1405562411|35.437
1405562431|35.437
1405562451|35.437
1405562471|35.437
1405562491|35.375
1405562511|35.437
1405562531|35.437
1405562552|35.437
1405562572|35.437
1405562592|35.437
1405562612|35.437
1405562632|35.437
1405562652|35.437
1405562672|35.437
1405562692|35.437
1405562713|35.437
1405562733|35.437
1405562753|35.437
1405562773|35.437
1405562793|35.437
1405562813|35.437
1405562833|35.437
1405562853|35.437
1405562873|35.437
1405562893|35.437
1405562913|35.437
1405562933|35.437
1405562953|35.437
1405562974|35.437
1405562994|35.437
1405563014|35.437
1405563034|35.437
1405563054|35.437
1405563074|35.437
1405563094|35.437
1405563114|35.437
1405563135|35.375
1405563155|35.375
1405563175|35.375
1405563195|35.375
1405563215|35.437
1405563235|35.375
1405563255|35.375
1405563275|35.375
1405563295|35.375
1405563316|35.375
1405563336|35.375
1405563356|35.437
1405563376|35.375
1405563396|35.375
1405563416|35.375
1405563436|35.375
1405563456|35.375
1405563476|35.375
1405563496|35.375
1405563516|35.375
1405563536|35.375
1405563556|35.375
1405563577|35.375
1405563597|35.437
1405563617|35.375
1405563637|35.375
1405563657|35.375
1405563677|35.375
1405563697|35.375
1405563717|35.375
1405563738|35.437
1405563758|35.375
1405563778|35.375
1405563798|35.375
1405563818|35.375
1405563838|35.375
1405563858|35.375
1405563878|35.375
1405563898|35.375
1405563919|35.375
1405563939|35.375
1405563959|35.375
1405563979|35.375
1405563999|35.375
1405564019|35.375
1405564039|35.375
1405564060|35.375
1405564080|35.375
1405564100|35.375
1405564120|35.375
1405564140|35.375
1405564160|35.375
1405564181|35.375
1405564201|35.312
1405564221|35.375
1405564241|35.375
1405564261|35.375
1405564281|35.375
1405564301|35.375
1405564321|35.375
1405564341|35.375
1405564361|35.375
1405564381|35.375
1405564401|35.375
1405564422|35.375
1405564442|35.375
1405564462|35.375
1405564482|35.375
1405564502|35.375
1405564523|35.375
1405564543|35.375
1405564563|35.375
1405564583|35.375
1405564603|35.375
1405564623|35.375
1405564643|35.375
1405564663|35.375
1405564683|35.375
1405564704|35.375
1405564724|35.375
1405564744|35.375
1405564764|35.375
1405564784|35.375
1405564804|35.375
1405564824|35.375
1405564844|35.312
1405564864|35.312
1405564884|35.375
1405564904|35.312
1405564924|35.312
1405564944|35.375
1405564965|35.375
1405564985|35.312
1405565005|35.312
1405565025|35.312
1405565045|35.312
1405565065|35.312
1405565086|35.312
1405565106|35.312
1405565126|35.312
1405565146|35.312
1405565166|35.312
1405565186|35.312
1405565206|35.312
1405565226|35.312
1405565247|35.312
1405565267|35.312
1405565287|35.312
1405565307|35.312
1405565327|35.312
1405565347|35.312
1405565367|35.312
1405565387|35.312
1405565407|35.312
1405565427|35.312
1405565447|35.312
1405565467|35.312
1405565487|35.312
1405565508|35.312
1405565528|35.312
1405565548|35.312
1405565568|35.312
1405565588|35.312
1405565608|35.312
1405565628|35.312
1405565648|35.312
1405565668|35.312
1405565688|35.312
1405565709|35.312
1405565729|35.312
1405565750|35.312
1405565770|35.312
1405565791|35.312
1405565811|35.312
1405565831|35.312
1405565851|35.312
1405565871|35.312
1405565891|35.312
1405565911|35.312
1405565931|35.25
1405565951|35.312
1405565971|35.312
1405565991|35.312
1405566012|35.25
1405566032|35.312
1405566052|35.312
1405566072|35.312
1405566092|35.25
1405566112|35.25
1405566132|35.312
1405566152|35.25
1405566172|35.312
1405566192|35.25
1405566212|35.25
1405566232|35.312
1405566253|35.25
1405566273|35.25
1405566293|35.25
1405566313|35.25
1405566333|35.25
1405566353|35.25
1405566373|35.25
1405566394|35.25
1405566414|35.25
1405566434|35.25
1405566454|35.25
1405566474|35.25
1405566494|35.25
1405566514|35.312
1405566534|35.25
1405566555|35.25
1405566575|35.25
1405566595|35.25
1405566615|35.312
1405566635|35.25
1405566655|35.25
1405566676|35.25
1405566696|35.25
1405566716|35.25
1405566736|35.25
1405566756|35.25
1405566776|35.25
1405566796|35.25
1405566816|35.25
1405566836|35.25
1405566856|35.25
1405566876|35.25
1405566896|35.25
1405566917|35.25
1405566937|35.25
1405566957|35.25
1405566977|35.25
1405566997|35.25
1405567017|35.25
1405567037|35.25
1405567057|35.187
1405567078|35.25
1405567098|35.25
1405567118|35.187
1405567138|35.187
1405567158|35.187
1405567178|35.25
1405567198|35.187
1405567218|35.187
1405567238|35.187
1405567258|35.187
1405567279|35.187
1405567299|35.25
1405567319|35.25
1405567339|35.25
1405567359|35.25
1405567379|35.25
1405567399|35.25
1405567419|35.187
1405567439|35.187
1405567459|35.187
1405567479|35.187
1405567499|35.187
1405567519|35.187
1405567540|35.187
1405567560|35.187
1405567580|35.187
1405567600|35.187
1405567620|35.187
1405567640|35.187
1405567660|35.25
1405567681|35.25
1405567701|35.25
1405567721|35.187
1405567741|35.187
1405567761|35.187
1405567781|35.187
1405567801|35.187
1405567821|35.187
1405567841|35.25
1405567862|35.187
1405567882|35.25
1405567902|35.187
1405567922|35.187
1405567942|35.187
1405567962|35.187
1405567982|35.187
1405568002|35.187
1405568022|35.187
1405568042|35.187
1405568063|35.25
1405568083|35.187
1405568103|35.187
1405568123|35.187
1405568143|35.187
1405568163|35.187
1405568183|35.25
1405568203|35.187
1405568224|35.187
1405568244|35.187
1405568264|35.187
1405568284|35.187
1405568304|35.187
1405568324|35.187
1405568344|35.187
1405568365|35.187
1405568385|35.187
1405568406|35.187
1405568426|35.187
1405568446|35.187
1405568466|35.187
1405568486|35.187
1405568506|35.187
1405568526|35.187
1405568546|35.125
1405568566|35.187
1405568586|35.187
1405568606|35.187
1405568627|35.187
1405568647|35.187
1405568667|35.187
1405568687|35.125
1405568707|35.187
1405568727|35.187
1405568747|35.187
1405568767|35.187
1405568787|35.187
1405568807|35.187
1405568827|35.187
1405568847|35.125
1405568868|35.187
1405568888|35.187
1405568908|35.187
1405568928|35.187
1405568948|35.187
1405568968|35.187
1405568989|35.187
1405569009|35.187
1405569029|35.187
1405569049|35.187
1405569069|35.187
1405569090|35.187
1405569110|35.187
1405569130|35.187
1405569150|35.187
1405569170|35.125
1405569190|35.125
1405569211|35.187
1405569231|35.125
1405569251|35.125
1405569271|35.125
1405569291|35.125
1405569311|35.187
1405569331|35.125
1405569351|35.125
1405569371|35.125
1405569391|35.125
1405569411|35.125
1405569431|35.125
1405569452|35.125
1405569472|35.125
1405569492|35.062
1405569512|35.125
1405569532|35.125
1405569552|35.125
1405569572|35.125
1405569592|35.125
1405569612|35.125
1405569632|35.125
1405569653|35.125
1405569673|35.125
1405569693|35.062
1405569713|35.125
1405569733|35.125
1405569753|35.062
1405569773|35.125
1405569794|35.125
1405569814|35.125
1405569834|35.125
1405569854|35.062
1405569874|35.125
1405569894|35.125
1405569914|35.125
1405569934|35.125
1405569954|35.125
1405569974|35.125
1405569994|35.125
1405570015|35.125
1405570035|35.062
1405570055|35.125
1405570075|35.125
1405570095|35.125
1405570115|35.125
1405570135|35.125
1405570155|35.125
1405570175|35.125
1405570195|35.125
1405570215|35.062
1405570235|35.062
1405570256|35.125
1405570276|35.125
1405570296|35.062
1405570316|35.062
1405570336|35.125
1405570357|35.062
1405570377|35.062
1405570397|35.062
1405570417|35.062
1405570437|35.125
1405570457|35.062
1405570477|35.062
1405570497|35.062
1405570517|35.062
1405570537|35.062
1405570557|35.125
1405570577|35.062
1405570597|35.062
1405570618|35.062
1405570638|35.062
1405570658|35.062
1405570678|35.062
1405570698|35.062
1405570718|35.062
1405570738|35.062
1405570758|35.062
1405570778|35.062
1405570798|35.062
1405570818|35.062
1405570838|35.062
1405570859|35.062
1405570879|35.062
1405570899|35.062
1405570919|35.062
1405570940|35.062
1405570960|35.062
1405570980|35.062
1405571000|35.062
1405571020|35.062
1405571040|35.062
1405571060|35.062
1405571080|35.062
1405571100|35.062
1405571120|35.062
1405571141|35.0
1405571161|35.062
1405571181|35.062
1405571201|35.062
1405571221|35.062
1405571241|35.062
1405571261|35.0
1405571281|35.062
1405571301|35.0
1405571321|35.0
1405571341|35.062
1405571361|35.0
1405571382|35.0
1405571402|35.062
1405571422|35.0
1405571442|35.0
1405571462|35.062
1405571482|35.062
1405571502|35.0
1405571523|35.0
1405571543|35.062
1405571563|35.062
1405571583|35.0
1405571603|35.062
1405571624|35.062
1405571644|35.062
1405571664|35.062
1405571684|35.062
1405571704|35.0
1405571724|35.062
1405571745|35.0
1405571765|35.062
1405571785|35.062
1405571805|35.062
1405571825|35.0
1405571846|35.062
1405571866|35.062
1405571886|35.062
1405571906|35.0
1405571926|35.062
1405571946|35.0
1405571966|35.0
1405571986|35.062
1405572006|35.0
1405572026|35.0
1405572046|35.0
1405572066|35.0
1405572086|35.0
1405572107|35.0
1405572127|35.0
1405572147|35.0
1405572167|35.0
1405572187|35.0
1405572207|35.0
1405572227|35.0
1405572247|35.0
1405572267|35.0
1405572288|35.0
1405572308|35.0
1405572328|35.0
1405572348|35.0
1405572368|35.062
1405572388|35.0
1405572408|35.0
1405572428|35.0
1405572448|35.0
1405572469|35.0
1405572489|35.0
1405572509|35.0
1405572529|35.0
1405572549|35.0
1405572569|35.0
1405572589|35.0
1405572609|35.0
1405572629|35.0
1405572649|35.0
1405572669|35.0
1405572689|35.0
1405572710|35.0
1405572730|35.0
1405572750|35.0
1405572770|35.0
1405572790|35.0
1405572810|35.0
1405572830|35.0
1405572850|35.0
1405572870|35.0
1405572891|35.0
1405572911|35.0
1405572931|34.937
1405572951|35.0
1405572971|34.937
1405572991|35.0
1405573011|35.0
1405573031|35.0
1405573052|35.0
1405573072|34.937
1405573092|34.937
1405573112|34.937
1405573132|34.937
1405573152|35.0
1405573172|34.937
1405573192|34.937
1405573212|34.937
1405573232|34.937
1405573252|35.0
1405573272|35.0
1405573292|34.937
1405573313|34.937
1405573333|34.937
1405573353|34.937
1405573373|34.937
1405573393|34.937
1405573413|34.937
1405573433|34.937
1405573453|34.937
1405573473|34.937
1405573494|34.937
1405573514|34.937
1405573534|34.937
1405573554|34.937
1405573574|34.937
1405573594|34.937
1405573614|34.937
1405573635|34.937
1405573655|34.937
1405573675|35.0
1405573695|34.937
1405573715|34.937
1405573735|34.937
1405573755|34.937
1405573775|34.937
1405573795|35.0
1405573815|34.937
1405573835|34.937
1405573855|34.937
1405573875|35.0
1405573896|35.0
1405573916|35.0
1405573936|35.0
1405573956|35.0
1405573976|35.0
1405573996|34.937
1405574016|35.0
1405574036|35.0
1405574056|34.937
1405574076|34.937
1405574097|35.0
1405574117|35.0
1405574137|35.0
1405574157|35.0
1405574177|35.0
1405574197|35.0
1405574217|35.0
1405574238|35.0
1405574258|35.0
1405574278|35.0
1405574298|35.0
1405574318|35.0
1405574338|35.0
1405574358|35.0
1405574378|35.0
1405574398|35.0
1405574418|35.0
1405574439|35.0
1405574459|35.0
1405574479|35.0
1405574499|35.0
1405574519|35.0
1405574539|35.0
1405574559|35.0
1405574579|35.0
1405574599|35.0
1405574619|35.0
1405574639|35.0
1405574659|35.0
1405574679|35.0
1405574700|35.0
1405574720|35.0
1405574740|35.0
1405574760|35.0
1405574781|35.0
1405574801|35.0
1405574821|35.0
1405574841|35.0
1405574861|35.0
1405574881|35.0
1405574901|35.0
1405574921|35.0
1405574941|35.0
1405574961|35.0
1405574981|35.0
1405575002|35.0
1405575022|35.0
1405575042|35.0
1405575062|35.0
1405575082|35.0
1405575102|35.0
1405575122|35.0
1405575142|35.0
1405575162|34.937
1405575182|34.937
1405575202|35.0
1405575222|35.0
1405575242|35.0
1405575263|35.0
1405575283|35.0
1405575303|35.0
1405575323|35.0
1405575343|35.0
1405575363|35.0
1405575383|35.0
1405575404|35.0
1405575424|35.0
1405575444|35.0
1405575464|35.0
1405575484|35.0
1405575504|35.0
1405575524|35.0
1405575544|35.0
1405575564|35.0
1405575584|35.0
1405575605|35.0
1405575625|35.0
1405575645|35.0
1405575665|35.0
1405575685|35.0
1405575705|35.0
1405575725|35.0
1405575745|35.0
1405575765|35.0
1405575785|35.0
1405575805|35.0
1405575825|35.062
1405575845|35.0
1405575866|35.0
1405575886|35.0
1405575906|35.0
1405575926|35.0
1405575946|35.0
1405575966|35.0
1405575986|35.0
1405576006|35.0
1405576027|35.0
1405576048|35.0
1405576068|35.0
1405576088|35.0
1405576108|35.0
1405576128|35.0
1405576148|35.0
1405576168|35.0
1405576188|35.0
1405576208|35.0
1405576228|34.937
1405576248|35.0
1405576269|35.0
1405576289|34.937
1405576309|35.0
1405576329|35.0
1405576349|35.0
1405576369|35.0
1405576389|35.0
1405576409|35.0
1405576429|35.0
1405576449|35.0
1405576469|35.0
1405576489|35.062
1405576509|35.0
1405576530|35.0
1405576550|35.062
1405576570|35.062
1405576590|35.062
1405576610|35.0
1405576631|35.062
1405576651|35.062
1405576671|35.0
1405576691|35.0
1405576711|35.062
1405576731|35.0
1405576751|35.0
1405576771|35.062
1405576791|35.062
1405576811|35.0
1405576831|35.062
1405576852|35.062
1405576872|35.0
1405576892|35.062
1405576912|35.062
1405576932|35.0
1405576952|35.062
1405576972|35.062
1405576992|35.062
1405577012|35.0
1405577032|35.0
1405577052|35.062
1405577072|35.0
1405577092|35.0
1405577113|35.0
1405577133|35.0
1405577153|35.0
1405577173|35.0
1405577193|35.0
1405577213|35.0
1405577234|35.0
1405577254|35.0
1405577274|35.0
1405577294|35.0
1405577314|35.0
1405577335|35.0
1405577355|35.0
1405577375|35.0
1405577395|35.0
1405577415|35.0
1405577435|35.0
1405577456|35.0
1405577476|35.0
1405577496|35.0
1405577516|35.0
1405577536|35.0
1405577556|35.0
1405577576|35.0
1405577596|35.0
1405577616|35.0
1405577636|35.0
1405577656|35.0
1405577676|35.0
1405577697|35.0
1405577717|35.0
1405577737|35.0
1405577757|35.0
1405577777|35.0
1405577797|35.0
1405577817|35.0
1405577837|35.0
1405577857|35.0
1405577878|35.0
1405577898|35.062
1405577918|35.062
1405577938|35.062
1405577958|35.062
1405577978|35.062
1405577998|35.062
1405578018|35.062
1405578038|35.0
1405578059|35.062
1405578079|35.062
1405578099|35.062
1405578119|35.0
1405578139|35.0
1405578159|35.0
1405578179|35.062
1405578199|35.062
1405578219|35.062
1405578239|35.062
1405578259|35.062
1405578279|35.062
1405578300|35.062
1405578320|35.062
1405578340|35.062
1405578360|35.062
1405578380|35.062
1405578400|35.0
1405578420|35.0
1405578440|35.062
1405578460|35.062
1405578481|35.0
1405578501|35.062
1405578521|35.0
1405578541|35.0
1405578561|35.0
1405578581|35.062
1405578601|35.062
1405578622|35.0
1405578642|35.0
1405578662|35.0
1405578682|35.0
1405578702|35.062
1405578722|35.062
1405578742|35.0
1405578762|35.062
1405578782|35.0
1405578802|35.0
1405578822|35.0
1405578842|35.0
1405578862|35.062
1405578883|35.0
1405578903|35.0
1405578923|35.0
1405578943|35.0
1405578963|35.0
1405578983|35.062
1405579003|35.0
1405579023|35.062
1405579043|35.062
1405579063|35.0
1405579083|35.0
1405579104|35.0
1405579124|35.0
1405579144|35.0
1405579164|35.0
1405579184|35.0
1405579204|35.0
1405579225|35.0
1405579245|35.0
1405579265|35.0
1405579285|35.062
1405579305|35.062
1405579325|35.0
1405579345|35.062
1405579365|35.062
1405579385|35.062
1405579405|35.062
1405579425|35.062
1405579445|35.0
1405579466|35.062
1405579486|35.062
1405579506|35.062
1405579526|35.062
1405579546|35.062
1405579566|35.062
1405579586|35.062
1405579606|35.0
1405579626|35.0
1405579646|35.062
1405579666|35.062
1405579686|35.0
1405579707|35.062
1405579727|35.0
1405579747|35.062
1405579767|35.0
1405579787|35.0
1405579808|35.062
1405579828|35.062
1405579848|35.062
1405579868|35.0
1405579888|35.062
1405579908|35.062
1405579928|35.125
1405579948|35.062
1405579968|35.062
1405579988|35.062
1405580008|35.125
1405580028|35.125
1405580048|35.125
1405580069|35.062
1405580089|35.062
1405580109|35.125
1405580129|35.062
1405580149|35.125
1405580169|35.125
1405580189|35.062
1405580209|35.125
1405580229|35.125
1405580249|35.062
1405580269|35.125
1405580289|35.125
1405580310|35.125
1405580330|35.125
1405580350|35.062
1405580370|35.125
1405580390|35.125
1405580411|35.125
1405580431|35.125
1405580451|35.125
1405580471|35.125
1405580491|35.125
1405580511|35.062
1405580531|35.125
1405580551|35.125
1405580571|35.125
1405580591|35.125
1405580611|35.125
1405580631|35.125
1405580652|35.125
1405580672|35.125
1405580692|35.125
1405580712|35.125
1405580732|35.125
1405580752|35.125
1405580772|35.187
1405580792|35.187
1405580812|35.187
1405580832|35.187
1405580852|35.187
1405580872|35.187
1405580892|35.187
1405580913|35.187
1405580933|35.187
1405580953|35.187
1405580973|35.187
1405580993|35.187
1405581014|35.125
1405581034|35.187
1405581054|35.187
1405581074|35.187
1405581094|35.187
1405581114|35.187
1405581134|35.25
1405581154|35.187
1405581174|35.25
1405581194|35.187
1405581214|35.187
1405581235|35.25
1405581255|35.25
1405581275|35.25
1405581295|35.187
1405581315|35.187
1405581335|35.25
1405581355|35.25
1405581375|35.25
1405581395|35.25
1405581415|35.25
1405581436|35.25
1405581456|35.25
1405581476|35.25
1405581496|35.25
1405581516|35.25
1405581536|35.25
1405581556|35.25
1405581576|35.25
1405581596|35.25
1405581617|35.312
1405581637|35.312
1405581657|35.312
1405581677|35.312
1405581697|35.312
1405581718|35.312
1405581738|35.312
1405581758|35.312
1405581778|35.312
1405581798|35.312
1405581818|35.312
1405581838|35.312
1405581858|35.312
1405581878|35.312
1405581898|35.312
1405581918|35.312
1405581938|35.375
1405581958|35.312
1405581979|35.312
1405581999|35.312
1405582019|35.312
1405582039|35.312
1405582059|35.375
1405582079|35.312
1405582099|35.375
1405582119|35.312
1405582139|35.375
1405582159|35.312
1405582179|35.375
1405582199|35.375
1405582220|35.375
1405582240|35.375
1405582260|35.375
1405582280|35.375
1405582300|35.375
1405582321|35.375
1405582341|35.375
1405582361|35.375
1405582381|35.375
1405582401|35.375
1405582421|35.375
1405582441|35.375
1405582461|35.375
1405582481|35.375
1405582501|35.375
1405582521|35.375
1405582542|35.375
1405582562|35.437
1405582582|35.437
1405582602|35.437
1405582622|35.437
1405582642|35.437
1405582662|35.437
1405582682|35.437
1405582702|35.437
1405582722|35.437
1405582742|35.437
1405582762|35.437
1405582783|35.437
1405582803|35.437
1405582823|35.437
1405582843|35.437
1405582863|35.437
1405582883|35.437
1405582903|35.5
1405582924|35.437
1405582944|35.437
1405582964|35.437
1405582984|35.437
1405583004|35.437
1405583025|35.437
1405583045|35.5
1405583065|35.437
1405583085|35.437
1405583105|35.437
1405583125|35.437
1405583145|35.437
1405583165|35.5
1405583185|35.5
1405583205|35.5
1405583225|35.5
1405583245|35.5
1405583265|35.5
1405583286|35.5
1405583306|35.5
1405583326|35.5
1405583346|35.5
1405583366|35.562
1405583386|35.5
1405583406|35.5
1405583426|35.5
1405583446|35.5
1405583466|35.5
1405583486|35.5
1405583507|35.5
1405583527|35.5
1405583547|35.5
1405583567|35.5
1405583587|35.562
1405583607|35.562
1405583628|35.562
1405583648|35.562
1405583668|35.562
1405583688|35.562
1405583708|35.562
1405583728|85.0
1405583748|35.562
1405583768|35.562
1405583788|35.625
1405583809|35.562
1405583829|35.562
1405583849|35.562
1405583869|35.562
1405583889|35.625
1405583909|35.625
1405583929|35.625
1405583949|35.625
1405583969|35.625
1405583989|35.625
1405584009|35.625
1405584029|35.625
1405584049|35.625
1405584070|35.625
1405584090|35.625
1405584110|35.625
1405584130|35.625
1405584150|35.625
1405584171|35.625
1405584191|35.625
1405584211|35.625
1405584231|35.687
1405584251|35.625
1405584271|35.625
1405584291|35.687
1405584311|35.625
1405584331|35.687
1405584351|35.687
1405584371|35.687
1405584392|35.687
1405584412|35.687
1405584432|35.687
1405584452|35.687
1405584472|35.687
1405584492|35.687
1405584512|35.687
1405584532|35.687
1405584552|35.687
1405584572|35.687
1405584592|35.75
1405584612|35.75
1405584632|35.75
1405584653|35.687
1405584673|35.75
1405584693|35.687
1405584713|35.75
1405584733|35.687
1405584753|35.687
1405584774|35.75
1405584794|35.75
1405584814|35.75
1405584834|35.75
1405584854|35.812
1405584874|35.75
1405584894|35.75
1405584914|35.75
1405584934|35.75
1405584954|35.812
1405584974|35.75
1405584995|35.75
1405585015|35.812
1405585035|35.812
1405585055|35.75
1405585075|35.812
1405585095|35.75
1405585115|35.812
1405585135|35.812
1405585155|35.812
1405585175|35.812
1405585195|35.812
1405585215|35.812
1405585235|35.812
1405585256|35.812
1405585276|35.812
1405585296|35.812
1405585316|35.812
1405585336|35.812
1405585356|35.812
1405585377|35.812
1405585397|35.812
1405585417|35.812
1405585437|35.812
1405585457|35.812
1405585477|35.812
1405585497|35.812
1405585517|35.812
1405585537|35.812
1405585557|35.812
1405585577|35.812
1405585598|35.812
1405585618|35.812
1405585638|35.812
1405585658|35.812
1405585678|35.812
1405585698|35.812
1405585718|35.812
1405585738|35.75
1405585758|35.812
1405585778|35.812
1405585798|35.812
1405585818|35.812
1405585838|35.812
1405585859|35.812
1405585879|35.812
1405585899|35.875
1405585919|35.875
1405585939|35.812
1405585959|35.875
1405585980|35.875
1405586000|35.875
1405586020|35.875
1405586040|35.875
1405586060|35.875
1405586080|35.875
1405586100|35.875
1405586120|35.875
1405586140|35.875
1405586161|35.875
1405586181|35.875
1405586201|35.875
1405586221|35.875
1405586241|35.875
1405586261|35.875
1405586281|35.937
1405586301|35.875
1405586321|35.875
1405586341|35.875
1405586361|35.875
1405586381|35.937
1405586402|35.937
1405586422|35.937
1405586442|35.875
1405586462|35.937
1405586482|35.937
1405586502|35.875
1405586522|35.875
1405586542|35.875
1405586562|35.875
1405586583|35.937
1405586603|35.937
1405586623|35.937
1405586643|35.937
1405586663|35.937
1405586683|35.937
1405586703|35.937
1405586724|35.937
1405586744|35.937
1405586764|35.937
1405586784|35.937
1405586804|35.937
1405586824|35.937
1405586844|35.937
1405586865|35.937
1405586885|35.937
1405586905|35.937
1405586925|35.937
1405586945|35.937
1405586965|35.937
1405586986|35.937
1405587006|36.0
1405587026|35.937
1405587046|35.937
1405587066|36.0
1405587086|35.937
1405587106|35.937
1405587126|36.0
1405587146|36.0
1405587166|36.0
1405587186|35.937
1405587206|36.0
1405587227|35.937
1405587247|36.0
1405587267|36.0
1405587287|36.0
1405587307|36.0
1405587328|36.0
1405587348|36.0
1405587368|36.062
1405587388|36.0
1405587408|36.0
1405587428|36.0
1405587448|36.062
1405587468|36.062
1405587488|36.062
1405587508|36.062
1405587528|36.062
1405587548|36.062
1405587569|36.062
1405587589|36.062
1405587609|36.062
1405587629|36.062
1405587649|36.062
1405587669|36.062
1405587689|36.062
1405587709|36.125
1405587729|36.125
1405587750|36.062
1405587770|36.125
1405587790|36.125
1405587810|36.125
1405587830|36.125
1405587850|36.125
1405587871|36.125
1405587891|36.125
1405587911|36.125
1405587931|36.125
1405587951|36.125
1405587971|36.125
1405587991|36.125
1405588012|36.187
1405588032|36.187
1405588052|36.187
1405588072|36.187
1405588092|36.187
1405588112|36.187
1405588132|36.187
1405588152|36.25
1405588172|36.25
1405588193|36.187
1405588213|36.25
1405588233|36.25
1405588253|36.25
1405588273|36.25
1405588293|36.25
1405588313|36.25
1405588333|36.25
1405588353|36.25
1405588373|36.25
1405588393|36.25
1405588413|36.312
1405588433|36.312
1405588454|36.312
1405588474|36.312
1405588494|36.312
1405588514|36.312
1405588534|36.312
1405588554|36.312
1405588575|36.312
1405588595|36.312
1405588615|36.312
1405588636|36.375
1405588656|36.375
1405588676|36.375
1405588697|36.375
1405588717|36.375
1405588737|36.437
1405588757|36.375
1405588777|36.375
1405588797|36.437
1405588817|36.437
1405588837|36.437
1405588857|36.437
1405588878|36.437
1405588898|36.437
1405588918|36.437
1405588938|36.437
1405588958|36.437
1405588978|36.5
1405588998|36.437
1405589018|36.5
1405589038|36.5
1405589058|36.5
1405589078|36.5
1405589098|36.5
1405589118|36.5
1405589139|36.5
1405589159|36.5
1405589179|36.562
1405589199|36.562
1405589219|36.562
1405589239|36.562
1405589259|36.562
1405589279|36.562
1405589300|36.562
1405589320|36.562
1405589340|36.562
1405589361|36.562
1405589381|36.562
1405589401|36.562
1405589421|36.562
1405589441|36.562
1405589461|36.625
1405589481|36.562
1405589501|36.625
1405589521|36.625
1405589541|36.625
1405589561|36.625
1405589581|36.625
1405589601|36.625
1405589622|36.687
1405589642|36.687
1405589662|36.687
1405589682|36.687
1405589702|36.687
1405589722|36.687
1405589742|36.687
1405589762|36.687
1405589782|36.75
1405589802|36.75
1405589822|36.687
1405589842|36.75
1405589863|36.75
1405589883|36.75
1405589903|36.75
1405589923|36.75
1405589944|36.75
1405589964|36.75
1405589984|36.75
1405590004|36.75
1405590024|36.812
1405590044|36.812
1405590064|36.812
1405590084|36.812
1405590105|36.812
1405590125|36.812
1405590145|36.812
1405590165|36.812
1405590185|36.812
1405590205|36.812
1405590225|36.875
1405590245|36.875
1405590265|36.875
1405590285|36.875
1405590305|36.875
1405590325|36.875
1405590345|36.875
1405590366|36.875
1405590386|36.875
1405590406|36.875
1405590426|36.937
1405590446|36.937
1405590466|36.937
1405590486|36.937
1405590506|36.937
1405590526|36.937
1405590547|36.937
1405590567|36.937
1405590587|37.0
1405590607|37.0
1405590627|85.0
1405590647|37.0
1405590667|37.062
1405590687|37.062
1405590707|37.062
1405590728|37.062
1405590748|37.062
1405590768|37.062
1405590788|37.062
1405590808|37.125
1405590828|37.125
1405590848|37.125
1405590868|37.125
1405590888|37.125
1405590908|37.125
1405590928|37.125
1405590948|37.187
1405590969|37.187
1405590989|37.125
1405591009|37.187
1405591029|37.187
1405591049|37.187
1405591070|37.187
1405591090|37.187
1405591110|37.187
1405591130|37.187
1405591150|37.187
1405591170|37.187
1405591190|37.25
1405591210|37.25
1405591231|37.25
1405591251|37.25
1405591271|37.25
1405591291|37.25
1405591311|37.25
1405591331|37.25
1405591351|37.25
1405591371|37.25
1405591391|37.312
1405591411|37.312
1405591432|37.312
1405591452|37.312
1405591472|37.312
1405591492|37.312
1405591512|37.312
1405591532|37.312
1405591552|37.375
1405591572|37.375
1405591592|37.375
1405591612|37.375
1405591632|37.375
1405591652|37.375
1405591672|37.375
1405591693|37.437
1405591713|37.437
1405591733|37.437
1405591753|37.437
1405591773|37.437
1405591793|37.437
1405591813|37.437
1405591833|37.437
1405591854|37.437
1405591874|37.437
1405591894|37.5
1405591914|37.5
1405591934|37.5
1405591954|37.5
1405591974|37.5
1405591994|37.5
1405592015|37.5
1405592035|37.562
1405592055|37.562
1405592075|37.562
1405592095|37.562
1405592115|37.562
1405592135|37.562
1405592155|37.562
1405592175|37.562
1405592195|37.562
1405592215|37.562
1405592235|37.562
1405592255|37.625
1405592276|37.625
1405592296|37.625
1405592316|37.625
1405592336|37.687
1405592356|37.687
1405592376|37.687
1405592396|37.687
1405592416|37.687
1405592436|37.687
1405592457|37.687
1405592477|37.687
1405592497|37.75
1405592517|37.75
1405592537|37.75
1405592557|37.687
1405592577|37.75
1405592597|37.75
1405592618|37.75
1405592638|37.75
1405592658|37.75
1405592678|37.75
1405592698|37.75
1405592718|37.75
1405592738|37.812
1405592758|37.812
1405592778|37.812
1405592798|37.812
1405592818|37.812
1405592838|37.812
1405592859|37.812
1405592879|37.812
1405592899|37.875
1405592919|37.875
1405592939|37.875
1405592959|37.812
1405592979|37.875
1405592999|37.875
1405593019|37.875
1405593039|37.875
1405593060|37.875
1405593080|37.875
1405593100|37.875
1405593120|37.875
1405593140|37.937
1405593160|37.937
1405593180|37.937
1405593201|37.937
1405593221|37.937
1405593241|37.937
1405593261|37.937
1405593281|37.937
1405593301|38.0
1405593321|38.0
1405593341|38.0
1405593361|38.0
1405593381|38.0
1405593401|38.0
1405593421|38.0
1405593442|38.0
1405593462|38.062
1405593482|38.0
1405593502|38.062
1405593522|38.062
1405593542|38.062
1405593562|38.062
1405593582|38.062
1405593602|38.062
1405593622|38.062
1405593642|38.125
1405593662|38.062
1405593683|38.062
1405593703|38.062
1405593723|38.062
1405593743|38.125
1405593763|38.125
1405593783|38.125
1405593804|38.125
1405593824|38.125
1405593844|38.125
1405593864|38.187
1405593884|38.187
1405593904|38.187
1405593924|38.187
1405593944|38.187
1405593964|38.25
1405593984|38.187
1405594004|38.25
1405594024|38.187
1405594044|38.187
1405594065|38.25
1405594085|38.25
1405594105|38.25
1405594125|38.312
1405594145|38.312
1405594165|38.312
1405594185|38.312
1405594205|38.312
1405594225|38.312
1405594245|38.312
1405594265|38.312
1405594286|38.312
1405594306|38.312
1405594326|38.312
1405594346|38.312
1405594366|38.312
1405594386|38.312
1405594407|38.312
1405594427|38.312
1405594447|38.375
1405594467|38.375
1405594487|38.375
1405594507|38.375
1405594527|38.375
1405594547|38.375
1405594567|38.375
1405594587|38.375
1405594607|38.375
1405594627|38.437
1405594647|38.437
1405594668|38.437
1405594688|38.437
1405594708|38.437
1405594728|38.437
1405594748|38.437
1405594768|38.437
1405594788|38.5
1405594808|38.5
1405594828|38.5
1405594848|38.5
1405594868|38.5
1405594889|38.5
1405594909|38.562
1405594929|38.562
1405594949|38.562
1405594969|38.562
1405594989|38.562
1405595009|38.562
1405595030|38.562
1405595050|38.625
1405595070|38.625
1405595090|38.625
1405595110|38.625
1405595130|38.625
1405595150|38.625
1405595170|38.625
1405595190|38.625
1405595210|38.625
1405595230|38.625
1405595250|38.625
1405595271|38.687
1405595291|38.687
1405595311|38.687
1405595331|38.687
1405595351|38.687
1405595371|38.75
1405595391|38.687
1405595411|38.687
1405595431|38.687
1405595451|38.687
1405595471|38.75
1405595492|38.75
1405595512|38.75
1405595532|38.75
1405595552|38.75
1405595572|38.75
1405595592|38.812
1405595612|38.75
1405595633|38.75
1405595653|38.75
1405595673|38.812
1405595693|38.75
1405595713|38.75
1405595733|38.812
1405595753|38.75
1405595773|38.75
1405595794|38.75
1405595814|38.812
1405595834|38.812
1405595855|38.75
1405595875|38.812
1405595895|38.812
1405595915|38.812
1405595935|38.75
1405595955|38.812
1405595975|38.812
1405595995|38.812
1405596015|38.812
1405596035|38.812
1405596055|38.875
1405596075|38.875
1405596095|38.812
1405596116|38.812
1405596136|38.875
1405596156|38.875
1405596176|38.812
1405596197|38.875
1405596217|38.875
1405596237|38.875
1405596257|38.875
1405596277|38.875
1405596297|38.875
1405596317|38.875
1405596337|38.875
1405596357|38.875
1405596377|38.875
1405596397|38.937
1405596417|38.937
1405596438|38.937
1405596458|38.937
1405596478|38.937
1405596499|38.937
1405596519|38.937
1405596539|38.937
1405596559|38.937
1405596579|38.937
1405596599|39.0
1405596619|39.0
1405596639|39.0
1405596659|39.0
1405596679|39.0
1405596699|39.062
1405596719|39.062
1405596740|39.062
1405596760|39.062
1405596780|39.062
1405596800|39.062
1405596820|39.062
1405596841|39.062
1405596861|39.062
1405596882|39.125
1405596902|39.062
1405596922|39.062
1405596942|39.125
1405596962|39.125
1405596982|39.125
1405597002|39.125
1405597023|39.125
1405597043|39.125
1405597063|39.125
1405597083|39.125
1405597103|39.125
1405597123|39.125
1405597143|39.125
1405597163|39.125
1405597183|39.125
1405597203|39.125
1405597223|39.125
1405597244|39.187
1405597264|39.187
1405597284|39.187
1405597304|39.187
1405597324|39.187
1405597344|39.187
1405597364|39.25
1405597384|39.25
1405597405|39.25
1405597425|39.25
1405597445|39.25
1405597465|39.312
1405597485|39.312
1405597505|39.312
1405597525|39.312
1405597546|39.312
1405597566|39.312
1405597586|39.375
1405597606|39.375
1405597626|39.375
1405597646|39.375
1405597666|39.375
1405597686|39.375
1405597706|39.375
1405597726|39.375
1405597746|39.437
1405597767|39.437
1405597787|39.437
1405597807|39.437
1405597827|39.437
1405597847|39.5
1405597867|39.5
1405597887|39.5
1405597907|39.5
1405597927|39.5
1405597947|39.5
1405597967|39.5
1405597987|39.562
1405598007|39.562
1405598028|39.562
1405598048|39.5
1405598068|39.562
1405598088|39.562
1405598108|39.562
1405598128|39.562
1405598149|39.562
1405598169|39.562
1405598189|39.562
1405598209|39.625
1405598229|39.625
1405598249|39.625
1405598269|39.625
1405598290|39.625
1405598310|39.625
1405598330|39.625
1405598350|39.625
1405598370|39.687
1405598390|39.687
1405598410|39.687
1405598430|39.687
1405598450|39.687
1405598470|39.687
1405598491|39.687
1405598511|39.687
1405598531|39.687
1405598551|39.687
1405598571|39.75
1405598591|39.75
1405598611|39.687
1405598631|39.687
1405598651|39.75
1405598671|39.75
1405598691|39.75
1405598711|39.75
1405598731|39.75
1405598752|39.75
1405598772|39.75
1405598792|39.75
1405598812|39.75
1405598833|39.75
1405598853|39.812
1405598873|39.75
1405598893|39.75
1405598913|39.75
1405598933|39.75
1405598953|39.75
1405598973|39.812
1405598993|39.812
1405599013|39.812
1405599033|39.812
1405599053|39.812
1405599074|39.812
1405599094|39.812
1405599114|39.812
1405599134|39.812
1405599154|39.812
1405599174|39.812
1405599194|39.812
1405599214|39.812
1405599234|39.812
1405599254|39.812
1405599274|39.875
1405599295|39.875
1405599315|39.875
1405599335|39.875
1405599355|39.812
1405599375|39.875
1405599395|39.812
1405599415|39.812
1405599436|39.812
1405599456|39.875
1405599476|39.875
1405599496|39.875
1405599516|39.875
1405599536|39.875
1405599556|39.875
1405599576|39.875
1405599596|39.875
1405599616|39.875
1405599637|39.937
1405599657|39.875
1405599677|39.937
1405599697|39.937
1405599717|39.937
1405599737|39.937
1405599757|39.875
1405599777|39.875
1405599797|39.875
1405599817|39.937
1405599837|39.875
1405599857|39.937
1405599877|39.937
1405599898|39.937
1405599918|39.937
1405599938|39.937
1405599958|39.937
1405599978|39.937
1405599998|40.0
1405600018|40.0
1405600039|40.0
1405600059|40.0
1405600079|40.0
1405600099|40.0
1405600119|40.0
1405600139|40.0
1405600159|40.0
1405600179|40.0
1405600199|40.0
1405600220|40.0
1405600240|40.0
1405600260|40.0
1405600280|40.0
1405600300|40.0
1405600320|40.062
1405600340|40.0
1405600360|40.0
1405600380|40.0
1405600400|40.0
1405600420|40.0
1405600440|40.0
1405600460|40.0
1405600481|40.0
1405600501|40.062
1405600521|40.0
1405600541|40.0
1405600561|40.062
1405600581|40.0
1405600601|40.062
1405600622|40.062
1405600642|40.062
1405600662|40.062
1405600682|40.062
1405600702|40.062
1405600722|40.062
1405600742|40.062
1405600762|40.062
1405600782|40.062
1405600802|40.062
1405600823|40.062
1405600843|40.062
1405600863|40.062
1405600883|40.125
1405600903|40.062
1405600923|40.062
1405600943|40.062
1405600963|40.062
1405600983|40.062
1405601003|40.062
1405601024|40.125
1405601044|40.125
1405601064|40.125
1405601084|40.062
1405601104|40.062
1405601124|40.062
1405601144|40.062
1405601164|40.062
1405601184|40.062
1405601205|40.062
1405601225|40.125
1405601245|40.062
1405601265|40.062
1405601285|40.062
1405601305|40.062
1405601325|40.062
1405601345|40.125
1405601366|40.125
1405601386|40.062
1405601406|40.062
1405601426|40.062
1405601446|40.062
1405601466|40.125
1405601486|40.125
1405601506|40.125
1405601526|40.125
1405601546|40.125
1405601566|40.125
1405601586|40.125
1405601606|40.125
1405601627|40.125
1405601647|40.125
1405601667|40.125
1405601687|40.125
1405601707|40.125
1405601727|40.125
1405601747|40.062
1405601767|40.062
1405601787|40.125
1405601808|40.125
1405601828|40.125
1405601848|40.125
1405601869|40.125
1405601889|40.062
1405601909|40.062
1405601929|40.062
1405601949|40.062
1405601969|40.062
1405601990|40.062
1405602010|40.062
1405602030|40.062
1405602050|40.062
1405602070|40.062
1405602090|40.062
1405602110|40.062
1405602130|40.062
1405602150|40.062
1405602170|40.062
1405602190|40.062
1405602210|40.062
1405602230|40.062
1405602251|40.062
1405602271|40.062
1405602291|40.062
1405602311|40.062
1405602331|40.062
1405602351|40.062
1405602371|40.062
1405602391|40.062
1405602411|40.062
1405602431|40.062
1405602452|40.062
1405602472|40.0
1405602492|40.0
1405602512|40.062
1405602532|40.0
1405602552|40.0
1405602573|40.0
1405602593|40.0
1405602613|40.0
1405602633|40.0
1405602653|40.0
1405602673|40.0
1405602693|40.0
1405602713|40.0
1405602733|40.062
1405602753|40.0
1405602773|40.0
1405602793|40.0
1405602813|40.0
1405602834|40.0
1405602854|39.937
1405602874|40.0
1405602894|40.0
1405602914|40.0
1405602934|40.0
1405602954|40.0
1405602974|40.0
1405602994|40.0
1405603014|40.062
1405603034|40.0
1405603055|40.0
1405603075|40.0
1405603095|40.0
1405603115|40.0
1405603135|40.0
1405603155|40.0
1405603176|40.0
1405603196|40.0
1405603216|40.0
1405603236|40.0
1405603256|40.0
1405603276|40.0
1405603296|40.0
1405603316|40.0
1405603336|40.0
1405603356|40.0
1405603376|40.0
1405603396|40.0
1405603416|40.0
1405603437|40.062
1405603457|40.062
1405603477|40.062
1405603497|40.062
1405603517|40.062
1405603537|40.062
1405603557|40.062
1405603577|40.062
1405603597|40.062
1405603617|40.062
1405603637|40.062
1405603658|40.062
1405603678|40.062
1405603698|40.062
1405603718|40.062
1405603739|40.062
1405603759|40.062
1405603779|40.062
1405603799|40.0
1405603819|40.0
1405603839|40.062
1405603859|40.062
1405603879|40.062
1405603899|40.062
1405603919|40.0
1405603939|40.0
1405603960|40.0
1405603980|40.0
1405604000|40.0
1405604020|40.0
1405604040|40.0
1405604060|40.0
1405604081|40.0
1405604101|39.937
1405604121|40.0
1405604141|40.0
1405604161|40.0
1405604181|40.0
1405604201|40.0
1405604221|40.0
1405604241|40.0
1405604261|40.0
1405604281|40.0
1405604301|40.0
1405604322|40.0
1405604342|40.0
1405604362|40.0
1405604382|40.0
1405604403|40.0
1405604423|40.0
1405604443|40.0
1405604463|40.0
1405604483|40.0
1405604503|40.0
1405604523|40.0
1405604543|40.0
1405604563|40.0
1405604583|40.0
1405604603|40.0
1405604623|40.0
1405604644|40.0
1405604664|40.0
1405604685|40.0
1405604705|40.0
1405604725|40.0
1405604745|40.0
1405604765|40.0
1405604785|40.0
1405604805|40.0
1405604825|39.937
1405604845|40.0
1405604865|39.937
1405604885|39.937
1405604906|40.0
1405604926|39.937
1405604946|40.0
1405604966|40.0
1405604986|40.0
1405605006|40.0
1405605026|39.937
1405605046|40.0
1405605067|40.0
1405605087|39.937
1405605107|39.937
1405605127|39.937
1405605147|39.937
1405605167|39.937
1405605187|39.937
1405605207|39.937
1405605228|39.937
1405605248|39.937
1405605268|39.937
1405605288|39.937
1405605308|39.937
1405605328|39.937
1405605348|39.937
1405605368|39.937
1405605388|39.875
1405605408|39.875
1405605428|39.937
1405605448|39.937
1405605468|39.937
1405605489|39.937
1405605509|39.937
1405605529|39.937
1405605549|39.875
1405605569|39.937
1405605589|39.875
1405605609|39.937
1405605629|39.875
1405605649|39.875
1405605669|39.875
1405605690|39.937
1405605710|39.937
1405605730|39.875
1405605750|39.875
1405605770|39.875
1405605790|39.875
1405605810|39.875
1405605831|39.875
1405605851|39.875
1405605871|39.875
1405605891|39.875
1405605911|39.937
1405605931|39.937
1405605951|39.875
1405605971|39.875
1405605991|39.875
1405606011|39.937
1405606032|39.937
1405606052|39.937
1405606072|39.875
1405606092|39.937
1405606112|39.937
1405606132|39.937
1405606153|39.937
1405606173|39.937
1405606193|39.937
1405606213|39.937
1405606233|39.937
1405606253|39.937
1405606273|39.937
1405606293|39.937
1405606313|39.875
1405606333|39.875
1405606354|39.937
1405606374|39.875
1405606394|39.875
1405606414|39.937
1405606434|39.875
1405606454|39.875
1405606475|39.875
1405606495|39.937
1405606515|39.875
1405606535|39.937
1405606555|39.937
1405606575|39.937
1405606595|39.875
1405606615|39.937
1405606635|39.937
1405606655|39.937
1405606675|39.875
1405606695|39.875
1405606715|39.875
1405606736|39.875
1405606756|39.875
1405606776|39.937
1405606796|39.937
1405606816|39.875
1405606836|39.875
1405606856|39.875
1405606876|39.937
1405606896|39.875
1405606916|39.937
1405606937|39.875
1405606957|39.875
1405606977|39.875
1405606997|39.875
1405607017|39.875
1405607037|39.875
1405607057|39.875
1405607077|39.875
1405607098|39.875
1405607118|39.875
1405607138|39.875
1405607158|39.875
1405607178|39.875
1405607198|39.875
1405607218|39.875
1405607238|39.875
1405607258|39.875
1405607278|39.875
1405607298|39.875
1405607318|39.875
1405607338|39.875
1405607359|39.875
1405607379|39.875
1405607399|39.812
1405607419|39.875
1405607439|39.875
1405607459|39.875
1405607479|39.875
1405607499|39.875
1405607519|39.812
1405607539|39.812
1405607560|39.812
1405607580|39.812
1405607600|39.812
1405607620|39.812
1405607640|39.875
1405607660|39.875
1405607680|39.875
1405607700|39.812
1405607721|39.812
1405607741|39.812
1405607761|39.812
1405607781|39.812
1405607801|39.812
1405607821|39.812
1405607841|39.812
1405607861|39.812
1405607881|39.812
1405607901|39.812
1405607921|39.812
1405607941|39.812
1405607962|39.812
1405607982|39.812
1405608002|39.812
1405608022|39.812
1405608042|39.812
1405608062|39.812
1405608082|39.812
1405608102|39.812
1405608122|39.812
1405608142|39.812
1405608162|39.812
1405608183|39.75
1405608203|39.75
1405608223|39.812
1405608243|39.812
1405608263|39.812
1405608283|39.75
1405608304|39.75
1405608324|39.75
1405608344|39.75
1405608364|39.75
1405608384|39.812
1405608404|39.812
1405608424|39.812
1405608444|39.812
1405608464|39.75
1405608484|39.812
1405608504|39.75
1405608524|39.812
1405608544|39.812
1405608565|39.812
1405608585|39.812
1405608605|39.812
1405608625|39.812
1405608645|39.812
1405608665|39.812
1405608685|39.812
1405608705|39.812
1405608725|39.812
1405608745|39.812
1405608765|39.812
1405608786|39.812
1405608806|39.75
1405608826|39.812
1405608846|39.812
1405608867|39.812
1405608887|39.812
1405608907|39.75
1405608927|39.75
1405608947|39.75
1405608967|39.812
1405608987|39.75
1405609007|39.75
1405609027|39.75
1405609047|39.75
1405609067|39.687
1405609087|39.75
1405609107|39.75
1405609128|39.75
1405609148|39.75
1405609168|39.75
1405609188|39.75
1405609208|39.75
1405609228|39.75
1405609248|39.687
1405609268|39.75
1405609288|39.75
1405609308|39.75
1405609328|39.75
1405609348|39.75
1405609369|39.75
1405609389|39.687
1405609410|39.687
1405609430|39.687
1405609450|39.687
1405609471|39.687
1405609491|39.687
1405609511|39.687
1405609531|39.687
1405609552|39.687
1405609572|39.687
1405609592|39.687
1405609612|39.687
1405609632|39.687
1405609652|39.687
1405609672|39.687
1405609692|39.687
1405609712|39.687
1405609732|39.687
1405609752|39.687
1405609772|39.687
1405609792|39.687
1405609813|39.687
1405609833|39.687
1405609853|39.687
1405609873|39.687
1405609893|39.687
1405609913|39.687
1405609933|39.75
1405609953|39.687
1405609973|39.75
1405609993|39.687
1405610013|39.75
1405610035|39.75
1405610055|39.75
1405610075|39.75
1405610095|39.75
1405610115|39.75
1405610135|39.75
1405610156|39.75
1405610176|39.75
1405610196|39.75
1405610216|39.75
1405610236|39.75
1405610256|39.75
1405610277|39.75
1405610297|39.75
1405610317|39.687
1405610337|39.687
1405610357|39.687
1405610377|39.687
1405610397|39.687
1405610417|39.687
1405610437|39.687
1405610457|39.687
1405610478|39.625
1405610498|39.625
1405610518|39.625
1405610538|39.625
1405610558|39.625
1405610578|39.625
1405610598|39.625
1405610618|39.625
1405610638|39.687
1405610658|39.687
1405610678|39.687
1405610698|39.687
1405610718|39.687
1405610739|39.687
1405610760|39.687
1405610780|39.687
1405610800|39.687
1405610820|39.625
1405610840|39.687
1405610860|39.687
1405610880|39.625
1405610900|39.687
1405610921|39.687
1405610941|39.687
1405610961|39.687
1405610981|39.625
1405611001|39.687
1405611021|39.625
1405611041|39.625
1405611061|39.687
1405611082|39.625
1405611102|39.687
1405611122|39.687
1405611142|39.625
1405611162|39.687
1405611182|39.687
1405611202|39.625
1405611222|39.625
1405611242|39.625
1405611262|39.625
1405611283|39.687
1405611303|39.625
1405611323|39.687
1405611343|39.625
1405611363|39.625
1405611383|39.625
1405611403|39.687
1405611423|39.625
1405611443|39.625
1405611464|39.687
1405611484|39.687
1405611504|39.625
1405611524|39.687
1405611544|39.687
1405611564|39.625
1405611585|39.625
1405611605|39.625
1405611625|39.625
1405611645|39.625
1405611665|39.625
1405611685|39.687
1405611705|39.625
1405611726|39.625
1405611746|39.625
1405611766|39.625
1405611786|39.625
1405611806|39.625
1405611826|39.625
1405611846|39.625
1405611866|39.625
1405611886|39.625
1405611906|39.625
1405611926|39.625
1405611946|39.625
1405611966|39.625
1405611987|39.625
1405612007|39.625
1405612027|39.625
1405612047|39.625
1405612067|39.625
1405612087|39.625
1405612107|39.625
1405612127|39.625
1405612147|39.625
1405612167|39.625
1405612187|39.625
1405612208|39.625
1405612228|39.625
1405612248|39.625
1405612268|39.625
1405612288|39.625
1405612308|39.625
1405612329|39.625
1405612349|39.625
1405612369|39.625
1405612389|39.625
1405612409|39.625
1405612429|39.625
1405612449|39.625
1405612469|39.625
1405612489|39.625
1405612509|39.625
1405612529|39.625
1405612549|39.625
1405612569|39.625
1405612590|39.625
1405612610|39.625
1405612630|39.625
1405612650|39.625
1405612670|39.625
1405612690|39.625
1405612710|39.625
1405612730|39.625
1405612750|39.625
1405612770|39.625
1405612790|39.625
1405612811|39.562
1405612831|39.625
1405612851|39.562
1405612871|39.625
1405612891|39.562
1405612911|39.625
1405612932|39.625
1405612952|39.562
1405612972|39.562
1405612992|39.562
1405613012|39.625
1405613032|39.562
1405613052|39.562
1405613072|39.562
1405613092|39.562
1405613112|39.625
1405613132|39.562
1405613152|39.625
1405613172|39.625
1405613193|39.562
1405613213|39.562
1405613233|39.562
1405613253|39.562
1405613273|39.562
1405613293|39.562
1405613313|39.562
1405613333|39.562
1405613353|39.562
1405613373|39.562
1405613393|39.562
1405613413|39.562
1405613433|39.562
1405613454|39.562
1405613475|39.562
1405613495|39.562
1405613515|39.562
1405613535|39.562
1405613555|39.562
1405613576|39.562
1405613596|39.562
1405613616|39.562
1405613636|39.562
1405613656|39.562
1405613676|39.562
1405613696|39.562
1405613716|39.625
1405613736|39.625
1405613756|39.562
1405613776|39.562
1405613796|39.562
1405613817|39.562
1405613837|39.562
1405613857|39.562
1405613877|39.562
1405613897|39.562
1405613917|39.562
1405613937|39.562
1405613957|39.562
1405613977|39.562
1405613997|39.562
1405614017|39.562
1405614037|39.562
1405614057|39.562
1405614078|39.562
1405614098|39.562
1405614118|39.562
1405614138|39.562
1405614158|39.562
1405614179|39.562
1405614199|39.562
1405614219|39.562
1405614239|39.562
1405614259|39.562
1405614279|39.562
1405614299|39.562
1405614319|39.562
1405614339|39.562
1405614359|39.562
1405614379|39.562
1405614399|39.5
1405614420|39.562
1405614440|39.5
1405614460|39.5
1405614480|39.5
1405614500|39.562
1405614520|39.5
1405614540|39.5
1405614560|39.562
1405614580|39.5
1405614600|39.5
1405614620|39.5
1405614640|39.5
1405614660|39.5
1405614681|39.562
1405614701|39.5
1405614721|39.5
1405614741|39.5
1405614761|39.5
1405614781|39.5
1405614802|39.5
1405614822|39.5
1405614842|39.562
1405614862|39.5
1405614882|39.5
1405614903|39.5
1405614923|39.5
1405614943|39.5
1405614963|39.5
1405614983|39.5
1405615003|39.5
1405615023|39.5
1405615043|39.5
1405615063|39.5
1405615084|39.5
1405615104|39.5
1405615124|39.5
1405615144|39.5
1405615164|39.5
1405615184|39.562
1405615204|39.562
1405615224|39.5
1405615244|39.5
1405615264|39.5
1405615284|39.5
1405615304|39.5
1405615324|39.5
1405615345|39.5
1405615365|39.5
1405615385|39.5
1405615405|39.5
1405615425|39.5
1405615446|39.5
1405615466|39.5
1405615486|39.5
1405615506|39.5
1405615526|39.5
1405615547|39.5
1405615567|39.5
1405615587|39.5
1405615607|39.5
1405615627|39.5
1405615647|39.5
1405615667|39.5
1405615687|39.5
1405615707|39.5
1405615727|39.5
1405615747|39.5
1405615768|39.5
1405615788|39.5
1405615808|39.5
1405615828|39.5
1405615848|39.562
1405615868|39.5
1405615888|39.5
1405615908|39.5
1405615928|39.5
1405615948|39.562
1405615968|39.5
1405615988|39.5
1405616008|39.5
1405616029|39.5
1405616049|39.5
1405616069|39.5
1405616089|39.5
1405616109|39.5
1405616129|39.5
1405616150|39.5
1405616170|39.5
1405616190|39.5
1405616210|39.562
1405616230|39.5
1405616250|39.5
1405616270|39.5
1405616290|39.5
1405616310|39.5
1405616330|39.5
1405616350|39.5
1405616371|39.5
1405616391|39.5
1405616411|39.5
1405616431|39.5
1405616451|39.5
1405616471|39.5
1405616491|39.5
1405616511|39.5
1405616531|39.5
1405616551|39.437
1405616571|39.5
1405616592|39.437
1405616612|39.437
1405616632|39.437
1405616653|39.5
1405616673|39.437
1405616693|39.437
1405616713|39.437
1405616733|39.437
1405616753|39.437
1405616773|39.437
1405616793|39.437
1405616814|39.437
1405616834|39.437
1405616854|39.437
1405616874|39.437
1405616894|39.437
1405616914|39.437
1405616934|39.437
1405616954|39.437
1405616975|39.437
1405616995|39.437
1405617015|39.437
1405617035|39.437
1405617055|39.437
1405617075|39.437
1405617095|39.437
1405617115|39.437
1405617135|39.437
1405617155|39.437
1405617175|39.437
1405617195|39.437
1405617216|39.437
1405617236|39.437
1405617256|39.437
1405617276|39.437
1405617296|39.375
1405617316|39.375
1405617336|39.437
1405617356|39.375
1405617376|39.437
1405617396|39.437
1405617417|39.437
1405617437|39.437
1405617457|39.437
1405617477|39.437
1405617497|39.437
1405617517|39.437
1405617538|39.437
1405617558|39.437
1405617578|39.437
1405617598|39.5
1405617618|39.5
1405617638|39.5
1405617658|39.5
1405617678|39.5
1405617698|39.5
1405617719|39.562
1405617739|39.562
1405617759|39.562
1405617779|39.562
1405617799|39.562
1405617819|39.625
1405617839|39.562
1405617859|39.562
1405617879|39.625
1405617899|39.625
1405617919|39.562
1405617939|39.625
1405617959|39.625
1405617980|39.562
1405618000|39.625
1405618020|39.625
1405618040|39.625
1405618060|39.562
1405618080|39.625
1405618101|39.625
1405618121|39.625
1405618141|39.562
1405618161|39.562
1405618181|39.562
1405618201|39.625
1405618221|39.625
1405618241|39.625
1405618261|39.625
1405618281|39.625
1405618301|39.625
1405618322|39.625
1405618342|39.625
1405618362|39.625
1405618382|39.625
1405618402|39.625
1405618422|39.625
1405618442|39.625
1405618462|39.625
1405618482|39.625
1405618502|39.625
1405618522|39.625
1405618542|39.625
1405618562|39.625
1405618583|39.625
1405618603|39.625
1405618623|39.625
1405618643|39.625
1405618663|39.625
1405618683|39.625
1405618704|39.625
1405618724|39.625
1405618744|39.625
1405618764|39.625
1405618784|39.625
1405618804|39.625
1405618824|39.625
1405618844|39.625
1405618864|39.625
1405618884|39.625
1405618904|39.625
1405618925|39.625
1405618945|39.625
1405618965|39.625
1405618985|39.625
1405619005|39.625
1405619025|39.687
1405619045|39.687
1405619065|39.687
1405619085|39.625
1405619106|39.625
1405619126|39.625
1405619146|39.625
1405619166|39.687
1405619186|39.687
1405619206|39.687
1405619226|39.625
1405619246|39.625
1405619266|39.687
1405619286|39.625
1405619307|39.625
1405619327|39.687
1405619347|39.687
1405619367|39.687
1405619387|39.625
1405619407|39.687
1405619427|39.625
1405619448|39.687
1405619468|39.687
1405619488|39.687
1405619508|39.625
1405619528|39.687
1405619548|39.687
1405619568|39.625
1405619588|39.625
1405619608|39.625
1405619628|39.625
1405619648|39.625
1405619668|39.625
1405619688|39.625
1405619709|39.625
1405619729|39.625
1405619749|39.625
1405619769|39.625
1405619789|39.625
1405619809|39.625
1405619829|39.625
1405619849|39.625
1405619869|39.625
1405619889|39.625
1405619909|39.625
1405619930|39.625
1405619950|39.625
1405619970|39.625
1405619990|39.625
1405620010|39.625
1405620030|39.625
1405620051|39.625
1405620071|39.625
1405620091|39.625
1405620111|39.625
1405620131|39.625
1405620151|39.625
1405620171|39.625
1405620191|39.625
1405620211|39.625
1405620231|39.625
1405620251|39.625
1405620271|39.625
1405620292|39.625
1405620312|39.625
1405620332|39.625
1405620352|39.625
1405620372|39.625
1405620392|39.625
1405620412|39.625
1405620432|39.625
1405620452|39.625
1405620472|39.625
1405620492|39.625
1405620512|39.625
1405620533|39.625
1405620553|39.625
1405620573|39.625
1405620593|39.625
1405620613|39.625
1405620633|39.625
1405620654|39.625
1405620674|39.625
1405620694|39.625
1405620714|39.625
1405620734|39.625
1405620754|39.625
1405620774|39.562
1405620794|39.562
1405620814|39.562
1405620834|39.625
1405620854|39.562
1405620874|39.562
1405620894|39.562
1405620915|39.562
1405620935|39.562
1405620955|39.562
1405620975|39.562
1405620995|39.562
1405621015|39.562
1405621035|39.625
1405621055|39.562
1405621075|39.562
1405621095|39.625
1405621115|39.562
1405621135|39.625
1405621156|39.625
1405621176|39.625
1405621196|39.625
1405621216|39.625
1405621237|39.625
1405621257|39.625
1405621277|39.625
1405621297|39.562
1405621317|39.625
1405621337|39.562
1405621357|39.562
1405621377|39.562
1405621397|39.562
1405621417|39.562
1405621437|39.562
1405621457|39.562
1405621477|39.562
1405621498|39.562
1405621518|39.562
1405621538|39.562
1405621558|39.562
1405621578|39.562
1405621598|39.562
1405621618|39.562
1405621638|39.562
1405621658|39.562
1405621678|39.562
1405621699|39.562
1405621719|39.562
1405621739|39.562
1405621759|39.562
1405621779|39.562
1405621799|39.562
1405621819|39.5
1405621840|39.562
1405621860|39.562
1405621880|39.562
1405621900|39.562
1405621920|39.5
1405621940|39.562
1405621960|39.5
1405621980|39.5
1405622000|39.5
1405622020|39.5
1405622041|39.5
1405622061|39.5
1405622081|39.5
1405622101|39.5
1405622121|39.5
1405622141|39.5
1405622161|39.5
1405622181|39.5
1405622202|39.5
1405622222|39.5
1405622242|39.5
1405622262|39.5
1405622282|39.562
1405622302|39.5
1405622322|39.5
1405622342|39.5
1405622362|39.5
1405622382|39.5
1405622402|39.562
1405622422|39.5
1405622443|39.5
1405622463|39.5
1405622483|39.5
1405622503|39.5
1405622523|39.5
1405622544|39.5
1405622564|39.5
1405622584|39.437
1405622604|39.5
1405622624|39.5
1405622644|39.5
1405622665|39.5
1405622685|39.5
1405622705|39.5
1405622725|39.5
1405622745|39.5
1405622765|39.5
1405622785|39.5
1405622805|39.5
1405622825|39.5
1405622846|39.5
1405622866|39.5
1405622886|39.5
1405622906|39.5
1405622926|39.5
1405622946|39.5
1405622966|39.5
1405622986|39.5
1405623006|39.5
1405623026|39.5
1405623046|39.5
1405623066|39.5
1405623086|39.5
1405623107|39.5
1405623127|39.437
1405623147|39.5
1405623167|39.5
1405623187|39.5
1405623208|39.437
1405623228|39.5
1405623248|39.5
1405623268|39.437
1405623288|39.437
1405623308|39.437
1405623328|39.437
1405623348|39.5
1405623368|39.437
1405623388|39.5
1405623408|39.437
1405623429|39.437
1405623449|39.437
1405623469|39.437
1405623489|39.437
1405623509|39.437
1405623529|39.5
1405623549|39.5
1405623569|39.437
1405623589|39.437
1405623609|39.437
1405623630|39.437
1405623650|39.437
1405623670|39.437
1405623690|39.437
1405623710|39.375
1405623730|39.375
1405623750|39.437
1405623770|39.437
1405623791|39.437
1405623811|39.437
1405623831|39.437
1405623851|39.437
1405623871|39.437
1405623891|39.437
1405623911|39.437
1405623931|39.437
1405623952|39.437
1405623972|39.437
1405623992|39.437
1405624012|39.437
1405624032|39.437
1405624052|39.437
1405624072|39.437
1405624092|39.437
1405624112|39.375
1405624132|39.437
1405624152|39.437
1405624172|39.375
1405624192|39.375
1405624213|39.375
1405624233|39.437
1405624253|39.375
1405624273|39.375
1405624293|39.375
1405624313|39.375
1405624333|39.375
1405624353|39.437
1405624373|39.375
1405624394|39.375
1405624414|39.437
1405624434|39.375
1405624454|39.375
1405624474|39.375
1405624494|39.375
1405624514|39.375
1405624534|39.375
1405624554|39.375
1405624575|39.437
1405624595|39.375
1405624615|39.375
1405624636|39.375
1405624656|39.375
1405624676|39.375
1405624696|39.375
1405624716|39.375
1405624736|39.375
1405624756|39.375
1405624776|39.375
1405624797|39.375
1405624817|39.375
1405624837|39.375
1405624857|39.375
1405624877|39.375
1405624897|39.375
1405624917|39.375
1405624937|39.375
1405624957|39.375
1405624977|39.375
1405624997|39.375
1405625017|39.375
1405625038|39.375
1405625058|39.375
1405625078|39.375
1405625098|39.375
1405625118|39.375
1405625139|39.375
1405625159|39.375
1405625179|39.375
1405625199|39.375
1405625219|39.375
1405625239|39.375
1405625259|39.375
1405625279|39.375
1405625299|39.312
1405625319|39.375
1405625339|39.375
1405625360|39.375
1405625380|39.312
1405625400|39.312
1405625420|39.312
1405625440|39.312
1405625460|39.312
1405625481|39.312
1405625501|39.312
1405625521|39.312
1405625541|39.312
1405625561|39.312
1405625581|39.312
1405625601|39.25
1405625621|39.312
