1407647998|25.125
1407648018|24.75
1407648038|24.437
1407648058|24.062
1407648078|23.812
1407648098|23.625
1407648119|23.437
1407648140|23.312
1407648160|23.187
1407648180|23.125
1407648200|23.062
1407648220|22.937
1407648240|22.937
1407648260|22.875
1407648280|22.812
1407648300|22.812
1407648320|22.75
1407648341|22.75
1407648361|22.687
1407648381|22.687
1407648401|22.562
1407648421|22.562
1407648441|22.625
1407648461|22.687
1407648481|22.875
1407648501|23.062
1407648521|23.437
1407648541|23.687
1407648561|24.062
1407648582|24.375
1407648602|24.812
1407648622|25.187
1407648642|25.562
1407648662|25.937
1407648682|26.312
1407648703|26.625
1407648723|26.937
1407648743|27.062
1407648763|27.0
1407648783|26.875
1407648803|26.812
1407648823|26.687
1407648843|26.625
1407648863|26.687
1407648883|26.75
1407648903|26.875
1407648924|27.0
1407648944|27.0
1407648964|27.312
1407648984|27.5
1407649004|27.687
1407649024|27.875
1407649044|28.0
1407649064|28.125
1407649084|28.187
1407649104|28.187
1407649124|28.0
1407649144|27.812
1407649165|27.625
1407649185|27.437
1407649205|27.25
1407649225|27.0
1407649245|26.687
1407649265|26.25
1407649286|25.812
1407649306|25.437
1407649326|25.062
1407649346|24.687
1407649366|24.375
1407649386|24.125
1407649406|23.875
1407649426|23.687
1407649446|23.562
1407649466|23.437
1407649486|23.375
1407649507|23.375
1407649527|23.5
1407649547|23.5
1407649567|23.875
1407649587|24.125
1407649607|24.437
1407649627|24.75
1407649647|25.0
1407649667|25.312
1407649687|25.625
1407649707|25.812
1407649728|25.812
1407649748|25.75
1407649768|25.625
1407649788|25.5
1407649808|25.437
1407649828|25.437
1407649849|25.437
1407649869|25.5
1407649889|25.562
1407649909|25.625
1407649929|25.687
1407649949|25.812
1407649969|25.812
1407649989|26.062
1407650009|26.187
1407650029|26.375
1407650050|26.562
1407650070|26.75
1407650090|26.937
1407650110|27.187
1407650130|27.375
1407650150|27.5
1407650170|27.5
1407650190|27.812
1407650210|27.937
1407650230|28.062
1407650250|28.125
1407650270|28.187
1407650291|28.25
1407650311|28.312
1407650331|28.375
1407650351|28.375
1407650371|28.375
1407650391|28.312
1407650411|28.312
1407650432|28.25
1407650452|28.25
1407650472|28.25
1407650492|28.187
1407650512|27.937
1407650533|27.687
1407650553|27.375
1407650573|27.125
1407650593|27.0
1407650613|26.875
1407650633|26.812
1407650653|26.75
1407650673|26.812
1407650693|26.875
1407650713|26.687
1407650733|26.437
1407650753|26.437
1407650774|25.812
1407650794|25.5
1407650814|25.312
1407650834|25.125
1407650854|25.062
1407650874|25.062
1407650894|25.125
1407650914|25.187
1407650934|25.312
1407650954|25.437
1407650975|25.625
1407650995|25.812
1407651015|26.0
1407651035|26.125
1407651056|26.375
1407651076|26.5
1407651096|26.625
1407651116|26.812
1407651136|26.875
1407651156|27.062
1407651176|27.187
1407651196|27.375
1407651216|27.437
1407651236|27.625
1407651256|27.75
1407651276|27.75
1407651297|27.937
1407651317|28.062
1407651337|28.187
1407651357|28.25
1407651377|28.375
1407651397|28.437
1407651417|28.5
1407651437|28.5
1407651457|28.562
1407651477|28.625
1407651497|28.687
1407651517|28.75
1407651538|28.812
1407651558|28.812
1407651578|28.875
1407651598|28.875
1407651619|29.0
1407651639|29.0
1407651659|29.062
1407651679|29.062
1407651699|29.125
1407651719|29.187
1407651739|29.187
1407651759|29.187
1407651779|29.25
1407651799|29.25
1407651819|29.25
1407651839|29.312
1407651860|29.312
1407651880|29.312
1407651900|29.312
1407651922|29.375
1407651944|29.437
1407651964|29.437
1407651984|29.5
1407652004|29.5
1407652024|29.5
1407652044|29.5
1407652064|29.5
1407652084|29.5
1407652104|29.562
1407652125|29.562
1407652145|29.562
1407652165|29.562
1407652185|29.562
1407652205|29.562
1407652225|29.5
1407652245|29.562
1407652265|29.5
1407652285|29.5
1407652305|29.5
1407652325|29.5
1407652345|29.5
1407652366|29.437
1407652386|29.437
1407652406|29.437
1407652426|29.437
1407652446|29.5
1407652466|29.5
1407652486|29.5
1407652507|29.562
1407652527|29.562
1407652547|29.562
1407652567|29.562
1407652587|29.625
1407652608|29.625
1407652628|29.625
1407652648|29.625
1407652668|29.687
1407652688|29.687
1407652708|29.687
1407652728|29.75
1407652748|29.75
1407652768|29.75
1407652788|29.812
1407652808|29.812
1407652829|29.812
1407652850|29.812
1407652870|29.812
1407652890|29.875
1407652910|29.875
1407652930|29.875
1407652950|29.875
1407652970|29.937
1407652990|29.937
1407653010|29.937
1407653030|29.937
1407653051|30.0
1407653071|30.0
1407653091|30.0
1407653111|30.0
1407653131|30.0
1407653151|30.0
1407653171|30.0
1407653191|30.0
1407653212|30.0
1407653232|30.062
1407653252|30.062
1407653272|30.062
1407653292|30.062
1407653312|30.062
1407653332|30.062
1407653353|30.062
1407653373|30.125
1407653393|30.125
1407653413|30.125
1407653433|30.187
1407653453|30.187
1407653473|30.187
1407653493|30.187
1407653513|30.25
1407653533|30.25
1407653553|30.187
1407653573|30.25
1407653594|30.25
1407653614|30.25
1407653634|30.25
1407653654|30.25
1407653674|30.312
1407653694|30.312
1407653714|30.312
1407653734|30.312
1407653754|30.312
1407653775|30.312
1407653795|30.312
1407653815|30.312
1407653835|30.312
1407653855|30.375
1407653876|30.375
1407653896|30.375
1407653916|30.375
1407653936|30.375
1407653956|30.375
1407653976|30.437
1407653996|30.375
1407654016|30.437
1407654036|30.437
1407654056|30.437
1407654076|30.5
1407654096|30.437
1407654117|30.437
1407654137|30.437
1407654157|30.5
1407654177|30.5
1407654197|30.5
1407654217|30.5
1407654237|30.437
1407654257|30.437
1407654277|30.437
1407654297|30.437
1407654317|30.437
1407654338|30.437
1407654358|30.375
1407654378|30.375
1407654398|30.375
1407654418|30.375
1407654439|30.375
1407654459|30.312
1407654479|30.312
1407654499|30.312
1407654519|30.312
1407654539|30.312
1407654559|30.312
1407654579|30.312
1407654599|30.25
1407654619|30.312
1407654640|30.25
1407654660|30.25
1407654680|30.25
1407654700|30.187
1407654720|29.937
1407654740|29.562
1407654760|29.125
1407654780|28.687
1407654800|28.187
1407654820|27.625
1407654840|27.187
1407654860|26.75
1407654881|26.437
1407654901|26.25
1407654921|26.187
1407654941|26.187
1407654961|26.187
1407654981|26.25
1407655001|26.437
1407655022|26.437
1407655042|26.687
1407655062|26.812
1407655082|27.0
1407655102|27.187
1407655122|27.375
1407655142|27.5
1407655162|27.687
1407655182|27.812
1407655202|27.937
1407655223|27.937
1407655243|28.187
1407655263|28.375
1407655283|28.437
1407655303|28.562
1407655323|28.687
1407655343|28.75
1407655363|28.875
1407655383|28.937
1407655403|28.75
1407655423|28.75
1407655444|28.0
1407655464|27.562
1407655484|27.125
1407655504|26.625
1407655524|26.25
1407655544|25.812
1407655564|25.5
1407655584|25.187
1407655605|24.875
1407655625|24.625
1407655645|24.375
1407655665|24.187
1407655685|24.0
1407655705|23.812
1407655725|23.562
1407655746|23.437
1407655766|23.312
1407655786|23.25
1407655806|23.187
1407655826|23.187
1407655846|23.25
1407655866|23.375
1407655886|23.562
1407655906|23.687
1407655926|23.812
1407655946|23.875
1407655966|23.875
1407655987|24.062
1407656007|24.187
1407656027|24.375
1407656047|24.562
1407656067|24.75
1407656087|24.937
1407656107|25.187
1407656127|25.437
1407656147|25.625
1407656167|25.875
1407656188|26.125
1407656208|26.375
1407656228|26.562
1407656248|26.812
1407656268|27.0
1407656288|27.187
1407656308|27.375
1407656329|27.5
1407656349|27.687
1407656369|27.75
1407656389|27.875
1407656409|28.062
1407656429|28.125
1407656449|28.25
1407656469|28.375
1407656489|28.5
1407656509|28.562
1407656529|28.625
1407656549|28.687
1407656570|28.812
1407656590|28.875
1407656610|28.937
1407656630|29.0
1407656650|29.062
1407656670|29.125
1407656690|29.125
1407656710|29.187
1407656730|29.25
1407656750|29.312
1407656771|29.375
1407656791|29.375
1407656811|29.437
1407656831|29.437
1407656851|29.437
1407656871|29.5
1407656892|29.5
1407656912|29.5
1407656932|29.562
1407656952|29.562
1407656972|29.625
1407656992|29.687
1407657012|29.687
1407657032|29.687
1407657052|29.75
1407657072|29.75
1407657092|29.75
1407657112|29.812
1407657133|29.812
1407657153|29.812
1407657173|29.875
1407657193|29.875
1407657213|29.875
1407657233|29.875
1407657253|29.875
1407657273|29.875
1407657293|29.937
1407657314|29.937
1407657334|30.0
1407657354|30.0
1407657374|30.0
1407657395|30.062
1407657415|30.062
1407657435|30.062
1407657455|30.125
1407657475|30.125
1407657495|30.125
1407657515|30.187
1407657535|30.187
1407657555|30.187
1407657576|30.187
1407657596|30.187
1407657616|30.25
1407657636|30.187
1407657656|30.25
1407657676|30.25
1407657696|30.25
1407657716|30.25
1407657736|30.312
1407657756|30.312
1407657776|30.312
1407657796|30.312
1407657817|30.312
1407657837|30.375
1407657857|30.375
1407657877|30.437
1407657897|30.375
1407657917|30.437
1407657937|30.437
1407657957|30.437
1407657978|30.437
1407657998|30.437
1407658018|30.5
1407658038|30.5
1407658058|30.5
1407658079|30.5
1407658099|30.562
1407658119|30.5
1407658139|30.5
1407658159|30.562
1407658179|30.562
1407658199|30.562
1407658219|30.625
1407658239|30.625
1407658259|30.625
1407658279|30.625
1407658299|30.687
1407658320|30.687
1407658340|30.687
1407658360|30.687
1407658380|30.75
1407658400|30.75
1407658420|30.75
1407658440|30.75
1407658460|30.75
1407658480|30.812
1407658500|30.812
1407658520|30.812
1407658541|30.812
1407658561|30.812
1407658581|30.875
1407658601|30.875
1407658622|30.875
1407658642|30.875
1407658662|30.875
1407658682|30.875
1407658702|30.875
1407658722|30.875
1407658742|30.937
1407658762|30.937
1407658782|30.937
1407658802|30.937
1407658822|30.937
1407658843|30.937
1407658863|31.0
1407658883|31.0
1407658903|31.0
1407658923|31.0
1407658943|31.0
1407658963|31.0
1407658983|31.062
1407659003|31.062
1407659023|31.0
1407659043|31.062
1407659063|31.062
1407659084|31.062
1407659104|31.062
1407659124|31.125
1407659144|31.125
1407659164|31.125
1407659184|31.125
1407659205|31.187
1407659225|31.187
1407659245|31.187
1407659265|31.125
1407659285|31.125
1407659305|31.187
1407659325|31.187
1407659345|31.187
1407659365|31.187
1407659386|31.187
1407659406|31.187
1407659426|31.187
1407659446|31.187
1407659466|31.25
1407659486|31.187
1407659506|31.25
1407659526|31.25
1407659546|31.25
1407659566|31.25
1407659586|31.25
1407659606|31.312
1407659627|31.312
1407659647|31.312
1407659667|31.312
1407659687|31.375
1407659707|31.312
1407659727|31.375
1407659747|31.375
1407659767|31.375
1407659787|31.375
1407659808|31.375
1407659828|31.375
1407659848|31.375
1407659868|31.437
1407659888|31.437
1407659908|31.437
1407659929|31.437
1407659949|31.437
1407659969|31.437
1407659989|31.437
1407660010|31.437
1407660030|31.5
1407660050|31.5
1407660070|31.5
1407660090|31.562
1407660110|31.562
1407660130|31.562
1407660150|31.562
1407660170|31.562
1407660190|31.562
1407660210|31.625
1407660231|31.625
1407660251|31.625
1407660271|31.625
1407660291|31.625
1407660311|31.687
1407660331|31.625
1407660351|31.687
1407660371|31.687
1407660391|31.687
1407660411|31.687
1407660432|31.687
1407660452|31.75
1407660472|31.687
1407660492|31.687
1407660512|31.687
1407660532|31.75
1407660553|31.75
1407660573|31.75
1407660593|31.75
1407660613|31.75
1407660633|31.75
1407660653|31.812
1407660673|31.812
1407660693|31.812
1407660713|31.812
1407660733|31.812
1407660753|31.812
1407660773|31.812
1407660794|31.812
1407660814|31.875
1407660834|31.875
1407660854|31.875
1407660874|31.875
1407660894|31.875
1407660914|31.875
1407660934|31.875
1407660954|31.937
1407660974|31.937
1407660994|31.937
1407661015|31.937
1407661035|31.937
1407661055|31.937
1407661075|31.937
1407661096|32.0
1407661116|32.0
1407661136|32.0
1407661156|32.0
1407661176|32.0
1407661196|32.0
1407661216|32.062
1407661236|32.0
1407661256|32.062
1407661276|32.062
1407661296|32.062
1407661316|32.062
1407661337|32.062
1407661357|32.062
1407661377|32.125
1407661397|32.125
1407661417|32.125
1407661437|32.125
1407661457|32.125
1407661477|32.125
1407661497|32.125
1407661517|32.187
1407661537|32.187
1407661557|32.187
1407661578|32.187
1407661598|32.187
1407661618|32.187
1407661638|32.187
1407661658|32.25
1407661678|32.25
1407661699|32.25
1407661719|32.25
1407661739|32.25
1407661759|32.25
1407661779|32.25
1407661799|32.25
1407661819|32.25
1407661839|32.312
1407661859|32.312
1407661879|32.312
1407661900|32.312
1407661920|32.312
1407661940|32.312
1407661960|32.312
1407661980|32.312
1407662000|32.312
1407662020|32.312
1407662040|32.375
1407662060|32.375
1407662080|32.375
1407662100|32.437
1407662120|32.375
1407662141|32.375
1407662161|32.437
1407662181|32.375
1407662201|32.375
1407662221|32.437
1407662241|32.437
1407662261|32.437
1407662282|32.375
1407662302|32.375
1407662322|32.437
1407662342|32.437
1407662362|32.437
1407662382|32.437
1407662402|32.437
1407662422|32.437
1407662442|32.437
1407662464|32.5
1407662485|32.5
1407662505|32.5
1407662525|32.5
1407662545|32.5
1407662565|32.5
1407662585|32.5
1407662605|32.5
1407662625|32.562
1407662645|32.562
1407662665|32.562
1407662685|32.562
1407662705|32.562
1407662726|32.562
1407662746|32.562
1407662766|32.562
1407662786|32.562
1407662806|32.562
1407662826|32.562
1407662846|32.562
1407662866|32.562
1407662886|32.562
1407662906|32.625
1407662926|32.562
1407662947|32.562
1407662967|32.625
1407662987|32.625
1407663007|32.625
1407663027|32.625
1407663048|32.625
1407663068|32.625
1407663088|32.687
1407663108|32.687
1407663128|32.687
1407663148|32.687
1407663168|32.687
1407663188|32.687
1407663208|32.687
1407663228|32.687
1407663248|32.75
1407663268|32.75
1407663289|32.75
1407663309|32.75
1407663329|32.75
1407663349|32.75
1407663369|32.75
1407663389|32.75
1407663409|32.812
1407663429|32.75
1407663449|32.812
1407663469|32.75
1407663489|32.75
1407663509|32.812
1407663530|32.812
1407663550|32.812
1407663570|32.812
1407663590|32.812
1407663610|32.812
1407663630|32.812
1407663651|32.875
1407663671|32.812
1407663691|32.875
1407663711|32.875
1407663731|32.812
1407663751|32.812
1407663771|32.875
1407663791|32.875
1407663811|32.937
1407663831|32.875
1407663852|32.937
1407663872|32.937
1407663892|32.937
1407663912|32.937
1407663932|32.937
1407663952|32.937
1407663972|32.937
1407663992|33.0
1407664012|32.937
1407664032|33.0
1407664052|33.0
1407664072|33.0
1407664093|33.0
1407664113|33.0
1407664133|33.0
1407664153|33.062
1407664173|33.062
1407664193|33.062
1407664213|33.062
1407664234|33.062
1407664254|33.062
1407664274|33.062
1407664294|33.062
1407664314|33.062
1407664334|33.062
1407664354|33.062
1407664374|33.062
1407664395|33.125
1407664415|33.125
1407664435|33.125
1407664455|33.125
1407664475|33.125
1407664495|33.125
1407664515|33.125
1407664535|33.125
1407664555|33.125
1407664575|33.125
1407664595|33.125
1407664615|33.125
1407664636|33.125
1407664656|33.125
1407664676|33.125
1407664696|33.125
1407664716|33.187
1407664736|33.187
1407664756|33.187
1407664776|33.187
1407664797|33.125
1407664817|33.125
1407664837|33.187
1407664857|33.187
1407664877|33.25
1407664897|33.187
1407664917|33.25
1407664937|33.25
1407664958|33.187
1407664978|33.187
1407664998|33.187
1407665018|33.25
1407665038|33.25
1407665058|33.25
1407665078|33.25
1407665098|33.25
1407665118|33.25
1407665138|33.25
1407665158|33.25
1407665179|33.25
1407665199|33.25
1407665219|33.25
1407665239|33.25
1407665259|33.25
1407665279|33.25
1407665299|33.25
1407665319|33.312
1407665339|33.312
1407665359|33.312
1407665380|33.312
1407665400|33.312
1407665420|33.312
1407665440|33.312
1407665460|33.312
1407665481|33.312
1407665501|33.312
1407665521|33.312
1407665541|33.375
1407665561|33.375
1407665581|33.375
1407665601|33.375
1407665621|33.375
1407665641|33.437
1407665661|33.375
1407665681|33.437
1407665701|33.437
1407665722|33.437
1407665742|33.437
1407665762|33.437
1407665782|33.437
1407665802|33.437
1407665822|33.437
1407665842|33.437
1407665862|33.5
1407665882|33.437
1407665902|33.437
1407665922|33.437
1407665943|33.5
1407665963|33.437
1407665983|33.5
1407666003|33.5
1407666023|33.5
1407666044|33.5
1407666064|33.5
1407666084|33.5
1407666104|33.562
1407666124|33.562
1407666144|33.562
1407666164|33.562
1407666184|33.562
1407666205|33.562
1407666225|33.562
1407666245|33.625
1407666265|33.625
1407666285|33.625
1407666305|33.625
1407666325|33.625
1407666345|33.625
1407666365|33.625
1407666385|33.625
1407666405|33.625
1407666426|33.625
1407666446|33.687
1407666466|33.625
1407666486|33.687
1407666506|33.687
1407666526|33.687
1407666546|33.687
1407666566|33.687
1407666587|33.687
1407666607|33.687
1407666627|33.687
1407666647|33.687
1407666667|33.687
1407666687|33.687
1407666707|33.687
1407666727|33.687
1407666747|33.687
1407666768|33.687
1407666788|33.687
1407666808|33.687
1407666828|33.687
1407666848|33.687
1407666868|33.687
1407666888|33.687
1407666908|33.75
1407666928|33.687
1407666948|33.687
1407666968|33.687
1407666988|33.687
1407667009|33.687
1407667029|33.75
1407667049|33.75
1407667069|33.75
1407667090|33.75
1407667110|33.75
1407667130|33.75
1407667150|33.75
1407667170|33.75
1407667190|33.75
1407667210|33.75
1407667231|33.75
1407667251|33.75
1407667271|33.75
1407667291|33.75
1407667311|33.75
1407667331|33.812
1407667351|33.812
1407667371|33.812
1407667391|33.812
1407667412|33.812
1407667432|33.812
1407667452|33.812
1407667472|33.812
1407667492|33.812
1407667512|33.812
1407667532|33.812
1407667552|33.812
1407667572|33.875
1407667592|33.875
1407667612|33.875
1407667632|33.875
1407667653|33.875
1407667673|33.875
1407667693|33.875
1407667713|33.937
1407667733|33.875
1407667753|33.937
1407667773|33.875
1407667793|33.875
1407667814|33.875
1407667834|33.875
1407667854|33.937
1407667874|33.937
1407667894|33.937
1407667914|33.937
1407667934|33.937
1407667955|33.937
1407667975|33.937
1407667995|33.937
1407668015|33.937
1407668035|33.937
1407668055|33.937
1407668075|33.937
1407668095|33.937
1407668115|33.937
1407668135|33.937
1407668155|33.937
1407668175|33.937
1407668196|34.0
1407668216|33.937
1407668236|33.937
1407668256|33.937
1407668276|33.937
1407668296|34.0
1407668316|34.0
1407668336|34.0
1407668356|34.0
1407668376|34.0
1407668397|34.0
1407668417|34.0
1407668437|34.0
1407668457|34.0
1407668478|34.0
1407668498|34.0
1407668518|34.0
1407668538|34.0
1407668558|34.0
1407668578|34.0
1407668598|34.062
1407668618|34.062
1407668638|34.062
1407668658|34.062
1407668678|34.062
1407668698|34.062
1407668718|34.062
1407668739|34.062
1407668759|34.062
1407668779|34.125
1407668799|34.062
1407668819|34.125
1407668839|34.125
1407668859|34.125
1407668879|34.125
1407668899|34.125
1407668919|34.125
1407668939|34.125
1407668959|34.187
1407668980|34.187
1407669000|34.187
1407669020|34.187
1407669040|34.187
1407669061|34.187
1407669081|34.187
1407669101|34.187
1407669121|34.187
1407669141|34.187
1407669161|34.25
1407669181|34.25
1407669201|34.25
1407669221|34.25
1407669241|34.312
1407669262|34.25
1407669282|34.25
1407669302|34.312
1407669322|34.312
1407669342|34.312
1407669362|34.312
1407669382|34.312
1407669402|34.312
1407669422|34.312
1407669442|34.312
1407669462|34.375
1407669482|34.375
1407669503|34.375
1407669523|34.375
1407669543|34.375
1407669563|34.375
1407669583|34.375
1407669603|34.437
1407669623|34.437
1407669644|34.437
1407669664|34.437
1407669684|34.437
1407669704|34.437
1407669724|34.5
1407669744|34.5
1407669764|34.5
1407669784|34.5
1407669805|34.5
1407669825|34.5
1407669845|34.5
1407669865|34.562
1407669885|34.562
1407669905|34.562
1407669925|34.562
1407669945|34.562
1407669965|34.625
1407669985|34.625
1407670005|34.625
1407670025|34.625
1407670046|34.625
1407670066|34.687
1407670086|34.687
1407670106|34.687
1407670126|34.687
1407670146|34.687
1407670166|34.75
1407670186|34.687
1407670206|34.687
1407670227|34.75
1407670247|34.812
1407670267|34.75
1407670287|34.812
1407670307|34.812
1407670327|34.812
1407670348|34.812
1407670368|34.812
1407670388|34.875
1407670408|34.875
1407670428|34.875
1407670448|34.875
1407670468|34.875
1407670488|34.937
1407670508|34.937
1407670528|34.937
1407670548|34.937
1407670568|34.875
1407670589|34.937
1407670609|34.937
1407670629|35.0
1407670649|35.0
1407670669|35.0
1407670689|35.0
1407670709|35.0
1407670729|35.0
1407670749|35.062
1407670769|35.062
1407670790|35.062
1407670810|35.062
1407670830|35.062
1407670850|35.062
1407670870|35.125
1407670890|35.062
1407670911|35.062
1407670931|35.125
1407670951|35.125
1407670971|35.125
1407670991|35.125
1407671011|35.125
1407671031|35.187
1407671051|35.187
1407671071|35.187
1407671091|35.187
1407671111|35.187
1407671132|35.25
1407671152|35.25
1407671172|35.25
1407671192|35.25
1407671212|35.25
1407671232|35.25
1407671252|35.25
1407671272|35.312
1407671292|35.312
1407671312|35.312
1407671332|35.312
1407671352|35.312
1407671373|35.312
1407671393|35.312
1407671413|35.312
1407671433|35.312
1407671454|35.312
1407671474|35.375
1407671494|35.375
1407671514|35.375
1407671534|35.375
1407671554|35.437
1407671574|35.437
1407671594|35.437
1407671614|35.437
1407671634|35.437
1407671654|35.5
1407671675|35.5
1407671695|35.5
1407671715|35.5
1407671735|35.5
1407671755|35.562
1407671775|35.5
1407671795|35.5
1407671815|35.562
1407671835|35.562
1407671855|35.562
1407671875|35.562
1407671895|35.562
1407671916|35.625
1407671936|35.625
1407671956|35.625
1407671976|35.625
1407671996|35.625
1407672016|35.625
1407672037|35.687
1407672057|35.687
1407672077|35.687
1407672097|35.687
1407672117|35.687
1407672137|35.75
1407672157|35.75
1407672177|35.75
1407672197|35.75
1407672218|35.75
1407672238|35.75
1407672258|35.75
1407672278|35.75
1407672298|35.75
1407672318|35.75
1407672338|35.812
1407672358|35.812
1407672378|35.812
1407672398|35.812
1407672418|35.812
1407672438|35.812
1407672459|35.875
1407672479|35.812
1407672499|35.875
1407672519|35.875
1407672539|35.875
1407672559|35.875
1407672579|35.875
1407672600|35.875
1407672620|35.937
1407672640|35.937
1407672660|35.937
1407672680|35.937
1407672701|36.0
1407672721|36.0
1407672741|35.937
1407672761|36.0
1407672781|36.0
1407672801|36.0
1407672821|36.0
1407672841|36.062
1407672861|36.062
1407672881|36.062
1407672901|36.062
1407672921|36.062
1407672942|36.062
1407672962|36.125
1407672982|36.125
1407673002|36.125
1407673022|36.125
1407673042|36.125
1407673062|36.187
1407673082|36.187
1407673102|36.187
1407673122|36.25
1407673142|36.187
1407673162|36.25
1407673183|36.25
1407673203|36.25
1407673223|36.25
1407673243|36.312
1407673263|36.25
1407673284|36.312
1407673304|36.312
1407673324|36.312
1407673344|36.375
1407673364|36.312
1407673384|36.312
1407673404|36.375
1407673424|36.375
1407673444|36.312
1407673464|36.375
1407673484|36.437
1407673505|36.437
1407673525|36.437
1407673545|36.437
1407673565|36.437
1407673585|36.5
1407673605|36.5
1407673625|36.5
1407673645|36.5
1407673665|36.5
1407673685|36.562
1407673705|36.5
1407673725|36.562
1407673746|36.562
1407673766|36.562
1407673786|36.562
1407673806|36.562
1407673826|36.562
1407673846|36.562
1407673867|36.625
1407673887|36.625
1407673907|36.625
1407673927|36.625
1407673947|36.625
1407673967|36.687
1407673987|36.687
1407674007|36.687
1407674027|36.687
1407674047|36.687
1407674068|36.687
1407674088|36.687
1407674108|36.75
1407674128|36.75
1407674148|36.75
1407674168|36.75
1407674188|36.75
1407674208|36.75
1407674228|36.75
1407674248|36.812
1407674268|36.812
1407674289|36.812
1407674309|36.812
1407674329|36.812
1407674349|36.812
1407674369|36.875
1407674389|36.875
1407674409|36.875
1407674430|36.875
1407674450|36.937
1407674470|36.937
1407674490|36.937
1407674510|36.937
1407674530|36.937
1407674550|36.937
1407674570|37.0
1407674590|37.0
1407674610|37.0
1407674631|37.0
1407674651|37.062
1407674671|37.0
1407674691|37.062
1407674711|37.062
1407674731|37.062
1407674751|37.062
1407674771|37.062
1407674791|37.062
1407674811|37.062
1407674831|37.125
1407674852|37.125
1407674872|37.125
1407674892|37.125
1407674912|37.125
1407674932|37.187
1407674952|37.125
1407674972|37.187
1407674992|37.125
1407675012|37.187
1407675033|37.187
1407675053|37.187
1407675073|37.25
1407675093|37.25
1407675113|37.25
1407675133|37.25
1407675153|37.25
1407675173|37.25
1407675194|37.312
1407675214|37.312
1407675234|37.312
1407675254|37.312
1407675274|37.312
1407675294|37.312
1407675314|37.312
1407675334|37.312
1407675354|37.312
1407675374|37.375
1407675394|37.375
1407675414|37.375
1407675435|37.375
1407675455|37.375
1407675475|37.375
1407675495|37.437
1407675515|37.437
1407675535|37.437
1407675555|37.437
1407675575|37.437
1407675596|37.437
1407675616|37.5
1407675636|37.5
1407675656|37.5
1407675676|37.562
1407675696|37.5
1407675716|37.562
1407675736|37.562
1407675757|37.562
1407675777|37.625
1407675797|37.625
1407675817|37.625
1407675837|37.625
1407675857|37.625
1407675877|37.687
1407675897|37.625
1407675917|37.625
1407675937|37.625
1407675957|37.687
1407675978|37.687
1407675998|37.687
1407676018|37.687
1407676038|37.687
1407676058|37.687
1407676078|37.687
1407676098|37.75
1407676118|37.75
1407676138|37.75
1407676158|37.75
1407676179|37.75
1407676199|37.75
1407676219|37.812
1407676239|37.812
1407676259|37.812
1407676280|37.812
1407676300|37.812
1407676320|37.812
1407676340|37.875
1407676360|37.875
1407676380|37.875
1407676400|37.875
1407676420|37.875
1407676440|37.875
1407676460|37.875
1407676480|37.875
1407676500|37.875
1407676521|37.875
1407676541|37.937
1407676561|37.937
1407676581|37.937
1407676601|37.937
1407676621|37.937
1407676641|37.937
1407676661|37.937
1407676681|37.937
1407676701|37.937
1407676721|37.937
1407676741|37.937
1407676762|38.0
1407676782|38.0
1407676802|38.0
1407676822|38.062
1407676842|38.0
1407676864|38.0
1407676884|38.0
1407676904|38.0
1407676924|38.062
1407676944|38.062
1407676964|38.062
1407676984|38.0
1407677005|38.062
1407677025|38.062
1407677045|38.062
1407677065|38.062
1407677085|38.062
1407677105|38.062
1407677125|38.125
1407677145|38.125
1407677165|38.125
1407677185|38.125
1407677205|38.125
1407677225|38.125
1407677246|38.125
1407677266|38.125
1407677286|38.125
1407677306|38.125
1407677326|38.187
1407677346|38.187
1407677366|38.187
1407677386|38.187
1407677406|38.187
1407677427|38.187
1407677447|38.187
1407677467|38.187
1407677487|38.187
1407677507|38.187
1407677527|38.25
1407677548|38.187
1407677568|38.187
1407677588|38.187
1407677608|38.25
1407677628|38.25
1407677648|38.25
1407677668|38.25
1407677688|38.25
1407677708|38.25
1407677728|38.312
1407677748|38.312
1407677768|38.312
1407677788|38.312
1407677809|38.312
1407677829|38.312
1407677849|38.312
1407677869|38.312
1407677889|38.312
1407677909|38.312
1407677929|38.312
1407677949|38.375
1407677969|38.375
1407677989|38.375
1407678010|38.375
1407678030|38.375
1407678050|38.375
1407678070|38.375
1407678090|38.437
1407678111|38.437
1407678131|38.375
1407678151|38.437
1407678171|38.437
1407678191|38.437
1407678211|38.5
1407678231|38.437
1407678251|38.437
1407678271|38.5
1407678291|38.437
1407678311|38.5
1407678331|38.5
1407678352|38.5
1407678372|38.437
1407678392|38.437
1407678412|38.187
1407678432|37.937
1407678452|37.687
1407678472|37.437
1407678492|37.25
1407678512|37.062
1407678532|37.0
1407678552|36.875
1407678573|36.875
1407678593|36.875
1407678613|36.875
1407678633|36.937
1407678653|36.937
1407678674|36.937
1407678694|36.937
1407678714|36.937
1407678734|36.937
1407678754|37.062
1407678774|37.062
1407678794|37.125
1407678814|37.125
1407678834|37.187
1407678854|37.312
1407678874|37.312
1407678895|37.312
1407678915|37.375
1407678935|37.375
1407678955|37.437
1407678975|37.437
1407678995|37.5
1407679015|37.375
1407679035|37.25
1407679055|37.062
1407679075|36.875
1407679095|36.75
1407679115|36.625
1407679136|36.562
1407679156|36.562
1407679176|36.562
1407679196|36.562
1407679216|36.562
1407679236|36.562
1407679257|36.687
1407679277|36.687
1407679297|36.75
1407679317|36.75
1407679337|36.812
1407679357|36.875
1407679377|36.937
1407679397|37.0
1407679417|37.0
1407679438|37.062
1407679458|37.125
1407679478|37.125
1407679498|37.187
1407679518|37.187
1407679538|37.25
1407679558|37.25
1407679578|37.312
1407679598|37.375
1407679618|37.375
1407679638|37.437
1407679658|37.437
1407679679|37.437
1407679699|37.5
1407679719|37.5
1407679739|37.5
1407679759|37.562
1407679779|37.562
1407679800|37.625
1407679820|37.625
1407679840|37.625
1407679860|37.625
1407679880|37.625
1407679900|37.625
1407679921|37.687
1407679941|37.687
1407679961|37.687
1407679981|37.687
1407680001|37.687
1407680021|37.687
1407680041|37.687
1407680061|37.75
1407680081|37.75
1407680101|37.75
1407680121|37.75
1407680142|37.75
1407680162|37.75
1407680182|37.75
1407680202|37.75
1407680222|37.812
1407680242|37.812
1407680262|37.812
1407680282|37.812
1407680302|37.812
1407680322|37.75
1407680342|37.812
1407680362|37.812
1407680383|37.812
1407680403|37.812
1407680423|37.812
1407680443|37.812
1407680463|37.812
1407680483|37.812
1407680504|37.812
1407680524|37.812
1407680544|37.812
1407680564|37.812
1407680584|37.812
1407680604|37.812
1407680624|37.687
1407680644|37.5
1407680665|37.312
1407680685|37.062
1407680705|36.812
1407680725|36.312
1407680745|35.75
1407680765|35.25
1407680785|34.687
1407680805|34.187
1407680825|33.812
1407680845|33.562
1407680865|33.125
1407680885|32.687
1407680906|32.312
1407680926|32.0
1407680946|31.875
1407680966|31.812
1407680986|31.812
1407681006|31.937
1407681026|32.062
1407681046|32.25
1407681066|32.437
1407681086|32.687
1407681107|32.812
1407681127|32.562
1407681147|32.062
1407681167|31.375
1407681187|30.687
1407681207|30.0
1407681228|29.5
1407681248|29.062
1407681268|28.687
1407681288|28.375
1407681308|28.187
1407681328|28.125
1407681348|28.187
1407681368|28.437
1407681388|28.687
1407681408|28.937
1407681428|29.312
1407681448|29.312
1407681469|30.0
1407681489|30.375
1407681509|30.75
1407681529|31.062
1407681549|31.375
1407681569|31.687
1407681589|31.937
1407681609|32.187
1407681629|32.375
1407681649|32.562
1407681669|32.562
1407681690|32.937
1407681711|33.062
1407681731|33.187
1407681751|33.312
1407681771|33.437
1407681791|33.5
1407681811|33.562
1407681831|33.687
1407681852|33.75
1407681872|33.812
1407681892|33.875
1407681912|33.937
1407681932|34.0
1407681952|34.062
1407681972|34.125
1407681992|34.125
1407682012|34.125
1407682032|34.187
1407682052|34.187
1407682072|34.25
1407682093|34.312
1407682113|34.312
1407682133|34.375
1407682153|34.437
1407682173|34.437
1407682193|34.5
1407682213|34.5
1407682233|34.562
1407682253|34.625
1407682273|34.625
1407682294|34.625
1407682314|34.687
1407682334|34.687
1407682354|34.687
1407682374|34.75
1407682394|34.75
1407682415|34.75
1407682435|34.812
1407682455|34.812
1407682475|34.812
1407682495|34.875
1407682515|34.875
1407682535|34.875
1407682555|34.937
1407682575|34.937
1407682595|34.937
1407682615|35.0
1407682636|35.0
1407682656|35.062
1407682676|35.062
1407682696|35.062
1407682716|35.125
1407682736|35.125
1407682756|35.125
1407682776|35.187
1407682796|35.187
1407682816|35.187
1407682836|35.187
1407682856|35.25
1407682877|35.25
1407682897|35.25
1407682917|35.25
1407682937|35.312
1407682958|35.312
1407682978|35.312
1407682998|35.312
1407683018|34.937
1407683038|34.437
1407683058|33.937
1407683078|33.5
1407683098|33.062
1407683118|32.812
1407683138|32.625
1407683158|32.562
1407683178|32.5
1407683198|32.5
1407683219|32.562
1407683239|32.625
1407683259|32.75
1407683279|32.625
1407683299|32.312
1407683319|31.812
1407683339|31.25
1407683359|30.687
1407683379|30.187
1407683399|29.812
1407683419|29.562
1407683440|29.312
1407683460|29.125
1407683480|29.0
1407683500|29.0
1407683521|29.062
1407683541|28.937
1407683561|28.812
1407683581|28.625
1407683601|28.562
1407683621|28.562
1407683641|28.625
1407683661|28.562
1407683681|28.375
1407683701|28.187
1407683722|27.812
1407683742|27.5
1407683762|27.25
1407683782|27.125
1407683802|27.187
1407683822|27.25
1407683842|27.25
1407683862|27.75
1407683882|27.75
1407683902|28.437
1407683922|28.812
1407683942|29.187
1407683963|29.187
1407683983|29.875
1407684003|30.25
1407684023|30.562
1407684043|30.812
1407684063|31.125
1407684083|31.312
1407684103|31.562
1407684124|31.75
1407684144|31.937
1407684164|32.062
1407684184|32.25
1407684204|32.375
1407684224|32.5
1407684244|32.562
1407684264|32.687
1407684285|32.75
1407684305|32.812
1407684325|32.937
1407684345|32.937
1407684365|33.062
1407684385|33.125
1407684405|33.187
1407684425|33.187
1407684445|33.25
1407684465|33.312
1407684485|33.375
1407684505|33.375
1407684526|33.437
1407684546|33.5
1407684566|33.5
1407684586|33.562
1407684606|33.562
1407684626|33.625
1407684646|33.625
1407684666|33.687
1407684687|33.75
1407684707|33.75
1407684727|33.75
1407684747|33.812
1407684767|33.812
1407684787|33.875
1407684807|33.875
1407684827|33.937
1407684848|33.937
1407684868|33.937
1407684888|34.0
1407684908|34.0
1407684928|34.062
1407684948|34.062
1407684968|34.187
1407684988|34.187
1407685008|34.187
1407685028|34.187
1407685048|34.187
1407685068|34.187
1407685089|34.25
1407685109|34.25
1407685129|34.312
1407685149|34.312
1407685169|34.375
1407685189|34.312
1407685209|34.375
1407685229|34.437
1407685249|34.437
1407685270|34.5
1407685290|34.562
1407685310|34.562
1407685330|34.562
1407685350|34.625
1407685371|34.625
1407685391|34.687
1407685411|34.687
1407685431|34.687
1407685451|34.75
1407685471|34.75
1407685491|34.812
1407685511|34.812
1407685531|34.812
1407685551|34.875
1407685571|34.875
1407685592|34.875
1407685612|34.875
1407685632|34.937
1407685652|34.937
1407685672|34.937
1407685692|34.937
1407685712|35.0
1407685732|35.0
1407685752|35.0
1407685772|35.0
1407685792|35.062
1407685813|35.062
1407685833|35.062
1407685853|35.062
1407685873|35.125
1407685893|35.125
1407685914|35.125
1407685934|35.125
1407685954|35.187
1407685974|35.187
1407685994|35.187
1407686014|35.187
1407686034|35.25
1407686054|35.25
1407686074|35.25
1407686094|35.25
1407686115|35.25
1407686135|35.25
1407686155|35.25
1407686175|35.25
1407686195|35.312
1407686215|35.312
1407686235|35.312
1407686255|35.312
1407686275|35.375
1407686295|35.375
1407686315|35.375
1407686336|35.375
1407686356|35.375
1407686376|35.375
1407686396|35.375
1407686416|35.375
1407686436|35.375
1407686456|35.375
1407686476|35.25
1407686497|35.062
1407686517|34.875
1407686537|34.75
1407686557|34.625
1407686577|34.562
1407686597|34.437
1407686617|34.375
1407686638|34.375
1407686658|34.312
1407686678|34.375
1407686698|34.375
1407686718|34.375
1407686738|34.437
1407686758|34.437
1407686778|34.5
1407686798|34.562
1407686818|34.562
1407686838|34.625
1407686858|34.687
1407686879|34.75
1407686899|34.812
1407686919|34.812
1407686939|34.812
1407686959|34.937
1407686979|34.937
1407686999|35.0
1407687019|35.0
1407687039|35.062
1407687059|35.062
1407687079|35.125
1407687099|35.125
1407687120|35.187
1407687140|35.187
1407687160|35.25
1407687180|35.0
1407687201|34.687
1407687221|34.375
1407687241|34.062
1407687261|34.062
1407687281|33.562
1407687301|33.437
1407687321|33.375
1407687341|33.312
1407687361|33.312
1407687381|33.375
1407687401|33.437
1407687421|33.5
1407687442|33.5
1407687462|33.5
1407687482|33.687
1407687502|33.75
1407687522|33.875
1407687542|33.875
1407687562|34.0
1407687582|34.0
1407687602|34.062
1407687622|34.125
1407687642|34.187
1407687662|34.25
1407687683|34.312
1407687703|34.312
1407687723|34.375
1407687743|34.437
1407687763|34.5
1407687784|34.5
1407687804|34.5
1407687824|34.562
1407687844|34.625
1407687864|34.625
1407687884|34.625
1407687904|34.125
1407687924|33.375
1407687944|32.562
1407687964|31.687
1407687984|31.687
1407688004|31.687
1407688025|30.062
1407688045|29.812
1407688065|29.687
1407688085|29.687
1407688105|29.75
1407688125|29.937
1407688145|30.062
1407688165|30.25
1407688185|30.437
1407688205|30.625
1407688225|30.812
1407688245|31.0
1407688266|31.187
1407688286|31.375
1407688306|31.562
1407688326|31.687
1407688347|31.875
1407688367|32.0
1407688387|32.125
1407688407|32.25
1407688427|32.312
1407688447|32.375
1407688467|32.5
1407688487|32.5
1407688507|32.375
1407688527|32.187
1407688547|32.062
1407688567|31.937
1407688588|31.812
1407688608|31.75
1407688628|31.812
1407688648|31.812
1407688668|31.875
1407688688|31.937
1407688708|32.062
1407688728|32.187
1407688748|32.25
1407688768|32.25
1407688788|32.437
1407688808|32.5
1407688829|32.625
1407688849|32.687
1407688869|32.75
1407688889|32.812
1407688909|32.875
1407688930|32.937
1407688950|33.0
1407688970|33.062
1407688990|33.125
1407689010|33.187
1407689030|33.187
1407689050|33.25
1407689070|33.312
1407689090|33.312
1407689110|33.375
1407689130|33.437
1407689151|33.437
1407689171|33.437
1407689191|33.5
1407689211|33.5
1407689231|33.562
1407689251|33.562
1407689271|33.625
1407689291|33.625
1407689311|33.687
1407689331|33.687
1407689351|33.687
1407689371|33.75
1407689392|33.75
1407689412|33.625
1407689432|33.5
1407689452|33.25
1407689472|33.062
1407689492|32.937
1407689512|32.812
1407689533|32.75
1407689553|32.75
1407689573|32.75
1407689593|32.75
1407689613|32.812
1407689633|32.875
1407689653|32.937
1407689673|33.0
1407689694|33.062
1407689714|33.125
1407689734|33.25
1407689754|33.312
1407689774|33.312
1407689794|33.375
1407689814|33.437
1407689834|33.5
1407689854|33.562
1407689874|33.625
1407689894|33.625
1407689914|33.687
1407689935|33.75
1407689955|33.812
1407689975|33.812
1407689995|33.875
1407690015|33.937
1407690035|33.937
1407690055|33.937
1407690075|33.937
1407690096|33.937
1407690116|34.0
1407690136|34.062
1407690156|34.062
1407690176|34.062
1407690197|34.125
1407690217|34.125
1407690237|34.125
1407690257|34.187
1407690277|34.187
1407690297|34.187
1407690317|34.25
1407690337|34.25
1407690357|34.25
1407690377|34.312
1407690397|34.312
1407690417|34.312
1407690437|34.312
1407690458|34.312
1407690478|34.375
1407690498|34.375
1407690518|34.375
1407690538|34.437
1407690558|34.437
1407690578|34.437
1407690598|34.5
1407690618|34.5
1407690638|34.5
1407690659|34.5
1407690679|34.562
1407690699|34.562
1407690719|34.562
1407690740|34.562
1407690760|34.562
1407690780|34.562
1407690800|34.562
1407690820|34.562
1407690840|34.625
1407690860|34.625
1407690880|34.625
1407690900|34.625
1407690920|34.625
1407690940|34.687
1407690961|34.687
1407690981|34.687
1407691001|34.687
1407691021|34.687
1407691041|34.687
1407691061|34.687
1407691081|34.687
1407691101|34.562
1407691121|34.312
1407691141|33.937
1407691161|33.937
1407691181|33.375
1407691202|33.125
1407691222|32.875
1407691242|32.5
1407691263|32.062
1407691283|31.5
1407691303|30.875
1407691323|30.25
1407691343|29.625
1407691364|29.062
1407691384|28.562
1407691404|28.125
1407691424|27.75
1407691444|27.562
1407691464|27.5
1407691484|27.5
1407691504|27.687
1407691524|27.812
1407691545|28.125
1407691565|28.375
1407691585|28.687
1407691605|28.687
1407691625|29.25
1407691645|29.562
1407691665|29.875
1407691685|30.125
1407691705|30.375
1407691725|30.625
1407691745|30.812
1407691765|31.0
1407691786|31.187
1407691806|31.375
1407691826|31.562
1407691846|31.687
1407691866|31.812
1407691886|31.937
1407691906|32.0
1407691927|32.062
1407691947|32.187
1407691967|32.25
1407691987|32.375
1407692007|32.375
1407692027|32.437
1407692047|32.5
1407692067|32.562
1407692088|32.625
1407692108|32.625
1407692128|32.562
1407692148|32.25
1407692168|31.875
1407692188|31.25
1407692208|30.625
1407692228|30.062
1407692248|29.375
1407692268|28.75
1407692288|28.125
1407692308|27.5
1407692329|27.0
1407692349|26.625
1407692369|26.437
1407692389|26.375
1407692409|26.437
1407692429|26.625
1407692449|26.875
1407692469|27.125
1407692489|27.437
1407692510|27.75
1407692530|28.125
1407692550|28.437
1407692571|28.75
1407692591|29.0
1407692611|29.312
1407692631|29.562
1407692651|29.812
1407692671|30.062
1407692691|30.25
1407692711|30.437
1407692731|30.625
1407692751|30.812
1407692771|30.937
1407692792|31.062
1407692812|31.187
1407692832|31.312
1407692852|31.375
1407692872|31.187
1407692892|30.875
1407692912|30.5
1407692932|30.125
1407692952|29.875
1407692972|29.687
1407692992|29.562
1407693012|29.5
1407693033|29.562
1407693053|29.687
1407693073|29.75
1407693093|29.875
1407693113|30.062
1407693133|30.25
1407693154|30.375
1407693174|30.562
1407693194|30.687
1407693214|30.812
1407693234|31.0
1407693254|31.0
1407693274|31.25
1407693294|31.312
1407693314|31.437
1407693334|31.562
1407693355|31.625
1407693375|31.75
1407693395|31.812
1407693415|31.875
1407693435|31.937
1407693455|32.0
1407693475|32.062
1407693495|32.062
1407693515|32.125
1407693535|32.187
1407693555|32.187
1407693575|32.25
1407693596|32.25
1407693616|32.312
1407693636|32.312
1407693656|32.375
1407693676|32.375
1407693696|32.437
1407693716|32.437
1407693737|32.5
1407693757|32.5
1407693777|32.562
1407693797|32.562
1407693817|32.562
1407693837|32.562
1407693857|32.625
1407693877|32.625
1407693898|32.687
1407693918|32.625
1407693938|32.687
1407693958|32.687
1407693978|32.687
1407693998|32.75
1407694018|32.75
1407694038|32.812
1407694058|32.812
1407694078|32.812
1407694098|32.812
1407694118|32.875
1407694139|32.875
1407694159|32.875
1407694179|32.937
1407694199|32.937
1407694219|32.937
1407694239|33.0
1407694259|33.0
1407694279|33.0
1407694299|33.062
1407694320|33.062
1407694340|33.125
1407694360|33.125
1407694380|33.125
1407694400|33.125
1407694420|33.187
1407694440|33.187
1407694461|33.187
1407694481|33.187
1407694501|33.25
1407694521|33.25
1407694541|33.25
1407694561|33.25
1407694581|33.312
1407694601|33.312
1407694621|33.312
1407694641|33.312
1407694661|33.375
1407694681|33.375
1407694702|33.375
1407694722|33.375
1407694742|33.375
1407694762|33.375
1407694782|33.437
1407694802|33.437
1407694822|33.437
1407694842|33.437
1407694862|33.437
1407694882|33.5
1407694903|33.5
1407694923|33.5
1407694943|33.5
1407694963|33.562
1407694983|33.5
1407695003|33.5
1407695024|33.562
1407695044|33.562
1407695064|33.562
1407695084|33.562
1407695104|33.562
1407695124|33.562
1407695144|33.562
1407695164|33.625
1407695184|33.625
1407695204|33.625
1407695224|33.625
1407695244|33.625
1407695265|33.625
1407695285|33.687
1407695305|33.687
1407695325|33.687
1407695345|33.687
1407695365|33.687
1407695385|33.687
1407695405|33.687
1407695425|33.687
1407695445|33.687
1407695465|33.75
1407695486|33.687
1407695506|33.75
1407695526|33.75
1407695546|33.75
1407695566|33.687
1407695586|33.625
1407695607|33.625
1407695627|33.562
1407695647|33.562
1407695667|33.562
1407695687|33.562
1407695707|33.562
1407695727|33.562
1407695747|33.562
1407695767|33.562
1407695787|33.562
1407695807|33.562
1407695827|33.562
1407695848|33.625
1407695868|33.687
1407695888|33.687
1407695908|33.75
1407695928|33.75
1407695948|33.75
1407695968|33.75
1407695988|33.812
1407696008|33.812
1407696028|33.812
1407696048|33.812
1407696069|33.812
1407696089|33.812
1407696109|33.812
1407696129|33.875
1407696150|33.875
1407696170|33.875
1407696190|33.875
1407696210|33.875
1407696230|33.75
1407696250|33.687
1407696270|33.625
1407696290|33.562
1407696310|33.5
1407696330|33.437
1407696350|33.437
1407696370|33.437
1407696391|33.437
1407696411|33.437
1407696431|33.437
1407696451|33.437
1407696471|33.5
1407696491|33.5
1407696511|33.562
1407696531|33.562
1407696551|33.562
1407696571|33.562
1407696591|33.625
1407696611|33.625
1407696632|33.687
1407696652|33.687
1407696672|33.687
1407696692|33.75
1407696713|33.75
1407696733|33.75
1407696753|33.75
1407696773|33.812
1407696793|33.812
1407696814|33.812
1407696834|33.812
1407696854|33.875
1407696874|33.875
1407696894|33.875
1407696914|33.875
1407696934|33.937
1407696954|33.937
1407696974|33.937
1407696994|33.937
1407697014|34.0
1407697034|34.0
1407697055|34.0
1407697075|33.937
1407697095|33.937
1407697115|34.0
1407697135|34.0
1407697155|34.0
1407697175|34.0
1407697195|34.062
1407697215|34.062
1407697236|34.062
1407697256|34.062
1407697276|34.062
1407697296|34.062
1407697316|34.062
1407697336|34.062
1407697357|34.125
1407697377|34.062
1407697397|34.062
1407697417|34.062
1407697437|34.125
1407697457|34.125
1407697477|34.125
1407697497|34.125
1407697517|34.125
1407697538|34.187
1407697558|34.125
1407697578|34.125
1407697598|34.062
1407697618|33.875
1407697638|33.687
1407697658|33.5
1407697678|33.312
1407697698|33.25
1407697718|33.125
1407697738|33.062
1407697759|33.062
1407697779|33.062
1407697799|33.062
1407697819|33.125
1407697839|33.187
1407697859|33.25
1407697879|33.312
1407697899|33.375
1407697919|33.437
1407697940|33.437
1407697960|33.437
1407697980|33.562
1407698000|33.625
1407698020|33.687
1407698040|33.687
1407698060|33.625
1407698081|33.437
1407698101|33.187
1407698121|32.937
1407698141|32.687
1407698161|32.5
1407698181|32.312
1407698201|32.25
1407698221|32.25
1407698241|32.187
1407698261|32.25
1407698281|32.25
1407698301|32.312
1407698322|32.375
1407698342|32.437
1407698362|32.437
1407698382|32.625
1407698402|32.687
1407698422|32.75
1407698442|32.812
1407698462|32.875
1407698482|32.937
1407698502|33.0
1407698522|33.062
1407698543|33.125
1407698563|33.187
1407698583|33.187
1407698603|33.25
1407698624|33.312
1407698644|33.312
1407698664|33.312
1407698684|33.375
1407698704|33.437
1407698724|33.437
1407698744|33.437
1407698764|33.437
1407698784|33.5
1407698804|33.5
1407698824|33.5
1407698845|33.5
1407698865|33.5
1407698885|33.562
1407698905|33.562
1407698925|33.562
1407698945|33.625
1407698965|33.625
1407698985|33.625
1407699005|33.625
1407699025|33.625
1407699045|33.625
1407699065|33.625
1407699086|33.625
1407699106|33.687
1407699126|33.687
1407699146|33.687
1407699166|33.687
1407699186|33.687
1407699207|33.687
1407699227|33.687
1407699247|33.75
1407699267|33.75
1407699287|33.75
1407699307|33.75
1407699327|33.75
1407699347|33.75
1407699367|33.75
1407699387|33.75
1407699408|33.75
1407699428|33.812
1407699448|33.75
1407699468|33.812
1407699488|33.75
1407699508|33.75
1407699528|33.75
1407699548|33.812
1407699568|33.75
1407699588|33.812
1407699608|33.812
1407699628|33.812
1407699649|33.812
1407699669|33.812
1407699689|33.812
1407699709|33.812
1407699729|33.812
1407699750|33.812
1407699770|33.75
1407699790|33.75
1407699810|33.687
1407699830|33.687
1407699850|33.625
1407699870|33.625
1407699890|33.625
1407699910|33.625
1407699931|33.625
1407699951|33.625
1407699971|33.625
1407699991|33.625
1407700011|33.687
1407700031|33.687
1407700051|33.687
1407700071|33.687
1407700091|33.687
1407700111|33.75
1407700131|33.687
1407700151|33.75
1407700172|33.75
1407700192|33.75
1407700212|33.75
1407700232|33.75
1407700252|33.812
1407700272|33.812
1407700292|33.812
1407700312|33.812
1407700333|33.812
1407700353|33.812
1407700373|33.812
1407700393|33.812
1407700413|33.812
1407700433|33.812
1407700453|33.75
1407700473|33.687
1407700494|33.625
1407700514|33.437
1407700534|33.187
1407700554|32.937
1407700574|32.75
1407700594|32.562
1407700614|32.437
1407700634|32.375
1407700654|32.312
1407700674|32.25
1407700694|32.312
1407700714|32.312
1407700735|32.312
1407700755|32.25
1407700775|32.0
1407700795|31.625
1407700815|30.937
1407700835|30.25
1407700855|29.625
1407700875|29.0
1407700895|28.562
1407700916|28.187
1407700936|27.812
1407700956|27.5
1407700977|27.312
1407700997|27.25
1407701017|27.25
1407701037|27.312
1407701057|27.437
1407701077|27.562
1407701097|27.75
1407701117|27.937
1407701137|28.187
1407701157|28.375
1407701178|28.375
1407701198|28.812
1407701218|29.0
1407701238|29.187
1407701258|29.375
1407701278|29.5
1407701298|29.687
1407701318|29.812
1407701338|29.812
1407701358|30.062
1407701378|30.187
1407701398|30.312
1407701419|30.437
1407701439|30.5
1407701459|30.562
1407701479|30.625
1407701499|30.687
1407701519|30.812
1407701540|30.875
1407701560|30.937
1407701580|31.0
1407701600|31.062
1407701620|31.062
1407701640|31.125
1407701660|31.187
1407701680|31.25
1407701700|31.312
1407701721|31.312
1407701741|31.312
1407701761|31.312
1407701781|31.375
1407701801|31.312
1407701821|31.187
1407701841|30.75
1407701861|30.187
1407701881|29.5
1407701901|28.812
1407701922|28.187
1407701942|27.562
1407701962|27.0
1407701982|26.437
1407702002|26.0
1407702022|25.562
1407702042|25.187
1407702062|24.937
1407702082|24.625
1407702103|24.375
1407702123|24.187
1407702143|24.062
1407702163|23.875
1407702183|23.875
1407702204|23.937
1407702224|24.062
1407702244|24.25
1407702264|24.5
1407702284|24.812
1407702304|25.125
1407702324|25.5
1407702344|25.875
1407702364|26.187
1407702384|26.5
1407702404|26.812
1407702424|27.125
1407702445|27.437
1407702465|27.75
1407702485|28.0
1407702505|28.187
1407702525|28.437
1407702545|28.687
1407702565|28.875
1407702585|29.062
1407702605|29.062
1407702625|29.312
1407702645|29.312
1407702665|29.562
1407702686|29.687
1407702706|29.812
1407702726|29.937
1407702747|30.0
1407702767|30.062
1407702787|30.125
1407702807|30.187
1407702827|30.25
1407702847|30.312
1407702867|30.375
1407702887|30.437
1407702907|30.437
1407702928|30.5
1407702948|30.5
1407702968|30.562
1407702988|30.625
1407703008|30.687
1407703028|30.625
1407703048|30.687
1407703068|30.75
1407703088|30.75
1407703108|30.75
1407703128|30.812
1407703148|30.812
1407703169|30.812
1407703189|30.875
1407703209|30.875
1407703229|30.937
1407703249|30.937
1407703269|30.937
1407703289|30.937
1407703309|31.0
1407703330|31.0
1407703350|31.0
1407703370|31.0
1407703390|31.062
1407703410|31.062
1407703430|31.062
1407703450|31.062
1407703471|31.062
1407703491|31.062
1407703511|31.125
1407703531|31.125
1407703551|31.125
1407703571|31.187
1407703591|31.187
1407703611|31.187
1407703631|31.187
1407703651|31.187
1407703671|31.187
1407703692|31.25
1407703712|31.25
1407703732|31.25
1407703752|31.25
1407703772|31.312
1407703792|31.312
1407703812|31.312
1407703832|31.312
1407703852|31.312
1407703872|31.312
1407703892|31.312
1407703913|31.375
1407703933|31.375
1407703953|31.375
1407703974|31.437
1407703994|31.437
1407704014|31.437
1407704034|31.437
1407704054|31.437
1407704074|31.437
1407704094|31.437
1407704114|31.5
1407704134|31.5
1407704155|31.5
1407704175|31.5
1407704195|31.5
1407704215|31.5
1407704235|31.562
1407704255|31.562
1407704275|31.562
1407704295|31.562
1407704315|31.562
1407704335|31.625
1407704355|31.562
1407704376|31.625
1407704396|31.625
1407704416|31.625
1407704436|31.625
1407704456|31.625
1407704476|31.625
1407704496|31.687
1407704516|31.687
1407704536|31.687
1407704557|31.687
1407704577|31.687
1407704597|31.687
1407704617|31.687
1407704637|31.687
1407704657|31.75
1407704678|31.75
1407704698|31.75
1407704718|31.75
1407704738|31.75
1407704758|31.812
1407704778|31.812
1407704798|31.812
1407704818|31.812
1407704838|31.812
1407704858|31.875
1407704878|31.812
1407704898|31.812
1407704919|31.875
1407704939|31.875
1407704959|31.875
1407704979|31.875
1407704999|31.875
1407705019|31.875
1407705039|31.875
1407705059|31.875
1407705079|31.875
1407705099|31.937
1407705120|31.937
1407705140|31.937
1407705160|31.937
1407705181|31.937
1407705201|32.0
1407705221|31.937
1407705241|32.0
1407705261|32.0
1407705281|32.0
1407705301|32.0
1407705321|32.0
1407705342|32.0
1407705362|32.0
1407705382|32.0
1407705402|32.0
1407705422|32.062
1407705442|32.062
1407705463|32.062
1407705483|32.062
1407705503|32.062
1407705523|32.062
1407705543|32.062
1407705563|32.062
1407705583|32.062
1407705603|32.062
1407705623|32.062
1407705643|32.062
1407705667|32.125
1407705687|32.062
1407705707|32.125
1407705727|32.125
1407705747|32.125
1407705767|32.125
1407705787|32.125
1407705807|32.125
1407705827|32.125
1407705847|32.125
1407705867|32.187
1407705887|32.187
1407705908|32.125
1407705928|32.187
1407705948|32.187
1407705968|32.187
1407705988|32.187
1407706008|32.187
1407706028|32.187
1407706048|32.187
1407706068|32.187
1407706089|32.187
1407706109|32.187
1407706129|32.187
1407706149|32.187
1407706169|32.187
1407706189|32.187
1407706209|32.187
1407706230|32.187
1407706250|32.187
1407706270|32.187
1407706290|32.187
1407706310|32.187
1407706330|32.187
1407706350|32.187
1407706370|32.187
1407706390|32.25
1407706410|32.25
1407706430|32.25
1407706450|32.25
1407706471|32.25
1407706491|32.25
1407706511|32.25
1407706531|32.25
1407706551|32.25
1407706571|32.25
1407706591|32.312
1407706611|32.25
1407706631|32.25
1407706651|32.25
1407706672|32.312
1407706692|32.312
1407706712|32.312
1407706732|32.25
1407706752|32.25
1407706773|32.25
1407706793|32.25
1407706813|32.312
1407706833|32.25
1407706853|32.25
1407706873|32.312
1407706893|32.25
1407706913|32.25
1407706933|32.25
1407706953|32.25
1407706973|32.25
1407706994|32.312
1407707014|32.312
1407707034|32.312
1407707054|32.312
1407707074|32.312
1407707094|32.312
1407707114|32.312
1407707134|32.312
1407707154|32.312
1407707174|32.312
1407707194|32.312
1407707214|32.312
1407707235|32.312
1407707255|32.312
1407707275|32.312
1407707295|32.312
1407707316|32.312
1407707336|32.375
1407707356|32.375
1407707376|32.375
1407707396|32.375
1407707416|32.375
1407707436|32.375
1407707456|32.375
1407707476|32.375
1407707496|32.375
1407707516|32.375
1407707536|32.375
1407707557|32.375
1407707577|32.375
1407707597|32.375
1407707617|32.375
1407707637|32.375
1407707657|32.375
1407707677|32.375
1407707697|32.437
1407707717|32.437
1407707737|32.437
1407707757|32.437
1407707778|32.437
1407707798|32.437
1407707818|32.437
1407707838|32.437
1407707858|32.437
1407707879|32.437
1407707899|32.437
1407707919|32.437
1407707939|32.437
1407707959|32.5
1407707979|32.437
1407707999|32.5
1407708019|32.5
1407708039|32.5
1407708059|32.437
1407708080|32.5
1407708100|32.5
1407708120|32.5
1407708140|32.437
1407708160|32.437
1407708180|32.437
1407708200|32.437
1407708220|32.5
1407708240|32.5
1407708260|32.5
1407708280|32.5
1407708300|32.437
1407708321|32.5
1407708341|32.5
1407708361|32.437
1407708381|32.5
1407708401|32.5
1407708421|32.437
1407708441|32.5
1407708461|32.5
1407708482|32.5
1407708502|32.5
1407708522|32.5
1407708542|32.5
1407708562|32.5
1407708582|32.5
1407708602|32.5
1407708622|32.5
1407708643|32.5
1407708663|32.5
1407708683|32.5
1407708703|32.5
1407708723|32.5
1407708743|32.5
1407708763|32.5
1407708783|32.5
1407708803|32.5
1407708823|32.562
1407708843|32.5
1407708863|32.562
1407708884|32.5
1407708904|32.5
1407708924|32.562
1407708944|32.5
1407708964|32.562
1407708984|32.5
1407709004|32.5
1407709024|32.5
1407709044|32.562
1407709065|32.562
1407709085|32.562
1407709105|32.5
1407709125|32.562
1407709145|32.5
1407709165|32.562
1407709185|32.562
1407709206|32.562
1407709226|32.562
1407709246|32.562
1407709266|32.562
1407709286|32.562
1407709306|32.562
1407709326|32.562
1407709346|32.562
1407709366|32.562
1407709386|32.562
1407709406|32.562
1407709426|32.562
1407709447|32.562
1407709467|32.625
1407709487|32.625
1407709507|32.625
1407709527|32.562
1407709547|32.625
1407709567|32.562
1407709587|32.625
1407709607|32.625
1407709627|32.562
1407709648|32.625
1407709668|32.625
1407709688|32.625
1407709708|32.625
1407709729|32.625
1407709749|32.625
1407709769|32.625
1407709789|32.625
1407709809|32.625
1407709829|32.625
1407709849|32.625
1407709869|32.625
1407709889|32.625
1407709909|32.625
1407709929|32.625
1407709949|32.625
1407709970|32.625
1407709990|32.625
1407710010|32.625
1407710030|32.687
1407710050|32.625
1407710070|32.687
1407710090|32.687
1407710110|32.687
1407710130|32.625
1407710150|32.687
1407710170|32.687
1407710190|32.687
1407710211|32.687
1407710231|32.687
1407710251|32.687
1407710271|32.687
1407710291|32.687
1407710312|32.687
1407710332|32.687
1407710352|32.75
1407710372|32.75
1407710392|32.75
1407710412|32.75
1407710432|32.75
1407710452|32.75
1407710472|32.75
1407710492|32.75
1407710513|32.75
1407710533|32.75
1407710553|32.75
1407710573|32.75
1407710593|32.75
1407710613|32.75
1407710633|32.75
1407710653|32.75
1407710673|32.75
1407710693|32.75
1407710713|32.75
1407710733|32.812
1407710754|32.75
1407710774|32.75
1407710794|32.75
1407710814|32.812
1407710834|32.75
1407710854|32.812
1407710874|32.75
1407710895|32.75
1407710915|32.75
1407710935|32.75
1407710955|32.75
1407710975|32.812
1407710995|32.812
1407711015|32.812
1407711035|32.812
1407711055|32.812
1407711076|32.812
1407711096|32.812
1407711116|32.812
1407711136|32.812
1407711156|32.812
1407711176|32.812
1407711196|32.812
1407711216|32.812
1407711236|32.812
1407711256|32.812
1407711276|32.812
1407711296|32.812
1407711317|32.75
1407711337|32.812
1407711357|32.812
1407711377|32.812
1407711397|32.812
1407711417|32.812
1407711437|32.812
1407711457|32.875
1407711478|32.875
1407711498|32.875
1407711518|32.812
1407711538|32.812
1407711558|32.812
1407711578|32.875
1407711598|32.812
1407711619|32.875
1407711639|32.875
1407711659|32.812
1407711679|32.812
1407711699|32.875
1407711719|32.875
1407711739|32.812
1407711759|32.812
1407711779|32.812
1407711799|32.812
1407711819|32.875
1407711839|32.812
1407711860|32.875
1407711880|32.812
1407711900|32.812
1407711920|32.812
1407711940|32.875
1407711960|32.812
1407711980|32.875
1407712001|32.812
1407712021|32.812
1407712041|32.875
1407712061|32.875
1407712081|32.875
1407712101|32.875
1407712122|32.875
1407712142|32.812
1407712162|32.875
1407712182|32.875
1407712202|32.875
1407712222|32.875
1407712242|32.875
1407712262|32.875
1407712282|32.875
1407712302|32.812
1407712323|32.812
1407712343|32.875
1407712363|32.875
1407712383|32.875
1407712403|32.875
1407712423|32.812
1407712443|32.812
1407712463|32.875
1407712483|32.812
1407712503|32.875
1407712523|32.812
1407712544|32.875
1407712564|32.875
1407712584|32.875
1407712604|32.812
1407712624|32.812
1407712644|32.875
1407712664|32.875
1407712684|32.812
1407712705|32.812
1407712725|32.812
1407712745|32.812
1407712765|32.812
1407712785|32.812
1407712805|32.875
1407712825|32.812
1407712845|32.812
1407712865|32.812
1407712886|32.812
1407712906|32.812
1407712926|32.812
1407712946|32.812
1407712966|32.812
1407712986|32.812
1407713006|32.812
1407713026|32.812
1407713046|32.812
1407713066|32.812
1407713086|32.812
1407713106|32.812
1407713127|32.812
1407713147|32.812
1407713167|32.812
1407713187|32.812
1407713207|32.812
1407713227|32.812
1407713247|32.812
1407713268|32.812
1407713288|32.812
1407713308|32.812
1407713328|32.875
1407713348|32.812
1407713368|32.812
1407713388|32.812
1407713408|32.812
1407713429|32.812
1407713449|32.812
1407713469|32.812
1407713489|32.812
1407713509|32.812
1407713529|32.812
1407713549|32.812
1407713569|32.812
1407713589|32.812
1407713609|32.812
1407713629|32.812
1407713649|32.812
1407713670|32.812
1407713690|32.812
1407713710|32.812
1407713730|32.812
1407713750|32.812
1407713770|32.812
1407713790|32.812
1407713810|32.812
1407713830|32.812
1407713850|32.812
1407713871|32.812
1407713891|32.812
1407713911|32.812
1407713931|32.812
1407713951|32.812
1407713971|32.875
1407713992|32.812
1407714012|32.812
1407714032|32.812
1407714052|32.812
1407714072|32.812
1407714092|32.812
1407714112|32.812
1407714132|32.812
1407714152|32.812
1407714172|32.812
1407714192|32.812
1407714212|32.812
1407714232|32.875
1407714253|32.875
1407714273|32.812
1407714293|32.812
1407714313|32.812
1407714333|32.812
1407714353|32.812
1407714373|32.812
1407714393|32.812
1407714413|32.812
1407714434|32.875
1407714454|32.875
1407714474|32.812
1407714494|32.875
1407714514|32.812
1407714535|32.812
1407714555|32.812
1407714575|32.812
1407714595|32.812
1407714615|32.812
1407714635|32.812
1407714655|32.812
1407714675|32.812
1407714695|32.812
1407714715|32.812
1407714735|32.812
1407714755|32.812
1407714776|32.812
1407714796|32.812
1407714816|32.812
1407714836|32.812
1407714856|32.812
1407714876|32.812
1407714896|32.812
1407714916|32.812
1407714936|32.812
1407714956|32.812
1407714976|32.812
1407714997|32.812
1407715017|32.812
1407715037|32.812
1407715057|32.812
1407715077|32.812
1407715098|32.812
1407715118|32.812
1407715138|32.812
1407715158|32.812
1407715178|32.812
1407715198|32.812
1407715218|32.812
1407715238|32.812
1407715258|32.812
1407715278|32.812
1407715299|32.812
1407715319|32.812
1407715339|32.812
1407715359|32.812
1407715379|32.812
1407715399|32.875
1407715419|32.812
1407715439|32.812
1407715459|32.812
1407715479|32.812
1407715499|32.812
1407715519|32.875
1407715540|32.812
1407715560|32.812
1407715580|32.875
1407715600|32.812
1407715620|32.812
1407715640|32.875
1407715660|32.875
1407715681|32.875
1407715701|32.875
1407715721|32.875
1407715741|32.875
1407715761|32.875
1407715781|32.875
1407715801|32.875
1407715821|32.875
1407715841|32.812
1407715862|32.812
1407715882|32.812
1407715902|32.812
1407715922|32.812
1407715942|32.812
1407715962|32.812
1407715982|32.812
1407716002|32.812
1407716022|32.812
1407716042|32.812
1407716062|32.812
1407716082|32.812
1407716103|32.812
1407716123|32.812
1407716143|32.812
1407716163|32.812
1407716183|32.812
1407716203|32.812
1407716223|32.75
1407716243|32.812
1407716264|32.812
1407716284|32.812
1407716304|32.812
1407716324|32.75
1407716344|32.812
1407716365|32.812
1407716385|32.812
1407716405|32.75
1407716425|32.812
1407716445|32.812
1407716465|32.812
1407716485|32.812
1407716505|32.812
1407716525|32.812
1407716545|32.812
1407716565|32.812
1407716585|32.812
1407716606|32.812
1407716626|32.812
1407716646|32.812
1407716666|32.812
1407716686|32.812
1407716706|32.75
1407716726|32.75
1407716746|32.75
1407716766|32.812
1407716786|32.75
1407716806|32.75
1407716826|32.75
1407716847|32.75
1407716867|32.75
1407716887|32.75
1407716907|32.75
1407716928|32.75
1407716948|32.75
1407716968|32.75
1407716988|32.75
1407717008|32.75
1407717028|32.75
1407717048|32.75
1407717068|32.75
1407717088|32.75
1407717108|32.75
1407717128|32.75
1407717148|32.75
1407717169|32.75
1407717189|32.75
1407717209|32.75
1407717229|32.75
1407717249|32.75
1407717269|32.75
1407717289|32.812
1407717309|32.75
1407717329|32.75
1407717349|32.75
1407717369|32.75
1407717389|32.75
1407717410|32.75
1407717430|32.75
1407717450|32.75
1407717470|32.75
1407717490|32.75
1407717511|32.75
1407717531|32.75
1407717551|32.75
1407717571|32.75
1407717591|32.75
1407717611|32.75
1407717631|32.75
1407717651|32.75
1407717671|32.75
1407717691|32.75
1407717712|32.75
1407717732|32.75
1407717752|32.75
1407717772|32.75
1407717792|32.75
1407717812|32.75
1407717832|32.75
1407717852|32.75
1407717872|32.75
1407717892|32.75
1407717912|32.75
1407717933|32.75
1407717953|32.75
1407717973|32.75
1407717993|32.75
1407718013|32.75
1407718033|32.75
1407718053|32.75
1407718073|32.812
1407718094|32.75
1407718114|32.812
1407718134|32.75
1407718154|32.75
1407718174|32.75
1407718194|32.75
1407718214|32.75
1407718234|32.75
1407718255|32.75
1407718275|32.812
1407718295|32.812
1407718315|32.812
1407718335|32.75
1407718355|32.812
1407718375|32.812
1407718395|32.812
1407718415|32.75
1407718435|32.75
1407718455|32.75
1407718475|32.75
1407718496|32.75
1407718516|32.75
1407718536|32.75
1407718556|32.75
1407718576|32.75
1407718596|32.75
1407718616|32.687
1407718636|32.75
1407718656|32.75
1407718677|32.687
1407718697|32.687
1407718717|32.75
1407718737|32.75
1407718757|32.687
1407718777|32.75
1407718797|32.687
1407718818|32.687
1407718838|32.687
1407718858|32.687
1407718878|32.687
1407718898|32.687
1407718918|32.687
1407718938|32.687
1407718958|32.687
1407718978|32.687
1407718998|32.687
1407719018|32.687
1407719039|32.687
1407719059|32.687
1407719079|32.687
1407719099|32.687
1407719119|32.687
1407719139|32.625
1407719159|32.687
1407719179|32.687
1407719199|32.687
1407719219|32.687
1407719239|32.687
1407719260|32.687
1407719280|32.687
1407719300|32.687
1407719320|32.687
1407719340|32.687
1407719361|32.687
1407719381|32.687
1407719401|32.687
1407719421|32.625
1407719441|32.687
1407719461|32.687
1407719481|32.687
1407719501|32.687
1407719521|32.687
1407719541|32.687
1407719561|32.687
1407719582|32.687
1407719602|32.687
1407719622|32.687
1407719642|32.687
1407719662|32.687
1407719682|32.687
1407719702|32.687
1407719722|32.687
1407719742|32.687
1407719762|32.687
1407719782|32.687
1407719802|32.687
1407719823|32.687
1407719843|32.687
1407719863|32.687
1407719883|32.625
1407719903|32.687
1407719924|32.687
1407719944|32.687
1407719964|32.687
1407719984|32.625
1407720004|32.625
1407720024|32.687
1407720044|32.687
1407720064|32.687
1407720084|32.687
1407720105|32.687
1407720125|32.687
1407720145|32.687
1407720165|32.687
1407720185|32.687
1407720205|32.687
1407720225|32.687
1407720245|32.687
1407720265|32.687
1407720285|32.687
1407720305|32.687
1407720325|32.687
1407720346|32.687
1407720366|32.687
1407720386|32.687
1407720406|32.687
1407720426|32.687
1407720446|32.687
1407720466|32.687
1407720486|32.687
1407720507|32.687
1407720527|32.687
1407720547|32.687
1407720567|32.687
1407720587|32.687
1407720607|32.687
1407720627|32.687
1407720648|32.687
1407720668|32.687
1407720688|32.687
1407720708|32.687
1407720728|32.687
1407720748|32.687
1407720768|32.687
1407720788|32.687
1407720808|32.687
1407720828|32.687
1407720848|32.687
1407720868|32.687
1407720889|32.687
1407720909|32.687
1407720929|32.687
1407720949|32.687
1407720969|32.687
1407720989|32.687
1407721009|32.687
1407721029|32.687
1407721049|32.687
1407721069|32.687
1407721090|32.687
1407721110|32.687
1407721130|32.687
1407721150|32.687
1407721171|32.687
1407721191|32.687
1407721211|32.687
1407721231|32.687
1407721251|32.625
1407721271|32.687
1407721291|32.625
1407721311|32.687
1407721331|32.625
1407721351|32.625
1407721371|32.625
1407721391|32.687
1407721411|32.687
1407721432|32.687
1407721452|32.687
1407721472|32.687
1407721492|32.687
1407721512|32.687
1407721532|32.687
1407721552|32.687
1407721572|32.625
1407721592|32.625
1407721612|32.687
1407721632|32.625
1407721652|32.625
1407721673|32.625
1407721693|32.687
1407721713|32.625
1407721733|32.687
1407721754|32.625
1407721774|32.687
1407721794|32.625
1407721814|32.625
1407721834|32.687
1407721854|32.687
1407721874|32.625
1407721894|32.687
1407721914|32.625
1407721934|32.687
1407721954|32.687
1407721975|32.687
1407721995|32.625
1407722015|32.625
1407722035|32.687
1407722055|32.625
1407722075|32.625
1407722095|32.625
1407722115|32.625
1407722135|32.687
1407722155|32.687
1407722175|32.625
1407722195|32.625
1407722216|32.687
1407722236|32.625
1407722256|32.625
1407722276|32.625
1407722296|32.625
1407722316|32.687
1407722337|32.687
1407722357|32.687
1407722377|32.625
1407722397|32.625
1407722417|32.625
1407722437|32.625
1407722457|32.625
1407722477|32.625
1407722497|32.625
1407722518|32.625
1407722538|32.625
1407722558|32.625
1407722578|32.625
1407722598|32.625
1407722618|32.625
1407722638|32.625
1407722658|32.625
1407722678|32.625
1407722698|32.625
1407722718|32.625
1407722738|32.625
1407722759|32.625
1407722779|32.687
1407722799|32.687
1407722819|32.625
1407722839|32.625
1407722859|32.625
1407722879|32.687
1407722899|32.625
1407722920|32.625
1407722941|32.625
1407722961|32.687
1407722981|32.687
1407723001|32.687
1407723021|32.687
1407723041|32.687
1407723062|32.625
1407723082|32.625
1407723102|32.687
1407723122|32.687
1407723142|32.625
1407723162|32.625
1407723182|32.625
1407723202|32.625
1407723222|32.687
1407723242|32.625
1407723262|32.625
1407723282|32.625
1407723303|32.687
1407723323|32.625
1407723343|32.625
1407723363|32.625
1407723383|32.625
1407723403|32.687
1407723423|32.625
1407723443|32.625
1407723463|32.625
1407723483|32.625
1407723504|32.625
1407723524|32.625
1407723544|32.625
1407723564|32.625
1407723585|32.625
1407723605|32.625
1407723625|32.625
1407723645|32.687
1407723665|32.625
1407723685|32.625
1407723705|32.625
1407723725|32.625
1407723745|32.625
1407723765|32.625
1407723785|32.625
1407723806|32.625
1407723826|32.625
1407723846|32.625
1407723866|32.625
1407723886|32.625
1407723906|32.687
1407723926|32.625
1407723946|32.625
1407723966|32.625
1407723986|32.625
1407724006|32.625
1407724026|32.687
1407724047|32.625
1407724067|32.625
1407724087|32.625
1407724107|32.625
1407724127|32.687
1407724147|32.687
1407724168|32.687
1407724188|32.687
1407724208|32.687
1407724228|32.625
1407724248|32.625
1407724268|32.625
1407724289|32.687
1407724309|32.687
1407724329|32.687
1407724349|32.625
1407724369|32.625
1407724389|32.625
1407724409|32.625
1407724429|32.625
1407724449|32.625
1407724469|32.625
1407724489|32.625
1407724509|32.625
1407724530|32.625
1407724550|32.625
1407724570|32.687
1407724590|32.625
1407724610|32.687
1407724630|32.687
1407724650|32.625
1407724670|32.625
1407724690|32.625
1407724710|32.625
1407724731|32.625
1407724751|32.625
1407724771|32.625
1407724791|32.625
1407724811|32.625
1407724831|32.625
1407724851|32.625
1407724872|32.625
1407724892|32.625
1407724912|32.625
1407724932|32.625
1407724952|32.625
1407724972|32.625
1407724992|32.625
1407725012|32.625
1407725032|32.625
1407725052|32.625
1407725072|32.625
1407725093|32.625
1407725113|32.625
1407725133|32.625
1407725153|32.625
1407725173|32.625
1407725193|32.625
1407725213|32.625
1407725233|32.625
1407725253|32.625
1407725273|32.625
1407725293|32.625
1407725314|32.625
1407725334|32.625
1407725354|32.625
1407725375|32.625
1407725395|32.625
1407725415|32.625
1407725435|32.625
1407725455|32.625
1407725475|32.625
1407725495|32.625
1407725515|32.625
1407725535|32.625
1407725555|32.625
1407725575|32.625
1407725596|32.625
1407725616|32.625
1407725636|32.625
1407725656|32.562
1407725676|32.625
1407725696|32.562
1407725716|32.625
1407725736|32.625
1407725756|32.625
1407725776|32.625
1407725796|32.625
1407725816|32.562
1407725837|32.625
1407725857|32.625
1407725877|32.562
1407725897|32.625
1407725917|32.625
1407725937|32.625
1407725958|32.562
1407725978|32.562
1407725998|32.625
1407726018|32.562
1407726038|32.562
1407726058|32.562
1407726078|32.562
1407726098|32.562
1407726118|32.562
1407726139|32.625
1407726159|32.625
1407726179|32.562
1407726199|32.562
1407726219|32.625
1407726239|32.562
1407726259|32.562
1407726279|32.562
1407726299|32.562
1407726319|32.562
1407726339|32.562
1407726359|32.562
1407726380|32.562
1407726400|32.562
1407726420|32.562
1407726440|32.562
1407726460|32.625
1407726480|32.625
1407726500|32.562
1407726521|32.625
1407726541|32.625
1407726561|32.625
1407726581|32.562
1407726601|32.625
1407726621|32.562
1407726641|32.625
1407726662|32.625
1407726682|32.625
1407726702|32.625
1407726722|32.625
1407726742|32.625
1407726762|32.625
1407726782|32.562
1407726802|32.625
1407726822|32.625
1407726842|32.625
1407726862|32.625
1407726882|32.625
1407726903|32.562
1407726923|32.625
1407726943|32.625
1407726963|32.562
1407726983|32.562
1407727003|32.625
1407727023|32.562
1407727043|32.562
1407727064|32.562
1407727084|32.562
1407727104|32.625
1407727124|32.625
1407727144|32.625
1407727164|32.562
1407727185|32.562
1407727205|32.562
1407727225|32.562
1407727245|32.562
1407727265|32.562
1407727285|32.625
1407727305|32.562
1407727325|32.562
1407727345|32.625
1407727366|32.562
1407727386|32.562
1407727406|32.625
1407727426|32.562
1407727446|32.562
1407727466|32.562
1407727486|32.625
1407727506|32.562
1407727526|32.562
1407727547|32.562
1407727567|32.562
1407727587|32.562
1407727607|32.562
1407727627|32.562
1407727647|32.562
1407727667|32.562
1407727687|32.562
1407727707|32.562
1407727727|32.562
1407727748|32.562
1407727768|32.625
1407727788|32.562
1407727808|32.562
1407727828|32.562
1407727849|32.562
1407727869|32.562
1407727889|32.562
1407727909|32.562
1407727929|32.562
1407727949|32.562
1407727969|32.562
1407727989|32.562
1407728009|32.562
1407728029|32.562
1407728049|32.562
1407728070|32.562
1407728090|32.562
1407728110|32.562
1407728130|32.562
1407728150|32.562
1407728170|32.562
1407728190|32.562
1407728210|32.562
1407728230|32.562
1407728250|32.562
1407728270|32.562
1407728290|32.562
1407728311|32.562
1407728331|32.5
1407728351|32.562
1407728371|32.562
1407728391|32.562
1407728412|32.562
1407728432|32.562
1407728452|32.562
1407728472|32.562
1407728492|32.562
1407728512|32.562
1407728532|32.562
1407728552|32.562
1407728572|32.562
1407728592|32.562
1407728612|32.562
1407728632|32.562
1407728653|32.562
1407728673|32.562
1407728693|32.562
1407728713|32.562
1407728733|32.562
1407728753|32.562
1407728773|32.562
1407728793|32.562
1407728813|32.562
1407728833|32.562
1407728853|32.562
1407728874|32.5
1407728894|32.562
1407728914|32.562
1407728934|32.562
1407728954|32.562
1407728974|32.562
1407728995|32.562
1407729015|32.562
1407729035|32.562
1407729055|32.562
1407729075|32.562
1407729095|32.562
1407729115|32.625
1407729135|32.562
1407729155|32.562
1407729175|32.562
1407729195|32.562
1407729216|32.562
1407729236|32.562
1407729256|32.562
1407729276|32.562
1407729296|32.562
1407729316|32.562
1407729336|32.562
1407729356|32.562
1407729376|32.562
1407729396|32.562
1407729416|32.562
1407729436|32.562
1407729457|32.562
1407729477|32.562
1407729497|32.562
1407729517|32.562
1407729537|32.562
1407729557|32.562
1407729578|32.562
1407729598|32.562
1407729618|32.562
1407729638|32.562
1407729658|32.562
1407729678|32.562
1407729698|32.562
1407729719|32.562
1407729739|32.562
1407729759|32.5
1407729779|32.562
1407729799|32.562
1407729819|32.562
1407729839|32.5
1407729859|32.562
1407729879|32.5
1407729899|32.562
1407729919|32.5
1407729939|32.562
1407729960|32.562
1407729980|32.562
1407730000|32.5
1407730020|32.5
1407730040|32.5
1407730060|32.5
1407730080|32.5
1407730100|32.5
1407730120|32.5
1407730140|32.5
1407730161|32.5
1407730181|32.5
1407730201|32.5
1407730221|32.5
1407730241|32.5
1407730261|32.5
1407730282|32.5
1407730302|32.5
1407730322|32.5
1407730342|32.5
1407730362|32.5
1407730382|32.5
1407730402|32.5
1407730422|32.562
1407730442|32.5
1407730462|32.562
1407730483|32.5
1407730503|32.5
1407730523|32.5
1407730543|32.562
1407730563|32.5
1407730583|32.5
1407730603|32.5
1407730623|32.5
1407730644|32.5
1407730664|32.5
1407730684|32.562
1407730704|32.5
1407730724|32.562
1407730744|32.5
1407730764|32.5
1407730784|32.562
1407730805|32.5
1407730825|32.5
1407730845|32.562
1407730865|32.5
1407730885|32.5
1407730905|32.5
1407730926|32.5
1407730946|32.5
1407730966|32.5
1407730986|32.5
1407731006|32.5
1407731026|32.5
1407731046|32.5
1407731066|32.5
1407731086|32.5
1407731106|32.5
1407731126|32.5
1407731146|32.5
1407731167|32.5
1407731187|32.5
1407731207|32.5
1407731227|32.5
1407731247|32.5
1407731267|32.5
1407731287|32.5
1407731307|32.5
1407731327|32.5
1407731347|32.437
1407731368|32.312
1407731388|32.187
1407731408|32.0
1407731428|31.875
1407731448|31.75
1407731468|31.687
1407731489|31.562
1407731509|31.562
1407731529|31.562
1407731549|31.562
1407731569|31.562
1407731589|31.562
1407731609|31.625
1407731629|31.625
1407731649|31.687
1407731669|31.687
1407731689|31.75
1407731709|31.812
1407731730|31.812
1407731750|31.875
1407731770|31.875
1407731790|31.937
1407731810|31.937
1407731830|31.937
1407731850|32.0
1407731870|32.062
1407731890|32.062
1407731910|32.062
1407731930|32.062
1407731950|32.125
1407731971|32.125
1407731991|32.187
1407732011|32.187
1407732032|32.187
1407732052|32.187
1407732072|32.187
1407732092|32.187
1407732112|32.187
1407732132|32.25
1407732152|32.25
1407732172|32.25
1407732193|32.25
1407732213|32.25
1407732233|32.25
1407732253|32.25
1407732273|32.312
1407732293|32.312
1407732313|32.312
1407732333|32.312
1407732353|32.312
1407732373|32.312
1407732393|32.312
1407732414|32.312
1407732434|32.312
1407732454|32.312
1407732474|32.312
1407732494|32.312
1407732514|32.312
1407732534|32.375
1407732554|32.312
1407732574|32.312
1407732594|32.312
1407732615|32.312
1407732635|32.312
1407732655|32.312
1407732675|32.312
1407732695|32.312
1407732716|32.312
1407732736|32.312
1407732756|32.312
1407732776|32.312
1407732796|32.312
1407732816|32.312
1407732836|32.312
1407732856|32.312
1407732876|32.312
1407732896|32.312
1407732916|32.312
1407732936|32.312
1407732957|32.312
1407732977|32.312
1407732997|32.312
1407733017|32.312
1407733037|32.312
1407733057|32.312
1407733077|32.312
1407733097|32.312
1407733117|32.312
1407733137|32.312
1407733157|32.312
1407733178|32.312
1407733198|32.312
1407733218|32.312
1407733238|32.312
1407733259|32.312
1407733279|32.312
1407733299|32.312
1407733319|32.312
1407733339|32.312
1407733359|32.312
1407733379|32.312
1407733399|32.312
1407733419|32.312
1407733439|32.312
1407733459|32.312
1407733479|32.312
1407733500|32.312
1407733520|32.312
1407733540|32.312
1407733560|32.312
1407733580|32.312
1407733600|32.312
1407733620|32.312
1407733640|32.312
1407733660|32.312
1407733680|32.312
1407733700|32.312
1407733720|32.312
1407733741|32.312
1407733761|32.25
1407733781|32.25
1407733801|32.25
1407733822|32.25
1407733842|32.187
1407733862|32.187
1407733882|32.187
1407733902|32.187
1407733922|32.187
1407733942|32.125
1407733962|32.0
1407733982|31.812
1407734003|31.625
1407734023|31.5
1407734043|31.375
1407734063|31.25
1407734083|31.25
1407734103|31.187
1407734123|31.187
1407734143|31.187
1407734163|31.187
1407734183|31.25
1407734203|31.25
1407734223|31.312
1407734243|31.312
1407734264|31.375
1407734284|31.375
1407734304|31.437
1407734324|31.437
1407734344|31.437
1407734364|31.562
1407734384|31.562
