1397550038|0
1397550060|0
1397550083|0
1397550105|0
1397550128|0
1397550150|0
1397550173|0
1397550195|0
1397550218|0
1397550240|0
1397550263|0
1397550285|0
1397550308|0
1397550330|0
1397550353|0
1397550375|0
1397550397|0
1397550420|0
1397550442|0
1397550465|0
1397550487|0
1397550510|0
1397550532|0
1397550555|0
1397550577|0
1397550600|0
1397550622|0
1397550645|0
1397550667|0
1397550690|0
1397550712|0
1397550734|0
1397550757|0
1397550779|0
1397550802|0
1397550824|0
1397550847|0
1397550869|0
1397550892|0
1397550914|0
1397550937|0
1397550959|0
1397550982|0
1397551004|0
1397551027|0
1397551049|0
1397551071|0
1397551094|0
1397551116|0
1397551139|0
1397551161|0
1397551184|0
1397551206|0
1397551229|0
1397551251|0
1397551274|0
1397551296|0
1397551319|0
1397551341|0
1397551364|0
1397551386|0
1397551409|0
1397551431|0
1397551454|0
1397551476|0
1397551498|0
1397551521|0
1397551543|0
1397551566|0
1397551588|0
1397551611|0
1397551633|0
1397551656|0
1397551678|0
1397551701|0
1397551723|0
1397551746|0
1397551768|0
1397551791|0
1397551813|0
1397551835|0
1397551858|0
1397551880|0
1397551903|0
1397551925|0
1397551948|0
1397551970|0
1397551993|0
1397552015|0
1397552038|0
1397552060|0
1397552083|0
1397552105|0
1397552128|0
1397552150|0
1397552172|0
1397552195|0
1397552217|0
1397552240|0
1397552262|0
1397552285|0
1397552307|0
1397552330|0
1397552352|0
1397552375|0
1397552397|0
1397552420|0
1397552442|0
1397552465|0
1397552487|0
1397552509|0
1397552532|0
1397552554|0
1397552577|0
1397552599|0
1397552622|0
1397552644|0
1397552667|0
1397552689|0
1397552712|0
1397552734|0
1397552757|0
1397552779|0
1397552802|0
1397552824|0
1397552846|0
1397552869|0
1397552891|0
1397552914|0
1397552936|0
1397552959|0
1397552981|0
1397553004|0
1397553026|0
1397553049|0
1397553071|0
1397553094|0
1397553116|0
1397553139|0
1397553161|0
1397553183|0
1397553206|0
1397553228|0
1397553251|0
1397553273|0
1397553296|0
1397553318|0
1397553341|0
1397553363|0
1397553386|0
1397553408|0
1397553431|0
1397553453|0
1397553476|0
1397553498|0
1397553521|0
1397553543|0
1397553565|0
1397553588|0
1397553610|0
1397553633|0
1397553655|0
1397553678|0
1397553700|0
1397553723|0
1397553745|0
1397553768|0
1397553790|0
1397553813|0
1397553835|0
1397553858|0
1397553880|0
1397553903|0
1397553925|0
1397553947|0
1397553970|0
1397553992|0
1397554015|0
1397554037|0
1397554060|0
1397554082|0
1397554105|0
1397554127|0
1397554150|0
1397554172|0
1397554195|0
1397554217|0
1397554240|0
1397554262|0
1397554284|0
1397554307|0
1397554329|0
1397554352|0
1397554374|0
1397554397|0
1397554419|0
1397554442|0
1397554464|0
1397554487|0
1397554509|0
1397554532|0
1397554554|0
1397554577|0
1397554599|0
1397554621|0
1397554644|0
1397554666|0
1397554689|0
1397554711|0
1397554734|0
1397554756|0
1397554779|0
1397554801|0
1397554824|0
1397554846|0
1397554869|0
1397554891|0
1397554914|0
1397554936|0
1397554958|0
1397554981|0
1397555003|0
1397555026|0
1397555048|0
1397555071|0
1397555093|0
1397555116|0
1397555138|0
1397555161|0
1397555183|0
1397555206|0
1397555228|0
1397555251|0
1397555273|0
1397555295|0
1397555318|0
1397555340|0
1397555363|0
1397555385|0
1397555408|0
1397555430|0
1397555453|0
1397555475|0
1397555498|0
1397555520|0
1397555543|0
1397555565|0
1397555588|0
1397555610|0
1397555633|0
1397555655|0
1397555677|0
1397555700|0
1397555722|0
1397555745|0
1397555767|0
1397555790|0
1397555812|0
1397555835|0
1397555857|0
1397555880|0
1397555902|0
1397555925|0
1397555947|0
1397555970|0
1397555992|0
1397556014|0
1397556037|0
1397556059|0
1397556082|0
1397556104|0
1397556127|0
1397556149|0
1397556172|0
1397556194|0
1397556217|0
1397556239|0
1397556262|0
1397556284|0
1397556307|0
1397556329|0
1397556351|0
1397556374|0
1397556396|0
1397556419|0
1397556441|0
1397556464|0
1397556486|0
1397556509|0
1397556531|0
1397556554|0
1397556576|0
1397556599|0
1397556621|0
1397556644|0
1397556666|0
1397556688|0
1397556711|0
1397556733|0
1397556756|0
1397556778|0
1397556801|0
1397556823|0
1397556846|0
1397556868|0
1397556891|0
1397556913|0
1397556936|0
1397556958|0
1397556981|0
1397557003|0
1397557025|0
1397557048|0
1397557070|0
1397557093|0
1397557115|0
1397557138|0
1397557160|0
1397557183|0
1397557205|0
1397557228|0
1397557250|0
1397557273|0
1397557295|0
1397557318|0
1397557340|0
1397557363|0
1397557385|0
1397557408|0
1397557430|0
1397557452|0
1397557475|0
1397557497|0
1397557520|0
1397557542|0
1397557565|0
1397557587|0
1397557610|0
1397557632|0
1397557655|0
1397557677|0
1397557700|0
1397557722|0
1397557745|0
1397557767|0
1397557789|0
1397557812|0
1397557834|0
1397557857|0
1397557879|0
1397557902|0
1397557924|0
1397557947|0
1397557969|0
1397557992|0
1397558014|0
1397558037|0
1397558059|0
1397558082|0
1397558104|0
1397558127|0
1397558149|0
1397558172|0
1397558194|0
1397558216|0
1397558239|0
1397558261|0
1397558284|0
1397558306|0
1397558329|0
1397558351|0
1397558374|0
1397558396|0
1397558419|0
1397558441|0
1397558464|0
1397558486|0
1397558509|0
1397558531|0
1397558553|0
1397558576|0
1397558598|0
1397558621|0
1397558643|0
1397558666|0
1397558688|0
1397558711|0
1397558733|0
1397558756|0
1397558778|0
1397558801|0
1397558823|0
1397558846|0
1397558868|0
1397558890|0
1397558913|0
1397558935|0
1397558958|0
1397558980|0
1397559003|0
1397559025|0
1397559048|0
1397559070|0
1397559093|0
1397559115|0
1397559138|0
1397559160|0
1397559183|0
1397559205|0
1397559228|0
1397559250|0
1397559272|0
1397559295|0
1397559317|0
1397559340|0
1397559362|0
1397559385|0
1397559407|0
1397559430|0
1397559452|0
1397559475|0
1397559497|0
1397559520|0
1397559542|0
1397559565|0
1397559587|0
1397559609|0
1397559632|0
1397559654|0
1397559677|0
1397559699|0
1397559722|0
1397559744|0
1397559767|0
1397559789|0
1397559812|0
1397559834|0
1397559857|0
1397559879|0
1397559902|0
1397559924|0
1397559946|0
1397559969|0
1397559991|0
1397560014|0
1397560036|0
1397560059|0
1397560081|0
1397560104|0
1397560126|0
1397560149|0
1397560171|0
1397560194|0
1397560216|0
1397560239|0
1397560261|0
1397560284|0
1397560306|0
1397560328|0
1397560351|0
1397560373|0
1397560396|0
1397560418|0
1397560441|0
1397560463|0
1397560486|0
1397560508|0
1397560531|0
1397560553|0
1397560576|0
1397560598|0
1397560621|0
1397560643|0
1397560666|0
1397560688|0
1397560710|0
1397560733|0
1397560755|0
1397560778|0
1397560800|0
1397560823|0
1397560845|0
1397560868|0
1397560890|0
1397560913|0
1397560935|0
1397560958|0
1397560980|0
1397561003|0
1397561025|0
1397561047|0
1397561070|0
1397561092|0
1397561115|0
1397561137|0
1397561160|0
1397561182|0
1397561205|0
1397561227|0
1397561250|0
1397561272|0
1397561295|0
1397561317|0
1397561340|0
1397561362|0
1397561384|0
1397561407|0
1397561429|0
1397561452|0
1397561474|0
1397561497|0
1397561519|0
1397561542|0
1397561564|0
1397561587|0
1397561609|0
1397561632|0
1397561654|0
1397561677|0
1397561699|0
1397561721|0
1397561744|0
1397561766|0
1397561789|0
1397561811|0
1397561834|0
1397561856|0
1397561879|0
1397561901|0
1397561924|0
1397561946|0
1397561969|0
1397561991|0
1397562014|0
1397562036|0
1397562058|0
1397562081|0
1397562103|0
1397562126|0
1397562148|0
1397562171|0
1397562193|0
1397562216|0
1397562238|0
1397562261|0
1397562283|0
1397562306|0
1397562328|0
1397562351|0
1397562373|0
1397562396|0
1397562418|0
1397562440|0
1397562463|0
1397562485|0
1397562508|0
1397562530|0
1397562553|0
1397562575|0
1397562598|0
1397562620|0
1397562643|0
1397562665|0
1397562688|0
1397562710|0
1397562733|0
1397562755|0
1397562778|0
1397562800|0
1397562822|0
1397562845|0
1397562867|0
1397562890|0
1397562912|0
1397562935|0
1397562957|0
1397562980|0
1397563002|0
1397563025|0
1397563047|0
1397563070|0
1397563092|0
1397563115|0
1397563137|0
1397563159|0
1397563182|0
1397563204|0
1397563227|0
1397563249|0
1397563272|0
1397563294|0
1397563317|0
1397563339|0
1397563362|0
1397563384|0
1397563407|0
1397563429|0
1397563452|0
1397563474|0
1397563496|0
1397563519|0
1397563541|0
1397563564|0
1397563586|0
1397563609|0
1397563631|0
1397563654|0
1397563676|0
1397563699|0
1397563721|0
1397563744|0
1397563766|0
1397563789|0
1397563811|0
1397563833|0
1397563856|0
1397563878|0
1397563901|0
1397563923|0
1397563946|0
1397563968|0
1397563991|0
1397564013|0
1397564036|0
1397564058|0
1397564081|0
1397564103|0
1397564126|0
1397564148|0
1397564171|0
1397564193|0
1397564215|0
1397564238|0
1397564260|0
1397564283|0
1397564305|0
1397564328|0
1397564350|0
1397564373|0
1397564395|0
1397564418|0
1397564440|0
1397564463|0
1397564485|0
1397564508|0
1397564530|0
1397564552|0
1397564575|0
1397564597|0
1397564620|0
1397564642|0
1397564665|0
1397564687|0
1397564710|0
1397564732|0
1397564755|0
1397564777|0
1397564800|0
1397564822|0
1397564845|0
1397564867|0
1397564889|0
1397564912|0
1397564934|0
1397564957|0
1397564979|0
1397565002|0
1397565024|0
1397565047|0
1397565069|0
1397565092|0
1397565114|0
1397565137|0
1397565159|0
1397565182|0
1397565204|0
1397565226|0
1397565249|0
1397565271|0
1397565294|0
1397565316|0
1397565339|0
1397565361|0
1397565384|0
1397565406|0
1397565429|0
1397565451|0
1397565474|0
1397565496|0
1397565519|0
1397565541|0
1397565564|0
1397565586|0
1397565608|0
1397565631|0
1397565653|0
1397565676|0
1397565698|0
1397565721|0
1397565743|0
1397565766|0
1397565788|0
1397565811|0
1397565833|0
1397565856|0
1397565878|0
1397565901|0
1397565923|0
1397565946|0
1397565968|0
1397565990|0
1397566013|0
1397566035|0
1397566058|0
1397566080|0
1397566103|0
1397566125|0
1397566148|0
1397566170|0
1397566193|0
1397566215|0
1397566238|0
1397566260|0
1397566283|0
1397566305|0
1397566327|0
1397566350|0
1397566372|0
1397566395|0
1397566417|0
1397566440|0
1397566462|0
1397566485|0
1397566507|0
1397566530|0
1397566552|0
1397566575|0
1397566597|0
1397566620|0
1397566642|0
1397566664|0
1397566687|0
1397566709|0
1397566732|0
1397566754|0
1397566777|0
1397566799|0
1397566822|0
1397566844|0
1397566867|0
1397566889|0
1397566912|0
1397566934|0
1397566957|0
1397566979|0
1397567001|0
1397567024|0
1397567046|0
1397567069|0
1397567091|0
1397567114|0
1397567136|0
1397567159|0
1397567181|0
1397567204|0
1397567226|0
1397567249|0
1397567271|0
1397567294|0
1397567316|0
1397567339|0
1397567361|0
1397567383|0
1397567406|0
1397567428|0
1397567451|0
1397567473|0
1397567496|0
1397567518|0
1397567541|0
1397567563|0
1397567586|0
1397567608|0
1397567631|0
1397567653|0
1397567676|0
1397567698|0
1397567720|0
1397567743|0
1397567765|0
1397567788|0
1397567810|0
1397567833|0
1397567855|0
1397567878|0
1397567900|0
1397567923|0
1397567945|0
1397567968|0
1397567990|0
1397568013|0
1397568035|0
1397568058|0
1397568080|0
1397568102|0
1397568125|0
1397568147|0
1397568170|0
1397568192|0
1397568215|0
1397568237|0
1397568260|0
1397568282|0
1397568305|0
1397568327|0
1397568350|0
1397568372|0
1397568395|0
1397568417|0
1397568439|0
1397568462|0
1397568484|0
1397568507|0
1397568529|0
1397568552|0
1397568574|0
1397568597|0
1397568619|0
1397568642|0
1397568664|0
1397568687|0
1397568709|0
1397568732|0
1397568754|0
1397568776|0
1397568799|0
1397568821|0
1397568844|0
1397568866|0
1397568889|0
1397568911|0
1397568934|0
1397568956|0
1397568979|0
1397569001|0
1397569024|0
1397569046|0
1397569069|0
1397569091|0
1397569113|0
1397569136|0
1397569158|0
1397569181|0
1397569203|0
1397569226|0
1397569248|0
1397569271|0
1397569293|0
1397569316|0
1397569338|0
1397569361|0
1397569383|0
1397569406|0
1397569428|0
1397569450|0
1397569473|0
1397569495|0
1397569518|0
1397569540|0
1397569563|0
1397569585|0
1397569608|0
1397569630|0
1397569653|0
1397569675|0
1397569698|0
1397569720|0
1397569743|0
1397569765|0
1397569788|0
1397569810|0
1397569832|0
1397569855|0
1397569877|0
1397569900|0
1397569922|0
1397569945|0
1397569967|0
1397569990|0
1397570012|0
1397570035|0
1397570057|0
1397570080|0
1397570102|0
1397570125|0
1397570147|0
1397570169|0
1397570192|0
1397570214|0
1397570237|0
1397570259|0
1397570282|0
1397570304|0
1397570327|0
1397570349|0
1397570372|0
1397570394|0
1397570417|0
1397570439|0
1397570462|0
1397570484|0
1397570506|0
1397570529|0
1397570551|0
1397570575|0
1397570597|0
1397570620|0
1397570642|0
1397570665|0
1397570687|0
1397570709|0
1397570732|0
1397570754|0
1397570777|0
1397570799|0
1397570822|0
1397570844|0
1397570867|0
1397570889|0
1397570912|0
1397570934|0
1397570957|0
1397570979|0
1397571002|0
1397571024|0
1397571046|0
1397571069|0
1397571091|0
1397571114|0
1397571136|0
1397571159|0
1397571181|0
1397571204|0
1397571226|0
1397571249|0
1397571271|0
1397571294|0
1397571316|0
1397571339|0
1397571361|0
1397571384|0
1397571406|0
1397571429|0
1397571451|0
1397571473|0
1397571496|0
1397571518|0
1397571541|0
1397571563|0
1397571586|0
1397571608|0
1397571631|0
1397571653|0
1397571676|0
1397571698|0
1397571721|0
1397571743|0
1397571766|0
1397571788|0
1397571810|0
1397571833|0
1397571855|0
1397571878|0
1397571900|0
1397571923|0
1397571945|0
1397571968|0
1397571990|0
1397572013|0
1397572035|0
1397572058|0
1397572080|0
1397572103|0
1397572125|0
1397572148|0
1397572170|0
1397572192|0
1397572215|0
1397572237|0
1397572260|0
1397572282|0
1397572305|0
1397572327|0
1397572350|0
1397572372|0
1397572395|0
1397572417|0
1397572440|0
1397572462|0
1397572485|0
1397572507|0
1397572530|0
1397572552|0
1397572574|0
1397572597|0
1397572619|0
1397572642|0
1397572664|0
1397572687|0
1397572709|0
1397572732|0
1397572754|0
1397572777|0
1397572799|0
1397572822|0
1397572844|0
1397572867|0
1397572889|0
1397572911|0
1397572934|0
1397572956|0
1397572979|0
1397573001|0
1397573024|0
1397573046|0
1397573069|0
1397573091|0
1397573114|0
1397573136|0
1397573159|0
1397573181|0
1397573204|0
1397573226|0
1397573248|0
1397573271|0
1397573293|0
1397573316|0
1397573338|0
1397573361|0
1397573383|0
1397573406|0
1397573428|0
1397573451|0
1397573473|0
1397573496|0
1397573518|0
1397573541|0
1397573563|0
1397573586|0
1397573608|0
1397573630|0
1397573653|0
1397573675|0
1397573698|0
1397573720|0
1397573743|0
1397573765|0
1397573788|0
1397573810|0
1397573833|0
1397573855|0
1397573878|0
1397573900|0
1397573923|0
1397573945|0
1397573967|0
1397573990|0
1397574012|0
1397574035|0
1397574057|0
1397574080|0
1397574102|0
1397574125|0
1397574147|0
1397574170|0
1397574192|0
1397574215|0
1397574237|0
1397574260|0
1397574282|0
1397574304|0
1397574327|0
1397574349|0
1397574372|0
1397574394|0
1397574417|0
1397574439|0
1397574462|0
1397574484|0
1397574507|0
1397574529|0
1397574552|0
1397574574|0
1397574597|0
1397574619|0
1397574641|0
1397574664|0
1397574686|0
1397574709|0
1397574731|0
1397574754|0
1397574776|0
1397574799|0
1397574821|0
1397574844|0
1397574866|0
1397574889|0
1397574911|0
1397574934|0
1397574956|0
1397574979|0
1397575001|0
1397575023|0
1397575046|0
1397575068|0
1397575091|0
1397575113|0
1397575136|0
1397575158|0
1397575181|0
1397575203|0
1397575226|0
1397575248|0
1397575271|0
1397575293|0
1397575316|0
1397575338|0
1397575361|0
1397575383|0
1397575405|0
1397575428|0
1397575450|0
1397575473|0
1397575495|0
1397575518|0
1397575540|0
1397575563|0
1397575585|0
1397575608|0
1397575630|0
1397575653|0
1397575675|0
1397575698|0
1397575720|0
1397575742|0
1397575765|0
1397575787|0
1397575810|0
1397575832|0
1397575855|0
1397575877|0
1397575900|0
1397575922|0
1397575945|0
1397575967|0
1397575990|0
1397576012|0
1397576035|0
1397576057|0
1397576079|0
1397576102|0
1397576124|0
1397576147|0
1397576169|0
1397576192|0
1397576214|0
1397576237|0
1397576259|0
1397576282|0
1397576304|0
1397576327|0
1397576349|0
1397576372|0
1397576394|0
1397576417|0
1397576439|0
1397576462|0
1397576484|0
1397576506|0
1397576529|0
1397576551|0
1397576574|0
1397576596|0
1397576619|0
1397576641|0
1397576664|0
1397576686|0
1397576709|0
1397576731|0
1397576754|0
1397576776|0
1397576799|0
1397576821|0
1397576843|0
1397576866|0
1397576888|0
1397576911|0
1397576933|0
1397576956|0
1397576978|0
1397577001|0
1397577023|0
1397577046|0
1397577068|0
1397577091|0
1397577113|0
1397577136|0
1397577158|0
1397577180|0
1397577203|0
1397577225|0
1397577248|0
1397577270|0
1397577293|0
1397577315|0
1397577338|0
1397577360|0
1397577383|0
1397577405|0
1397577428|0
1397577450|0
1397577473|0
1397577495|0
1397577517|0
1397577540|0
1397577562|0
1397577585|0
1397577607|0
1397577630|0
1397577652|0
1397577675|0
1397577697|0
1397577720|0
1397577742|0
1397577765|0
1397577787|0
1397577810|0
1397577832|0
1397577854|0
1397577877|0
1397577899|0
1397577922|0
1397577944|0
1397577967|0
1397577989|0
1397578012|0
1397578034|0
1397578057|0
1397578079|0
1397578102|0
1397578124|0
1397578147|0
1397578169|0
1397578192|0
1397578214|0
1397578236|0
1397578259|0
1397578281|0
1397578304|0
1397578326|0
1397578349|0
1397578371|0
1397578394|0
1397578416|0
1397578439|0
1397578461|0
1397578484|0
1397578506|0
1397578529|0
1397578551|0
1397578573|0
1397578596|0
1397578618|0
1397578641|0
1397578663|0
1397578686|0
1397578708|0
1397578731|0
1397578753|0
1397578776|0
1397578798|0
1397578821|0
1397578843|0
1397578866|0
1397578888|0
1397578910|0
1397578933|0
1397578955|0
1397578978|0
1397579000|0
1397579023|0
1397579045|0
1397579068|0
1397579090|0
1397579113|0
1397579135|0
1397579158|0
1397579180|0
1397579203|0
1397579225|0
1397579247|0
1397579270|0
1397579292|0
1397579315|0
1397579337|0
1397579360|0
1397579382|0
1397579405|0
1397579427|0
1397579450|0
1397579472|0
1397579495|0
1397579517|0
1397579540|0
1397579562|0
1397579584|0
1397579607|0
1397579629|0
1397579652|0
1397579674|0
1397579697|0
1397579719|0
1397579742|0
1397579764|0
1397579787|0
1397579809|0
1397579832|0
1397579854|0
1397579877|0
1397579899|0
1397579921|0
1397579944|0
1397579966|0
1397579989|0
1397580011|0
1397580034|0
1397580056|0
1397580079|0
1397580101|0
1397580124|0
1397580146|0
1397580169|0
1397580191|0
1397580214|0
1397580236|0
1397580259|0
1397580281|0
1397580304|0
1397580326|0
1397580348|0
1397580371|0
1397580393|0
1397580416|0
1397580438|0
1397580461|0
1397580483|0
1397580506|0
1397580528|0
1397580551|0
1397580573|0
1397580596|0
1397580618|0
1397580641|0
1397580663|0
1397580685|0
1397580708|0
1397580730|0
1397580753|0
1397580775|0
1397580798|0
1397580820|0
1397580843|0
1397580865|0
1397580888|0
1397580910|0
1397580933|0
1397580955|0
1397580978|0
1397581000|0
1397581022|0
1397581045|0
1397581067|0
1397581090|0
1397581112|0
1397581135|0
1397581157|0
1397581180|0
1397581202|0
1397581225|0
1397581247|0
1397581270|0
1397581292|0
1397581315|0
1397581337|0
1397581359|0
1397581382|0
1397581404|0
1397581427|0
1397581449|0
1397581472|0
1397581494|0
1397581517|0
1397581539|0
1397581562|0
1397581584|0
1397581607|0
1397581629|0
1397581652|0
1397581674|0
1397581697|0
1397581719|0
1397581742|0
1397581764|0
1397581786|0
1397581809|0
1397581831|0
1397581854|0
1397581876|0
1397581899|0
1397581921|0
1397581944|0
1397581966|0
1397581989|0
1397582011|0
1397582034|0
1397582056|0
1397582079|0
1397582101|0
1397582123|0
1397582146|0
1397582168|0
1397582191|0
1397582213|0
1397582236|0
1397582258|0
1397582281|0
1397582303|0
1397582326|0
1397582348|0
1397582371|0
1397582393|0
1397582416|0
1397582438|0
1397582460|0
1397582483|0
1397582505|0
1397582528|0
1397582550|0
1397582573|0
1397582595|0
1397582618|0
1397582640|0
1397582663|0
1397582685|0
1397582708|0
1397582730|0
1397582753|0
1397582775|0
1397582797|0
1397582820|0
1397582842|0
1397582865|0
1397582887|0
1397582910|0
1397582932|0
1397582955|0
1397582977|0
1397583000|0
1397583022|0
1397583045|0
1397583067|0
1397583090|0
1397583112|0
1397583135|0
1397583157|0
1397583179|0
1397583202|0
1397583224|0
1397583247|0
1397583269|0
1397583292|0
1397583314|0
1397583337|0
1397583359|0
1397583382|0
1397583404|0
1397583427|0
1397583449|0
1397583472|0
1397583494|0
1397583516|0
1397583539|0
1397583561|0
1397583584|0
1397583606|0
1397583629|0
1397583651|0
1397583674|0
1397583696|0
1397583719|0
1397583741|0
1397583764|0
1397583786|0
1397583809|0
1397583831|0
1397583853|0
1397583876|0
1397583898|0
1397583921|0
1397583943|0
1397583966|0
1397583988|0
