1401647297|0
1401647319|0
1401647342|0
1401647362|0
1401647385|0
1401647407|0
1401647430|0
1401647452|0
1401647475|0
1401647497|0
1401647520|0
1401647542|0
1401647565|0
1401647587|0
1401647609|0
1401647632|0
1401647654|0
1401647677|0
1401647699|0
1401647722|0
1401647745|0
1401647767|0
1401647790|0
1401647812|0
1401647834|0
1401647857|0
1401647879|0
1401647902|0
1401647924|0
1401647947|0
1401647969|0
1401647992|0
1401648014|0
1401648037|0
1401648059|0
1401648082|0
1401648104|0
1401648127|0
1401648149|0
1401648172|0
1401648194|0
1401648217|0
1401648239|0
1401648261|0
1401648284|0
1401648306|0
1401648329|0
1401648351|0
1401648374|0
1401648396|0
1401648419|0
1401648441|0
1401648464|0
1401648486|0
1401648509|0
1401648531|0
1401648554|0
1401648576|0
1401648598|0
1401648621|0
1401648643|0
1401648666|0
1401648688|0
1401648711|0
1401648733|0
1401648756|0
1401648778|0
1401648801|0
1401648823|0
1401648846|0
1401648868|0
1401648891|0
1401648913|0
1401648935|0
1401648958|0
1401648980|0
1401649003|0
1401649025|0
1401649048|0
1401649070|0
1401649093|0
1401649115|0
1401649138|0
1401649160|0
1401649183|0
1401649205|0
1401649228|0
1401649250|0
1401649272|0
1401649295|0
1401649317|0
1401649340|0
1401649362|0
1401649385|0
1401649407|0
1401649430|0
1401649452|0
1401649475|0
1401649497|0
1401649520|0
1401649542|0
1401649565|0
1401649587|0
1401649610|0
1401649632|0
1401649654|0
1401649677|0
1401649699|0
1401649722|0
1401649744|0
1401649767|0
1401649789|0
1401649812|0
1401649834|0
1401649857|0
1401649879|0
1401649902|0
1401649924|0
1401649947|0
1401649969|0
1401649992|0
1401650014|0
1401650036|0
1401650059|0
1401650081|0
1401650104|0
1401650126|0
1401650149|0
1401650171|0
1401650194|0
1401650216|0
1401650239|0
1401650261|0
1401650284|0
1401650306|0
1401650329|0
1401650351|0
1401650373|0
1401650396|0
1401650418|0
1401650441|0
1401650463|0
1401650486|0
1401650508|0
1401650531|0
1401650553|0
1401650576|0
1401650598|0
1401650621|0
1401650643|0
1401650666|0
1401650688|0
1401650710|0
1401650733|0
1401650755|0
1401650778|0
1401650800|0
1401650823|0
1401650845|0
1401650868|0
1401650890|0
1401650913|0
1401650935|0
1401650958|0
1401650980|0
1401651003|0
1401651025|0
1401651047|0
1401651070|0
1401651092|0
1401651115|0
1401651137|0
1401651160|0
1401651182|0
1401651205|0
1401651227|0
1401651250|0
1401651272|0
1401651295|0
1401651317|0
1401651340|0
1401651362|0
1401651385|0
1401651407|0
1401651429|0
1401651452|0
1401651474|0
1401651497|0
1401651519|0
1401651542|0
1401651564|0
1401651587|0
1401651609|0
1401651632|0
1401651654|0
1401651677|0
1401651699|0
1401651722|0
1401651744|0
1401651766|0
1401651789|0
1401651811|0
1401651834|0
1401651856|0
1401651879|0
1401651901|0
1401651924|0
1401651946|0
1401651969|0
1401651991|0
1401652014|0
1401652036|0
1401652059|0
1401652081|0
1401652104|0
1401652126|0
1401652149|0
1401652171|0
1401652193|0
1401652216|0
1401652238|0
1401652261|0
1401652283|0
1401652306|0
1401652328|0
1401652351|0
1401652373|0
1401652396|0
1401652418|0
1401652441|0
1401652463|0
1401652486|0
1401652508|0
1401652530|0
1401652553|0
1401652575|0
1401652598|0
1401652620|0
1401652643|0
1401652665|0
1401652688|0
1401652710|0
1401652733|0
1401652755|0
1401652778|0
1401652800|0
1401652823|0
1401652845|0
1401652867|0
1401652890|0
1401652912|0
1401652935|0
1401652957|0
1401652980|0
1401653002|0
1401653025|0
1401653047|0
1401653070|0
1401653092|0
1401653115|0
1401653137|0
1401653160|0
1401653182|0
1401653204|0
1401653227|0
1401653249|0
1401653272|0
1401653294|0
1401653317|0
1401653339|0
1401653362|0
1401653384|0
1401653407|0
1401653429|0
1401653452|0
1401653474|0
1401653497|0
1401653519|0
1401653541|0
1401653564|0
1401653586|0
1401653609|0
1401653631|0
1401653654|0
1401653676|0
1401653699|0
1401653721|0
1401653744|0
1401653766|0
1401653789|0
1401653811|0
1401653834|0
1401653856|0
1401653879|0
1401653901|0
1401653924|0
1401653946|0
1401653968|0
1401653991|0
1401654013|0
1401654036|0
1401654058|0
1401654081|0
1401654103|0
1401654126|0
1401654148|0
1401654171|0
1401654193|0
1401654216|0
1401654238|0
1401654261|0
1401654283|0
1401654305|0
1401654328|0
1401654350|0
1401654373|0
1401654395|0
1401654418|0
1401654440|0
1401654463|0
1401654485|0
1401654508|0
1401654530|0
1401654553|0
1401654575|0
1401654598|0
1401654620|0
1401654642|0
1401654665|0
1401654687|0
1401654710|0
1401654732|0
1401654755|0
1401654777|0
1401654800|0
1401654822|0
1401654845|0
1401654867|0
1401654890|0
1401654912|0
1401654935|0
1401654957|0
1401654979|0
1401655002|0
1401655024|0
1401655047|0
1401655069|0
1401655092|0
1401655114|0
1401655137|0
1401655159|0
1401655182|0
1401655204|0
1401655227|0
1401655249|0
1401655272|0
1401655294|0
1401655317|0
1401655339|0
1401655361|0
1401655384|0
1401655406|0
1401655429|0
1401655451|0
1401655474|0
1401655496|0
1401655519|0
1401655541|0
1401655564|0
1401655586|0
1401655609|0
1401655631|0
1401655654|0
1401655676|0
1401655698|0
1401655721|0
1401655743|0
1401655766|0
1401655788|0
1401655811|0
1401655833|0
1401655856|0
1401655878|0
1401655901|0
1401655923|0
1401655946|0
1401655968|0
1401655991|0
1401656013|0
1401656035|0
1401656058|0
1401656080|0
1401656103|0
1401656125|0
1401656148|0
1401656170|0
1401656193|0
1401656215|0
1401656238|0
1401656260|0
1401656283|0
1401656305|0
1401656328|0
1401656350|0
1401656373|0
1401656395|0
1401656418|0
1401656440|0
1401656462|0
1401656485|0
1401656507|0
1401656530|0
1401656552|0
1401656575|0
1401656597|0
1401656620|0
1401656642|0
1401656665|0
1401656687|0
1401656710|0
1401656732|0
1401656755|0
1401656777|0
1401656799|0
1401656822|0
1401656844|0
1401656867|0
1401656889|0
1401656912|0
1401656934|0
1401656957|0
1401656979|0
1401657002|0
1401657024|0
1401657047|0
1401657069|0
1401657092|0
1401657114|0
1401657136|0
1401657159|0
1401657181|0
1401657204|0
1401657226|0
1401657249|0
1401657271|0
1401657294|0
1401657316|0
1401657339|0
1401657361|0
1401657384|0
1401657406|0
1401657429|0
1401657451|0
1401657474|0
1401657496|0
1401657519|0
1401657541|0
1401657563|0
1401657586|0
1401657608|0
1401657631|0
1401657653|0
1401657676|0
1401657698|0
1401657721|0
1401657743|0
1401657766|0
1401657788|0
1401657811|0
1401657833|0
1401657856|0
1401657878|0
1401657900|0
1401657923|0
1401657945|0
1401657968|0
1401657990|0
1401658013|0
1401658035|0
1401658058|0
1401658080|0
1401658103|0
1401658125|0
1401658148|0
1401658170|0
1401658193|0
1401658215|0
1401658238|0
1401658260|0
1401658282|0
1401658305|0
1401658327|0
1401658350|0
1401658372|0
1401658395|0
1401658417|0
1401658440|0
1401658462|0
1401658485|0
1401658507|0
1401658530|0
1401658552|0
1401658575|0
1401658597|0
1401658619|0
1401658642|0
1401658664|0
1401658687|0
1401658709|0
1401658732|0
1401658754|0
1401658777|0
1401658799|0
1401658822|0
1401658844|0
1401658867|0
1401658889|0
1401658912|0
1401658934|0
1401658956|0
1401658979|0
1401659001|0
1401659024|0
1401659046|0
1401659069|0
1401659091|0
1401659114|0
1401659136|0
1401659159|0
1401659181|0
1401659204|0
1401659226|0
1401659249|0
1401659271|0
1401659293|0
1401659316|0
1401659338|0
1401659361|0
1401659383|0
1401659406|0
1401659428|0
1401659451|0
1401659473|0
1401659496|0
1401659518|0
1401659541|0
1401659563|0
1401659586|0
1401659608|0
1401659630|0
1401659653|0
1401659675|0
1401659698|0
1401659720|0
1401659743|0
1401659765|0
1401659788|0
1401659810|0
1401659833|0
1401659855|0
1401659878|0
1401659900|0
1401659923|0
1401659945|0
1401659968|0
1401659990|0
1401660013|0
1401660035|0
1401660057|0
1401660080|0
1401660102|0
1401660125|0
1401660147|0
1401660170|0
1401660192|0
1401660215|0
1401660237|0
1401660260|0
1401660282|0
1401660305|0
1401660327|0
1401660350|0
1401660372|0
1401660394|0
1401660417|0
1401660439|0
1401660462|0
1401660484|0
1401660507|0
1401660529|0
1401660552|0
1401660574|0
1401660597|0
1401660619|0
1401660642|0
1401660664|0
1401660687|0
1401660709|0
1401660731|0
1401660754|0
1401660776|0
1401660799|0
1401660821|0
1401660844|0
1401660866|0
1401660889|0
1401660911|0
1401660934|0
1401660956|0
1401660979|0
1401661001|0
1401661024|0
1401661046|0
1401661069|0
1401661091|0
1401661114|0
1401661136|0
1401661158|0
1401661181|0
1401661203|0
1401661226|0
1401661248|0
1401661271|0
1401661293|0
1401661316|0
1401661338|0
1401661361|0
1401661383|0
1401661406|0
1401661428|0
1401661451|0
1401661473|0
1401661495|0
1401661518|0
1401661540|0
1401661563|0
1401661585|0
1401661608|0
1401661630|0
1401661653|0
1401661675|0
1401661698|0
1401661720|0
1401661743|0
1401661765|0
1401661788|0
1401661810|0
1401661833|0
1401661855|0
1401661878|0
1401661900|0
1401661923|0
1401661945|0
1401661967|0
1401661990|0
1401662012|0
1401662035|0
1401662057|0
1401662080|0
1401662102|0
1401662125|0
1401662147|0
1401662170|0
1401662192|0
1401662215|0
1401662237|0
1401662260|0
1401662282|0
1401662304|0
1401662327|0
1401662349|0
1401662372|0
1401662394|0
1401662417|0
1401662439|0
1401662462|0
1401662484|0
1401662507|0
1401662529|0
1401662552|0
1401662574|0
1401662597|0
1401662619|0
1401662641|0
1401662664|0
1401662686|0
1401662709|0
1401662731|0
1401662754|0
1401662776|0
1401662799|0
1401662821|0
1401662844|0
1401662866|0
1401662889|0
1401662911|0
1401662934|0
1401662956|0
1401662979|0
1401663001|0
1401663023|0
1401663046|0
1401663068|0
1401663091|0
1401663113|0
1401663136|0
1401663158|0
1401663181|0
1401663203|0
1401663226|0
1401663248|0
1401663271|0
1401663293|0
1401663316|0
1401663338|0
1401663361|0
1401663383|0
1401663405|0
1401663428|0
1401663450|0
1401663473|0
1401663495|0
1401663518|0
1401663540|0
1401663563|0
1401663585|0
1401663608|0
1401663630|0
1401663653|0
1401663675|0
1401663698|0
1401663720|0
1401663742|0
1401663765|0
1401663787|0
1401663810|0
1401663832|0
1401663855|0
1401663877|0
1401663900|0
1401663922|0
1401663945|0
1401663967|0
1401663990|0
1401664012|0
1401664035|0
1401664057|0
1401664079|0
1401664102|0
1401664124|0
1401664147|0
1401664169|0
1401664192|0
1401664214|0
1401664237|0
1401664259|0
1401664282|0
1401664304|0
1401664327|0
1401664349|0
1401664372|0
1401664394|0
1401664416|0
1401664439|0
1401664461|0
1401664484|0
1401664506|0
1401664529|0
1401664551|0
1401664574|0
1401664596|0
1401664619|0
1401664641|0
1401664664|0
1401664686|0
1401664709|0
1401664731|0
1401664753|0
1401664776|0
1401664798|0
1401664821|0
1401664843|0
1401664866|0
1401664888|0
1401664911|0
1401664933|0
1401664956|0
1401664978|0
1401665001|0
1401665023|0
1401665046|0
1401665068|0
1401665091|0
1401665113|0
1401665135|0
1401665158|0
1401665180|0
1401665203|0
1401665225|0
1401665248|0
1401665270|0
1401665293|0
1401665315|0
1401665338|0
1401665360|0
1401665383|0
1401665405|0
1401665428|0
1401665450|0
1401665473|0
1401665495|0
1401665517|0
1401665540|0
1401665562|0
1401665585|0
1401665607|0
1401665630|0
1401665652|0
1401665675|0
1401665697|0
1401665720|0
1401665742|0
1401665765|0
1401665787|0
1401665810|0
1401665832|0
1401665854|0
1401665877|0
1401665899|0
1401665922|0
1401665944|0
1401665967|0
1401665989|0
1401666012|0
1401666034|0
1401666057|0
1401666079|0
1401666102|0
1401666124|0
1401666147|0
1401666169|0
1401666191|0
1401666214|0
1401666236|0
1401666259|0
1401666281|0
1401666304|0
1401666326|0
1401666349|0
1401666371|0
1401666394|0
1401666416|0
1401666439|0
1401666461|0
1401666484|0
1401666506|0
1401666528|0
1401666551|0
1401666573|0
1401666596|0
1401666618|0
1401666641|0
1401666663|0
1401666686|0
1401666708|0
1401666731|0
1401666753|0
1401666776|0
1401666798|0
1401666821|0
1401666843|0
1401666865|0
1401666888|0
1401666910|0
1401666933|0
1401666955|0
1401666978|0
1401667000|0
1401667023|0
1401667045|0
1401667068|0
1401667090|0
1401667113|0
1401667135|0
1401667158|0
1401667180|0
1401667203|0
1401667225|0
1401667247|0
1401667270|0
1401667292|0
1401667315|0
1401667337|0
1401667360|0
1401667382|0
1401667405|0
1401667427|0
1401667450|0
1401667472|0
1401667495|0
1401667517|0
1401667540|0
1401667562|0
1401667584|0
1401667607|0
1401667629|0
1401667652|0
1401667674|0
1401667697|0
1401667719|0
1401667742|0
1401667764|0
1401667787|0
1401667809|0
1401667832|0
1401667854|0
1401667877|0
1401667899|0
1401667921|0
1401667944|0
1401667966|0
1401667989|0
1401668011|0
1401668034|0
1401668056|0
1401668079|0
1401668101|0
1401668124|0
1401668146|0
1401668169|0
1401668191|0
1401668214|0
1401668236|0
1401668258|0
1401668281|0
1401668303|0
1401668326|0
1401668348|0
1401668371|0
1401668393|0
1401668416|0
1401668438|0
1401668461|0
1401668483|0
1401668506|0
1401668528|0
1401668551|0
1401668573|0
1401668595|0
1401668618|0
1401668640|0
1401668663|0
1401668685|0
1401668708|0
1401668730|0
1401668753|0
1401668775|0
1401668798|0
1401668820|0
1401668843|0
1401668865|0
1401668888|0
1401668910|0
1401668932|0
1401668955|0
1401668977|0
1401669000|0
1401669022|0
1401669045|0
1401669067|0
1401669090|0
1401669112|0
1401669135|0
1401669157|0
1401669180|0
1401669202|0
1401669225|0
1401669247|0
1401669270|0
1401669292|0
1401669315|0
1401669337|0
1401669359|0
1401669382|0
1401669404|0
1401669427|0
1401669449|0
1401669472|0
1401669494|0
1401669517|0
1401669539|0
1401669562|0
1401669584|0
1401669607|0
1401669629|0
1401669652|0
1401669674|0
1401669696|0
1401669719|0
1401669741|0
1401669764|0
1401669786|0
1401669809|0
1401669831|0
1401669854|0
1401669876|0
1401669899|0
1401669921|0
1401669944|0
1401669966|0
1401669989|0
1401670011|0
1401670033|0
1401670056|0
1401670078|0
1401670101|0
1401670123|0
1401670146|0
1401670168|0
1401670191|0
1401670213|0
1401670236|0
1401670258|0
1401670281|0
1401670303|0
1401670326|0
1401670348|0
1401670370|0
1401670393|0
1401670415|0
1401670438|0
1401670460|0
1401670483|0
1401670505|0
1401670528|0
1401670550|0
1401670573|0
1401670595|0
1401670618|0
1401670640|0
1401670663|0
1401670685|0
1401670707|0
1401670730|0
1401670752|0
1401670775|0
1401670797|0
1401670820|0
1401670842|0
1401670865|0
1401670887|0
1401670910|0
1401670932|0
1401670955|0
1401670977|0
1401671000|0
1401671022|0
1401671044|0
1401671067|0
1401671090|0
1401671113|0
1401671135|0
1401671158|0
1401671180|0
1401671203|0
1401671225|0
1401671248|0
1401671270|0
1401671292|0
1401671315|0
1401671337|0
1401671360|0
1401671382|0
1401671405|0
1401671427|0
1401671450|0
1401671472|0
1401671495|0
1401671517|0
1401671540|0
1401671562|0
1401671585|0
1401671607|0
1401671629|0
1401671652|0
1401671674|0
1401671697|0
1401671719|0
1401671742|0
1401671764|0
1401671787|0
1401671809|0
1401671832|0
1401671854|0
1401671877|0
1401671899|0
1401671922|0
1401671944|0
1401671966|0
1401671989|0
1401672011|0
1401672034|0
1401672056|0
1401672079|0
1401672101|0
1401672124|0
1401672146|0
1401672169|0
1401672191|0
1401672214|0
1401672236|0
1401672259|0
1401672281|0
1401672304|0
1401672326|0
1401672349|0
1401672371|0
1401672393|0
1401672416|0
1401672438|0
1401672461|0
1401672483|0
1401672506|0
1401672528|0
1401672551|0
1401672573|0
1401672596|0
1401672618|0
1401672641|0
1401672663|0
1401672686|0
1401672708|0
1401672730|0
1401672753|0
1401672775|0
1401672798|0
1401672820|0
1401672843|0
1401672865|0
1401672888|0
1401672910|0
1401672933|0
1401672955|0
1401672978|0
1401673000|0
1401673023|0
1401673045|0
1401673067|0
1401673090|0
1401673112|0
1401673135|0
1401673157|0
1401673180|0
1401673202|0
1401673225|0
1401673247|0
1401673270|0
1401673292|0
1401673315|0
1401673337|0
1401673360|0
1401673382|0
1401673404|0
1401673427|0
1401673449|0
1401673472|0
1401673494|0
1401673517|0
1401673539|0
1401673562|0
1401673584|0
1401673607|0
1401673629|0
1401673652|0
1401673674|0
1401673697|0
1401673719|0
1401673741|0
1401673764|0
1401673786|0
1401673809|0
1401673831|0
1401673854|0
1401673876|0
1401673899|0
1401673921|0
1401673944|0
1401673966|0
1401673989|0
1401674011|0
1401674034|0
1401674056|0
1401674078|0
1401674101|0
1401674123|0
1401674146|0
1401674168|0
1401674191|0
1401674213|0
1401674236|0
1401674258|0
1401674281|0
1401674303|0
1401674326|0
1401674348|0
1401674371|0
1401674393|0
1401674416|0
1401674438|0
1401674461|0
1401674483|0
1401674505|0
1401674528|0
1401674550|0
1401674573|0
1401674595|0
1401674618|0
1401674640|0
1401674663|0
1401674685|0
1401674708|0
1401674730|0
1401674753|0
1401674775|0
1401674798|0
1401674820|0
1401674842|0
1401674865|0
1401674887|0
1401674910|0
1401674932|0
1401674955|0
1401674977|0
1401675000|0
1401675022|0
1401675045|0
1401675067|0
1401675090|0
1401675112|0
1401675135|0
1401675157|0
1401675179|0
1401675202|0
1401675224|0
1401675247|0
1401675269|0
1401675292|0
1401675314|0
1401675337|0
1401675359|0
1401675382|0
1401675404|0
1401675427|0
1401675449|0
1401675472|0
1401675494|0
1401675517|0
1401675539|0
1401675561|0
1401675584|0
1401675606|0
1401675629|0
1401675651|0
1401675674|0
1401675696|0
1401675719|0
1401675741|0
1401675764|0
1401675786|0
1401675809|0
1401675831|0
1401675854|0
1401675876|0
1401675898|0
1401675921|0
1401675943|0
1401675966|0
1401675988|0
1401676011|0
1401676033|0
1401676056|0
1401676078|0
1401676101|0
1401676123|0
1401676146|0
1401676169|0
1401676191|0
1401676214|0
1401676236|0
1401676259|0
1401676281|0
1401676304|0
1401676326|0
1401676349|0
1401676371|0
1401676393|0
1401676416|0
1401676438|0
1401676461|0
1401676483|0
1401676506|0
1401676528|0
1401676551|0
1401676573|0
1401676596|0
1401676618|0
1401676641|0
1401676663|0
1401676686|0
1401676708|0
1401676730|0
1401676753|0
1401676775|0
1401676798|0
1401676820|0
1401676843|0
1401676865|0
1401676888|0
1401676910|0
1401676933|0
1401676955|0
1401676978|0
1401677000|0
1401677023|0
1401677045|0
1401677068|0
1401677090|0
1401677112|0
1401677135|0
1401677157|0
1401677180|0
1401677202|0
1401677225|0
1401677247|0
1401677270|0
1401677292|0
1401677315|0
1401677337|0
1401677360|0
1401677382|0
1401677405|0
1401677427|0
1401677449|0
1401677472|0
1401677494|0
1401677517|0
1401677539|0
1401677562|0
1401677584|0
1401677607|0
1401677629|0
1401677652|0
1401677674|0
1401677697|0
1401677719|0
1401677742|0
1401677764|0
1401677786|0
1401677809|0
1401677831|0
1401677854|0
1401677876|0
1401677899|0
1401677921|0
1401677944|0
1401677966|0
1401677989|0
1401678011|0
1401678034|0
1401678056|0
1401678079|0
1401678101|0
1401678123|0
1401678146|0
1401678168|0
1401678191|0
1401678213|0
1401678236|0
1401678258|0
1401678281|0
1401678303|0
1401678326|0
1401678348|0
1401678371|0
1401678393|0
1401678416|0
1401678438|0
1401678461|0
1401678483|0
1401678506|0
1401678528|0
1401678550|0
1401678573|0
1401678595|0
1401678618|0
1401678640|0
1401678663|0
1401678685|0
1401678708|0
1401678730|0
1401678753|0
1401678775|0
1401678798|0
1401678820|0
1401678843|0
1401678865|0
1401678887|0
1401678910|0
1401678932|0
1401678955|0
1401678977|0
1401679000|0
1401679022|0
1401679045|0
1401679067|0
1401679090|0
1401679112|0
1401679135|0
1401679157|0
1401679180|0
1401679202|0
1401679224|0
1401679247|0
1401679269|0
1401679292|0
1401679314|0
1401679337|0
1401679359|0
1401679382|0
1401679404|0
1401679427|0
1401679449|0
1401679472|0
1401679494|0
1401679517|0
1401679539|0
1401679561|0
1401679584|0
1401679606|0
1401679629|0
1401679651|0
1401679674|0
1401679696|0
1401679719|0
1401679741|0
1401679764|0
1401679786|0
1401679809|0
1401679831|0
1401679854|0
1401679876|0
1401679899|0
1401679921|0
1401679944|0
1401679966|0
1401679988|0
1401680011|0
1401680033|0
1401680056|0
1401680078|0
1401680101|0
1401680123|0
1401680146|0
1401680168|0
1401680191|0
1401680213|0
1401680236|0
1401680258|0
1401680281|0
1401680303|0
1401680325|0
1401680348|0
1401680370|0
1401680393|0
1401680415|0
1401680438|0
1401680460|0
1401680483|0
1401680505|0
1401680528|0
1401680550|0
1401680573|0
1401680595|0
1401680618|0
1401680640|0
1401680662|0
1401680685|0
1401680707|0
1401680730|0
1401680752|0
1401680775|0
1401680797|0
1401680820|0
1401680842|0
1401680865|0
1401680887|0
1401680910|0
1401680932|0
1401680955|0
1401680977|0
1401680999|0
1401681022|0
1401681044|0
1401681067|0
1401681089|0
1401681112|0
1401681134|0
1401681157|0
1401681179|0
1401681202|0
1401681224|0
1401681247|0
1401681269|0
1401681292|0
1401681314|0
1401681337|0
1401681359|0
1401681381|0
1401681404|0
1401681426|0
1401681449|0
1401681471|0
1401681494|0
1401681516|0
1401681539|0
1401681561|0
1401681584|0
1401681606|0
1401681629|0
1401681651|0
1401681674|0
1401681696|0
1401681718|0
1401681741|0
1401681764|0
1401681786|0
1401681808|0
1401681831|0
1401681853|0
1401681876|0
1401681898|0
1401681921|0
1401681943|0
1401681966|0
1401681988|0
1401682011|0
1401682033|0
1401682056|0
1401682078|0
1401682101|0
1401682123|0
1401682145|0
1401682168|0
1401682190|0
1401682213|0
1401682235|0
1401682258|0
1401682280|0
1401682303|0
1401682325|0
1401682348|0
1401682370|0
1401682393|0
1401682415|0
1401682438|0
1401682460|0
1401682482|0
1401682505|0
1401682527|0
1401682550|0
1401682572|0
1401682595|0
1401682617|0
1401682640|0
1401682662|0
1401682685|0
1401682707|0
1401682730|0
1401682752|0
1401682775|0
1401682797|0
1401682820|0
1401682842|0
1401682864|0
1401682887|0
1401682909|0
1401682932|0
1401682954|0
1401682977|0
1401682999|0
1401683022|0
1401683044|0
1401683067|0
1401683089|0
1401683112|0
1401683134|0
1401683157|0
1401683179|0
1401683202|0
1401683224|0
1401683246|0
1401683269|0
1401683291|0
1401683314|0
1401683336|0
1401683359|0
1401683381|0
1401683404|0
1401683426|0
1401683449|0
1401683471|0
1401683494|0
1401683516|0
1401683539|0
1401683561|0
1401683583|0
1401683606|0
1401683628|0
1401683651|0
1401683673|0
1401683696|0
1401683718|0
1401683741|0
1401683763|0
1401683786|0
1401683808|0
1401683831|0
1401683853|0
1401683876|0
1401683898|0
1401683920|0
1401683943|0
1401683965|0
1401683988|0
1401684010|0
1401684033|0
1401684055|0
1401684078|0
1401684100|0
1401684123|0
1401684145|0
1401684168|0
1401684190|0
1401684213|0
1401684235|0
1401684258|0
1401684280|0
1401684302|0
1401684325|0
1401684347|0
1401684370|0
1401684392|0
1401684415|0
1401684437|0
1401684460|0
1401684482|0
1401684505|0
1401684527|0
1401684550|0
1401684572|0
1401684595|0
1401684617|0
1401684639|0
1401684662|0
1401684684|0
1401684707|0
1401684729|0
1401684752|0
1401684774|0
1401684797|0
1401684819|0
1401684842|0
1401684864|0
1401684887|0
1401684909|0
1401684932|0
1401684954|0
1401684976|0
1401684999|0
1401685021|0
1401685044|0
1401685066|0
1401685089|0
1401685111|0
1401685134|0
1401685156|0
1401685179|0
1401685201|0
1401685224|0
1401685246|0
1401685269|0
1401685291|0
1401685313|0
1401685336|0
1401685358|0
1401685381|0
1401685403|0
1401685426|0
1401685448|0
1401685471|0
1401685493|0
1401685516|0
1401685538|0
1401685561|0
1401685583|0
1401685606|0
1401685628|0
1401685651|0
1401685673|0
1401685696|0
1401685718|0
1401685740|0
1401685763|0
1401685785|0
1401685808|0
1401685830|0
1401685853|0
1401685875|0
1401685898|0
1401685920|0
1401685943|0
1401685965|0
1401685988|0
1401686010|0
1401686033|0
1401686055|0
1401686077|0
1401686100|0
1401686122|0
1401686145|0
1401686167|0
1401686190|0
1401686212|0
1401686235|0
1401686257|0
1401686280|0
1401686302|0
1401686325|0
1401686347|0
1401686370|0
1401686392|0
1401686414|0
1401686437|0
1401686459|0
1401686482|0
1401686504|0
1401686527|0
1401686549|0
1401686572|0
1401686594|0
1401686617|0
1401686639|0
1401686662|0
1401686684|0
1401686707|0
1401686729|0
1401686751|0
1401686774|0
1401686796|0
1401686819|0
1401686841|0
1401686864|0
1401686886|0
1401686909|0
1401686931|0
1401686954|0
1401686976|0
1401686999|0
1401687021|0
1401687044|0
1401687066|0
1401687088|0
1401687111|0
1401687133|0
1401687156|0
1401687178|0
1401687201|0
1401687223|0
1401687246|0
1401687268|0
1401687291|0
1401687313|0
1401687336|0
1401687358|0
1401687381|0
1401687403|0
1401687426|0
1401687448|0
1401687471|0
1401687493|0
1401687515|0
1401687538|0
1401687560|0
1401687583|0
1401687605|0
1401687628|0
1401687650|0
1401687673|0
1401687695|0
1401687718|0
1401687740|0
1401687763|0
1401687785|0
1401687808|0
1401687830|0
1401687852|0
1401687875|0
1401687897|0
1401687920|0
1401687942|0
1401687965|0
1401687987|0
1401688010|0
1401688032|0
1401688055|0
1401688077|0
1401688100|0
1401688122|0
1401688145|0
1401688167|0
1401688189|0
1401688212|0
1401688234|0
1401688257|0
1401688279|0
1401688302|0
1401688324|0
1401688347|0
1401688369|0
1401688392|0
1401688414|0
1401688437|0
1401688459|0
1401688482|0
1401688504|0
1401688527|0
1401688549|0
1401688571|0
1401688594|0
1401688616|0
1401688639|0
1401688661|0
1401688684|0
1401688706|0
1401688729|0
1401688751|0
1401688774|0
1401688796|0
1401688819|0
1401688841|0
1401688864|0
1401688886|0
1401688908|0
1401688931|0
1401688953|0
1401688976|0
1401688998|0
1401689021|0
1401689043|0
1401689066|0
1401689088|0
1401689111|0
1401689133|0
1401689156|0
1401689178|0
1401689201|0
1401689223|0
1401689245|0
1401689268|0
1401689290|0
1401689313|0
1401689335|0
1401689358|0
1401689380|0
1401689403|0
1401689425|0
1401689448|0
1401689470|0
1401689493|0
1401689515|0
1401689538|0
1401689560|0
1401689582|0
1401689605|0
1401689628|0
1401689650|0
1401689672|0
1401689695|0
1401689717|0
1401689740|0
1401689762|0
1401689785|0
1401689807|0
1401689830|0
1401689852|0
1401689875|0
1401689897|0
1401689920|0
1401689942|0
1401689965|0
1401689987|0
1401690009|0
1401690032|0
1401690054|0
1401690077|0
1401690099|0
1401690122|0
1401690144|0
1401690167|0
1401690189|0
1401690212|0
1401690234|0
1401690257|0
1401690279|0
1401690302|0
1401690324|0
1401690346|0
1401690369|0
1401690391|0
1401690414|0
1401690436|0
1401690459|0
1401690481|0
1401690504|0
1401690526|0
1401690549|0
1401690571|0
1401690594|0
1401690616|0
1401690639|0
1401690661|0
1401690684|0
1401690706|0
1401690729|0
1401690751|0
1401690774|0
1401690796|0
1401690819|0
1401690841|0
1401690864|0
1401690886|0
1401690908|0
1401690931|0
1401690953|0
1401690976|0
1401690998|0
1401691021|0
1401691043|0
1401691066|0
1401691088|0
1401691111|0
1401691133|0
1401691156|0
1401691178|0
1401691201|0
1401691223|0
1401691245|0
1401691268|0
1401691290|0
1401691313|0
1401691335|0
1401691358|0
1401691380|0
1401691403|0
1401691425|0
1401691448|0
1401691470|0
1401691493|0
1401691515|0
1401691538|0
1401691560|0
1401691582|0
1401691605|0
1401691627|0
1401691650|0
1401691672|0
1401691695|0
1401691717|0
1401691740|0
1401691762|0
1401691785|0
1401691807|0
1401691830|0
1401691852|0
1401691875|0
1401691897|0
1401691919|0
1401691942|0
1401691965|0
1401691987|0
1401692009|0
1401692032|0
1401692054|0
1401692077|0
1401692099|0
1401692122|0
1401692144|0
1401692167|0
1401692189|0
1401692212|0
1401692234|0
1401692257|0
1401692279|0
1401692302|0
1401692324|0
1401692346|0
1401692369|0
1401692391|0
1401692414|0
1401692436|0
1401692459|0
1401692481|0
1401692504|0
1401692526|0
1401692549|0
1401692571|0
1401692594|0
1401692616|0
1401692639|0
1401692661|0
1401692683|0
1401692706|0
1401692728|0
1401692751|0
1401692773|0
1401692796|0
1401692818|0
1401692841|0
1401692863|0
1401692886|0
1401692908|0
1401692931|0
1401692953|0
1401692976|0
1401692998|0
1401693021|0
1401693043|0
1401693066|0
1401693088|0
1401693110|0
1401693133|0
1401693155|0
1401693178|0
1401693200|0
1401693223|0
1401693245|0
1401693268|0
1401693290|0
1401693313|0
1401693335|0
1401693358|0
1401693380|0
1401693403|0
1401693425|0
1401693447|0
1401693470|0
1401693492|0
1401693515|0
1401693537|0
1401693560|0
1401693582|0
1401693605|0
1401693627|0
1401693650|0
1401693672|0
1401693695|0
1401693717|0
1401693740|0
1401693762|0
1401693784|0
1401693807|0
1401693829|0
1401693852|0
1401693874|0
1401693897|0
1401693919|0
1401693942|0
1401693964|0
1401693987|0
1401694009|0
1401694032|0
1401694054|0
1401694077|0
1401694099|0
1401694121|0
1401694144|0
1401694166|0
1401694189|0
1401694211|0
1401694234|0
1401694256|0
1401694279|0
1401694301|0
1401694324|0
1401694346|0
1401694369|0
1401694391|0
1401694414|0
1401694436|0
1401694459|0
1401694481|0
1401694503|0
1401694526|0
1401694548|0
1401694571|0
1401694593|0
1401694616|0
1401694638|0
1401694661|0
1401694683|0
1401694706|0
1401694728|0
1401694751|0
1401694773|0
1401694796|0
1401694818|0
1401694840|0
1401694863|0
1401694885|0
1401694908|0
1401694930|0
1401694953|0
1401694975|0
1401694998|0
1401695020|0
1401695043|0
1401695065|0
1401695088|0
1401695110|0
1401695133|0
1401695155|0
1401695177|0
1401695200|0
1401695222|0
1401695245|0
1401695267|0
1401695290|0
1401695312|0
1401695335|0
1401695357|0
1401695380|0
1401695402|0
1401695425|0
1401695447|0
1401695470|0
1401695492|0
1401695514|0
1401695537|0
1401695559|0
1401695582|0
1401695604|0
1401695627|0
1401695649|0
1401695672|0
1401695694|0
1401695717|0
1401695739|0
1401695762|0
1401695784|0
1401695807|0
1401695829|0
1401695852|0
1401695874|0
1401695897|0
1401695919|0
1401695941|0
1401695964|0
1401695986|0
1401696009|0
1401696031|0
1401696054|0
1401696076|0
1401696099|0
1401696121|0
1401696144|0
1401696166|0
1401696189|0
1401696212|0
1401696234|0
1401696257|0
1401696279|0
1401696302|0
1401696324|0
1401696347|0
1401696369|0
1401696392|0
1401696414|0
1401696437|0
1401696459|0
1401696481|0
1401696504|0
1401696526|0
1401696549|0
1401696571|0
1401696594|0
1401696616|0
1401696639|0
1401696661|0
1401696684|0
1401696706|0
1401696729|0
1401696751|0
1401696774|0
1401696796|0
1401696819|0
1401696841|0
1401696864|0
1401696886|0
1401696908|0
1401696931|0
1401696953|0
1401696976|0
1401696998|0
1401697021|0
1401697043|0
1401697066|0
1401697088|0
1401697111|0
1401697133|0
1401697156|0
1401697178|0
1401697200|0
1401697223|0
1401697245|0
1401697268|0
1401697290|0
1401697313|0
1401697335|0
1401697358|0
1401697380|0
1401697403|0
1401697425|0
1401697448|0
1401697470|0
1401697493|0
1401697515|0
1401697538|0
1401697560|0
1401697582|0
1401697605|0
1401697627|0
1401697650|0
1401697672|0
1401697695|0
1401697717|0
1401697740|0
1401697762|0
1401697785|0
1401697807|0
1401697830|0
1401697852|0
1401697875|0
1401697897|0
1401697919|0
1401697942|0
1401697964|0
1401697987|0
1401698009|0
1401698032|0
1401698054|0
1401698077|0
1401698099|0
1401698122|0
1401698144|0
1401698167|0
1401698189|0
1401698212|0
1401698234|0
1401698256|0
1401698279|0
1401698301|0
1401698324|0
1401698346|0
1401698369|0
1401698391|0
1401698414|0
1401698436|0
1401698459|0
1401698481|0
1401698504|0
1401698526|0
1401698549|0
1401698571|0
1401698593|0
1401698616|0
1401698638|0
1401698661|0
1401698683|0
1401698706|0
1401698728|0
1401698751|0
1401698773|0
1401698796|0
1401698818|0
1401698841|0
1401698863|0
1401698886|0
1401698908|0
1401698931|0
1401698953|0
1401698975|0
1401698998|0
1401699020|0
1401699043|0
1401699065|0
1401699088|0
1401699110|0
1401699133|0
1401699155|0
1401699178|0
1401699200|0
1401699223|0
1401699245|0
1401699268|0
1401699290|0
1401699312|0
1401699335|0
1401699357|0
1401699380|0
1401699402|0
1401699425|0
1401699447|0
1401699470|0
1401699492|0
1401699515|0
1401699537|0
1401699560|0
1401699582|0
1401699605|0
1401699627|0
1401699649|0
1401699672|0
1401699695|0
1401699717|0
1401699739|0
1401699762|0
1401699784|0
1401699807|0
1401699829|0
1401699852|0
1401699874|0
1401699897|0
1401699919|0
1401699942|0
1401699964|0
1401699987|0
1401700009|0
1401700032|0
1401700054|0
1401700076|0
1401700099|0
1401700121|0
1401700144|0
1401700166|0
1401700189|0
1401700211|0
1401700234|0
1401700256|0
1401700279|0
1401700301|0
1401700324|0
1401700346|0
1401700369|0
1401700391|0
1401700413|0
1401700436|0
1401700458|0
1401700481|0
1401700503|0
1401700526|0
1401700548|0
1401700571|0
1401700593|0
1401700616|0
1401700638|0
1401700661|0
1401700683|0
1401700706|0
1401700728|0
1401700750|0
1401700773|0
1401700795|0
1401700818|0
1401700840|0
1401700863|0
1401700885|0
1401700908|0
1401700930|0
1401700953|0
1401700975|0
1401700998|0
1401701020|0
1401701043|0
1401701065|0
1401701087|0
1401701110|0
1401701132|0
1401701155|0
1401701177|0
1401701200|0
1401701222|0
1401701245|0
1401701267|0
1401701290|0
1401701312|0
1401701335|0
1401701357|0
1401701380|0
1401701402|0
1401701424|0
1401701447|0
1401701469|0
1401701492|0
1401701514|0
1401701537|0
1401701559|0
1401701582|0
1401701604|0
1401701627|0
1401701649|0
1401701672|0
1401701694|0
1401701717|0
1401701739|0
1401701762|0
1401701784|0
1401701807|0
1401701829|0
1401701851|0
1401701874|0
1401701896|0
1401701919|0
1401701941|0
1401701964|0
1401701986|0
1401702009|0
1401702031|0
1401702054|0
1401702076|0
1401702099|0
1401702121|0
1401702144|0
1401702166|0
1401702188|0
1401702211|0
1401702233|0
1401702256|0
1401702278|0
1401702301|0
1401702323|0
1401702346|0
1401702368|0
1401702391|0
1401702413|0
1401702436|0
1401702458|0
1401702481|0
1401702503|0
1401702525|0
1401702548|0
1401702570|0
1401702593|0
1401702615|0
1401702638|0
1401702660|0
1401702683|0
1401702705|0
1401702728|0
1401702750|0
1401702773|0
1401702795|0
1401702818|0
1401702840|0
1401702863|0
1401702885|0
1401702907|0
1401702930|0
1401702952|0
1401702975|0
1401702997|0
1401703020|0
1401703042|0
1401703065|0
1401703087|0
1401703110|0
1401703132|0
1401703155|0
1401703177|0
1401703200|0
1401703222|0
1401703244|0
1401703267|0
1401703289|0
1401703312|0
1401703334|0
1401703357|0
1401703379|0
1401703402|0
1401703424|0
1401703447|0
1401703469|0
1401703492|0
1401703514|0
1401703537|0
1401703559|0
1401703582|0
1401703604|0
1401703626|0
1401703649|0
1401703671|0
1401703694|0
1401703716|0
1401703739|0
1401703761|0
1401703784|0
1401703806|0
1401703829|0
1401703851|0
1401703874|0
1401703896|0
1401703919|0
1401703941|0
1401703964|0
1401703986|0
1401704008|0
1401704031|0
1401704053|0
1401704076|0
1401704098|0
1401704121|0
1401704143|0
1401704166|0
1401704188|0
1401704211|0
1401704233|0
1401704256|0
1401704278|0
1401704301|0
1401704323|0
1401704345|0
1401704368|0
1401704390|0
1401704413|0
1401704435|0
1401704458|0
1401704480|0
1401704503|0
1401704525|0
1401704548|0
1401704570|0
1401704593|0
1401704615|0
1401704638|0
1401704660|0
1401704682|0
1401704705|0
1401704727|0
1401704750|0
1401704772|0
1401704795|0
1401704817|0
1401704840|0
1401704862|0
1401704885|0
1401704907|0
1401704930|0
1401704952|0
1401704975|0
1401704998|0
1401705020|0
1401705043|0
1401705065|0
1401705088|0
1401705110|0
1401705132|0
1401705155|0
1401705177|0
1401705200|0
1401705222|0
1401705245|0
1401705267|0
1401705290|0
1401705312|0
1401705335|0
1401705357|0
1401705380|0
1401705402|0
1401705425|0
1401705447|0
1401705469|0
1401705492|0
1401705514|0
1401705537|0
1401705559|0
1401705582|0
1401705604|0
1401705627|0
1401705649|0
1401705672|0
1401705694|0
1401705717|0
1401705739|0
1401705762|0
1401705784|0
1401705806|0
1401705829|0
1401705851|0
1401705874|0
1401705896|0
1401705919|0
1401705941|0
1401705964|0
1401705986|0
1401706009|0
1401706031|0
1401706054|0
1401706077|0
1401706099|0
1401706122|0
1401706144|0
1401706167|0
1401706189|0
1401706212|0
1401706234|0
1401706257|0
1401706279|0
1401706302|0
1401706324|0
1401706347|0
1401706369|0
1401706392|0
1401706414|0
1401706436|0
1401706459|0
1401706481|0
1401706504|0
1401706526|0
1401706549|0
1401706571|0
1401706594|0
1401706616|0
1401706639|0
1401706661|0
1401706684|0
1401706706|0
1401706729|0
1401706751|0
1401706773|0
1401706796|0
1401706818|0
1401706841|0
1401706863|0
1401706886|0
1401706908|0
1401706931|0
1401706953|0
1401706976|0
1401706998|0
1401707021|0
1401707043|0
1401707066|0
1401707088|0
1401707110|0
1401707133|0
1401707155|0
1401707178|0
1401707200|0
1401707223|0
1401707245|0
1401707268|0
1401707290|0
1401707313|0
1401707335|0
1401707358|0
1401707380|0
1401707403|0
1401707425|0
1401707448|0
1401707470|0
1401707492|0
1401707515|0
1401707537|0
1401707560|0
1401707582|0
1401707605|0
1401707627|0
1401707650|0
1401707672|0
1401707695|0
1401707717|0
1401707740|0
1401707762|0
1401707785|0
1401707808|0
1401707830|0
1401707853|0
1401707875|0
1401707898|0
1401707920|0
1401707943|0
1401707965|0
1401707988|0
1401708010|0
1401708033|0
1401708055|0
1401708077|0
1401708100|0
1401708122|0
1401708145|0
1401708167|0
1401708190|0
1401708212|0
1401708235|0
1401708257|0
1401708280|0
1401708303|0
1401708325|0
1401708348|0
1401708370|0
1401708393|0
1401708415|0
1401708438|0
1401708460|0
1401708483|0
1401708505|0
1401708528|0
1401708550|0
1401708573|0
1401708595|0
1401708618|0
1401708640|0
1401708662|0
1401708685|0
1401708707|0
1401708730|0
1401708752|0
1401708775|0
1401708797|0
1401708820|0
1401708842|0
1401708865|0
1401708887|0
1401708910|0
1401708932|0
1401708955|0
1401708977|0
1401708999|0
1401709022|0
1401709044|0
1401709067|0
1401709089|0
1401709112|0
1401709134|0
1401709157|0
1401709179|0
1401709202|0
1401709224|0
1401709247|0
1401709269|0
1401709292|0
1401709314|0
1401709337|0
1401709359|0
1401709381|0
1401709404|0
1401709426|0
1401709449|0
1401709471|0
1401709494|0
1401709516|0
1401709539|0
1401709561|0
1401709584|0
1401709606|0
1401709629|0
1401709651|0
1401709674|0
1401709696|0
1401709719|0
1401709741|0
1401709763|0
1401709786|0
1401709808|0
1401709831|0
1401709853|0
1401709876|0
1401709898|0
1401709921|0
1401709943|0
1401709966|0
1401709988|0
1401710011|0
1401710033|0
1401710056|0
1401710078|0
1401710100|0
1401710123|0
1401710145|0
1401710168|0
1401710190|0
1401710213|0
1401710235|0
1401710258|0
1401710280|0
1401710303|0
1401710325|0
1401710348|0
1401710370|0
1401710393|0
1401710415|0
1401710437|0
1401710460|0
1401710482|0
1401710505|0
1401710527|0
1401710550|0
1401710572|0
1401710595|0
1401710617|0
1401710640|0
1401710662|0
1401710685|0
1401710707|0
1401710730|0
1401710752|0
1401710774|0
1401710797|0
1401710819|0
1401710842|0
1401710864|0
1401710887|0
1401710909|0
1401710932|0
1401710954|0
1401710977|0
1401710999|0
1401711022|0
1401711044|0
1401711067|0
1401711089|0
1401711112|0
1401711134|0
1401711156|0
1401711179|0
1401711201|0
1401711224|0
1401711246|0
1401711269|0
1401711291|0
1401711314|0
1401711336|0
1401711359|0
1401711381|0
1401711404|0
1401711427|0
1401711449|0
1401711472|0
1401711494|0
1401711516|0
1401711539|0
1401711561|0
1401711584|0
1401711606|0
1401711629|0
1401711651|0
1401711674|0
1401711696|0
1401711719|0
1401711741|0
1401711764|0
1401711786|0
1401711809|0
1401711831|0
1401711854|0
1401711876|0
1401711898|0
1401711921|0
1401711943|0
1401711966|0
1401711988|0
1401712011|0
1401712033|0
1401712056|0
1401712078|0
1401712101|0
1401712123|0
1401712146|0
1401712168|0
1401712191|0
1401712213|0
1401712235|0
1401712258|0
1401712280|0
1401712303|0
1401712325|0
1401712348|0
1401712370|0
1401712393|0
1401712415|0
1401712438|0
1401712460|0
1401712483|0
1401712505|0
1401712528|0
1401712550|0
1401712572|0
1401712595|0
1401712617|0
1401712640|0
1401712662|0
1401712685|0
1401712707|0
1401712730|0
1401712752|0
1401712775|0
1401712797|0
1401712820|0
1401712842|0
1401712865|0
1401712887|0
1401712909|0
1401712932|0
1401712954|0
1401712977|0
1401712999|0
1401713022|0
1401713044|0
1401713067|0
1401713089|0
1401713112|0
1401713134|0
1401713157|0
1401713179|0
1401713202|0
1401713224|0
1401713246|0
1401713269|0
1401713291|0
1401713314|0
1401713336|0
1401713359|0
1401713381|0
1401713404|0
1401713426|0
1401713449|0
1401713471|0
1401713494|0
1401713516|0
1401713539|0
1401713561|0
1401713583|0
1401713606|0
1401713628|0
1401713651|0
1401713673|0
1401713696|0
1401713718|0
1401713741|0
1401713763|0
1401713786|0
1401713808|0
1401713831|0
1401713853|0
1401713876|0
1401713898|0
1401713921|0
1401713943|0
1401713966|0
1401713988|0
1401714010|0
1401714033|0
1401714055|0
1401714078|0
1401714100|0
1401714123|0
1401714145|0
1401714168|0
1401714190|0
1401714213|0
1401714235|0
1401714258|0
1401714280|0
1401714303|0
1401714325|0
1401714347|0
1401714370|0
1401714392|0
1401714415|0
1401714437|0
1401714460|0
1401714482|0
1401714505|0
1401714527|0
1401714550|0
1401714572|0
1401714595|0
1401714617|0
1401714640|0
1401714662|0
1401714684|0
1401714707|0
1401714729|0
1401714752|0
1401714774|0
1401714797|0
1401714819|0
1401714842|0
1401714864|0
1401714887|0
1401714909|0
1401714932|0
1401714954|0
1401714977|0
1401714999|0
1401715021|0
1401715044|0
1401715066|0
1401715089|0
1401715111|0
1401715134|0
1401715156|0
1401715179|0
1401715201|0
1401715224|0
1401715246|0
1401715269|0
1401715291|0
1401715314|0
1401715336|0
1401715358|0
1401715381|0
1401715403|0
1401715426|0
1401715448|0
1401715471|0
1401715493|0
1401715516|0
1401715538|0
1401715561|0
1401715583|0
1401715606|0
1401715628|0
1401715651|0
1401715673|0
1401715696|0
1401715718|0
1401715740|0
1401715763|0
1401715785|0
1401715808|0
1401715830|0
1401715853|0
1401715875|0
1401715898|0
1401715920|0
1401715943|0
1401715965|0
1401715988|0
1401716010|0
1401716033|0
1401716055|0
1401716078|0
1401716100|0
1401716122|0
1401716145|0
1401716168|0
1401716191|0
1401716213|0
1401716236|0
1401716258|0
1401716280|0
1401716303|0
1401716325|0
1401716348|0
1401716370|0
1401716393|0
1401716415|0
1401716438|0
1401716460|0
1401716483|0
1401716505|0
1401716528|0
1401716550|0
1401716573|0
1401716595|0
1401716617|0
1401716640|0
1401716662|0
1401716686|0
1401716708|0
1401716731|0
1401716753|0
1401716776|0
1401716798|0
1401716821|0
1401716843|0
1401716866|0
1401716888|0
1401716910|0
1401716933|0
1401716955|0
1401716978|0
1401717000|0
1401717023|0
1401717045|0
1401717068|0
1401717090|0
1401717113|0
1401717135|0
1401717158|0
1401717180|0
1401717203|0
1401717225|0
1401717247|0
1401717270|0
1401717292|0
1401717315|0
1401717337|0
1401717360|0
1401717382|0
1401717405|0
1401717427|0
1401717450|0
1401717472|0
1401717495|0
1401717517|0
1401717540|0
1401717562|0
1401717584|0
1401717607|0
1401717629|0
1401717652|0
1401717674|0
1401717697|0
1401717719|0
1401717742|0
1401717764|0
1401717787|0
1401717809|0
1401717832|0
1401717854|0
1401717877|0
1401717899|0
1401717922|0
1401717944|0
1401717967|0
1401717989|0
1401718011|0
1401718034|0
1401718056|0
1401718079|0
1401718101|0
1401718124|0
1401718146|0
1401718169|0
1401718191|0
1401718214|0
1401718236|0
1401718259|0
1401718281|0
1401718304|0
1401718326|0
1401718348|0
1401718371|0
1401718393|0
1401718416|0
1401718438|0
1401718461|0
1401718483|0
1401718506|0
1401718528|0
1401718551|0
1401718573|0
1401718596|0
1401718618|0
1401718641|0
1401718663|0
1401718685|0
1401718708|0
1401718730|0
1401718753|0
1401718775|0
1401718798|0
1401718820|0
1401718843|0
1401718865|0
1401718888|0
1401718910|0
1401718933|0
1401718955|0
1401718978|0
1401719000|0
1401719023|0
1401719045|0
1401719067|0
1401719090|0
1401719112|0
1401719135|0
1401719157|0
1401719180|0
1401719202|0
1401719225|0
1401719247|0
1401719270|0
1401719292|0
1401719315|0
1401719337|0
1401719360|0
1401719383|0
1401719405|0
1401719428|0
1401719450|0
1401719472|0
1401719495|0
1401719517|0
1401719540|0
1401719562|0
1401719585|0
1401719607|0
1401719630|0
1401719652|0
1401719675|0
1401719697|0
1401719720|0
1401719742|0
1401719765|0
1401719787|0
1401719809|0
1401719832|0
1401719854|0
1401719877|0
1401719899|0
1401719922|0
1401719944|0
1401719967|0
1401719989|0
1401720012|0
1401720034|0
1401720057|0
1401720079|0
1401720102|0
1401720124|0
1401720147|0
1401720169|0
1401720192|0
1401720214|0
1401720236|0
1401720259|0
1401720281|0
1401720304|0
1401720326|0
1401720349|0
1401720371|0
1401720394|0
1401720416|0
1401720439|0
1401720461|0
1401720484|0
1401720506|0
1401720529|0
1401720551|0
1401720573|0
1401720596|0
1401720618|0
1401720641|0
1401720663|0
1401720686|0
1401720708|0
1401720731|0
1401720753|0
1401720776|0
1401720798|0
1401720821|0
1401720843|0
1401720866|0
1401720888|0
1401720910|0
1401720933|0
1401720955|0
1401720978|0
1401721000|0
1401721023|0
1401721045|0
1401721068|0
1401721090|0
1401721113|0
1401721135|0
1401721158|0
1401721180|0
1401721203|0
1401721225|0
1401721247|0
1401721270|0
1401721292|0
1401721315|0
1401721337|0
1401721360|0
1401721382|0
1401721405|0
1401721427|0
1401721450|0
1401721472|0
1401721495|0
1401721517|0
1401721540|0
1401721562|0
1401721585|0
1401721607|0
1401721629|0
1401721652|0
1401721674|0
1401721697|0
1401721719|0
1401721742|0
1401721764|0
1401721787|0
1401721809|0
1401721832|0
1401721854|0
1401721877|0
1401721899|0
1401721922|0
1401721944|0
1401721966|0
1401721989|0
1401722011|0
1401722034|0
1401722056|0
1401722079|0
1401722101|0
1401722124|0
1401722146|0
1401722169|0
1401722191|0
1401722214|0
1401722236|0
1401722259|0
1401722281|0
1401722303|0
1401722326|0
1401722348|0
1401722371|0
1401722393|0
1401722416|0
1401722438|0
1401722461|0
1401722483|0
1401722506|0
1401722528|0
1401722551|0
1401722573|0
1401722596|0
1401722618|0
1401722640|0
1401722663|0
1401722685|0
1401722708|0
1401722730|0
1401722753|0
1401722775|0
1401722798|0
1401722820|0
1401722843|0
1401722865|0
1401722888|0
1401722910|0
1401722933|0
1401722955|0
1401722978|0
1401723000|0
1401723023|0
1401723045|0
1401723067|0
1401723090|0
1401723112|0
1401723135|0
1401723157|0
1401723180|0
1401723202|0
1401723225|0
1401723247|0
1401723270|0
1401723292|0
1401723315|0
1401723337|0
1401723360|0
1401723382|0
1401723404|0
1401723427|0
1401723449|0
1401723472|0
1401723494|0
1401723517|0
1401723539|0
1401723562|0
1401723584|0
1401723607|0
1401723629|0
1401723652|0
1401723674|0
1401723697|0
1401723719|0
1401723741|0
1401723764|0
1401723786|0
1401723809|0
1401723831|0
1401723854|0
1401723876|0
1401723899|0
1401723921|0
1401723944|0
1401723966|0
1401723989|0
1401724011|0
1401724034|0
1401724056|0
1401724078|0
1401724101|0
1401724123|0
1401724146|0
1401724168|0
1401724191|0
1401724213|0
1401724236|0
1401724258|0
1401724281|0
1401724303|0
1401724326|0
1401724348|0
1401724371|0
1401724393|0
1401724416|0
1401724438|0
1401724461|0
1401724483|0
1401724505|0
1401724528|0
1401724550|0
1401724573|0
1401724595|0
1401724618|0
1401724640|0
1401724663|0
1401724685|0
1401724708|0
1401724730|0
1401724753|0
1401724775|0
1401724798|0
1401724820|0
1401724842|0
1401724865|0
1401724887|0
1401724910|0
1401724932|0
1401724955|0
1401724977|0
1401725000|0
1401725022|0
1401725045|0
1401725067|0
1401725090|0
1401725113|0
1401725135|0
1401725157|0
1401725180|0
1401725202|0
1401725225|0
1401725247|0
1401725270|0
1401725292|0
1401725315|0
1401725337|0
1401725360|0
1401725382|0
1401725405|0
1401725427|0
1401725450|0
1401725472|0
1401725494|0
1401725517|0
1401725539|0
1401725562|0
1401725584|0
1401725607|0
1401725629|0
1401725652|0
1401725674|0
1401725697|0
1401725719|0
1401725742|0
1401725764|0
1401725787|0
1401725809|0
1401725831|0
1401725854|0
1401725876|0
1401725899|0
1401725921|0
1401725944|0
1401725966|0
1401725989|0
1401726011|0
1401726034|0
1401726056|0
1401726079|0
1401726101|0
1401726124|0
1401726146|0
1401726169|0
1401726191|0
1401726213|0
1401726236|0
1401726258|0
1401726281|0
1401726303|0
1401726326|0
1401726348|0
1401726371|0
1401726393|0
1401726416|0
1401726438|0
1401726461|0
1401726483|0
1401726506|0
1401726528|0
1401726550|0
1401726573|0
1401726595|0
1401726618|0
1401726640|0
1401726663|0
1401726685|0
1401726708|0
1401726730|0
1401726753|0
1401726775|0
1401726798|0
1401726820|0
1401726843|0
1401726865|0
1401726887|0
1401726910|0
1401726932|0
1401726955|0
1401726977|0
1401727000|0
1401727022|0
1401727045|0
1401727067|0
1401727090|0
1401727112|0
1401727135|0
1401727157|0
1401727180|0
1401727202|0
1401727224|0
1401727247|0
1401727269|0
1401727292|0
1401727314|0
1401727337|0
1401727359|0
1401727382|0
1401727404|0
1401727427|0
1401727449|0
1401727472|0
1401727494|0
1401727517|0
1401727539|0
1401727561|0
1401727584|0
1401727606|0
1401727629|0
1401727651|0
1401727674|0
1401727696|0
1401727719|0
1401727741|0
1401727764|0
1401727786|0
1401727809|0
1401727831|0
1401727854|0
1401727876|0
1401727899|0
1401727921|0
1401727944|0
1401727966|0
1401727988|0
1401728011|0
1401728033|0
1401728056|0
1401728078|0
1401728101|0
1401728123|0
1401728146|0
1401728168|0
1401728191|0
1401728213|0
1401728236|0
1401728258|0
1401728281|0
1401728303|0
1401728326|0
1401728348|0
1401728370|0
1401728393|0
1401728415|0
1401728438|0
1401728460|0
1401728483|0
1401728505|0
1401728528|0
1401728550|0
1401728573|0
1401728595|0
1401728618|0
1401728640|0
1401728663|0
1401728685|0
1401728708|0
1401728730|0
1401728752|0
1401728775|0
1401728797|0
1401728820|0
1401728842|0
1401728865|0
1401728887|0
1401728910|0
1401728932|0
1401728955|0
1401728977|0
1401729000|0
1401729022|0
1401729045|0
1401729067|0
1401729089|0
1401729112|0
1401729134|0
1401729157|0
1401729179|0
1401729202|0
1401729224|0
1401729247|0
1401729269|0
1401729292|0
1401729314|0
1401729337|0
1401729359|0
1401729382|0
1401729404|0
1401729426|0
1401729449|0
1401729471|0
1401729494|0
1401729516|0
1401729539|0
1401729561|0
1401729584|0
1401729606|0
1401729629|0
1401729651|0
1401729674|0
1401729696|0
1401729719|0
1401729741|0
1401729763|0
1401729786|0
1401729808|0
1401729831|0
1401729853|0
1401729876|0
1401729898|0
1401729921|0
1401729943|0
1401729966|0
1401729988|0
1401730011|0
1401730033|0
1401730056|0
1401730078|0
1401730100|0
1401730123|0
1401730145|0
1401730168|0
1401730190|0
1401730213|0
1401730235|0
1401730258|0
1401730280|0
1401730303|0
1401730325|0
1401730348|0
1401730370|0
1401730393|0
1401730415|0
1401730438|0
1401730460|0
1401730482|0
1401730505|0
1401730527|0
1401730550|0
1401730572|0
1401730595|0
1401730617|0
1401730640|0
1401730662|0
1401730685|0
1401730707|0
1401730730|0
1401730752|0
1401730775|0
1401730797|0
1401730819|0
1401730842|0
1401730864|0
1401730887|0
1401730909|0
1401730932|0
1401730954|0
1401730977|0
1401730999|0
1401731022|0
1401731044|0
1401731067|0
1401731089|0
1401731112|0
1401731134|0
1401731156|0
1401731179|0
1401731201|0
1401731224|0
1401731246|0
1401731269|0
1401731291|0
1401731314|0
1401731336|0
1401731359|0
1401731381|0
1401731404|0
1401731426|0
1401731449|0
1401731471|0
1401731493|0
1401731516|0
1401731538|0
1401731561|0
1401731583|0
1401731606|0
1401731628|0
1401731651|0
1401731673|0
1401731696|0
1401731718|0
1401731741|0
1401731763|0
1401731786|0
1401731808|0
1401731831|0
1401731853|0
1401731875|0
1401731898|0
1401731920|0
1401731943|0
1401731965|0
1401731988|0
1401732010|0
1401732033|0
1401732055|0
1401732078|0
1401732100|0
1401732123|0
1401732145|0
1401732168|0
1401732190|0
1401732213|0
1401732235|0
1401732257|0
1401732280|0
1401732302|0
1401732325|0
1401732347|0
1401732370|0
1401732392|0
1401732415|0
1401732437|0
1401732460|0
1401732482|0
1401732505|0
1401732527|0
1401732550|0
1401732572|0
1401732594|0
1401732617|0
1401732639|0
1401732662|0
1401732684|0
1401732707|0
1401732729|0
1401732752|0
1401732774|0
1401732797|0
1401732819|0
1401732842|0
1401732864|0
1401732887|0
1401732909|0
1401732931|0
1401732954|0
1401732976|0
1401732999|0
1401733021|0
1401733044|0
1401733066|0
1401733089|0
1401733111|0
1401733134|0
1401733156|0
1401733179|0
1401733201|0
1401733224|0
1401733246|0
1401733269|0
1401733291|0
1401733314|0
1401733336|0
1401733358|0
1401733381|0
1401733403|0
1401733426|0
1401733448|0
1401733471|0
1401733493|0
1401733516|0
1401733538|0
1401733561|0
1401733583|0
1401733606|0
1401733628|0
1401733651|0
1401733673|0
1401733695|0
