1403893991|0
1403894013|0
1403894036|0
1403894058|0
1403894081|0
1403894103|0
1403894126|0
1403894148|0
1403894171|0
1403894193|0
1403894215|0
1403894238|0
1403894260|0
1403894283|0
1403894305|0
1403894328|0
1403894350|0
1403894373|0
1403894395|0
1403894418|0
1403894440|0
1403894463|0
1403894485|0
1403894508|0
1403894530|0
1403894553|0
1403894575|0
1403894598|0
1403894620|0
1403894642|0
1403894665|0
1403894687|0
1403894710|0
1403894732|0
1403894755|0
1403894777|0
1403894800|0
1403894822|0
1403894845|0
1403894867|0
1403894890|0
1403894912|0
1403894935|0
1403894957|0
1403894979|0
1403895002|0
1403895024|0
1403895047|0
1403895069|0
1403895092|0
1403895114|0
1403895137|0
1403895159|0
1403895182|0
1403895204|0
1403895227|0
1403895249|0
1403895272|0
1403895294|0
1403895317|0
1403895339|0
1403895362|0
1403895384|0
1403895406|0
1403895429|0
1403895451|0
1403895474|0
1403895496|0
1403895519|0
1403895541|0
1403895564|0
1403895586|0
1403895609|0
1403895631|0
1403895654|0
1403895676|0
1403895699|0
1403895721|0
1403895743|0
1403895766|0
1403895788|0
1403895811|0
1403895833|0
1403895856|0
1403895878|0
1403895902|0
1403895924|0
1403895946|0
1403895969|0
1403895991|0
1403896014|0
1403896036|0
1403896059|0
1403896081|0
1403896104|0
1403896126|0
1403896149|0
1403896171|0
1403896194|0
1403896216|0
1403896239|0
1403896261|0
1403896284|0
1403896306|0
1403896328|0
1403896351|0
1403896373|0
1403896396|0
1403896418|0
1403896441|0
1403896463|0
1403896486|0
1403896508|0
1403896531|0
1403896553|0
1403896576|0
1403896598|0
1403896621|0
1403896643|0
1403896665|0
1403896688|0
1403896710|0
1403896733|0
1403896755|0
1403896778|0
1403896800|0
1403896823|0
1403896845|0
1403896868|0
1403896890|0
1403896913|0
1403896935|0
1403896958|0
1403896980|0
1403897003|0
1403897025|0
1403897048|0
1403897070|0
1403897092|0
1403897115|0
1403897137|0
1403897160|0
1403897182|0
1403897205|0
1403897227|0
1403897250|0
1403897272|0
1403897295|0
1403897317|0
1403897340|0
1403897362|0
1403897385|0
1403897407|0
1403897429|0
1403897452|0
1403897474|0
1403897497|0
1403897519|0
1403897542|0
1403897564|0
1403897587|0
1403897609|0
1403897632|0
1403897654|0
1403897677|0
1403897699|0
1403897722|0
1403897744|0
1403897766|0
1403897789|0
1403897811|0
1403897834|0
1403897856|0
1403897879|0
1403897901|0
1403897924|0
1403897946|0
1403897969|0
1403897991|0
1403898014|0
1403898036|0
1403898059|0
1403898081|0
1403898103|0
1403898126|0
1403898148|0
1403898171|0
1403898193|0
1403898216|0
1403898238|0
1403898261|0
1403898283|0
1403898306|0
1403898328|0
1403898351|0
1403898373|0
1403898396|0
1403898418|0
1403898440|0
1403898463|0
1403898485|0
1403898508|0
1403898530|0
1403898553|0
1403898575|0
1403898598|0
1403898620|0
1403898643|0
1403898665|0
1403898688|0
1403898710|0
1403898733|0
1403898755|0
1403898778|0
1403898800|0
1403898823|0
1403898845|0
1403898867|0
1403898890|0
1403898912|0
1403898935|0
1403898957|0
1403898980|0
1403899002|0
1403899025|0
1403899047|0
1403899070|0
1403899092|0
1403899115|0
1403899137|0
1403899160|0
1403899182|0
1403899204|0
1403899227|0
1403899249|0
1403899272|0
1403899294|0
1403899317|0
1403899339|0
1403899362|0
1403899384|0
1403899407|0
1403899429|0
1403899452|0
1403899474|0
1403899497|0
1403899519|0
1403899541|0
1403899564|0
1403899586|0
1403899609|0
1403899631|0
1403899654|0
1403899676|0
1403899699|0
1403899721|0
1403899744|0
1403899766|0
1403899789|0
1403899811|0
1403899834|0
1403899856|0
1403899879|0
1403899901|0
1403899923|0
1403899946|0
1403899968|0
1403899991|0
1403900013|0
1403900036|0
1403900058|0
1403900081|0
1403900103|0
1403900126|0
1403900148|0
1403900171|0
1403900193|0
1403900216|0
1403900238|0
1403900260|0
1403900283|0
1403900305|0
1403900328|0
1403900350|0
1403900373|0
1403900395|0
1403900418|0
1403900440|0
1403900463|0
1403900485|0
1403900508|0
1403900530|0
1403900553|0
1403900575|0
1403900597|0
1403900620|0
1403900642|0
1403900665|0
1403900687|0
1403900710|0
1403900732|0
1403900755|0
1403900777|0
1403900800|0
1403900822|0
1403900845|0
1403900867|0
1403900890|0
1403900912|0
1403900934|0
1403900957|0
1403900979|0
1403901002|0
1403901024|0
1403901047|0
1403901069|0
1403901092|0
1403901114|0
1403901137|0
1403901159|0
1403901182|0
1403901204|0
1403901227|0
1403901249|0
1403901272|0
1403901294|0
1403901316|0
1403901339|0
1403901361|0
1403901384|0
1403901406|0
1403901429|0
1403901451|0
1403901474|0
1403901496|0
1403901519|0
1403901541|0
1403901564|0
1403901586|0
1403901609|0
1403901631|0
1403901654|0
1403901676|0
1403901698|0
1403901721|0
1403901743|0
1403901766|0
1403901788|0
1403901811|0
1403901833|0
1403901856|0
1403901878|0
1403901901|0
1403901923|0
1403901946|0
1403901968|0
1403901991|0
1403902013|0
1403902035|0
1403902058|0
1403902080|0
1403902103|0
1403902125|0
1403902148|0
1403902170|0
1403902193|0
1403902215|0
1403902238|0
1403902260|0
1403902283|0
1403902305|0
1403902328|0
1403902350|0
1403902372|0
1403902395|0
1403902417|0
1403902440|0
1403902462|0
1403902485|0
1403902507|0
1403902530|0
1403902552|0
1403902575|0
1403902597|0
1403902620|0
1403902642|0
1403902665|0
1403902687|0
1403902710|0
1403902732|0
1403902754|0
1403902777|0
1403902799|0
1403902822|0
1403902844|0
1403902867|0
1403902889|0
1403902912|0
1403902934|0
1403902957|0
1403902979|0
1403903002|0
1403903024|0
1403903047|0
1403903069|0
1403903092|0
1403903114|0
1403903136|0
1403903159|0
1403903181|0
1403903204|0
1403903226|0
1403903249|0
1403903271|0
1403903294|0
1403903316|0
1403903339|0
1403903361|0
1403903384|0
1403903406|0
1403903429|0
1403903451|0
1403903473|0
1403903496|0
1403903518|0
1403903541|0
1403903563|0
1403903586|0
1403903608|0
1403903631|0
1403903653|0
1403903676|0
1403903698|0
1403903721|0
1403903743|0
1403903766|0
1403903788|0
1403903810|0
1403903833|0
1403903855|0
1403903878|0
1403903900|0
1403903923|0
1403903945|0
1403903968|0
1403903990|0
1403904013|0
1403904035|0
1403904058|0
1403904080|0
1403904103|0
1403904125|0
1403904147|0
1403904170|0
1403904192|0
1403904215|0
1403904237|0
1403904260|0
1403904282|0
1403904305|0
1403904327|0
1403904350|0
1403904372|0
1403904395|0
1403904417|0
1403904440|0
1403904462|0
1403904485|0
1403904507|0
1403904529|0
1403904552|0
1403904574|0
1403904597|0
1403904619|0
1403904642|0
1403904664|0
1403904687|0
1403904709|0
1403904732|0
1403904754|0
1403904777|0
1403904799|0
1403904822|0
1403904844|0
1403904866|0
1403904889|0
1403904911|0
1403904934|0
1403904956|0
1403904979|0
1403905001|0
1403905024|0
1403905046|0
1403905069|0
1403905091|0
1403905114|0
1403905136|0
1403905159|0
1403905181|0
1403905204|0
1403905226|0
1403905249|0
1403905271|0
1403905293|0
1403905316|0
1403905338|0
1403905361|0
1403905383|0
1403905406|0
1403905428|0
1403905451|0
1403905473|0
1403905496|0
1403905518|0
1403905541|0
1403905563|0
1403905586|0
1403905608|0
1403905630|0
1403905653|0
1403905675|0
1403905698|0
1403905720|0
1403905743|0
1403905765|0
1403905788|0
1403905810|0
1403905833|0
1403905855|0
1403905878|0
1403905900|0
1403905923|0
1403905945|0
1403905967|0
1403905990|0
1403906012|0
1403906035|0
1403906057|0
1403906080|0
1403906102|0
1403906125|0
1403906147|0
1403906170|0
1403906192|0
1403906215|0
1403906237|0
1403906260|0
1403906282|0
1403906304|0
1403906327|0
1403906349|0
1403906372|0
1403906394|0
1403906417|0
1403906439|0
1403906462|0
1403906484|0
1403906507|0
1403906529|0
1403906552|0
1403906574|0
1403906597|0
1403906619|0
1403906641|0
1403906664|0
1403906686|0
1403906709|0
1403906731|0
1403906754|0
1403906776|0
1403906799|0
1403906821|0
1403906844|0
1403906866|0
1403906889|0
1403906911|0
1403906934|0
1403906956|0
1403906979|0
1403907001|0
1403907024|0
1403907046|0
1403907068|0
1403907091|0
1403907113|0
1403907136|0
1403907158|0
1403907181|0
1403907203|0
1403907226|0
1403907248|0
1403907271|0
1403907293|0
1403907316|0
1403907338|0
1403907361|0
1403907383|0
1403907405|0
1403907428|0
1403907450|0
1403907473|0
1403907495|0
1403907518|0
1403907540|0
1403907563|0
1403907585|0
1403907608|0
1403907630|0
1403907653|0
1403907675|0
1403907698|0
1403907720|0
1403907742|0
1403907765|0
1403907787|0
1403907810|0
1403907832|0
1403907855|0
1403907877|0
1403907900|0
1403907922|0
1403907945|0
1403907967|0
1403907990|0
1403908012|0
1403908035|0
1403908057|0
1403908080|0
1403908102|0
1403908124|0
1403908147|0
1403908169|0
1403908192|0
1403908214|0
1403908237|0
1403908259|0
1403908282|0
1403908304|0
1403908327|0
1403908349|0
1403908372|0
1403908394|0
1403908417|0
1403908439|0
1403908461|0
1403908484|0
1403908506|0
1403908529|0
1403908551|0
1403908574|0
1403908596|0
1403908619|0
1403908641|0
1403908664|0
1403908686|0
1403908709|0
1403908731|0
1403908754|0
1403908776|0
1403908798|0
1403908821|0
1403908843|0
1403908866|0
1403908888|0
1403908911|0
1403908933|0
1403908956|0
1403908978|0
1403909001|0
1403909023|0
1403909046|0
1403909068|0
1403909091|0
1403909113|0
1403909136|0
1403909158|0
1403909181|0
1403909203|0
1403909225|0
1403909248|0
1403909270|0
1403909293|0
1403909315|0
1403909338|0
1403909360|0
1403909383|0
1403909405|0
1403909428|0
1403909450|0
1403909473|0
1403909495|0
1403909518|0
1403909540|0
1403909562|0
1403909585|0
1403909607|0
1403909630|0
1403909652|0
1403909675|0
1403909697|0
1403909720|0
1403909742|0
1403909765|0
1403909787|0
1403909810|0
1403909832|0
1403909855|0
1403909877|0
1403909900|0
1403909922|0
1403909945|0
1403909967|0
1403909989|0
1403910012|0
1403910034|0
1403910057|0
1403910079|0
1403910102|0
1403910124|0
1403910147|0
1403910169|0
1403910192|0
1403910214|0
1403910237|0
1403910259|0
1403910282|0
1403910304|0
1403910326|0
1403910349|0
1403910371|0
1403910394|0
1403910416|0
1403910439|0
1403910461|0
1403910484|0
1403910506|0
1403910529|0
1403910551|0
1403910574|0
1403910596|0
1403910619|0
1403910641|0
1403910663|0
1403910686|0
1403910708|0
1403910731|0
1403910753|0
1403910776|0
1403910798|0
1403910821|0
1403910843|0
1403910866|0
1403910888|0
1403910911|0
1403910933|0
1403910956|0
1403910978|0
1403911001|0
1403911023|0
1403911045|0
1403911068|0
1403911090|0
1403911113|0
1403911135|0
1403911158|0
1403911180|0
1403911203|0
1403911225|0
1403911248|0
1403911270|0
1403911293|0
1403911315|0
1403911338|0
1403911360|0
1403911382|0
1403911405|0
1403911427|0
1403911450|0
1403911472|0
1403911495|0
1403911517|0
1403911540|0
1403911562|0
1403911585|0
1403911607|0
1403911630|0
1403911652|0
1403911675|0
1403911697|0
1403911719|0
1403911742|0
1403911764|0
1403911787|0
1403911809|0
1403911832|0
1403911854|0
1403911877|0
1403911899|0
1403911922|0
1403911944|0
1403911967|0
1403911989|0
1403912012|0
1403912034|0
1403912056|0
1403912079|0
1403912101|0
1403912124|0
1403912146|0
1403912169|0
1403912191|0
1403912214|0
1403912236|0
1403912259|0
1403912281|0
1403912304|0
1403912326|0
1403912349|0
1403912371|0
1403912394|0
1403912416|0
1403912439|0
1403912461|0
1403912483|0
1403912506|0
1403912528|0
1403912551|0
1403912573|0
1403912596|0
1403912618|0
1403912641|0
1403912663|0
1403912686|0
1403912708|0
1403912731|0
1403912753|0
1403912776|0
1403912798|0
1403912821|0
1403912843|0
1403912866|0
1403912888|0
1403912911|0
1403912933|0
1403912956|0
1403912978|0
1403913001|0
1403913023|0
1403913046|0
1403913068|0
1403913090|0
1403913113|0
1403913135|0
1403913158|0
1403913180|0
1403913203|0
1403913225|0
1403913248|0
1403913270|0
1403913293|0
1403913315|0
1403913338|0
1403913360|0
1403913383|0
1403913405|0
1403913428|0
1403913450|0
1403913472|0
1403913495|0
1403913517|0
1403913540|0
1403913562|0
1403913585|0
1403913607|0
1403913630|0
1403913652|0
1403913675|0
1403913697|0
1403913720|0
1403913742|0
1403913765|0
1403913787|0
1403913809|0
1403913832|0
1403913854|0
1403913877|0
1403913899|0
1403913922|0
1403913944|0
1403913967|0
1403913989|0
1403914012|0
1403914034|0
1403914057|0
1403914079|0
1403914102|0
1403914124|0
1403914146|0
1403914169|0
1403914191|0
1403914214|0
1403914236|0
1403914259|0
1403914281|0
1403914304|0
1403914326|0
1403914349|0
1403914371|0
1403914394|0
1403914416|0
1403914439|0
1403914461|0
1403914483|0
1403914506|0
1403914529|0
1403914551|0
1403914573|0
1403914596|0
1403914618|0
1403914641|0
1403914663|0
1403914686|0
1403914708|0
1403914731|0
1403914754|0
1403914776|0
1403914799|0
1403914821|0
1403914844|0
1403914866|0
1403914889|0
1403914911|0
1403914934|0
1403914956|0
1403914979|0
1403915001|0
1403915024|0
1403915046|0
1403915069|0
1403915091|0
1403915113|0
1403915136|0
1403915158|0
1403915181|0
1403915203|0
1403915226|0
1403915248|0
1403915271|0
1403915293|0
1403915316|0
1403915338|0
1403915361|0
1403915383|0
1403915406|0
1403915428|0
1403915450|0
1403915473|0
1403915495|0
1403915518|0
1403915540|0
1403915563|0
1403915585|0
1403915608|0
1403915630|0
1403915653|0
1403915675|0
1403915698|0
1403915720|0
1403915743|0
1403915765|0
1403915788|0
1403915810|0
1403915832|0
1403915855|0
1403915877|0
1403915900|0
1403915922|0
1403915945|0
1403915967|0
1403915990|0
1403916012|0
1403916035|0
1403916057|0
1403916080|0
1403916102|0
1403916125|0
1403916147|0
1403916169|0
1403916192|0
1403916214|0
1403916237|0
1403916259|0
1403916282|0
1403916304|0
1403916327|0
1403916349|0
1403916372|0
1403916394|0
1403916417|0
1403916439|0
1403916462|0
1403916484|0
1403916506|0
1403916529|0
1403916551|0
1403916574|0
1403916596|0
1403916619|0
1403916641|0
1403916664|0
1403916686|0
1403916709|0
1403916731|0
1403916754|0
1403916776|0
1403916799|0
1403916821|0
1403916844|0
1403916866|0
1403916888|0
1403916911|0
1403916933|0
1403916956|0
1403916978|0
1403917001|0
1403917023|0
1403917046|0
1403917068|0
1403917091|0
1403917113|0
1403917136|0
1403917158|0
1403917181|0
1403917203|0
1403917226|0
1403917248|0
1403917270|0
1403917293|0
1403917315|0
1403917338|0
1403917360|0
1403917383|0
1403917405|0
1403917428|0
1403917450|0
1403917473|0
1403917495|0
1403917518|0
1403917540|0
1403917563|0
1403917585|0
1403917607|0
1403917630|0
1403917652|0
1403917675|0
1403917697|0
1403917720|0
1403917742|0
1403917765|0
1403917787|0
1403917810|0
1403917832|0
1403917855|0
1403917877|0
1403917900|0
1403917922|0
1403917945|0
1403917967|0
1403917990|0
1403918012|0
1403918034|0
1403918057|0
1403918079|0
1403918102|0
1403918124|0
1403918147|0
1403918169|0
1403918192|0
1403918214|0
1403918237|0
1403918259|0
1403918282|0
1403918304|0
1403918327|0
1403918349|0
1403918371|0
1403918394|0
1403918416|0
1403918439|0
1403918461|0
1403918484|0
1403918506|0
1403918529|0
1403918551|0
1403918574|0
1403918596|0
1403918619|0
1403918641|0
1403918664|0
1403918686|0
1403918708|0
1403918731|0
1403918753|0
1403918776|0
1403918798|0
1403918821|0
1403918843|0
1403918866|0
1403918888|0
1403918911|0
1403918933|0
1403918956|0
1403918978|0
1403919001|0
1403919023|0
1403919046|0
1403919068|0
1403919090|0
1403919113|0
1403919135|0
1403919158|0
1403919180|0
1403919203|0
1403919225|0
1403919248|0
1403919270|0
1403919293|0
1403919315|0
1403919338|0
1403919360|0
1403919383|0
1403919405|0
1403919427|0
1403919450|0
1403919472|0
1403919495|0
1403919517|0
1403919540|0
1403919562|0
1403919585|0
1403919607|0
1403919630|0
1403919652|0
1403919675|0
1403919697|0
1403919720|0
1403919742|0
1403919764|0
1403919787|0
1403919809|0
1403919832|0
1403919854|0
1403919877|0
1403919899|0
1403919922|0
1403919944|0
1403919967|0
1403919989|0
1403920012|0
1403920034|0
1403920057|0
1403920079|0
1403920101|0
1403920124|0
1403920146|0
1403920169|0
1403920191|0
1403920214|0
1403920236|0
1403920259|0
1403920281|0
1403920304|0
1403920326|0
1403920349|0
1403920371|0
1403920394|0
1403920416|0
1403920438|0
1403920461|0
1403920483|0
1403920506|0
1403920528|0
1403920551|0
1403920573|0
1403920596|0
1403920618|0
1403920641|0
1403920663|0
1403920686|0
1403920708|0
1403920731|0
1403920753|0
1403920775|0
1403920798|0
1403920820|0
1403920843|0
1403920865|0
1403920888|0
1403920910|0
1403920933|0
1403920955|0
1403920978|0
1403921000|0
1403921023|0
1403921045|0
1403921068|0
1403921090|0
1403921113|0
1403921135|0
1403921158|0
1403921181|0
1403921203|0
1403921226|0
1403921248|0
1403921271|0
1403921293|0
1403921316|0
1403921338|0
1403921361|0
1403921383|0
1403921405|0
1403921428|0
1403921450|0
1403921473|0
1403921495|0
1403921518|0
1403921540|0
1403921563|0
1403921585|0
1403921608|0
1403921630|0
1403921653|0
1403921675|0
1403921698|0
1403921720|0
1403921742|0
1403921765|0
1403921787|0
1403921810|0
1403921832|0
1403921855|0
1403921877|0
1403921900|0
1403921922|0
1403921945|0
1403921967|0
1403921990|0
1403922012|0
1403922035|0
1403922057|0
1403922080|0
1403922102|0
1403922125|0
1403922147|0
1403922169|0
1403922192|0
1403922214|0
1403922237|0
1403922259|0
1403922282|0
1403922304|0
1403922327|0
1403922349|0
1403922372|0
1403922394|0
1403922417|0
1403922439|0
1403922462|0
1403922484|0
1403922506|0
1403922529|0
1403922551|0
1403922574|0
1403922596|0
1403922619|0
1403922641|0
1403922664|0
1403922686|0
1403922709|0
1403922731|0
1403922754|0
1403922776|0
1403922799|0
1403922821|0
1403922844|0
1403922866|0
1403922888|0
1403922911|0
1403922933|0
1403922956|0
1403922978|0
1403923001|0
1403923023|0
1403923046|0
1403923068|0
1403923091|0
1403923113|0
1403923136|0
1403923158|0
1403923181|0
1403923203|0
1403923225|0
1403923248|0
1403923270|0
1403923293|0
1403923315|0
1403923338|0
1403923360|0
1403923383|0
1403923405|0
1403923428|0
1403923450|0
1403923473|0
1403923495|0
1403923518|0
1403923540|0
1403923562|0
1403923585|0
1403923607|0
1403923630|0
1403923652|0
1403923675|0
1403923697|0
1403923720|0
1403923742|0
1403923765|0
1403923787|0
1403923810|0
1403923832|0
1403923855|0
1403923877|0
1403923900|0
1403923922|0
1403923944|0
1403923967|0
1403923989|0
1403924012|0
1403924034|0
1403924057|0
1403924079|0
1403924102|0
1403924124|0
1403924147|0
1403924169|0
1403924192|0
1403924214|0
1403924237|0
1403924259|0
1403924282|0
1403924304|0
1403924326|0
1403924349|0
1403924371|0
1403924394|0
1403924416|0
1403924439|0
1403924461|0
1403924484|0
1403924506|0
1403924529|0
1403924551|0
1403924574|0
1403924596|0
1403924619|0
1403924641|0
1403924663|0
1403924686|0
1403924708|0
1403924731|0
1403924753|0
1403924776|0
1403924798|0
1403924821|0
1403924843|0
1403924866|0
1403924888|0
1403924911|0
1403924933|0
1403924956|0
1403924978|0
1403925000|0
1403925023|0
1403925045|0
1403925068|0
1403925090|0
1403925113|0
1403925135|0
1403925158|0
1403925180|0
1403925203|0
1403925225|0
1403925248|0
1403925270|0
1403925293|0
1403925315|0
1403925337|0
1403925360|0
1403925382|0
1403925405|0
1403925427|0
1403925450|0
1403925472|0
1403925495|0
1403925517|0
1403925540|0
1403925562|0
1403925585|0
1403925607|0
1403925630|0
1403925652|0
1403925675|0
1403925697|0
1403925720|0
1403925742|0
1403925765|0
1403925787|0
1403925809|0
1403925832|0
1403925854|0
1403925877|0
1403925899|0
1403925922|0
1403925944|0
1403925967|0
1403925989|0
1403926012|0
1403926034|0
1403926057|0
1403926079|0
1403926102|0
1403926124|0
1403926146|0
1403926169|0
1403926191|0
1403926214|0
1403926236|0
1403926259|0
1403926281|0
1403926304|0
1403926326|0
1403926349|0
1403926371|0
1403926394|0
1403926416|0
1403926439|0
1403926461|0
1403926483|0
1403926506|0
1403926528|0
1403926551|0
1403926573|0
1403926596|0
1403926618|0
1403926641|0
1403926663|0
1403926686|0
1403926708|0
1403926731|0
1403926753|0
1403926776|0
1403926798|0
1403926821|0
1403926843|0
1403926865|0
1403926888|0
1403926910|0
1403926933|0
1403926955|0
1403926978|0
1403927000|0
1403927023|0
1403927045|0
1403927068|0
1403927090|0
1403927113|0
1403927135|0
1403927158|0
1403927180|0
1403927203|0
1403927225|0
1403927247|0
1403927270|0
1403927292|0
1403927315|0
1403927337|0
1403927360|0
1403927382|0
1403927405|0
1403927427|0
1403927450|0
1403927472|0
1403927495|0
1403927517|0
1403927540|0
1403927562|0
1403927584|0
1403927607|0
1403927629|0
1403927652|0
1403927674|0
1403927697|0
1403927719|0
1403927742|0
1403927764|0
1403927787|0
1403927809|0
1403927832|0
1403927854|0
1403927877|0
1403927899|0
1403927921|0
1403927944|0
1403927966|0
1403927989|0
1403928011|0
1403928034|0
1403928056|0
1403928079|0
1403928101|0
1403928124|0
1403928146|0
1403928169|0
1403928191|0
1403928214|0
1403928236|0
1403928258|0
1403928281|0
1403928303|0
1403928326|0
1403928348|0
1403928371|0
1403928393|0
1403928416|0
1403928438|0
1403928461|0
1403928483|0
1403928506|0
1403928528|0
1403928551|0
1403928573|0
1403928596|0
1403928618|0
1403928641|0
1403928663|0
1403928685|0
1403928708|0
1403928730|0
1403928753|0
1403928775|0
1403928798|0
1403928820|0
1403928843|0
1403928865|0
1403928888|0
1403928910|0
1403928933|0
1403928955|0
1403928978|0
1403929000|0
1403929022|0
1403929045|0
1403929067|0
1403929090|0
1403929112|0
1403929135|0
1403929157|0
1403929180|0
1403929202|0
1403929225|0
1403929247|0
1403929270|0
1403929292|0
1403929315|0
1403929337|0
1403929359|0
1403929382|0
1403929404|0
1403929427|0
1403929449|0
1403929472|0
1403929494|0
1403929517|0
1403929539|0
1403929562|0
1403929584|0
1403929607|0
1403929629|0
1403929652|0
1403929674|0
1403929696|0
1403929719|0
1403929741|0
1403929764|0
1403929786|0
1403929809|0
1403929831|0
1403929854|0
1403929876|0
1403929899|0
1403929921|0
1403929944|0
1403929966|0
1403929989|0
1403930011|0
1403930034|0
1403930056|0
1403930078|0
1403930101|0
1403930123|0
1403930146|0
1403930168|0
1403930191|0
1403930213|0
1403930236|0
1403930258|0
1403930281|0
1403930303|0
1403930326|0
1403930348|0
1403930371|0
1403930393|0
1403930415|0
1403930438|0
1403930460|0
1403930483|0
1403930505|0
1403930528|0
1403930550|0
1403930573|0
1403930595|0
1403930618|0
1403930640|0
1403930663|0
1403930685|0
1403930708|0
1403930730|0
1403930752|0
1403930775|0
1403930797|0
1403930820|0
1403930842|0
1403930865|0
1403930887|0
1403930910|0
1403930932|0
1403930955|0
1403930977|0
1403931000|0
1403931022|0
1403931045|0
1403931067|0
1403931089|0
1403931112|0
1403931134|0
1403931157|0
1403931179|0
1403931202|0
1403931224|0
1403931247|0
1403931269|0
1403931292|0
1403931314|0
1403931337|0
1403931359|0
1403931382|0
1403931404|0
1403931427|0
1403931449|0
1403931471|0
1403931494|0
1403931516|0
1403931539|0
1403931561|0
1403931584|0
1403931606|0
1403931629|0
1403931651|0
1403931674|0
1403931696|0
1403931719|0
1403931741|0
1403931764|0
1403931786|0
1403931809|0
1403931831|0
1403931853|0
1403931876|0
1403931898|0
1403931921|0
1403931943|0
1403931966|0
1403931988|0
1403932011|0
1403932033|0
1403932056|0
1403932078|0
1403932101|0
1403932123|0
1403932146|0
1403932168|0
1403932190|0
1403932213|0
1403932235|0
1403932258|0
1403932280|0
1403932303|0
1403932325|0
1403932348|0
1403932370|0
1403932393|0
1403932415|0
1403932438|0
1403932460|0
1403932483|0
1403932505|0
1403932527|0
1403932550|0
1403932572|0
1403932595|0
1403932617|0
1403932640|0
1403932662|0
1403932685|0
1403932707|0
1403932730|0
1403932752|0
1403932775|0
1403932797|0
1403932820|0
1403932842|0
1403932865|0
1403932887|0
1403932909|0
1403932932|0
1403932954|0
1403932977|0
1403932999|0
1403933022|0
1403933044|0
1403933067|0
1403933089|0
1403933112|0
1403933134|0
1403933157|0
1403933179|0
1403933202|0
1403933224|0
1403933247|0
1403933269|0
1403933291|0
1403933314|0
1403933336|0
1403933359|0
1403933381|0
1403933404|0
1403933426|0
1403933449|0
1403933471|0
1403933494|0
1403933516|0
1403933539|0
1403933561|0
1403933584|0
1403933606|0
1403933628|0
1403933651|0
1403933673|0
1403933696|0
1403933718|0
1403933741|0
1403933763|0
1403933786|0
1403933808|0
1403933831|0
1403933853|0
1403933876|0
1403933898|0
1403933921|0
1403933943|0
1403933965|0
1403933988|0
1403934010|0
1403934033|0
1403934055|0
1403934078|0
1403934100|0
1403934123|0
1403934145|0
1403934168|0
1403934190|0
1403934213|0
1403934235|0
1403934258|0
1403934280|0
1403934302|0
1403934325|0
1403934347|0
1403934370|0
1403934392|0
1403934415|0
1403934437|0
1403934460|0
1403934482|0
1403934505|0
1403934527|0
1403934550|0
1403934572|0
1403934595|0
1403934617|0
1403934640|0
1403934662|0
1403934684|0
1403934707|0
1403934729|0
1403934752|0
1403934774|0
1403934797|0
1403934819|0
1403934842|0
1403934864|0
1403934887|0
1403934909|0
1403934932|0
1403934954|0
1403934977|0
1403934999|0
1403935021|0
1403935044|0
1403935066|0
1403935089|0
1403935111|0
1403935134|0
1403935156|0
1403935179|0
1403935201|0
1403935224|0
1403935246|0
1403935269|0
1403935291|0
1403935314|0
1403935336|0
1403935358|0
1403935381|0
1403935403|0
1403935426|0
1403935448|0
1403935471|0
1403935493|0
1403935516|0
1403935538|0
1403935561|0
1403935583|0
1403935606|0
1403935628|0
1403935651|0
1403935673|0
1403935696|0
1403935718|0
1403935741|0
1403935763|0
1403935785|0
1403935808|0
1403935830|0
1403935853|0
1403935875|0
1403935898|0
1403935920|0
1403935943|0
1403935965|0
1403935988|0
1403936010|0
1403936033|0
1403936055|0
1403936078|0
1403936100|0
1403936122|0
1403936145|0
1403936167|0
1403936190|0
1403936212|0
1403936235|0
1403936257|0
1403936280|0
1403936302|0
1403936325|0
1403936347|0
1403936370|0
1403936392|0
1403936415|0
1403936437|0
1403936459|0
1403936482|0
1403936504|0
1403936527|0
1403936549|0
1403936572|0
1403936594|0
1403936617|0
1403936639|0
1403936662|0
1403936684|0
1403936707|0
1403936729|0
1403936752|0
1403936774|0
1403936797|0
1403936819|0
1403936842|0
1403936864|0
1403936887|0
1403936909|0
1403936931|0
1403936954|0
1403936976|0
1403936999|0
1403937021|0
1403937044|0
1403937066|0
1403937089|0
1403937111|0
1403937134|0
1403937156|0
1403937179|0
1403937201|0
1403937224|0
1403937246|0
1403937268|0
1403937291|0
1403937314|0
1403937336|0
1403937358|0
1403937381|0
1403937403|0
1403937426|0
1403937448|0
1403937471|0
1403937493|0
1403937516|0
1403937538|0
1403937561|0
1403937583|0
1403937606|0
1403937628|0
1403937651|0
1403937673|0
1403937695|0
1403937718|0
1403937740|0
1403937763|0
1403937785|0
1403937808|0
1403937830|0
1403937853|0
1403937875|0
1403937898|0
1403937920|0
1403937943|0
1403937965|0
1403937988|0
1403938010|0
1403938033|0
1403938055|0
1403938078|0
1403938100|0
1403938122|0
1403938145|0
1403938167|0
1403938190|0
1403938212|0
1403938235|0
1403938257|0
1403938280|0
1403938302|0
1403938325|0
1403938347|0
1403938370|0
1403938392|0
1403938415|0
1403938437|0
1403938459|0
1403938482|0
1403938504|0
1403938527|0
1403938549|0
1403938572|0
1403938594|0
1403938617|0
1403938639|0
1403938662|0
1403938684|0
1403938707|0
1403938729|0
1403938752|0
1403938774|0
1403938796|0
1403938819|0
1403938841|0
1403938864|0
1403938886|0
1403938909|0
1403938931|0
1403938954|0
1403938976|0
1403938999|0
1403939021|0
1403939044|0
1403939066|0
1403939089|0
1403939111|0
1403939133|0
1403939156|0
1403939178|0
1403939201|0
1403939223|0
1403939246|0
1403939268|0
1403939291|0
1403939313|0
1403939336|0
1403939358|0
1403939381|0
1403939403|0
1403939426|0
1403939448|0
1403939470|0
1403939493|0
1403939515|0
1403939538|0
1403939560|0
1403939583|0
1403939605|0
1403939628|0
1403939650|0
1403939673|0
1403939695|0
1403939718|0
1403939740|0
1403939763|0
1403939785|0
1403939808|0
1403939830|0
1403939852|0
1403939875|0
1403939897|0
1403939920|0
1403939942|0
1403939965|0
1403939987|0
1403940010|0
1403940032|0
1403940055|0
1403940077|0
1403940100|0
1403940122|0
1403940145|0
1403940167|0
1403940189|0
1403940212|0
1403940234|0
1403940257|0
1403940279|0
1403940302|0
1403940324|0
1403940347|0
1403940369|0
1403940392|0
1403940414|0
1403940437|0
1403940459|0
1403940482|0
1403940504|0
1403940526|0
1403940549|0
1403940571|0
1403940594|0
1403940616|0
1403940639|0
1403940661|0
1403940684|0
1403940706|0
1403940729|0
1403940751|0
1403940774|0
1403940796|0
1403940819|0
1403940841|0
1403940863|0
1403940886|0
1403940908|0
1403940931|0
1403940953|0
1403940976|0
1403940998|0
1403941021|0
1403941043|0
1403941066|0
1403941088|0
1403941111|0
1403941133|0
1403941156|0
1403941178|0
1403941200|0
1403941223|0
1403941245|0
1403941268|0
1403941290|0
1403941313|0
1403941335|0
1403941358|0
1403941380|0
1403941403|0
1403941425|0
1403941448|0
1403941470|0
1403941493|0
1403941515|0
1403941538|0
1403941560|0
1403941583|0
1403941605|0
1403941627|0
1403941650|0
1403941672|0
1403941695|0
1403941717|0
1403941740|0
1403941762|0
1403941785|0
1403941807|0
1403941830|0
1403941852|0
1403941875|0
1403941897|0
1403941920|0
1403941942|0
1403941964|0
1403941987|0
1403942009|0
1403942032|0
1403942054|0
1403942077|0
1403942099|0
1403942122|0
1403942144|0
1403942167|0
1403942189|0
1403942212|0
1403942234|0
1403942257|0
1403942279|0
1403942301|0
1403942324|0
1403942346|0
1403942369|0
1403942391|0
1403942414|0
1403942436|0
1403942459|0
1403942481|0
1403942504|0
1403942526|0
1403942549|0
1403942571|0
1403942594|0
1403942616|0
1403942638|0
1403942661|0
1403942683|0
1403942706|0
1403942728|0
1403942751|0
1403942773|0
1403942796|0
1403942818|0
1403942841|0
1403942863|0
1403942886|0
1403942908|0
1403942931|0
1403942953|0
1403942975|0
1403942998|0
1403943020|0
1403943043|0
1403943065|0
1403943088|0
1403943110|0
1403943133|0
1403943155|0
1403943178|0
1403943200|0
1403943223|0
1403943245|0
1403943268|0
1403943290|0
1403943313|0
1403943335|0
1403943358|0
1403943380|0
1403943402|0
1403943425|0
1403943447|0
1403943470|0
1403943492|0
1403943515|0
1403943537|0
1403943560|0
1403943582|0
1403943605|0
1403943627|0
1403943650|0
1403943672|0
1403943695|0
1403943717|0
1403943739|0
1403943762|0
1403943784|0
1403943807|0
1403943829|0
1403943852|0
1403943874|0
1403943897|0
1403943919|0
1403943942|0
1403943964|0
1403943987|0
1403944009|0
1403944032|0
1403944054|0
1403944076|0
1403944099|0
1403944121|0
1403944144|0
1403944166|0
1403944189|0
1403944211|0
1403944234|0
1403944256|0
1403944279|0
1403944301|0
1403944324|0
1403944346|0
1403944369|0
1403944391|0
1403944413|0
1403944436|0
1403944458|0
1403944481|0
1403944503|0
1403944526|0
1403944548|0
1403944571|0
1403944593|0
1403944616|0
1403944638|0
1403944661|0
1403944683|0
1403944706|0
1403944728|0
1403944751|0
1403944773|0
1403944795|0
1403944818|0
1403944840|0
1403944863|0
1403944885|0
1403944908|0
1403944930|0
1403944953|0
1403944975|0
1403944998|0
1403945020|0
1403945043|0
1403945065|0
1403945088|0
1403945110|0
1403945132|0
1403945155|0
1403945177|0
1403945200|0
1403945222|0
1403945245|0
1403945267|0
1403945290|0
1403945312|0
1403945335|0
1403945357|0
1403945380|0
1403945402|0
1403945425|0
1403945447|0
1403945469|0
1403945492|0
1403945514|0
1403945537|0
1403945559|0
1403945582|0
1403945604|0
1403945627|0
1403945649|0
1403945672|0
1403945694|0
1403945717|0
1403945739|0
1403945762|0
1403945784|0
1403945807|0
1403945829|0
1403945851|0
1403945874|0
1403945896|0
1403945919|0
1403945941|0
1403945964|0
1403945986|0
1403946009|0
1403946031|0
1403946054|0
1403946076|0
1403946099|0
1403946121|0
1403946144|0
1403946166|0
1403946189|0
1403946211|0
1403946233|0
1403946256|0
1403946278|0
1403946301|0
1403946323|0
1403946346|0
1403946368|0
1403946391|0
1403946413|0
1403946436|0
1403946458|0
1403946481|0
1403946503|0
1403946526|0
1403946548|0
1403946570|0
1403946593|0
1403946615|0
1403946638|0
1403946660|0
1403946683|0
1403946705|0
1403946728|0
1403946750|0
1403946773|0
1403946795|0
1403946818|0
1403946840|0
1403946863|0
1403946885|0
1403946908|0
1403946930|0
1403946953|0
1403946975|0
1403946997|0
1403947020|0
1403947042|0
1403947065|0
1403947087|0
1403947110|0
1403947132|0
1403947155|0
1403947177|0
1403947200|0
1403947222|0
1403947245|0
1403947267|0
1403947290|0
1403947312|0
1403947334|0
1403947357|0
1403947379|0
1403947402|0
1403947424|0
1403947447|0
1403947469|0
1403947492|0
1403947514|0
1403947537|0
1403947559|0
1403947582|0
1403947604|0
1403947627|0
1403947649|0
1403947671|0
1403947694|0
1403947716|0
1403947739|0
1403947761|0
1403947784|0
1403947806|0
1403947829|0
1403947851|0
1403947874|0
1403947896|0
1403947919|0
1403947941|0
1403947964|0
1403947986|0
1403948009|0
1403948031|0
1403948053|0
1403948076|0
1403948098|0
1403948121|0
1403948143|0
1403948166|0
1403948188|0
1403948211|0
1403948233|0
1403948256|0
1403948278|0
1403948301|0
1403948323|0
1403948346|0
1403948368|0
1403948390|0
1403948413|0
1403948435|0
1403948458|0
1403948480|0
1403948503|0
1403948525|0
1403948548|0
1403948570|0
1403948593|0
1403948615|0
1403948638|0
1403948660|0
1403948683|0
1403948705|0
1403948727|0
1403948750|0
1403948772|0
1403948795|0
1403948817|0
1403948840|0
1403948862|0
1403948885|0
1403948907|0
1403948930|0
1403948952|0
1403948975|0
1403948997|0
1403949020|0
1403949042|0
1403949065|0
1403949087|0
1403949110|0
1403949132|0
1403949154|0
1403949177|0
1403949199|0
1403949222|0
1403949244|0
1403949267|0
1403949289|0
1403949312|0
1403949334|0
1403949357|0
1403949379|0
1403949402|0
1403949424|0
1403949447|0
1403949469|0
1403949491|0
1403949514|0
1403949536|0
1403949559|0
1403949581|0
1403949604|0
1403949626|0
1403949649|0
1403949671|0
1403949694|0
1403949716|0
1403949739|0
1403949761|0
1403949784|0
1403949807|0
1403949829|0
1403949852|0
1403949874|0
1403949897|0
1403949919|0
1403949942|0
1403949964|0
1403949987|0
1403950009|0
1403950032|0
1403950054|0
1403950077|0
1403950099|0
1403950121|0
1403950144|0
1403950166|0
1403950189|0
1403950211|0
1403950234|0
1403950256|0
1403950279|0
1403950301|0
1403950324|0
1403950346|0
1403950369|0
1403950391|0
1403950414|0
1403950436|0
1403950458|0
1403950481|0
1403950503|0
1403950526|0
1403950548|0
1403950571|0
1403950593|0
1403950616|0
1403950638|0
1403950661|0
1403950683|0
1403950706|0
1403950728|0
1403950751|0
1403950773|0
1403950795|0
1403950818|0
1403950840|0
1403950863|0
1403950885|0
1403950908|0
1403950930|0
1403950953|0
1403950975|0
1403950998|0
1403951020|0
1403951043|0
1403951065|0
1403951088|0
1403951110|0
1403951132|0
1403951155|0
1403951177|0
1403951200|0
1403951222|0
1403951245|0
1403951268|0
1403951290|0
1403951313|0
1403951335|0
1403951358|0
1403951380|0
1403951403|0
1403951425|0
1403951447|0
1403951470|0
1403951492|0
1403951515|0
1403951537|0
1403951560|0
1403951582|0
1403951605|0
1403951627|0
1403951650|0
1403951672|0
1403951695|0
1403951717|0
1403951740|0
1403951762|0
1403951784|0
1403951807|0
1403951829|0
1403951852|0
1403951874|0
1403951897|0
1403951919|0
1403951942|0
1403951964|0
1403951987|0
1403952009|0
1403952032|0
1403952054|0
1403952077|0
1403952099|0
1403952122|0
1403952144|0
1403952166|0
1403952189|0
1403952211|0
1403952234|0
1403952256|0
1403952279|0
1403952301|0
1403952324|0
1403952346|0
1403952369|0
1403952391|0
1403952414|0
1403952436|0
1403952459|0
1403952481|0
1403952503|0
1403952526|0
1403952548|0
1403952571|0
1403952593|0
1403952616|0
1403952638|0
1403952661|0
1403952683|0
1403952706|0
1403952728|0
1403952751|0
1403952773|0
1403952796|0
1403952818|0
1403952841|0
1403952863|0
1403952886|0
1403952908|0
1403952930|0
1403952953|0
1403952975|0
1403952998|0
1403953020|0
1403953043|0
1403953065|0
1403953088|0
1403953110|0
1403953133|0
1403953155|0
1403953178|0
1403953200|0
1403953223|0
1403953245|0
1403953267|0
1403953290|0
1403953312|0
1403953335|0
1403953357|0
1403953380|0
1403953402|0
1403953425|0
1403953447|0
1403953470|0
1403953492|0
1403953515|0
1403953537|0
1403953560|0
1403953582|0
1403953604|0
1403953627|0
1403953649|0
1403953672|0
1403953694|0
1403953717|0
1403953739|0
1403953762|0
1403953784|0
1403953807|0
1403953829|0
1403953852|0
1403953874|0
1403953897|0
1403953919|0
1403953942|0
1403953964|0
1403953986|0
1403954009|0
1403954031|0
1403954054|0
1403954076|0
1403954099|0
1403954121|0
1403954144|0
1403954166|0
1403954189|0
1403954211|0
1403954234|0
1403954256|0
1403954279|0
1403954301|0
1403954324|0
1403954346|0
1403954368|0
1403954391|0
1403954413|0
1403954436|0
1403954458|0
1403954481|0
1403954503|0
1403954526|0
1403954548|0
1403954571|0
1403954593|0
1403954616|0
1403954638|0
1403954661|0
1403954683|0
1403954705|0
1403954728|0
1403954750|0
1403954773|0
1403954795|0
1403954818|0
1403954840|0
1403954863|0
1403954885|0
1403954908|0
1403954930|0
1403954953|0
1403954975|0
1403954998|0
1403955020|0
1403955042|0
1403955065|0
1403955087|0
1403955110|0
1403955132|0
1403955155|0
1403955177|0
1403955200|0
1403955222|0
1403955245|0
1403955267|0
1403955290|0
1403955312|0
1403955335|0
1403955357|0
1403955379|0
1403955402|0
1403955424|0
1403955447|0
1403955469|0
1403955492|0
1403955514|0
1403955537|0
1403955559|0
1403955582|0
1403955604|0
1403955627|0
1403955649|0
1403955672|0
1403955694|0
1403955716|0
1403955739|0
1403955761|0
1403955784|0
1403955806|0
1403955829|0
1403955851|0
1403955874|0
1403955896|0
1403955919|0
1403955941|0
1403955964|0
1403955986|0
1403956009|0
1403956031|0
1403956054|0
1403956076|0
1403956098|0
1403956121|0
1403956143|0
1403956166|0
1403956188|0
1403956211|0
1403956233|0
1403956256|0
1403956278|0
1403956301|0
1403956323|0
1403956346|0
1403956368|0
1403956391|0
1403956413|0
1403956435|0
1403956458|0
1403956480|0
1403956503|0
1403956525|0
1403956548|0
1403956570|0
1403956593|0
1403956615|0
1403956638|0
1403956660|0
1403956683|0
1403956705|0
1403956728|0
1403956750|0
1403956772|0
1403956795|0
1403956817|0
1403956840|0
1403956862|0
1403956885|0
1403956907|0
1403956930|0
1403956952|0
1403956975|0
1403956997|0
1403957020|0
1403957042|0
1403957065|0
1403957087|0
1403957110|0
1403957132|0
1403957155|0
1403957177|0
1403957199|0
1403957222|0
1403957244|0
1403957267|0
1403957289|0
1403957312|0
1403957334|0
1403957357|0
1403957379|0
1403957402|0
1403957424|0
1403957447|0
1403957469|0
1403957492|0
1403957514|0
1403957536|0
1403957559|0
1403957581|0
1403957604|0
1403957626|0
1403957649|0
1403957671|0
1403957694|0
1403957716|0
1403957739|0
1403957761|0
1403957784|0
1403957806|0
1403957829|0
1403957851|0
1403957873|0
1403957896|0
1403957918|0
1403957941|0
1403957963|0
1403957986|0
1403958008|0
1403958031|0
1403958053|0
1403958076|0
1403958098|0
1403958121|0
1403958143|0
1403958166|0
1403958188|0
1403958210|0
1403958233|0
1403958255|0
1403958278|0
1403958300|0
1403958323|0
1403958345|0
1403958368|0
1403958390|0
1403958413|0
1403958435|0
1403958458|0
1403958480|0
1403958503|0
1403958525|0
1403958548|0
1403958570|0
1403958592|0
1403958615|0
1403958637|0
1403958660|0
1403958682|0
1403958705|0
1403958727|0
1403958750|0
1403958772|0
1403958795|0
1403958817|0
1403958840|0
1403958862|0
1403958885|0
1403958907|0
1403958930|0
1403958952|0
1403958974|0
1403958997|0
1403959019|0
1403959042|0
1403959064|0
1403959087|0
1403959109|0
1403959132|0
1403959154|0
1403959177|0
1403959199|0
1403959222|0
1403959244|0
1403959267|0
1403959289|0
1403959311|0
1403959334|0
1403959356|0
1403959379|0
1403959401|0
1403959424|0
1403959446|0
1403959469|0
1403959491|0
1403959514|0
1403959536|0
1403959559|0
1403959581|0
1403959604|0
1403959626|0
1403959649|0
1403959671|0
1403959693|0
1403959716|0
1403959738|0
1403959761|0
1403959783|0
1403959806|0
1403959828|0
1403959851|0
1403959873|0
1403959896|0
1403959918|0
1403959941|0
1403959963|0
1403959986|0
1403960008|0
1403960030|0
1403960053|0
1403960075|0
1403960098|0
1403960120|0
1403960143|0
1403960165|0
1403960188|0
1403960210|0
1403960233|0
1403960255|0
1403960278|0
1403960300|0
1403960323|0
1403960345|0
1403960367|0
1403960390|0
1403960412|0
1403960435|0
1403960457|0
1403960480|0
1403960502|0
1403960525|0
1403960547|0
1403960570|0
1403960592|0
1403960615|0
1403960637|0
1403960660|0
1403960682|0
1403960704|0
1403960727|0
1403960749|0
1403960772|0
1403960794|0
1403960817|0
1403960839|0
1403960862|0
1403960884|0
1403960907|0
1403960929|0
1403960952|0
1403960974|0
1403960997|0
1403961019|0
1403961041|0
1403961064|0
1403961086|0
1403961109|0
1403961131|0
1403961154|0
1403961176|0
1403961199|0
1403961221|0
1403961244|0
1403961266|0
1403961289|0
1403961311|0
1403961334|0
1403961356|0
1403961379|0
1403961401|0
1403961423|0
1403961446|0
1403961468|0
1403961491|0
1403961513|0
1403961536|0
1403961558|0
1403961581|0
1403961603|0
1403961626|0
1403961648|0
1403961671|0
1403961693|0
1403961716|0
1403961738|0
1403961761|0
1403961783|0
1403961805|0
1403961828|0
1403961850|0
1403961873|0
1403961895|0
1403961918|0
1403961940|0
1403961963|0
1403961985|0
1403962008|0
1403962030|0
1403962053|0
1403962075|0
1403962098|0
1403962120|0
1403962142|0
1403962165|0
1403962187|0
1403962210|0
1403962232|0
1403962255|0
1403962277|0
1403962300|0
1403962322|0
1403962345|0
1403962367|0
1403962390|0
1403962412|0
1403962435|0
1403962457|0
1403962479|0
1403962502|0
1403962524|0
1403962547|0
1403962569|0
1403962592|0
1403962614|0
1403962637|0
1403962659|0
1403962682|0
1403962704|0
1403962727|0
1403962749|0
1403962772|0
1403962794|0
1403962817|0
1403962839|0
1403962861|0
1403962884|0
1403962906|0
1403962929|0
1403962951|0
1403962974|0
1403962996|0
1403963019|0
1403963041|0
1403963064|0
1403963086|0
1403963109|0
1403963131|0
1403963154|0
1403963176|0
1403963199|0
1403963221|0
1403963243|0
1403963266|0
1403963289|0
1403963312|0
1403963334|0
1403963357|0
1403963379|0
1403963402|0
1403963424|0
1403963446|0
1403963469|0
1403963491|0
1403963514|0
1403963536|0
1403963559|0
1403963581|0
1403963604|0
1403963626|0
1403963649|0
1403963671|0
1403963694|0
1403963716|0
1403963739|0
1403963761|0
1403963783|0
1403963806|0
1403963828|0
1403963851|0
1403963873|0
1403963896|0
1403963918|0
1403963941|0
1403963963|0
1403963986|0
1403964008|0
1403964031|0
1403964053|0
1403964076|0
1403964098|0
1403964120|0
1403964143|0
1403964165|0
1403964188|0
1403964210|0
1403964233|0
1403964255|0
1403964278|0
1403964300|0
1403964323|0
1403964345|0
1403964368|0
1403964390|0
1403964413|0
1403964435|0
1403964457|0
1403964480|0
1403964502|0
1403964525|0
1403964547|0
1403964570|0
1403964592|0
1403964615|0
1403964637|0
1403964660|0
1403964682|0
1403964705|0
1403964727|0
1403964750|0
1403964772|0
1403964795|0
1403964817|0
1403964839|0
1403964862|0
1403964884|0
1403964907|0
1403964929|0
1403964952|0
1403964974|0
1403964997|0
1403965019|0
1403965042|0
1403965064|0
1403965087|0
1403965109|0
1403965132|0
1403965154|0
1403965176|0
1403965199|0
1403965221|0
1403965244|0
1403965266|0
1403965289|0
1403965311|0
1403965334|0
1403965356|0
1403965379|0
1403965401|0
1403965424|0
1403965446|0
1403965469|0
1403965491|0
1403965513|0
1403965536|0
1403965558|0
1403965581|0
1403965603|0
1403965626|0
1403965648|0
1403965671|0
1403965693|0
1403965716|0
1403965738|0
1403965761|0
1403965783|0
1403965806|0
1403965828|0
1403965850|0
1403965873|0
1403965895|0
1403965918|0
1403965940|0
1403965963|0
1403965985|0
1403966008|0
1403966030|0
1403966053|0
1403966075|0
1403966098|0
1403966120|0
1403966143|0
1403966165|0
1403966188|0
1403966210|0
1403966233|0
1403966255|0
1403966277|0
1403966300|0
1403966322|0
1403966345|0
1403966367|0
1403966390|0
1403966412|0
1403966435|0
1403966457|0
1403966480|0
1403966502|0
1403966525|0
1403966547|0
1403966570|0
1403966592|0
1403966615|0
1403966637|0
1403966660|0
1403966682|0
1403966704|0
1403966727|0
1403966749|0
1403966772|0
1403966794|0
1403966817|0
1403966839|0
1403966862|0
1403966884|0
1403966907|0
1403966929|0
1403966952|0
1403966974|0
1403966997|0
1403967019|0
1403967041|0
1403967064|0
1403967086|0
1403967109|0
1403967131|0
1403967154|0
1403967176|0
1403967199|0
1403967221|0
1403967244|0
1403967266|0
1403967289|0
1403967311|0
1403967334|0
1403967356|0
1403967378|0
1403967401|0
1403967423|0
1403967446|0
1403967468|0
1403967491|0
1403967513|0
1403967536|0
1403967558|0
1403967581|0
1403967603|0
1403967626|0
1403967648|0
1403967671|0
1403967693|0
1403967716|0
1403967738|0
1403967760|0
1403967783|0
1403967805|0
1403967828|0
1403967850|0
1403967873|0
1403967895|0
1403967918|0
1403967940|0
1403967963|0
1403967985|0
1403968008|0
1403968030|0
1403968053|0
1403968075|0
1403968097|0
1403968120|0
1403968142|0
1403968165|0
1403968187|0
1403968210|0
1403968232|0
1403968255|0
1403968277|0
1403968300|0
1403968322|0
1403968345|0
1403968367|0
1403968390|0
1403968412|0
1403968434|0
1403968457|0
1403968479|0
1403968502|0
1403968524|0
1403968547|0
1403968569|0
1403968592|0
1403968614|0
1403968637|0
1403968659|0
1403968682|0
1403968704|0
1403968727|0
1403968749|0
1403968772|0
1403968794|0
1403968816|0
1403968839|0
1403968861|0
1403968884|0
1403968906|0
1403968929|0
1403968951|0
1403968974|0
1403968996|0
1403969019|0
1403969041|0
1403969064|0
1403969086|0
1403969109|0
1403969131|0
1403969154|0
1403969176|0
1403969198|0
1403969221|0
1403969243|0
1403969266|0
1403969288|0
1403969311|0
1403969333|0
1403969356|0
1403969378|0
1403969401|0
1403969423|0
1403969446|0
1403969468|0
1403969491|0
1403969513|0
1403969535|0
1403969558|0
1403969580|0
1403969603|0
1403969625|0
1403969648|0
1403969670|0
1403969693|0
1403969715|0
1403969738|0
1403969760|0
1403969783|0
1403969805|0
1403969828|0
1403969850|0
1403969872|0
1403969895|0
1403969917|0
1403969940|0
1403969962|0
1403969985|0
1403970007|0
1403970030|0
1403970052|0
1403970075|0
1403970097|0
1403970120|0
1403970142|0
1403970165|0
1403970187|0
1403970210|0
1403970232|0
1403970255|0
1403970277|0
1403970299|0
1403970322|0
1403970344|0
1403970367|0
1403970389|0
1403970412|0
1403970434|0
1403970457|0
1403970479|0
1403970502|0
1403970524|0
1403970547|0
1403970569|0
1403970592|0
1403970614|0
1403970636|0
1403970659|0
1403970681|0
1403970704|0
1403970726|0
1403970749|0
1403970771|0
1403970794|0
1403970816|0
1403970839|0
1403970861|0
1403970884|0
1403970906|0
1403970929|0
1403970951|0
1403970973|0
1403970996|0
1403971018|0
1403971041|0
1403971063|0
1403971086|0
1403971108|0
1403971131|0
1403971153|0
1403971176|0
1403971198|0
1403971221|0
1403971243|0
1403971266|0
1403971288|0
1403971311|0
1403971333|0
1403971355|0
1403971378|0
1403971400|0
1403971423|0
1403971445|0
1403971468|0
1403971490|0
1403971513|0
1403971535|0
1403971558|0
1403971580|0
1403971603|0
1403971625|0
1403971648|0
1403971670|0
1403971692|0
1403971715|0
1403971737|0
1403971760|0
1403971782|0
1403971805|0
1403971827|0
1403971850|0
1403971872|0
1403971895|0
1403971917|0
1403971940|0
1403971962|0
1403971985|0
1403972007|0
1403972030|0
1403972052|0
1403972075|0
1403972097|0
1403972119|0
1403972142|0
1403972164|0
1403972187|0
1403972209|0
1403972232|0
1403972254|0
1403972277|0
1403972299|0
1403972322|0
1403972344|0
1403972367|0
1403972389|0
1403972412|0
1403972434|0
1403972456|0
1403972479|0
1403972501|0
1403972524|0
1403972546|0
1403972569|0
1403972591|0
1403972614|0
1403972636|0
1403972659|0
1403972681|0
1403972704|0
1403972726|0
1403972749|0
1403972771|0
1403972793|0
1403972816|0
1403972838|0
1403972861|0
1403972883|0
1403972906|0
1403972928|0
1403972951|0
1403972973|0
1403972996|0
1403973018|0
1403973041|0
1403973063|0
1403973086|0
1403973108|0
1403973131|0
1403973153|0
1403973176|0
1403973198|0
1403973220|0
1403973243|0
1403973265|0
1403973288|0
1403973310|0
1403973333|0
1403973355|0
1403973378|0
1403973400|0
1403973423|0
1403973445|0
1403973468|0
1403973490|0
1403973513|0
1403973535|0
1403973557|0
1403973580|0
1403973602|0
1403973625|0
1403973647|0
1403973670|0
1403973692|0
1403973715|0
1403973737|0
1403973760|0
1403973782|0
1403973805|0
1403973827|0
1403973850|0
1403973872|0
1403973894|0
1403973917|0
1403973939|0
1403973962|0
1403973984|0
1403974007|0
1403974029|0
1403974052|0
1403974074|0
1403974097|0
1403974119|0
1403974142|0
1403974164|0
1403974187|0
1403974209|0
1403974232|0
1403974254|0
1403974276|0
1403974299|0
1403974321|0
1403974344|0
1403974366|0
1403974389|0
1403974411|0
1403974434|0
1403974456|0
1403974479|0
1403974501|0
1403974524|0
1403974546|0
1403974569|0
1403974591|0
1403974613|0
1403974636|0
1403974658|0
1403974681|0
1403974703|0
1403974726|0
1403974748|0
1403974771|0
1403974793|0
1403974816|0
1403974838|0
1403974861|0
1403974883|0
1403974906|0
1403974928|0
1403974950|0
1403974973|0
1403974995|0
1403975018|0
1403975040|0
1403975063|0
1403975085|0
1403975108|0
1403975130|0
1403975153|0
1403975175|0
1403975198|0
1403975220|0
1403975243|0
1403975265|0
1403975288|0
1403975310|0
1403975333|0
1403975355|0
1403975377|0
1403975400|0
1403975422|0
1403975445|0
1403975467|0
1403975490|0
1403975512|0
1403975535|0
1403975557|0
1403975580|0
1403975602|0
1403975625|0
1403975647|0
1403975670|0
1403975692|0
1403975714|0
1403975737|0
1403975759|0
1403975782|0
1403975804|0
1403975827|0
1403975849|0
1403975872|0
1403975894|0
1403975917|0
1403975939|0
1403975962|0
1403975984|0
1403976007|0
1403976029|0
1403976051|0
1403976074|0
1403976096|0
1403976119|0
1403976141|0
1403976164|0
1403976186|0
1403976209|0
1403976231|0
1403976254|0
1403976276|0
1403976299|0
1403976321|0
1403976344|0
1403976366|0
1403976388|0
1403976411|0
1403976433|0
1403976456|0
1403976478|0
1403976501|0
1403976523|0
1403976546|0
1403976568|0
1403976591|0
1403976613|0
1403976636|0
1403976658|0
1403976681|0
1403976703|0
1403976726|0
1403976748|0
1403976771|0
1403976793|0
1403976815|0
1403976838|0
1403976860|0
1403976883|0
1403976905|0
1403976928|0
1403976950|0
1403976973|0
1403976995|0
1403977018|0
1403977040|0
1403977063|0
1403977085|0
1403977108|0
1403977130|0
1403977152|0
1403977175|0
1403977197|0
1403977220|0
1403977242|0
1403977265|0
1403977287|0
1403977310|0
1403977332|0
1403977355|0
1403977377|0
1403977400|0
1403977422|0
1403977445|0
1403977467|0
1403977489|0
1403977512|0
1403977534|0
1403977557|0
1403977579|0
1403977602|0
1403977624|0
1403977647|0
1403977669|0
1403977692|0
1403977714|0
1403977737|0
1403977759|0
1403977782|0
1403977804|0
1403977826|0
1403977849|0
1403977871|0
1403977894|0
1403977916|0
1403977939|0
1403977961|0
1403977984|0
1403978006|0
1403978029|0
1403978051|0
1403978074|0
1403978096|0
1403978119|0
1403978141|0
1403978163|0
1403978186|0
1403978208|0
1403978231|0
1403978253|0
1403978276|0
1403978298|0
1403978321|0
1403978343|0
1403978366|0
1403978388|0
1403978411|0
1403978433|0
1403978456|0
1403978478|0
1403978501|0
1403978523|0
1403978545|0
1403978568|0
1403978590|0
1403978613|0
1403978635|0
1403978658|0
1403978680|0
1403978703|0
1403978725|0
1403978748|0
1403978770|0
1403978793|0
1403978815|0
1403978838|0
1403978860|0
1403978882|0
1403978905|0
1403978927|0
1403978950|0
1403978972|0
1403978995|0
1403979017|0
1403979040|0
1403979062|0
1403979085|0
1403979107|0
1403979130|0
1403979152|0
1403979175|0
1403979197|0
1403979219|0
1403979242|0
1403979264|0
1403979287|0
1403979309|0
1403979332|0
1403979354|0
1403979377|0
1403979399|0
1403979422|0
1403979444|0
1403979467|0
1403979489|0
1403979512|0
1403979534|0
1403979556|0
1403979579|0
1403979601|0
1403979624|0
1403979646|0
1403979669|0
1403979691|0
1403979714|0
1403979736|0
1403979759|0
1403979781|0
1403979804|0
1403979826|0
1403979849|0
1403979871|0
1403979894|0
1403979916|0
1403979939|0
1403979961|0
1403979983|0
1403980006|0
1403980028|0
1403980051|0
1403980073|0
1403980096|0
1403980118|0
1403980141|0
1403980163|0
1403980186|0
1403980208|0
1403980231|0
1403980253|0
1403980276|0
1403980298|0
1403980320|0
1403980343|0
1403980365|0
1403980388|0
