1409594164|0
1409594184|0
1409594206|0
1409594226|0
1409594246|0
1409594266|0
1409594287|0
1409594307|0
1409594327|0
1409594347|0
1409594368|0
1409594388|0
1409594408|0
1409594428|0
1409594449|0
1409594469|0
1409594489|0
1409594509|0
1409594530|0
1409594550|0
1409594570|0
1409594590|0
1409594610|0
1409594630|0
1409594650|0
1409594670|0
1409594690|0
1409594711|0
1409594731|0
1409594751|0
1409594771|0
1409594791|0
1409594811|0
1409594831|0
1409594851|0
1409594871|0
1409594891|0
1409594911|0
1409594933|0
1409594953|0
1409594974|0
1409594994|0
1409595014|0
1409595034|0
1409595054|0
1409595074|0
1409595094|0
1409595114|0
1409595134|0
1409595154|0
1409595174|0
1409595195|0
1409595215|0
1409595235|0
1409595255|0
1409595275|0
1409595295|0
1409595315|0
1409595336|0
1409595356|0
1409595376|0
1409595396|0
1409595416|0
1409595436|0
1409595459|0
1409595479|0
1409595499|0
1409595519|0
1409595540|0
1409595560|0
1409595580|0
1409595600|0
1409595620|0
1409595640|0
1409595660|0
1409595680|0
1409595700|0
1409595720|0
1409595741|0
1409595761|0
1409595781|0
1409595801|0
1409595821|0
1409595841|0
1409595863|0
1409595883|0
1409595904|0
1409595924|0
1409595944|0
1409595964|0
1409595984|0
1409596004|0
1409596024|0
1409596044|0
1409596064|0
1409596084|0
1409596105|0
1409596125|0
1409596145|0
1409596165|0
1409596185|0
1409596205|0
1409596225|0
1409596245|0
1409596266|0
1409596286|0
1409596306|0
1409596326|0
1409596347|0
1409596367|0
1409596387|0
1409596407|0
1409596428|0
1409596448|0
1409596468|0
1409596488|0
1409596509|0
1409596529|0
1409596549|0
1409596569|0
1409596589|0
1409596609|0
1409596629|0
1409596649|0
1409596669|0
1409596689|0
1409596710|0
1409596730|0
1409596750|0
1409596770|0
1409596790|0
1409596810|0
1409596830|0
1409596850|0
1409596870|0
1409596890|0
1409596911|0
1409596931|0
1409596951|0
1409596971|0
1409596991|0
1409597011|0
1409597032|0
1409597052|0
1409597073|0
1409597093|0
1409597113|0
1409597133|0
1409597153|0
1409597173|0
1409597193|0
1409597213|0
1409597234|0
1409597254|0
1409597274|0
1409597294|0
1409597314|0
1409597334|0
1409597354|0
1409597374|0
1409597394|0
1409597414|0
1409597435|0
1409597455|0
1409597475|0
1409597495|0
1409597515|0
1409597535|0
1409597555|0
1409597575|0
1409597595|0
1409597615|0
1409597636|0
1409597656|0
1409597676|0
1409597696|0
1409597716|0
1409597736|0
1409597757|0
1409597777|0
1409597797|0
1409597817|0
1409597837|0
1409597857|0
1409597877|0
1409597897|0
1409597918|0
1409597938|0
1409597958|0
1409597978|0
1409597998|0
1409598018|0
1409598038|0
1409598058|0
1409598078|0
1409598098|0
1409598119|0
1409598139|0
1409598159|0
1409598179|0
1409598199|0
1409598219|0
1409598239|0
1409598259|0
1409598279|0
1409598299|0
1409598320|0
1409598340|0
1409598360|0
1409598380|0
1409598400|0
1409598421|0
1409598441|0
1409598461|0
1409598481|0
1409598501|0
1409598521|0
1409598541|0
1409598562|0
1409598582|0
1409598602|0
1409598622|0
1409598642|0
1409598662|0
1409598683|0
1409598703|0
1409598723|0
1409598743|0
1409598764|0
1409598784|0
1409598804|0
1409598824|0
1409598844|0
1409598864|0
1409598884|0
1409598904|0
1409598924|0
1409598944|0
1409598965|0
1409598985|0
1409599005|0
1409599025|0
1409599045|0
1409599065|0
1409599085|0
1409599105|0
1409599126|0
1409599146|0
1409599166|0
1409599186|0
1409599206|0
1409599227|0
1409599247|0
1409599267|0
1409599287|0
1409599307|0
1409599327|0
1409599347|0
1409599367|0
1409599388|0
1409599408|0
1409599428|0
1409599448|0
1409599468|0
1409599488|0
1409599508|0
1409599528|0
1409599548|0
1409599569|0
1409599589|0
1409599609|0
1409599629|0
1409599649|0
1409599669|0
1409599689|0
1409599709|0
1409599729|0
1409599749|0
1409599770|0
1409599790|0
1409599810|0
1409599830|0
1409599851|0
1409599871|0
1409599891|0
1409599911|0
1409599931|0
1409599951|0
1409599971|0
1409599991|0
1409600011|0
1409600031|0
1409600051|0
1409600072|0
1409600092|0
1409600112|0
1409600132|0
1409600152|0
1409600172|0
1409600192|0
1409600212|0
1409600232|0
1409600252|0
1409600273|0
1409600293|0
1409600313|0
1409600333|0
1409600353|0
1409600374|0
1409600394|0
1409600414|0
1409600434|0
1409600454|0
1409600474|0
1409600494|0
1409600515|0
1409600535|0
1409600555|0
1409600575|0
1409600595|0
1409600615|0
1409600635|0
1409600655|0
1409600676|0
1409600696|0
1409600716|0
1409600736|0
1409600756|0
1409600776|0
1409600796|0
1409600816|0
1409600836|0
1409600856|0
1409600877|0
1409600897|0
1409600917|0
1409600937|0
1409600957|0
1409600979|0
1409600999|0
1409601019|0
1409601039|0
1409601059|0
1409601080|0
1409601100|0
1409601120|0
1409601140|0
1409601160|0
1409601180|0
1409601200|0
1409601220|0
1409601240|0
1409601260|0
1409601281|0
1409601301|0
1409601321|0
1409601341|0
1409601361|0
1409601382|0
1409601402|0
1409601422|0
1409601442|0
1409601462|0
1409601482|0
1409601502|0
1409601522|0
1409601542|0
1409601563|0
1409601583|0
1409601603|0
1409601623|0
1409601643|0
1409601664|0
1409601684|0
1409601704|0
1409601724|0
1409601744|0
1409601764|0
1409601784|0
1409601804|0
1409601824|0
1409601844|0
1409601865|0
1409601885|0
1409601905|0
1409601925|0
1409601945|0
1409601965|0
1409601985|0
1409602005|0
1409602025|0
1409602046|0
1409602066|0
1409602086|0
1409602106|0
1409602127|0
1409602147|0
1409602167|0
1409602187|0
1409602207|0
1409602227|0
1409602247|0
1409602267|0
1409602287|0
1409602307|0
1409602328|0
1409602348|0
1409602368|0
1409602388|0
1409602408|0
1409602428|0
1409602448|0
1409602468|0
1409602488|0
1409602508|0
1409602528|0
1409602549|0
1409602569|0
1409602589|0
1409602609|0
1409602629|0
1409602649|0
1409602669|0
1409602689|0
1409602710|0
1409602730|0
1409602750|0
1409602770|0
1409602790|0
1409602810|0
1409602831|0
1409602851|0
1409602871|0
1409602891|0
1409602911|0
1409602931|0
1409602951|0
1409602971|0
1409602991|0
1409603011|0
1409603032|0
1409603052|0
1409603072|0
1409603092|0
1409603112|0
1409603132|0
1409603152|0
1409603172|0
1409603192|0
1409603212|0
1409603233|0
1409603253|0
1409603273|0
1409603293|0
1409603314|0
1409603334|0
1409603354|0
1409603374|0
1409603394|0
1409603414|0
1409603434|0
1409603455|0
1409603475|0
1409603495|0
1409603515|0
1409603535|0
1409603556|0
1409603576|0
1409603596|0
1409603616|0
1409603636|0
1409603656|0
1409603676|0
1409603696|0
1409603716|0
1409603736|0
1409603757|0
1409603777|0
1409603797|0
1409603817|0
1409603837|0
1409603857|0
1409603877|0
1409603897|0
1409603917|0
1409603937|0
1409603957|0
1409603978|0
1409603999|0
1409604019|0
1409604039|0
1409604059|0
1409604079|0
1409604099|0
1409604120|0
1409604140|0
1409604160|0
1409604180|0
1409604200|0
1409604221|0
1409604241|0
1409604261|0
1409604281|0
1409604301|0
1409604321|0
1409604341|0
1409604361|0
1409604381|0
1409604402|0
1409604422|0
1409604442|0
1409604462|0
1409604482|0
1409604502|0
1409604522|0
1409604543|0
1409604563|0
1409604583|0
1409604603|0
1409604623|0
1409604643|0
1409604664|0
1409604684|0
1409604704|0
1409604724|0
1409604744|0
1409604764|0
1409604784|0
1409604804|0
1409604824|0
1409604844|0
1409604865|0
1409604885|0
1409604905|0
1409604925|0
1409604946|0
1409604966|0
1409604986|0
1409605006|0
1409605026|0
1409605046|0
1409605066|0
1409605086|0
1409605106|0
1409605126|0
1409605147|0
1409605167|0
1409605187|0
1409605207|0
1409605227|0
1409605247|0
1409605268|0
1409605288|0
1409605308|0
1409605328|0
1409605348|0
1409605368|0
1409605388|0
1409605409|0
1409605429|0
1409605449|0
1409605469|0
1409605489|0
1409605509|0
1409605529|0
1409605549|0
1409605569|0
1409605589|0
1409605610|0
1409605630|0
1409605650|0
1409605670|0
1409605691|0
1409605711|0
1409605731|0
1409605751|0
1409605771|0
1409605791|0
1409605811|0
1409605831|0
1409605851|0
1409605871|0
1409605891|0
1409605912|0
1409605932|0
1409605952|0
1409605972|0
1409605994|0
1409606014|0
1409606035|0
1409606055|0
1409606075|0
1409606095|0
1409606115|0
1409606135|0
1409606155|0
1409606175|0
1409606195|0
1409606215|0
1409606236|0
1409606256|0
1409606276|0
1409606296|0
1409606316|0
1409606336|0
1409606356|0
1409606376|0
1409606396|0
1409606416|0
1409606437|0
1409606457|0
1409606477|0
1409606497|0
1409606517|0
1409606538|0
1409606558|0
1409606579|0
1409606599|0
1409606620|0
1409606640|0
1409606660|0
1409606680|0
1409606700|0
1409606720|0
1409606740|0
1409606760|0
1409606780|0
1409606800|0
1409606820|0
1409606841|0
1409606861|0
1409606881|0
1409606901|0
1409606921|0
1409606941|0
1409606961|0
1409606981|0
1409607001|0
1409607022|0
1409607042|0
1409607062|0
1409607082|0
1409607102|0
1409607122|0
1409607142|0
1409607162|0
1409607182|0
1409607203|0
1409607223|0
1409607243|0
1409607263|0
1409607283|0
1409607304|0
1409607324|0
1409607344|0
1409607364|0
1409607384|0
1409607404|0
1409607424|0
1409607444|0
1409607464|0
1409607484|0
1409607505|0
1409607525|0
1409607545|0
1409607565|0
1409607585|0
1409607605|0
1409607625|0
1409607645|0
1409607665|0
1409607685|0
1409607705|0
1409607726|0
1409607746|0
1409607766|0
1409607786|0
1409607806|0
1409607827|0
1409607847|0
1409607867|0
1409607887|0
1409607907|0
1409607928|0
1409607950|0
1409607970|0
1409607990|0
1409608010|0
1409608030|0
1409608050|0
1409608070|0
1409608091|0
1409608111|0
1409608131|0
1409608151|0
1409608171|0
1409608192|0
1409608212|0
1409608232|0
1409608252|0
1409608272|0
1409608292|0
1409608312|0
1409608332|0
1409608352|0
1409608372|0
1409608392|0
1409608413|0
1409608433|0
1409608453|0
1409608473|0
1409608493|0
1409608513|0
1409608533|0
1409608555|0
1409608575|0
1409608596|0
1409608616|0
1409608636|0
1409608656|0
1409608677|0
1409608697|0
1409608717|0
1409608737|0
1409608757|0
1409608777|0
1409608797|0
1409608817|0
1409608837|0
1409608858|0
1409608878|0
1409608898|0
1409608918|0
1409608938|0
1409608958|0
1409608978|0
1409608998|0
1409609019|0
1409609039|0
1409609059|0
1409609079|0
1409609099|0
1409609119|0
1409609140|0
1409609160|0
1409609180|0
1409609200|0
1409609220|0
1409609240|0
1409609260|0
1409609280|0
1409609300|0
1409609321|0
1409609341|0
1409609361|0
1409609381|0
1409609403|0
1409609423|0
1409609443|0
1409609463|0
1409609483|0
1409609503|0
1409609523|0
1409609544|0
1409609564|0
1409609584|0
1409609604|0
1409609624|0
1409609644|0
1409609664|0
1409609684|0
1409609704|0
1409609724|0
1409609745|0
1409609765|0
1409609785|0
1409609805|0
1409609825|0
1409609845|0
1409609866|0
1409609887|0
1409609907|0
1409609927|0
1409609948|0
1409609968|0
1409609988|0
1409610008|0
1409610028|0
1409610048|0
1409610068|0
1409610088|0
1409610108|0
1409610129|0
1409610149|0
1409610169|0
1409610189|0
1409610209|0
1409610229|0
1409610249|0
1409610269|0
1409610289|0
1409610309|0
1409610330|0
1409610350|0
1409610370|0
1409610390|0
1409610410|0
1409610430|0
1409610450|0
1409610470|0
1409610490|0
1409610510|0
1409610531|0
1409610551|0
1409610571|0
1409610591|0
1409610612|0
1409610632|0
1409610652|0
1409610672|0
1409610693|0
1409610713|0
1409610733|0
1409610753|0
1409610773|0
1409610793|0
1409610813|0
1409610833|0
1409610853|0
1409610873|0
1409610894|0
1409610914|0
1409610934|0
1409610954|0
1409610974|0
1409610994|0
1409611014|0
1409611034|0
1409611054|0
1409611074|0
1409611095|0
1409611115|0
1409611135|0
1409611155|0
1409611175|0
1409611195|0
1409611215|0
1409611235|0
1409611255|0
1409611275|0
1409611296|0
1409611316|0
1409611336|0
1409611357|0
1409611377|0
1409611397|0
1409611417|0
1409611437|0
1409611458|0
1409611478|0
1409611498|0
1409611518|0
1409611538|0
1409611558|0
1409611578|0
1409611598|0
1409611618|0
1409611638|0
1409611658|0
1409611679|0
1409611699|0
1409611719|0
1409611739|0
1409611759|0
1409611779|0
1409611799|0
1409611819|0
1409611839|0
1409611859|0
1409611880|0
1409611900|0
1409611920|0
1409611940|0
1409611960|0
1409611980|0
1409612000|0
1409612020|0
1409612041|0
1409612061|0
1409612081|0
1409612101|0
1409612121|0
1409612141|0
1409612162|0
1409612182|0
1409612202|0
1409612222|0
1409612242|0
1409612262|0
1409612283|0
1409612303|0
1409612323|0
1409612343|0
1409612363|0
1409612383|0
1409612403|0
1409612423|0
1409612443|0
1409612463|0
1409612484|0
1409612504|0
1409612524|0
1409612544|0
1409612564|0
1409612584|0
1409612604|0
1409612624|0
1409612644|0
1409612664|0
1409612685|0
1409612705|0
1409612725|0
1409612745|0
1409612766|0
1409612786|0
1409612806|0
1409612826|0
1409612846|0
1409612866|0
1409612886|0
1409612906|0
1409612926|0
1409612947|0
1409612967|0
1409612987|0
1409613007|0
1409613027|0
1409613047|0
1409613067|0
1409613087|0
1409613107|0
1409613127|0
1409613147|0
1409613168|0
1409613188|0
1409613208|0
1409613228|0
1409613248|0
1409613269|0
1409613289|0
1409613309|0
1409613329|0
1409613349|0
1409613369|0
1409613389|0
1409613409|0
1409613430|0
1409613450|0
1409613470|0
1409613490|0
1409613511|0
1409613531|0
1409613551|0
1409613572|0
1409613592|0
1409613612|0
1409613632|0
1409613652|0
1409613672|0
1409613692|0
1409613712|0
1409613732|0
1409613752|0
1409613772|0
1409613793|0
1409613813|0
1409613833|0
1409613853|0
1409613873|0
1409613893|0
1409613913|0
1409613933|0
1409613953|0
1409613973|0
1409613994|0
1409614014|0
1409614034|0
1409614054|0
1409614074|0
1409614094|0
1409614114|0
1409614135|0
1409614155|0
1409614175|0
1409614195|0
1409614215|0
1409614236|0
1409614256|0
1409614276|0
1409614297|0
1409614317|0
1409614337|0
1409614357|0
1409614377|0
1409614397|0
1409614417|0
1409614437|0
1409614457|0
1409614477|0
1409614498|0
1409614518|0
1409614538|0
1409614558|0
1409614578|0
1409614598|0
1409614618|0
1409614638|0
1409614658|0
1409614678|0
1409614699|0
1409614719|0
1409614739|0
1409614759|0
1409614779|0
1409614799|0
1409614819|0
1409614839|0
1409614860|0
1409614880|0
1409614900|0
1409614920|0
1409614940|0
1409614960|0
1409614981|0
1409615001|0
1409615021|0
1409615041|0
1409615061|0
1409615081|0
1409615101|0
1409615121|0
1409615141|0
1409615161|0
1409615182|0
1409615202|0
1409615223|0
1409615243|0
1409615263|0
1409615283|0
1409615303|0
1409615323|0
1409615343|0
1409615363|0
1409615383|0
1409615403|0
1409615423|0
1409615444|0
1409615464|0
1409615484|0
1409615504|0
1409615524|0
1409615544|0
1409615564|0
1409615585|0
1409615605|0
1409615625|0
1409615648|0
1409615668|0
1409615688|0
1409615708|0
1409615728|0
1409615748|0
1409615769|0
1409615789|0
1409615809|0
1409615829|0
1409615849|0
1409615869|0
1409615889|0
1409615909|0
1409615929|0
1409615949|0
1409615969|0
1409615990|0
1409616010|0
1409616030|0
1409616050|0
1409616070|0
1409616090|0
1409616110|0
1409616130|0
1409616150|0
1409616170|0
1409616191|0
1409616211|0
1409616231|0
1409616251|0
1409616271|0
1409616291|0
1409616312|0
1409616332|0
1409616352|0
1409616372|0
1409616393|0
1409616413|0
1409616433|0
1409616453|0
1409616473|0
1409616493|0
1409616513|0
1409616533|0
1409616553|0
1409616573|0
1409616594|0
1409616614|0
1409616634|0
1409616654|0
1409616674|0
1409616694|0
1409616714|0
1409616734|0
1409616754|0
1409616774|0
1409616795|0
1409616815|0
1409616835|0
1409616855|0
1409616875|0
1409616895|0
1409616915|0
1409616935|0
1409616956|0
1409616976|0
1409616997|0
1409617017|0
1409617037|0
1409617057|0
1409617078|0
1409617098|0
1409617118|0
1409617138|0
1409617158|0
1409617178|0
1409617198|0
1409617218|0
1409617238|0
1409617258|0
1409617279|0
1409617299|0
1409617319|0
1409617339|0
1409617359|0
1409617379|0
1409617399|0
1409617419|0
1409617439|0
1409617459|0
1409617479|0
1409617500|0
1409617520|0
1409617540|0
1409617560|0
1409617580|0
1409617600|0
1409617620|0
1409617641|0
1409617661|0
1409617681|0
1409617702|0
1409617722|0
1409617743|0
1409617763|0
1409617783|0
1409617803|0
1409617823|0
1409617843|0
1409617863|0
1409617883|0
1409617903|0
1409617924|0
1409617944|0
1409617964|0
1409617984|0
1409618004|0
1409618024|0
1409618044|0
1409618064|0
1409618084|0
1409618104|0
1409618125|0
1409618145|0
1409618165|0
1409618185|0
1409618205|0
1409618225|0
1409618245|0
1409618265|0
1409618285|0
1409618305|0
1409618326|0
1409618346|0
1409618366|0
1409618386|0
1409618407|0
1409618427|0
1409618447|0
1409618467|0
1409618487|0
1409618507|0
1409618527|0
1409618547|0
1409618567|0
1409618588|0
1409618608|0
1409618628|0
1409618648|0
1409618668|0
1409618688|0
1409618708|0
1409618728|0
1409618748|0
1409618768|0
1409618789|0
1409618809|0
1409618829|0
1409618849|0
1409618869|0
1409618889|0
1409618909|0
1409618929|0
1409618949|0
1409618969|0
1409618990|0
1409619010|0
1409619030|0
1409619050|0
1409619071|0
1409619091|0
1409619111|0
1409619131|0
1409619151|0
1409619171|0
1409619192|0
1409619212|0
1409619232|0
1409619252|0
1409619272|0
1409619292|0
1409619312|0
1409619332|0
1409619352|0
1409619372|0
1409619393|0
1409619413|0
1409619433|0
1409619453|0
1409619473|0
1409619493|0
1409619513|0
1409619533|0
1409619553|0
1409619573|0
1409619594|0
1409619614|0
1409619634|0
1409619654|0
1409619674|0
1409619694|0
1409619714|0
1409619735|0
1409619755|0
1409619775|0
1409619795|0
1409619815|0
1409619835|0
1409619855|0
1409619876|0
1409619896|0
1409619916|0
1409619936|0
1409619956|0
1409619976|0
1409619996|0
1409620016|0
1409620036|0
1409620056|0
1409620076|0
1409620097|0
1409620117|0
1409620137|0
1409620157|0
1409620177|0
1409620197|0
1409620217|0
1409620237|0
1409620257|0
1409620277|0
1409620298|0
1409620318|0
1409620338|0
1409620358|0
1409620378|0
1409620399|0
1409620419|0
1409620439|0
1409620459|0
1409620479|0
1409620499|0
1409620519|0
1409620539|0
1409620559|0
1409620580|0
1409620600|0
1409620620|0
1409620640|0
1409620660|0
1409620680|0
1409620700|0
1409620720|0
1409620740|0
1409620760|0
1409620780|0
1409620801|0
1409620821|0
1409620841|0
1409620861|0
1409620881|0
1409620901|0
1409620921|0
1409620941|0
1409620961|0
1409620981|0
1409621002|0
1409621022|0
1409621042|0
1409621063|0
1409621083|0
1409621103|0
1409621123|0
1409621143|0
1409621163|0
1409621183|0
1409621203|0
1409621224|0
1409621244|0
1409621264|0
1409621284|0
1409621304|0
1409621324|0
1409621344|0
1409621364|0
1409621384|0
1409621404|0
1409621425|0
1409621445|0
1409621465|0
1409621485|0
1409621505|0
1409621525|0
1409621545|0
1409621565|0
1409621585|0
1409621605|0
1409621626|0
1409621646|0
1409621666|0
1409621686|0
1409621706|0
1409621727|0
1409621747|0
1409621767|0
1409621787|0
1409621807|0
1409621827|0
1409621847|0
1409621867|0
1409621888|0
1409621908|0
1409621928|0
1409621948|0
1409621968|0
1409621988|0
1409622008|0
1409622028|0
1409622048|0
1409622069|0
1409622089|0
1409622109|0
1409622129|0
1409622149|0
1409622169|0
1409622189|0
1409622209|0
1409622230|0
1409622250|0
1409622270|0
1409622290|0
1409622310|0
1409622330|0
1409622350|0
1409622370|0
1409622391|0
1409622411|0
1409622431|0
1409622451|0
1409622471|0
1409622491|0
1409622512|0
1409622532|0
1409622552|0
1409622572|0
1409622592|0
1409622612|0
1409622632|0
1409622652|0
1409622673|0
1409622693|0
1409622714|0
1409622734|0
1409622754|0
1409622774|0
1409622794|0
1409622814|0
1409622834|0
1409622854|0
1409622874|0
1409622894|0
1409622914|0
1409622935|0
1409622955|0
1409622975|0
1409622995|0
1409623016|0
1409623036|0
1409623056|0
1409623076|0
1409623096|0
1409623116|0
1409623136|0
1409623156|0
1409623177|0
1409623197|0
1409623217|0
1409623237|0
1409623258|0
1409623278|0
1409623298|0
1409623318|0
1409623338|0
1409623358|0
1409623378|0
1409623398|0
1409623418|0
1409623438|0
1409623459|0
1409623479|0
1409623499|0
1409623519|0
1409623539|0
1409623559|0
1409623579|0
1409623599|0
1409623619|0
1409623639|0
1409623659|0
1409623680|0
1409623700|0
1409623720|0
1409623740|0
1409623760|0
1409623780|0
1409623800|0
1409623820|0
1409623841|0
1409623861|0
1409623881|0
1409623901|0
1409623922|0
1409623942|0
1409623962|0
1409623982|0
1409624002|0
1409624023|0
1409624043|0
1409624064|0
1409624084|0
1409624104|0
1409624124|0
1409624144|0
1409624164|0
1409624184|0
1409624204|0
1409624224|0
1409624244|0
1409624264|0
1409624285|0
1409624305|0
1409624325|0
1409624345|0
1409624365|0
1409624385|0
1409624405|0
1409624425|0
1409624445|0
1409624465|0
1409624486|0
1409624506|0
1409624526|0
1409624546|0
1409624566|0
1409624586|0
1409624606|0
1409624627|0
1409624647|0
1409624667|0
1409624687|0
1409624707|0
1409624727|0
1409624747|0
1409624768|0
1409624788|0
1409624808|0
1409624828|0
1409624848|0
1409624868|0
1409624888|0
1409624908|0
1409624928|0
1409624948|0
1409624969|0
1409624989|0
1409625009|0
1409625029|0
1409625049|0
1409625069|0
1409625089|0
1409625109|0
1409625129|0
1409625149|0
1409625170|0
1409625190|0
1409625210|0
1409625230|0
1409625250|0
1409625270|0
1409625290|0
1409625311|0
1409625331|0
1409625351|0
1409625371|0
1409625391|0
1409625411|0
1409625431|0
1409625452|0
1409625472|0
1409625492|0
1409625512|0
1409625532|0
1409625552|0
1409625572|0
1409625592|0
1409625612|0
1409625632|0
1409625653|0
1409625673|0
1409625693|0
1409625713|0
1409625733|0
1409625753|0
1409625773|0
1409625793|0
1409625813|0
1409625833|0
1409625854|0
1409625874|0
1409625894|0
1409625914|0
1409625934|0
1409625954|0
1409625975|0
1409625995|0
1409626015|0
1409626035|0
1409626055|0
1409626075|0
1409626096|0
1409626116|0
1409626136|0
1409626156|0
1409626176|0
1409626196|0
1409626216|0
1409626236|0
1409626256|0
1409626276|0
1409626296|0
1409626317|0
1409626337|0
1409626358|0
1409626378|0
1409626398|0
1409626419|0
1409626439|0
1409626459|0
1409626479|0
1409626499|0
1409626519|0
1409626539|0
1409626559|0
1409626579|0
1409626599|0
1409626620|0
1409626640|0
1409626660|0
1409626680|0
1409626700|0
1409626720|0
1409626740|0
1409626760|0
1409626781|0
1409626801|0
1409626822|0
1409626842|0
1409626862|0
1409626883|0
1409626903|0
1409626923|0
1409626943|0
1409626963|0
1409626983|0
1409627003|0
1409627023|0
1409627043|0
1409627063|0
1409627083|0
1409627104|0
1409627124|0
1409627144|0
1409627164|0
1409627184|0
1409627204|0
1409627224|0
1409627244|0
1409627264|0
1409627284|0
1409627305|0
1409627325|0
1409627345|0
1409627365|0
1409627385|0
1409627405|0
1409627425|0
1409627445|0
1409627465|0
1409627486|0
1409627506|0
1409627526|0
1409627546|0
1409627566|0
1409627587|0
1409627607|0
1409627627|0
1409627648|0
1409627669|0
1409627689|0
1409627709|0
1409627730|0
1409627750|0
1409627770|0
1409627790|0
1409627810|0
1409627830|0
1409627850|0
1409627870|0
1409627890|0
1409627910|0
1409627930|0
1409627951|0
1409627971|0
1409627991|0
1409628011|0
1409628031|0
1409628051|0
1409628071|0
1409628091|0
1409628111|0
1409628131|0
1409628152|0
1409628172|0
1409628192|0
1409628212|0
1409628232|0
1409628253|0
1409628273|0
1409628293|0
1409628313|0
1409628334|0
1409628354|0
1409628374|0
1409628394|0
1409628414|0
1409628434|0
1409628454|0
1409628474|0
1409628494|0
1409628514|0
1409628535|0
1409628555|0
1409628575|0
1409628595|0
1409628615|0
1409628635|0
1409628655|0
1409628675|0
1409628695|0
1409628715|0
1409628736|0
1409628756|0
1409628776|0
1409628796|0
1409628816|0
1409628836|0
1409628856|0
1409628876|0
1409628896|0
1409628917|0
1409628937|0
1409628957|0
1409628977|0
1409628998|0
1409629018|0
1409629038|0
1409629059|0
1409629079|0
1409629099|0
1409629119|0
1409629139|0
1409629159|0
1409629179|0
1409629199|0
1409629219|0
1409629240|0
1409629260|0
1409629280|0
1409629300|0
1409629320|0
1409629340|0
1409629360|0
1409629380|0
1409629400|0
1409629420|0
1409629441|0
1409629461|0
1409629481|0
1409629501|0
1409629521|0
1409629541|0
1409629561|0
1409629581|0
1409629601|0
1409629621|0
1409629642|0
1409629662|0
1409629682|0
1409629703|0
1409629724|0
1409629744|0
1409629764|0
1409629784|0
1409629804|0
1409629824|0
1409629844|0
1409629865|0
1409629885|0
1409629905|0
1409629925|0
1409629945|0
1409629965|0
1409629985|0
1409630005|0
1409630025|0
1409630045|0
1409630066|0
1409630086|0
1409630106|0
1409630126|0
1409630146|0
1409630166|0
1409630186|0
1409630206|0
1409630226|0
1409630246|0
1409630266|0
1409630287|0
1409630307|0
1409630327|0
1409630347|0
1409630368|0
1409630388|0
1409630408|0
1409630428|0
1409630448|0
1409630469|0
1409630489|0
1409630509|0
1409630529|0
1409630549|0
1409630569|0
1409630589|0
1409630609|0
1409630629|0
1409630649|0
1409630669|0
1409630690|0
1409630710|0
1409630730|0
1409630750|0
1409630770|0
1409630790|0
1409630810|0
1409630830|0
1409630850|0
1409630870|0
1409630891|0
1409630911|0
1409630931|0
1409630951|0
1409630971|0
1409630991|0
1409631011|0
1409631032|0
1409631052|0
1409631072|0
1409631092|0
1409631112|0
1409631132|0
1409631153|0
1409631173|0
1409631193|0
1409631213|0
1409631233|0
1409631253|0
1409631273|0
1409631293|0
1409631313|0
1409631334|0
1409631354|0
1409631374|0
1409631394|0
1409631414|0
1409631434|0
1409631454|0
1409631474|0
1409631494|0
1409631514|0
1409631535|0
1409631555|0
1409631575|0
1409631595|0
1409631615|0
1409631635|0
1409631655|0
1409631675|0
1409631696|0
1409631716|0
1409631736|0
1409631756|0
1409631776|0
1409631796|0
1409631817|0
1409631837|0
1409631857|0
1409631879|0
1409631899|0
1409631919|0
1409631939|0
1409631960|0
1409631980|0
1409632000|0
1409632020|0
1409632040|0
1409632060|0
1409632080|0
1409632100|0
1409632120|0
1409632140|0
1409632161|0
1409632181|0
1409632201|0
1409632221|0
1409632241|0
1409632261|0
1409632281|0
1409632301|0
1409632321|0
1409632341|0
1409632362|0
1409632382|0
1409632402|0
1409632422|0
1409632442|0
1409632462|0
1409632482|0
1409632503|0
1409632523|0
1409632543|0
1409632563|0
1409632584|0
1409632604|0
1409632624|0
1409632644|0
1409632664|0
1409632684|0
1409632704|0
1409632724|0
1409632744|0
1409632764|0
1409632785|0
1409632805|0
1409632825|0
1409632845|0
1409632865|0
1409632885|0
1409632905|0
1409632925|0
1409632945|0
1409632965|0
1409632985|0
1409633006|0
1409633026|0
1409633046|0
1409633066|0
1409633086|0
1409633106|0
1409633126|0
1409633146|0
1409633167|0
1409633187|0
1409633207|0
1409633227|0
1409633247|0
1409633268|0
1409633288|0
1409633308|0
1409633328|0
1409633348|0
1409633368|0
1409633388|0
1409633408|0
1409633428|0
1409633448|0
1409633469|0
1409633489|0
1409633509|0
1409633529|0
1409633549|0
1409633569|0
1409633589|0
1409633609|0
1409633629|0
1409633649|0
1409633670|0
1409633690|0
1409633710|0
1409633730|0
1409633750|0
1409633770|0
1409633790|0
1409633810|0
1409633831|0
1409633851|0
1409633871|0
1409633891|0
1409633911|0
1409633932|0
1409633952|0
1409633972|0
1409633992|0
1409634012|0
1409634032|0
1409634052|0
1409634072|0
1409634094|0
1409634114|0
1409634134|0
1409634154|0
1409634175|0
1409634195|0
1409634215|0
1409634235|0
1409634255|0
1409634275|0
1409634295|0
1409634315|0
1409634335|0
1409634356|0
1409634376|0
1409634396|0
1409634416|0
1409634436|0
1409634456|0
1409634476|0
1409634496|0
1409634517|0
1409634537|0
1409634557|0
1409634577|0
1409634597|0
1409634617|0
1409634637|0
1409634657|0
1409634677|0
1409634698|0
1409634718|0
1409634738|0
1409634758|0
1409634779|0
1409634799|0
1409634819|0
1409634839|0
1409634859|0
1409634879|0
1409634899|0
1409634919|0
1409634939|0
1409634959|0
1409634979|0
1409635000|0
1409635020|0
1409635040|0
1409635060|0
1409635080|0
1409635100|0
1409635120|0
1409635140|0
1409635160|0
1409635180|0
1409635201|0
1409635221|0
1409635241|0
1409635261|0
1409635281|0
1409635301|0
1409635321|0
1409635341|0
1409635362|0
1409635382|0
1409635402|0
1409635422|0
1409635442|0
1409635462|0
1409635483|0
1409635503|0
1409635523|0
1409635543|0
1409635563|0
1409635583|0
1409635603|0
1409635623|0
1409635643|0
1409635663|0
1409635684|0
1409635704|0
1409635724|0
1409635744|0
1409635764|0
1409635784|0
1409635804|0
1409635824|0
1409635844|0
1409635864|0
1409635884|0
1409635905|0
1409635925|0
1409635945|0
1409635965|0
1409635985|0
1409636005|0
1409636026|0
1409636046|0
1409636066|0
1409636086|0
1409636106|0
1409636126|0
1409636146|0
1409636167|0
1409636187|0
1409636207|0
1409636227|0
1409636248|0
1409636268|0
1409636288|0
1409636308|0
1409636328|0
1409636348|0
1409636368|0
1409636388|0
1409636409|0
1409636429|0
1409636449|0
1409636469|0
1409636489|0
1409636509|0
1409636529|0
1409636549|0
1409636569|0
1409636589|0
1409636609|0
1409636630|0
1409636650|0
1409636670|0
1409636690|0
1409636710|0
1409636730|0
1409636750|0
1409636771|0
1409636791|0
1409636811|0
1409636831|0
1409636851|0
1409636871|0
1409636892|0
1409636912|0
1409636932|0
1409636952|0
1409636972|0
1409636992|0
1409637012|0
1409637032|0
1409637052|0
1409637073|0
1409637093|0
1409637113|0
1409637134|0
1409637154|0
1409637174|0
1409637194|0
1409637214|0
1409637234|0
1409637255|0
1409637275|0
1409637295|0
1409637315|0
1409637335|0
1409637355|0
1409637375|0
1409637395|0
1409637416|0
1409637436|0
1409637456|0
1409637476|0
1409637496|0
1409637516|0
1409637536|0
1409637557|0
1409637577|0
1409637597|0
1409637618|0
1409637638|0
1409637658|0
1409637678|0
1409637698|0
1409637718|0
1409637739|0
1409637759|0
1409637779|0
1409637799|0
1409637819|0
1409637839|0
1409637859|0
1409637879|0
1409637899|0
1409637919|0
1409637940|0
1409637960|0
1409637980|0
1409638000|0
1409638020|0
1409638040|0
1409638060|0
1409638080|0
1409638100|0
1409638120|0
1409638141|0
1409638161|0
1409638181|0
1409638201|0
1409638221|0
1409638241|0
1409638261|0
1409638282|0
1409638302|0
1409638322|0
1409638342|0
1409638362|0
1409638382|0
1409638403|0
1409638423|0
1409638443|0
1409638463|0
1409638483|0
1409638503|0
1409638523|0
1409638543|0
1409638563|0
1409638583|0
1409638604|0
1409638624|0
1409638644|0
1409638664|0
1409638684|0
1409638704|0
1409638724|0
1409638744|0
1409638764|0
1409638784|0
1409638805|0
1409638825|0
1409638845|0
1409638865|0
1409638885|0
1409638905|0
1409638925|0
1409638946|0
1409638966|0
1409638986|0
1409639006|0
1409639026|0
1409639046|0
1409639067|0
1409639087|0
1409639107|0
1409639128|0
1409639148|0
1409639169|0
1409639189|0
1409639209|0
1409639229|0
1409639249|0
1409639270|0
1409639290|0
1409639310|0
1409639330|0
1409639350|0
1409639370|0
1409639390|0
1409639410|0
1409639430|0
1409639450|0
1409639471|0
1409639491|0
1409639511|0
1409639531|0
1409639551|0
1409639571|0
1409639591|0
1409639611|0
1409639631|0
1409639651|0
1409639672|0
1409639692|0
1409639712|0
1409639732|0
1409639752|0
1409639772|0
1409639793|0
1409639814|0
1409639835|0
1409639855|0
1409639875|0
1409639895|0
1409639915|0
1409639935|0
1409639955|0
1409639975|0
1409639996|0
1409640016|0
1409640036|0
1409640056|0
1409640076|0
1409640096|0
1409640116|0
1409640136|0
1409640156|0
1409640176|0
1409640196|0
1409640217|0
1409640237|0
1409640257|0
1409640277|0
1409640297|0
1409640317|0
1409640337|0
1409640357|0
1409640378|0
1409640398|0
1409640418|0
1409640439|0
1409640459|0
1409640479|0
1409640499|0
1409640519|0
1409640539|0
1409640560|0
1409640580|0
1409640600|0
1409640620|0
1409640640|0
1409640660|0
1409640680|0
1409640701|0
1409640721|0
1409640741|0
1409640761|0
1409640781|0
1409640801|0
1409640821|0
1409640841|0
1409640861|0
1409640881|0
1409640902|0
1409640922|0
1409640942|0
1409640962|0
1409640982|0
1409641002|0
1409641022|0
1409641042|0
1409641062|0
1409641082|0
1409641103|0
1409641123|0
1409641144|0
1409641164|0
1409641184|0
1409641204|0
1409641224|0
1409641245|0
1409641265|0
1409641285|0
1409641305|0
1409641325|0
1409641346|0
1409641366|0
1409641386|0
1409641406|0
1409641426|0
1409641446|0
1409641466|0
1409641486|0
1409641506|0
1409641527|0
1409641547|0
1409641567|0
1409641587|0
1409641607|0
1409641627|0
1409641647|0
1409641667|0
1409641687|0
1409641708|0
1409641728|0
1409641748|0
1409641768|0
1409641789|0
1409641809|0
1409641829|0
1409641850|0
1409641870|0
1409641890|0
1409641910|0
1409641930|0
1409641950|0
1409641970|0
1409641990|0
1409642010|0
1409642030|0
1409642051|0
1409642071|0
1409642091|0
1409642111|0
1409642132|0
1409642152|0
1409642172|0
1409642192|0
1409642212|0
1409642232|0
1409642252|0
1409642272|0
1409642294|0
1409642314|0
1409642334|0
1409642354|0
1409642374|0
1409642395|0
1409642415|0
1409642435|0
1409642455|0
1409642475|0
1409642495|0
1409642515|0
1409642536|0
1409642556|0
1409642576|0
1409642596|0
1409642616|0
1409642636|0
1409642656|0
1409642676|0
1409642697|0
1409642717|0
1409642737|0
1409642757|0
1409642777|0
1409642797|0
1409642817|0
1409642837|0
1409642858|0
1409642878|0
1409642898|0
1409642918|0
1409642939|0
1409642959|0
1409642979|0
1409642999|0
1409643020|0
1409643040|0
1409643060|0
1409643080|0
1409643100|0
1409643120|0
1409643140|0
1409643160|0
1409643181|0
1409643201|0
1409643221|0
1409643241|0
1409643261|0
1409643281|0
1409643301|0
1409643321|0
1409643341|0
1409643361|0
1409643382|0
1409643402|0
1409643422|0
1409643442|0
1409643462|0
1409643482|0
1409643502|0
1409643522|0
1409643542|0
1409643562|0
1409643584|0
1409643605|0
1409643625|0
1409643645|0
1409643665|0
1409643685|0
1409643705|0
1409643725|0
1409643745|0
1409643765|0
1409643786|0
1409643806|0
1409643826|0
1409643846|0
1409643866|0
1409643887|0
1409643907|0
1409643927|0
1409643947|0
1409643967|0
1409643987|0
1409644007|0
1409644027|0
1409644047|0
1409644068|0
1409644088|0
1409644108|0
1409644128|0
1409644149|0
1409644169|0
1409644189|0
1409644209|0
1409644229|0
1409644250|0
1409644270|0
1409644290|0
1409644310|0
1409644330|0
1409644350|0
1409644370|0
1409644390|0
1409644410|0
1409644430|0
1409644451|0
1409644471|0
1409644491|0
1409644511|0
1409644531|0
1409644551|0
1409644571|0
1409644592|0
1409644612|0
1409644632|0
1409644652|0
1409644672|0
1409644692|0
1409644713|0
1409644733|0
1409644753|0
1409644773|0
1409644793|0
1409644813|0
1409644833|0
1409644853|0
1409644874|0
1409644894|0
1409644914|0
1409644934|0
1409644954|0
1409644974|0
1409644994|0
1409645015|0
1409645035|0
1409645055|0
1409645075|0
1409645095|0
1409645115|0
1409645135|0
1409645155|0
1409645175|0
1409645195|0
1409645216|0
1409645236|0
1409645256|0
1409645276|0
1409645296|0
1409645317|0
1409645337|0
1409645357|0
1409645377|0
1409645397|0
1409645417|0
1409645437|0
1409645457|0
1409645477|0
1409645498|0
1409645518|0
1409645538|0
1409645560|0
1409645580|0
1409645600|0
1409645620|0
1409645640|0
1409645660|0
1409645681|0
1409645701|0
1409645721|0
1409645741|0
1409645761|0
1409645781|0
1409645801|0
1409645821|0
1409645841|0
1409645861|0
1409645882|0
1409645902|0
1409645922|0
1409645942|0
1409645962|0
1409645982|0
1409646002|0
1409646022|0
1409646042|0
1409646063|0
1409646083|0
1409646103|0
1409646123|0
1409646144|0
1409646165|0
1409646185|0
1409646205|0
1409646225|0
1409646245|0
1409646265|0
1409646285|0
1409646306|0
1409646326|0
1409646346|0
1409646366|0
1409646386|0
1409646406|0
1409646426|0
1409646447|0
1409646467|0
1409646487|0
1409646507|0
1409646527|0
1409646547|0
1409646567|0
1409646587|0
1409646607|0
1409646628|0
1409646648|0
1409646668|0
1409646688|0
1409646709|0
1409646729|0
1409646749|0
1409646769|0
1409646789|0
1409646809|0
1409646829|0
1409646849|0
1409646869|0
1409646890|0
1409646910|0
1409646930|0
1409646950|0
1409646970|0
1409646990|0
1409647010|0
1409647030|0
1409647051|0
1409647071|0
1409647091|0
1409647111|0
1409647132|0
1409647152|0
1409647172|0
1409647192|0
1409647212|0
1409647232|0
1409647252|0
1409647272|0
1409647292|0
1409647313|0
1409647333|0
1409647353|0
1409647374|0
1409647394|0
1409647414|0
1409647434|0
1409647454|0
1409647474|0
1409647494|0
1409647514|0
1409647534|0
1409647554|0
1409647575|0
1409647595|0
1409647615|0
1409647635|0
1409647655|0
1409647675|0
1409647695|0
1409647715|0
1409647735|0
1409647756|0
1409647776|0
1409647796|0
1409647816|0
1409647837|0
1409647857|0
1409647877|0
1409647897|0
1409647917|0
1409647937|0
1409647957|0
1409647977|0
1409647997|0
1409648017|0
1409648038|0
1409648058|0
1409648079|0
1409648099|0
1409648120|0
1409648140|0
1409648160|0
1409648180|0
1409648200|0
1409648220|0
1409648240|0
1409648260|0
1409648280|0
1409648300|0
1409648321|0
1409648341|0
1409648361|0
1409648381|0
1409648401|0
1409648421|0
1409648441|0
1409648461|0
1409648481|0
1409648501|0
1409648522|0
1409648542|0
1409648562|0
1409648582|0
1409648602|0
1409648623|0
1409648645|0
1409648665|0
1409648686|0
1409648706|0
1409648726|0
1409648746|0
1409648766|0
1409648786|0
1409648806|0
1409648827|0
1409648847|0
1409648867|0
1409648887|0
1409648907|0
1409648927|0
1409648947|0
1409648967|0
1409648987|0
1409649007|0
1409649028|0
1409649048|0
1409649068|0
1409649088|0
1409649108|0
1409649128|0
1409649148|0
1409649169|0
1409649189|0
1409649209|0
1409649229|0
1409649249|0
1409649270|0
1409649290|0
1409649310|0
1409649330|0
1409649350|0
1409649370|0
1409649391|0
1409649411|0
1409649431|0
1409649451|0
1409649472|0
1409649492|0
1409649512|0
1409649532|0
1409649552|0
1409649572|0
1409649592|0
1409649612|0
1409649632|0
1409649653|0
1409649673|0
1409649694|0
1409649714|0
1409649734|0
1409649754|0
1409649774|0
1409649795|0
1409649815|0
1409649835|0
1409649855|0
1409649875|0
1409649895|0
1409649915|0
1409649935|0
1409649955|0
1409649975|0
1409649996|0
1409650016|0
1409650036|0
1409650056|0
1409650076|0
1409650096|0
1409650116|0
1409650136|0
1409650156|0
1409650177|0
1409650197|0
1409650217|0
1409650237|0
1409650258|0
1409650278|0
1409650299|0
1409650319|0
1409650339|0
1409650359|0
1409650379|0
1409650399|0
1409650419|0
1409650439|0
1409650459|0
1409650479|0
1409650500|0
1409650520|0
1409650540|0
1409650560|0
1409650580|0
1409650600|0
1409650620|0
1409650640|0
1409650660|0
1409650680|0
1409650701|0
1409650721|0
1409650741|0
1409650761|0
1409650781|0
1409650801|0
1409650821|0
1409650841|0
1409650861|0
1409650882|0
1409650902|0
1409650922|0
1409650942|0
1409650962|0
1409650983|0
1409651003|0
1409651023|0
1409651044|0
1409651064|0
1409651084|0
1409651104|0
1409651124|0
1409651144|0
1409651164|0
1409651184|0
1409651204|0
1409651224|0
1409651245|0
1409651265|0
1409651285|0
1409651305|0
1409651325|0
1409651345|0
1409651365|0
1409651385|0
1409651405|0
1409651425|0
1409651446|0
1409651466|0
1409651486|0
1409651506|0
1409651526|0
1409651546|0
1409651566|0
1409651587|0
1409651607|0
1409651627|0
1409651647|0
1409651667|0
1409651687|0
1409651707|0
1409651728|0
1409651748|0
1409651768|0
1409651788|0
1409651809|0
1409651829|0
1409651849|0
1409651869|0
1409651889|0
1409651909|0
1409651930|0
1409651950|0
1409651970|0
1409651990|0
1409652010|0
1409652030|0
1409652050|0
1409652070|0
1409652090|0
1409652110|0
1409652131|0
1409652151|0
1409652171|0
1409652191|0
1409652211|0
1409652231|0
1409652251|0
1409652271|0
1409652291|0
1409652312|0
1409652332|0
1409652352|0
1409652372|0
1409652393|0
1409652413|0
1409652433|0
1409652453|0
1409652474|0
1409652494|0
1409652514|0
1409652534|0
1409652554|0
1409652575|0
1409652595|0
1409652615|0
1409652635|0
1409652655|0
1409652675|0
1409652695|0
1409652715|0
1409652735|0
1409652755|0
1409652776|0
1409652796|0
1409652816|0
1409652836|0
1409652856|0
1409652876|0
1409652896|0
1409652916|0
1409652936|0
1409652956|0
1409652977|0
1409652997|0
1409653017|0
1409653037|0
1409653057|0
1409653078|0
1409653098|0
1409653119|0
1409653139|0
1409653159|0
1409653179|0
1409653199|0
1409653219|0
1409653239|0
1409653259|0
1409653279|0
1409653299|0
1409653320|0
1409653340|0
1409653360|0
1409653380|0
1409653400|0
1409653420|0
1409653440|0
1409653460|0
1409653480|0
1409653500|0
1409653521|0
1409653541|0
1409653561|0
1409653581|0
1409653601|0
1409653621|0
1409653641|0
1409653661|0
1409653681|0
1409653702|0
1409653722|0
1409653742|0
1409653762|0
1409653782|0
1409653803|0
1409653823|0
1409653843|0
1409653864|0
1409653884|0
1409653904|0
1409653924|0
1409653944|0
1409653964|0
1409653985|0
1409654005|0
1409654025|0
1409654045|0
1409654065|0
1409654085|0
1409654105|0
1409654125|0
1409654145|0
1409654165|0
1409654186|0
1409654206|0
1409654226|0
1409654246|0
1409654266|0
1409654286|0
1409654306|0
1409654326|0
1409654346|0
1409654366|0
1409654386|0
1409654407|0
1409654427|0
1409654447|0
1409654468|0
1409654489|0
1409654509|0
1409654529|0
1409654549|0
1409654569|0
1409654589|0
1409654610|0
1409654630|0
1409654650|0
1409654670|0
1409654690|0
1409654710|0
1409654730|0
1409654750|0
1409654770|0
1409654790|0
1409654811|0
1409654831|0
1409654851|0
1409654871|0
1409654891|0
1409654911|0
1409654931|0
1409654951|0
1409654971|0
1409654991|0
1409655012|0
1409655032|0
1409655052|0
1409655072|0
1409655092|0
1409655112|0
1409655132|0
1409655153|0
1409655173|0
1409655194|0
1409655214|0
1409655234|0
1409655254|0
1409655274|0
1409655294|0
1409655314|0
1409655334|0
1409655354|0
1409655375|0
1409655395|0
1409655415|0
1409655435|0
1409655455|0
1409655475|0
1409655495|0
1409655516|0
1409655536|0
1409655556|0
1409655576|0
1409655596|0
1409655616|0
1409655636|0
1409655656|0
1409655676|0
1409655697|0
1409655717|0
1409655737|0
1409655757|0
1409655777|0
1409655797|0
1409655817|0
1409655838|0
1409655858|0
1409655878|0
1409655900|0
1409655920|0
1409655940|0
1409655960|0
1409655980|0
1409656000|0
1409656021|0
1409656041|0
1409656061|0
1409656081|0
1409656101|0
1409656121|0
1409656141|0
1409656161|0
1409656181|0
1409656201|0
1409656222|0
1409656242|0
1409656262|0
1409656282|0
1409656302|0
1409656322|0
1409656342|0
1409656362|0
1409656382|0
1409656402|0
1409656423|0
1409656443|0
1409656463|0
1409656483|0
1409656503|0
1409656523|0
1409656543|0
1409656564|0
1409656584|0
1409656604|0
1409656624|0
1409656644|0
1409656666|0
1409656686|0
1409656706|0
1409656726|0
1409656746|0
1409656767|0
1409656787|0
1409656807|0
1409656827|0
1409656847|0
1409656867|0
1409656888|0
1409656908|0
1409656928|0
1409656948|0
1409656968|0
1409656988|0
1409657008|0
1409657028|0
1409657049|0
1409657069|0
1409657089|0
1409657109|0
1409657129|0
1409657149|0
1409657170|0
1409657190|0
1409657210|0
1409657230|0
1409657250|0
1409657270|0
1409657290|0
1409657310|0
1409657331|0
1409657351|0
1409657371|0
1409657391|0
1409657411|0
1409657431|0
1409657452|0
1409657472|0
1409657492|0
1409657512|0
1409657532|0
1409657552|0
1409657572|0
1409657592|0
1409657612|0
1409657632|0
1409657653|0
1409657673|0
1409657693|0
1409657713|0
1409657733|0
1409657753|0
1409657773|0
1409657793|0
1409657814|0
1409657834|0
1409657854|0
1409657874|0
1409657894|0
1409657914|0
1409657935|0
1409657955|0
1409657975|0
1409657995|0
1409658015|0
1409658035|0
1409658055|0
1409658075|0
1409658096|0
1409658116|0
1409658136|0
1409658156|0
1409658176|0
1409658196|0
1409658217|0
1409658237|0
1409658257|0
1409658277|0
1409658297|0
1409658317|0
1409658337|0
1409658357|0
1409658377|0
1409658397|0
1409658417|0
1409658438|0
1409658458|0
1409658478|0
1409658498|0
1409658518|0
1409658538|0
1409658558|0
1409658578|0
1409658598|0
1409658618|0
1409658639|0
1409658660|0
1409658680|0
1409658701|0
1409658721|0
1409658741|0
1409658761|0
1409658781|0
1409658801|0
1409658821|0
1409658841|0
1409658861|0
1409658882|0
1409658902|0
1409658922|0
1409658942|0
1409658962|0
1409658983|0
1409659003|0
1409659023|0
1409659043|0
1409659063|0
1409659083|0
1409659103|0
1409659123|0
1409659144|0
1409659164|0
1409659185|0
1409659205|0
1409659225|0
1409659245|0
1409659265|0
1409659285|0
1409659305|0
1409659326|0
1409659346|0
1409659366|0
1409659386|0
1409659406|0
1409659426|0
1409659446|0
1409659466|0
1409659486|0
1409659506|0
1409659527|0
1409659547|0
1409659567|0
1409659587|0
1409659607|0
1409659627|0
1409659647|0
1409659667|0
1409659688|0
1409659708|0
1409659728|0
1409659750|0
1409659771|0
1409659791|0
1409659811|0
1409659831|0
1409659851|0
1409659871|0
1409659891|0
1409659912|0
1409659932|0
1409659952|0
1409659972|0
1409659992|0
1409660013|0
1409660033|0
1409660053|0
1409660073|0
1409660093|0
1409660113|0
1409660133|0
1409660153|0
1409660174|0
1409660194|0
1409660215|0
1409660235|0
1409660255|0
1409660275|0
1409660295|0
1409660315|0
1409660336|0
1409660356|0
1409660376|0
1409660396|0
1409660416|0
1409660436|0
1409660456|0
1409660476|0
1409660496|0
1409660516|0
1409660537|0
1409660557|0
1409660577|0
1409660597|0
1409660618|0
1409660638|0
1409660658|0
1409660678|0
1409660698|0
1409660718|0
1409660739|0
1409660759|0
1409660779|0
1409660799|0
1409660819|0
1409660839|0
1409660860|0
1409660880|0
1409660900|0
1409660920|0
1409660940|0
1409660960|0
1409660980|0
1409661000|0
1409661020|0
1409661040|0
1409661061|0
1409661081|0
1409661101|0
1409661121|0
1409661141|0
1409661161|0
1409661181|0
1409661201|0
1409661221|0
1409661241|0
1409661262|0
1409661282|0
1409661302|0
1409661323|0
1409661343|0
1409661363|0
1409661383|0
1409661403|0
1409661423|0
1409661443|0
1409661464|0
1409661484|0
1409661504|0
1409661524|0
1409661544|0
1409661565|0
1409661585|0
1409661605|0
1409661625|0
1409661645|0
1409661665|0
1409661685|0
1409661705|0
1409661725|0
1409661745|0
1409661765|0
1409661786|0
1409661806|0
1409661826|0
1409661846|0
1409661866|0
1409661886|0
1409661906|0
1409661926|0
1409661946|0
1409661966|0
1409661987|0
1409662007|0
1409662027|0
1409662047|0
1409662068|0
1409662088|0
1409662108|0
1409662128|0
1409662148|0
1409662168|0
1409662188|0
1409662208|0
1409662228|0
1409662248|0
1409662269|0
1409662289|0
1409662309|0
1409662329|0
1409662349|0
1409662369|0
1409662389|0
1409662409|0
1409662429|0
1409662449|0
1409662470|0
1409662490|0
1409662510|0
1409662530|0
1409662550|0
1409662570|0
1409662590|0
1409662610|0
1409662630|0
1409662651|0
1409662671|0
1409662691|0
1409662711|0
1409662731|0
1409662752|0
1409662772|0
1409662792|0
1409662812|0
1409662832|0
1409662852|0
1409662872|0
1409662892|0
1409662912|0
1409662932|0
1409662952|0
1409662973|0
1409662993|0
1409663013|0
1409663033|0
1409663053|0
1409663073|0
1409663093|0
1409663114|0
1409663134|0
1409663154|0
1409663174|0
1409663195|0
1409663215|0
1409663235|0
1409663255|0
1409663275|0
1409663295|0
1409663315|0
1409663336|0
1409663356|0
1409663376|0
1409663396|0
1409663416|0
1409663436|0
1409663457|0
1409663477|0
1409663497|0
1409663517|0
1409663537|0
1409663557|0
1409663577|0
1409663597|0
1409663618|0
1409663638|0
1409663658|0
1409663678|0
1409663698|0
1409663718|0
1409663738|0
1409663758|0
1409663778|0
1409663798|0
1409663819|0
1409663839|0
1409663859|0
1409663880|0
1409663900|0
1409663920|0
1409663940|0
1409663960|0
1409663980|0
1409664000|0
1409664020|0
1409664040|0
1409664061|0
1409664082|0
1409664102|0
1409664122|0
1409664142|0
1409664162|0
1409664182|0
1409664202|0
1409664222|0
1409664243|0
1409664263|0
1409664283|0
1409664303|0
1409664323|0
1409664344|0
1409664364|0
1409664384|0
1409664404|0
1409664424|0
1409664444|0
1409664464|0
1409664484|0
1409664504|0
1409664526|0
1409664546|0
1409664566|0
1409664586|0
1409664606|0
1409664626|0
1409664646|0
1409664666|0
1409664686|0
1409664707|0
1409664727|0
1409664747|0
1409664767|0
1409664787|0
1409664807|0
1409664827|0
1409664847|0
1409664867|0
1409664887|0
1409664908|0
1409664928|0
1409664948|0
1409664968|0
1409664988|0
1409665008|0
1409665028|0
1409665049|0
1409665069|0
1409665089|0
1409665109|0
1409665130|0
1409665150|0
1409665170|0
1409665190|0
1409665210|0
1409665230|0
1409665250|0
1409665271|0
1409665291|0
1409665311|0
1409665331|0
1409665351|0
1409665371|0
1409665391|0
1409665411|0
1409665431|0
1409665451|0
1409665471|0
1409665492|0
1409665512|0
1409665532|0
1409665552|0
1409665572|0
1409665592|0
1409665612|0
1409665632|0
1409665652|0
1409665673|0
1409665693|0
1409665713|0
1409665733|0
1409665754|0
1409665774|0
1409665794|0
1409665814|0
1409665834|0
1409665854|0
1409665874|0
1409665895|0
1409665915|0
1409665935|0
1409665955|0
1409665975|0
1409665995|0
1409666016|0
1409666036|0
1409666056|0
1409666076|0
1409666096|0
1409666116|0
1409666136|0
1409666156|0
1409666176|0
1409666197|0
1409666217|0
1409666237|0
1409666257|0
1409666277|0
1409666297|0
1409666317|0
1409666337|0
1409666358|0
1409666378|0
1409666398|0
1409666418|0
1409666438|0
1409666458|0
1409666479|0
1409666499|0
1409666519|0
1409666539|0
1409666559|0
1409666579|0
1409666599|0
1409666620|0
1409666640|0
1409666660|0
1409666680|0
1409666700|0
1409666720|0
1409666740|0
1409666760|0
1409666780|0
1409666800|0
1409666821|0
1409666841|0
1409666861|0
1409666881|0
1409666901|0
1409666921|0
1409666941|0
1409666961|0
1409666981|0
1409667001|0
1409667021|0
1409667042|0
1409667062|0
1409667082|0
1409667102|0
1409667122|0
1409667142|0
1409667163|0
1409667183|0
1409667203|0
1409667223|0
1409667243|0
1409667264|0
1409667284|0
1409667305|0
1409667325|0
1409667345|0
1409667365|0
1409667385|0
1409667405|0
1409667425|0
1409667446|0
1409667466|0
1409667486|0
1409667506|0
1409667526|0
1409667546|0
1409667566|0
1409667586|0
1409667606|0
1409667626|0
1409667646|0
1409667667|0
1409667687|0
1409667707|0
1409667727|0
1409667747|0
1409667767|0
1409667787|0
1409667807|0
1409667827|0
1409667847|0
1409667868|0
1409667888|0
1409667908|0
1409667929|0
1409667949|0
1409667969|0
1409667989|0
1409668009|0
1409668029|0
1409668049|0
1409668069|0
1409668089|0
1409668109|0
1409668129|0
1409668150|0
1409668170|0
1409668190|0
1409668210|0
1409668230|0
1409668250|0
1409668270|0
1409668292|0
1409668312|0
1409668332|0
1409668352|0
1409668372|0
1409668392|0
1409668412|0
1409668432|0
1409668452|0
1409668472|0
1409668492|0
1409668513|0
1409668533|0
1409668553|0
1409668573|0
1409668593|0
1409668613|0
1409668633|0
1409668653|0
1409668674|0
1409668694|0
1409668714|0
1409668734|0
1409668754|0
1409668774|0
1409668794|0
1409668815|0
1409668835|0
1409668855|0
1409668875|0
1409668896|0
1409668916|0
1409668936|0
1409668956|0
1409668976|0
1409668996|0
1409669016|0
1409669036|0
1409669057|0
1409669077|0
1409669098|0
1409669118|0
1409669138|0
1409669158|0
1409669178|0
1409669198|0
1409669218|0
1409669238|0
1409669258|0
1409669279|0
1409669299|0
1409669319|0
1409669339|0
1409669359|0
1409669379|0
1409669399|0
1409669419|0
1409669440|0
1409669460|0
1409669480|0
1409669500|0
1409669521|0
1409669541|0
1409669562|0
1409669582|0
1409669602|0
1409669622|0
1409669642|0
1409669662|0
1409669683|0
1409669703|0
1409669723|0
1409669743|0
1409669763|0
1409669783|0
1409669803|0
1409669823|0
1409669843|0
1409669863|0
1409669884|0
1409669904|0
1409669924|0
1409669944|0
1409669964|0
1409669984|0
1409670004|0
1409670024|0
1409670044|0
1409670064|0
1409670084|0
1409670105|0
1409670125|0
1409670145|0
1409670165|0
1409670186|0
1409670206|0
1409670226|0
1409670246|0
1409670266|0
1409670286|0
1409670307|0
1409670327|0
1409670347|0
1409670367|0
1409670387|0
1409670407|0
1409670427|0
1409670447|0
1409670467|0
1409670487|0
1409670508|0
1409670528|0
1409670548|0
1409670568|0
1409670588|0
1409670608|0
1409670628|0
1409670648|0
1409670668|0
1409670688|0
1409670708|0
1409670729|0
1409670749|0
1409670769|0
1409670789|0
1409670809|0
1409670829|0
1409670850|0
1409670870|0
1409670890|0
1409670910|0
1409670930|0
1409670950|0
1409670971|0
1409670991|0
1409671011|0
1409671031|0
1409671052|0
1409671072|0
1409671092|0
1409671112|0
1409671132|0
1409671152|0
1409671173|0
1409671193|0
1409671213|0
1409671233|0
1409671253|0
1409671273|0
1409671293|0
1409671313|0
1409671333|0
1409671353|0
1409671374|0
1409671394|0
1409671414|0
1409671434|0
1409671454|0
1409671474|0
1409671494|0
1409671514|0
1409671534|0
1409671554|0
1409671575|0
1409671595|0
1409671615|0
1409671635|0
1409671656|0
1409671676|0
1409671696|0
1409671716|0
1409671737|0
1409671757|0
1409671777|0
1409671797|0
1409671817|0
1409671837|0
1409671857|0
1409671877|0
1409671897|0
1409671917|0
1409671938|0
1409671958|0
1409671978|0
1409671998|0
1409672018|0
1409672038|0
1409672059|0
1409672079|0
1409672099|0
1409672119|0
1409672139|0
1409672159|0
1409672179|0
1409672199|0
1409672219|0
1409672239|0
1409672260|0
1409672280|0
1409672300|0
1409672320|0
1409672341|0
1409672361|0
1409672381|0
1409672401|0
1409672421|0
1409672441|0
1409672462|0
1409672482|0
1409672502|0
1409672522|0
1409672542|0
1409672562|0
1409672582|0
1409672602|0
1409672622|0
1409672642|0
1409672663|0
1409672683|0
1409672703|0
1409672723|0
1409672743|0
1409672763|0
1409672783|0
1409672803|0
1409672823|0
1409672843|0
1409672864|0
1409672884|0
1409672904|0
1409672924|0
1409672944|0
1409672964|0
1409672985|0
1409673005|0
1409673025|0
1409673045|0
1409673065|0
1409673085|0
1409673106|0
1409673126|0
1409673146|0
1409673166|0
1409673186|0
1409673206|0
1409673226|0
1409673246|0
1409673266|0
1409673287|0
1409673307|0
1409673327|0
1409673347|0
1409673367|0
1409673387|0
1409673407|0
1409673427|0
1409673447|0
1409673467|0
1409673488|0
1409673508|0
1409673528|0
1409673548|0
1409673568|0
1409673588|0
1409673608|0
1409673628|0
1409673649|0
1409673669|0
1409673689|0
1409673709|0
1409673729|0
1409673749|0
1409673770|0
1409673790|0
1409673810|0
1409673830|0
1409673850|0
1409673870|0
1409673890|0
1409673910|0
1409673930|0
1409673950|0
1409673971|0
1409673991|0
1409674011|0
1409674031|0
1409674051|0
1409674071|0
1409674091|0
1409674111|0
1409674131|0
1409674151|0
1409674172|0
1409674192|0
1409674213|0
1409674233|0
1409674253|0
1409674273|0
1409674293|0
1409674313|0
1409674333|0
1409674353|0
1409674374|0
1409674394|0
1409674414|0
1409674434|0
1409674454|0
1409674475|0
1409674495|0
1409674515|0
1409674535|0
1409674555|0
1409674575|0
1409674595|0
1409674616|0
1409674636|0
1409674656|0
1409674676|0
1409674696|0
1409674716|0
1409674736|0
1409674757|0
1409674777|0
1409674797|0
1409674817|0
1409674837|0
1409674857|0
1409674877|0
1409674897|0
1409674917|0
1409674937|0
1409674957|0
1409674978|0
1409674998|0
1409675018|0
1409675038|0
1409675058|0
1409675078|0
1409675098|0
1409675119|0
1409675139|0
1409675159|0
1409675179|0
1409675199|0
1409675220|0
1409675240|0
1409675260|0
1409675280|0
1409675301|0
1409675321|0
1409675343|0
1409675363|0
1409675383|0
1409675403|0
1409675423|0
1409675444|0
1409675464|0
1409675484|0
1409675504|0
1409675524|0
1409675544|0
1409675564|0
1409675584|0
1409675604|0
1409675624|0
1409675644|0
1409675665|0
1409675685|0
1409675705|0
1409675725|0
1409675745|0
1409675765|0
1409675785|0
1409675805|0
1409675825|0
1409675845|0
1409675866|0
1409675886|0
1409675906|0
1409675926|0
1409675946|0
1409675966|0
1409675987|0
1409676007|0
1409676027|0
1409676048|0
1409676068|0
1409676088|0
1409676108|0
1409676128|0
1409676148|0
1409676168|0
1409676188|0
1409676208|0
1409676228|0
1409676248|0
1409676269|0
1409676289|0
1409676309|0
1409676329|0
1409676349|0
1409676369|0
1409676389|0
1409676409|0
1409676429|0
1409676449|0
1409676470|0
1409676490|0
1409676510|0
1409676530|0
1409676551|0
1409676571|0
1409676591|0
1409676611|0
1409676631|0
1409676651|0
1409676672|0
1409676692|0
1409676712|0
1409676732|0
1409676752|0
1409676772|0
1409676792|0
1409676813|0
1409676833|0
1409676853|0
1409676873|0
1409676893|0
1409676913|0
1409676933|0
1409676953|0
1409676973|0
1409676993|0
1409677014|0
1409677034|0
1409677054|0
1409677074|0
1409677094|0
1409677114|0
1409677134|0
1409677154|0
1409677174|0
1409677194|0
1409677214|0
1409677235|0
1409677255|0
1409677275|0
1409677295|0
1409677315|0
1409677335|0
1409677356|0
1409677376|0
1409677396|0
1409677416|0
1409677436|0
1409677456|0
1409677477|0
1409677497|0
1409677517|0
1409677537|0
1409677557|0
1409677577|0
1409677597|0
1409677617|0
1409677637|0
1409677657|0
1409677677|0
1409677698|0
1409677718|0
1409677738|0
1409677758|0
1409677778|0
1409677798|0
1409677818|0
1409677838|0
1409677858|0
1409677878|0
1409677899|0
1409677919|0
1409677939|0
1409677959|0
1409677979|0
1409677999|0
1409678020|0
1409678040|0
1409678060|0
1409678080|0
1409678100|0
1409678120|0
1409678140|0
1409678160|0
1409678181|0
1409678201|0
1409678221|0
1409678242|0
1409678262|0
1409678282|0
1409678302|0
1409678322|0
1409678342|0
1409678362|0
1409678382|0
1409678403|0
1409678423|0
1409678443|0
1409678463|0
1409678483|0
1409678503|0
1409678523|0
1409678543|0
1409678563|0
1409678583|0
1409678603|0
1409678624|0
1409678644|0
1409678664|0
1409678684|0
1409678704|0
1409678725|0
1409678745|0
1409678765|0
1409678785|0
1409678806|0
1409678826|0
1409678846|0
1409678867|0
1409678887|0
1409678907|0
1409678927|0
1409678947|0
1409678967|0
1409678987|0
1409679009|0
1409679029|0
1409679049|0
1409679069|0
1409679089|0
1409679109|0
1409679130|0
1409679150|0
1409679170|0
1409679190|0
1409679210|0
1409679230|0
1409679250|0
1409679270|0
1409679290|0
1409679310|0
1409679331|0
1409679351|0
1409679371|0
1409679391|0
1409679411|0
1409679431|0
1409679451|0
1409679471|0
1409679491|0
1409679511|0
1409679531|0
1409679552|0
1409679572|0
1409679592|0
1409679612|0
1409679633|0
1409679653|0
1409679673|0
1409679693|0
1409679713|0
1409679733|0
1409679754|0
1409679774|0
1409679794|0
1409679814|0
1409679834|0
1409679854|0
1409679875|0
1409679895|0
1409679915|0
1409679935|0
1409679955|0
1409679975|0
1409679995|0
1409680015|0
1409680035|0
1409680055|0
1409680075|0
1409680096|0
1409680116|0
1409680136|0
1409680156|0
1409680176|0
1409680196|0
1409680216|0
1409680236|0
1409680256|0
1409680277|0
1409680297|0
1409680317|0
1409680337|0
1409680358|0
1409680378|0
1409680398|0
1409680418|0
1409680438|0
1409680458|0
1409680478|0
1409680498|0
1409680518|0
1409680538|0
1409680559|0
