1391367966|33.125
1391367989|33.125
1391368011|33.125
1391368034|33.125
1391368056|33.125
1391368079|33.125
1391368101|33.063
1391368124|33.125
1391368146|33.125
1391368169|33.125
1391368191|33.125
1391368214|33.125
1391368236|33.125
1391368258|33.125
1391368281|33.063
1391368303|33.125
1391368326|33.125
1391368348|33.125
1391368371|33.125
1391368393|33.125
1391368416|33.188
1391368438|33.125
1391368461|33.125
1391368483|33.125
1391368506|33.125
1391368528|33.188
1391368551|33.188
1391368573|33.188
1391368596|33.188
1391368618|33.188
1391368641|33.188
1391368663|33.188
1391368685|33.188
1391368708|33.188
1391368730|33.188
1391368753|33.125
1391368775|33.125
1391368798|33.125
1391368820|33.125
1391368843|33.125
1391368865|33.125
1391368888|33.125
1391368910|33.063
1391368933|33.063
1391368955|33.0
1391368978|33.063
1391369000|33.0
1391369022|33.063
1391369045|33.063
1391369067|33.063
1391369090|33.063
1391369112|33.0
1391369135|33.063
1391369157|33.0
1391369180|33.063
1391369202|33.0
1391369225|33.0
1391369247|33.0
1391369270|33.063
1391369292|33.0
1391369315|33.0
1391369337|33.0
1391369360|33.0
