1395776090|30.938
1395776112|30.938
1395776135|30.938
1395776157|30.938
1395776180|30.938
1395776202|30.938
1395776225|30.938
1395776247|30.938
1395776270|30.938
1395776292|30.938
1395776315|30.938
1395776337|30.938
1395776360|30.938
1395776382|30.938
1395776405|30.938
1395776427|30.938
1395776450|30.938
1395776472|30.938
1395776494|30.938
1395776517|30.938
1395776539|30.938
1395776562|30.938
1395776584|30.938
1395776607|30.938
1395776629|30.938
1395776652|30.938
1395776674|30.938
1395776697|30.938
1395776719|30.938
1395776742|30.938
1395776764|30.938
1395776787|30.938
1395776809|30.938
1395776832|30.938
1395776854|30.875
1395776876|30.938
1395776899|30.938
1395776921|30.938
1395776944|30.938
1395776966|30.938
1395776989|30.938
1395777011|30.938
1395777034|30.875
1395777056|30.938
1395777079|30.875
1395777101|30.875
1395777124|30.875
1395777146|30.875
1395777169|30.875
1395777191|30.938
1395777213|30.938
1395777236|30.938
1395777258|30.938
1395777281|30.938
1395777303|30.938
1395777326|30.938
1395777348|30.938
1395777371|30.938
1395777393|30.938
1395777416|30.938
1395777438|30.938
1395777461|31.0
1395777483|30.938
1395777506|30.938
1395777528|30.938
1395777550|31.0
1395777573|31.0
1395777595|30.938
1395777618|30.938
1395777640|31.0
1395777663|30.938
1395777685|31.0
1395777708|30.938
1395777730|30.938
1395777753|31.0
1395777775|30.938
1395777798|31.0
1395777820|30.938
1395777843|31.0
1395777865|30.938
1395777887|30.938
1395777910|30.938
1395777932|30.938
1395777955|30.938
1395777977|31.0
1395778000|31.0
1395778022|30.938
1395778045|31.0
1395778067|31.0
1395778090|31.0
1395778112|31.0
1395778135|31.0
1395778157|31.0
1395778180|31.0
1395778202|31.0
1395778224|31.0
1395778247|31.0
1395778269|31.0
1395778292|31.0
1395778314|31.0
1395778337|31.0
1395778359|31.063
1395778382|31.063
1395778404|31.063
1395778427|31.063
1395778449|31.063
1395778472|31.063
1395778494|31.063
1395778517|31.063
1395778539|31.063
1395778562|31.063
1395778584|31.063
1395778607|31.063
1395778629|31.063
1395778651|31.063
1395778674|31.063
1395778696|31.063
1395778719|31.063
1395778741|31.063
1395778764|31.063
1395778786|31.063
1395778809|31.063
1395778831|31.063
1395778854|31.063
1395778876|31.063
1395778899|31.063
1395778921|31.063
1395778944|31.063
1395778966|31.063
1395778988|31.063
1395779011|31.063
1395779033|31.063
1395779056|31.063
1395779078|31.063
1395779101|31.063
1395779123|31.063
1395779146|31.063
1395779168|31.063
1395779191|31.063
1395779213|31.063
1395779236|31.063
1395779258|31.063
1395779281|31.125
1395779303|31.063
1395779325|31.063
1395779348|31.063
1395779370|31.063
1395779393|31.063
1395779415|31.063
1395779438|31.063
1395779460|31.063
1395779483|31.063
1395779505|31.063
1395779528|31.063
1395779550|31.125
1395779573|31.063
1395779595|31.125
1395779618|31.063
1395779640|31.063
1395779663|31.063
1395779685|31.063
1395779707|31.063
1395779730|31.063
1395779752|31.063
1395779775|31.063
1395779797|31.063
1395779820|31.063
1395779842|31.063
1395779865|31.063
1395779887|31.063
1395779910|31.063
1395779932|31.063
1395779955|31.063
1395779977|31.063
1395780000|31.063
1395780022|31.063
1395780044|31.063
1395780067|31.063
1395780089|31.063
1395780112|31.063
1395780134|31.063
1395780157|31.063
1395780179|31.063
1395780202|31.0
1395780224|31.063
1395780247|31.063
1395780269|31.0
1395780292|31.063
1395780314|31.0
1395780337|31.063
1395780359|31.063
1395780381|31.0
1395780404|31.0
1395780426|31.0
1395780449|31.0
1395780471|31.0
1395780494|31.0
1395780516|31.0
1395780539|31.0
1395780561|31.0
1395780584|31.0
1395780606|31.0
1395780629|31.0
1395780651|31.0
1395780674|31.0
1395780696|31.0
1395780718|31.0
1395780741|31.0
1395780763|31.0
1395780786|31.063
1395780808|31.063
1395780831|31.0
1395780853|31.0
1395780876|31.0
1395780898|31.0
1395780921|31.0
1395780943|31.0
1395780966|31.0
1395780988|31.0
1395781011|31.0
1395781033|31.0
1395781055|31.0
1395781078|31.0
1395781100|31.0
1395781123|31.0
1395781145|30.938
1395781168|31.0
1395781190|31.0
1395781213|31.0
1395781235|31.0
1395781258|30.938
1395781280|30.938
1395781303|30.938
1395781325|30.938
1395781348|30.938
1395781370|30.938
1395781393|30.938
1395781415|30.938
1395781437|30.938
1395781460|30.938
1395781482|30.938
1395781505|30.938
1395781527|30.938
1395781550|30.938
1395781572|30.938
1395781595|30.938
1395781617|30.938
1395781640|30.938
1395781662|30.938
1395781685|30.938
1395781707|30.938
1395781730|30.938
1395781752|30.938
1395781775|30.938
1395781797|30.938
1395781819|30.938
1395781842|30.938
1395781864|30.938
1395781887|30.938
1395781909|31.0
1395781932|31.0
1395781954|31.0
1395781977|30.938
1395781999|30.938
1395782022|30.938
1395782044|30.938
1395782067|30.938
1395782089|30.938
1395782112|30.875
1395782134|30.938
1395782156|30.938
1395782179|30.938
1395782201|30.938
1395782224|30.938
1395782246|30.938
1395782269|30.938
1395782291|30.938
1395782314|30.938
1395782336|30.938
1395782359|30.938
1395782381|30.938
1395782404|30.938
1395782426|30.938
1395782449|30.938
1395782471|30.938
1395782493|30.938
1395782516|30.938
1395782538|31.0
1395782561|30.938
1395782583|30.938
1395782606|30.938
1395782628|31.0
1395782651|31.0
1395782673|31.0
1395782696|31.0
1395782718|31.0
1395782741|31.0
1395782763|31.0
1395782786|31.0
1395782808|31.0
1395782831|31.0
1395782853|31.0
1395782876|31.0
1395782898|31.0
1395782920|31.0
1395782943|31.0
1395782965|31.0
1395782988|31.0
1395783010|31.0
1395783033|31.0
1395783055|31.0
1395783078|31.0
1395783100|31.063
1395783123|31.0
1395783145|31.0
1395783168|31.063
1395783190|31.0
1395783213|31.0
1395783235|31.0
1395783257|31.0
1395783280|31.0
1395783302|31.0
1395783325|30.938
1395783347|31.0
1395783370|31.0
1395783392|31.0
1395783415|31.0
1395783437|31.0
1395783460|31.0
1395783482|31.0
1395783505|31.0
1395783527|31.0
1395783550|31.0
1395783572|31.063
1395783594|31.063
1395783617|31.0
1395783639|31.0
1395783662|31.0
1395783684|31.0
1395783707|31.0
1395783729|31.0
1395783752|31.0
1395783774|31.0
1395783797|31.0
1395783819|31.0
1395783842|31.0
1395783864|31.0
1395783887|31.0
1395783909|30.938
1395783932|30.938
1395783954|31.0
1395783976|30.938
1395783999|31.0
1395784021|31.0
1395784044|31.0
1395784066|31.0
1395784089|31.0
1395784111|31.0
1395784134|30.938
1395784156|30.938
1395784179|30.938
1395784201|31.0
1395784224|31.0
1395784246|31.0
1395784269|31.0
1395784291|31.0
1395784313|31.0
1395784336|31.0
1395784358|31.0
1395784381|31.0
1395784403|31.0
1395784426|31.063
1395784448|31.0
1395784471|31.0
1395784493|31.0
1395784516|31.0
1395784538|31.0
1395784561|31.0
1395784583|31.0
1395784606|31.0
1395784628|31.0
1395784650|31.0
1395784673|31.0
1395784695|31.0
1395784718|31.0
1395784740|31.0
1395784763|31.0
1395784785|30.938
1395784808|31.0
1395784830|31.0
1395784853|31.0
1395784875|31.0
1395784898|31.0
1395784920|31.0
1395784943|31.0
1395784965|31.0
1395784987|31.0
1395785010|31.0
1395785032|31.0
1395785055|31.0
1395785077|31.0
1395785100|31.0
1395785122|31.063
1395785145|31.0
1395785167|31.0
1395785190|31.0
1395785212|31.0
1395785235|31.0
1395785257|31.0
1395785280|31.063
1395785302|31.063
1395785324|31.063
1395785347|31.063
1395785369|31.063
1395785392|31.063
1395785414|31.063
1395785437|31.125
1395785459|31.125
1395785482|31.125
1395785504|31.125
1395785527|31.125
1395785549|31.125
1395785572|31.125
1395785594|31.125
1395785617|31.125
1395785639|31.125
1395785662|31.125
1395785684|31.125
1395785707|31.188
1395785729|31.188
1395785751|31.188
1395785774|31.188
1395785796|31.188
1395785819|31.188
1395785841|31.188
1395785864|31.188
1395785886|31.188
1395785909|31.188
1395785931|31.188
1395785954|31.25
1395785976|31.188
1395785999|31.25
1395786021|31.25
1395786044|31.188
1395786066|31.25
1395786088|31.25
1395786111|31.25
1395786133|31.25
1395786156|31.25
1395786178|31.25
1395786201|31.25
1395786223|31.25
1395786246|31.25
1395786268|31.313
1395786291|31.25
1395786313|31.25
1395786336|31.25
1395786358|31.25
1395786381|31.25
1395786403|31.25
1395786425|31.25
1395786448|31.25
1395786471|31.25
1395786493|31.25
1395786516|31.25
1395786538|31.313
1395786561|31.313
1395786583|31.25
1395786606|31.313
1395786628|31.313
1395786651|31.313
1395786673|31.25
1395786696|31.25
1395786718|31.25
1395786740|31.25
1395786763|31.313
1395786785|31.25
1395786808|31.313
1395786830|31.313
1395786853|31.313
1395786875|31.313
1395786898|31.313
1395786920|31.313
1395786943|31.313
1395786965|31.313
1395786988|31.313
1395787010|31.313
1395787033|31.313
1395787055|31.313
1395787077|31.313
1395787100|31.313
1395787122|31.313
1395787145|31.25
1395787167|31.25
1395787190|31.25
1395787212|31.25
1395787235|31.25
1395787257|31.313
1395787280|31.25
1395787302|31.25
1395787325|31.25
1395787347|31.25
1395787370|31.25
1395787392|31.25
1395787414|31.25
1395787437|31.313
1395787459|31.313
1395787482|31.313
1395787504|31.313
1395787527|31.313
1395787549|31.313
1395787572|31.313
1395787594|31.313
1395787617|31.313
1395787639|31.313
1395787662|31.313
1395787684|31.313
1395787707|31.313
1395787729|31.313
1395787751|31.313
1395787774|31.313
1395787796|31.25
1395787819|31.313
1395787841|31.313
1395787864|31.313
1395787886|31.313
1395787909|31.313
1395787931|31.313
1395787954|31.313
1395787976|31.313
1395787999|31.313
1395788021|31.313
1395788044|31.313
1395788066|31.313
1395788089|31.313
1395788111|31.313
1395788133|31.313
1395788156|31.25
1395788178|31.313
1395788201|31.313
1395788223|31.313
1395788246|31.313
1395788268|31.313
1395788291|31.313
1395788313|31.313
1395788336|31.313
1395788358|31.313
1395788381|31.313
1395788403|31.313
1395788426|31.313
1395788448|31.313
1395788471|31.313
1395788493|31.313
1395788515|31.313
1395788538|31.313
1395788560|31.313
1395788583|31.25
1395788605|31.313
1395788628|31.313
1395788650|31.313
1395788673|31.25
1395788695|31.25
1395788718|31.25
1395788740|31.25
1395788763|31.25
1395788785|31.25
1395788808|31.25
1395788830|31.25
1395788852|31.25
1395788875|31.313
1395788897|31.313
1395788920|31.25
1395788942|31.25
1395788965|31.25
1395788987|31.25
1395789010|31.25
1395789032|31.25
1395789055|31.25
1395789077|31.25
1395789100|31.25
1395789122|31.25
1395789145|31.25
1395789167|31.25
1395789189|31.25
1395789212|31.25
1395789234|31.25
1395789257|31.25
1395789279|31.25
1395789302|31.25
1395789324|31.25
1395789347|31.25
1395789369|31.25
1395789392|31.313
1395789414|31.313
1395789437|31.25
1395789459|31.313
1395789482|31.313
1395789504|31.313
1395789527|31.313
1395789549|31.313
1395789571|31.313
1395789594|31.313
1395789616|31.313
1395789639|31.313
1395789661|31.313
1395789684|31.313
1395789706|31.313
1395789729|31.313
1395789751|31.313
1395789774|31.313
1395789796|31.313
1395789819|31.313
1395789841|31.313
1395789864|31.375
1395789886|31.375
1395789908|31.375
1395789931|31.375
1395789953|31.375
1395789976|31.375
1395789998|31.313
1395790021|31.313
1395790043|31.375
1395790066|31.375
1395790088|31.375
1395790111|31.313
1395790133|31.375
1395790156|31.375
1395790178|31.375
1395790201|31.313
1395790223|31.313
1395790245|31.313
1395790268|31.313
1395790290|31.313
1395790313|31.313
1395790335|31.313
1395790358|31.313
1395790380|31.313
1395790403|31.313
1395790425|31.313
1395790448|31.313
1395790470|31.313
1395790493|31.313
1395790515|31.313
1395790538|31.313
1395790560|31.375
1395790583|31.375
1395790606|31.375
1395790628|31.375
1395790651|31.375
1395790673|31.375
1395790696|31.375
1395790718|31.375
1395790741|31.375
1395790763|31.375
1395790786|31.375
1395790808|31.375
1395790831|31.375
1395790853|31.375
1395790875|31.375
1395790898|31.375
1395790920|31.375
1395790943|31.375
1395790965|31.438
1395790988|31.438
1395791010|31.438
1395791033|31.438
1395791055|31.438
1395791078|31.438
1395791100|31.438
1395791123|31.438
1395791145|31.438
1395791168|31.438
1395791190|31.438
1395791213|31.438
1395791235|31.438
1395791258|31.438
1395791280|31.438
1395791302|31.438
1395791325|31.438
1395791347|31.5
1395791370|31.5
1395791392|31.5
1395791415|31.5
1395791437|31.438
1395791460|31.5
1395791482|31.5
1395791505|31.5
1395791527|31.5
1395791550|31.5
1395791572|31.563
1395791595|31.5
1395791617|31.5
1395791639|31.5
1395791662|31.5
1395791684|31.5
1395791707|31.5
1395791729|31.563
1395791752|31.5
1395791774|31.5
1395791797|31.5
1395791819|31.5
1395791842|31.563
1395791864|31.563
1395791887|31.563
1395791909|31.563
1395791932|31.5
1395791954|31.563
1395791976|31.5
1395791999|31.5
1395792021|31.5
1395792044|31.5
1395792066|31.5
1395792089|31.5
1395792111|31.5
1395792134|31.5
1395792156|31.563
1395792179|31.563
1395792201|31.5
1395792224|31.563
1395792246|31.5
1395792269|31.563
1395792291|31.5
1395792313|31.563
1395792336|31.5
1395792358|31.563
1395792381|31.563
1395792403|31.563
1395792426|31.563
1395792448|31.563
1395792471|31.563
1395792493|31.563
1395792516|31.563
1395792538|31.563
1395792561|31.563
1395792583|31.563
1395792606|31.563
1395792628|31.563
1395792651|31.563
1395792673|31.563
1395792695|31.563
1395792718|31.563
1395792740|31.563
1395792763|31.563
1395792785|31.625
1395792808|31.625
1395792830|31.563
1395792853|31.563
1395792875|31.625
1395792898|31.563
1395792920|31.563
1395792943|31.563
1395792965|31.625
1395792988|31.625
1395793010|31.625
1395793032|31.563
1395793055|31.563
1395793077|31.563
1395793100|31.563
1395793122|31.563
1395793145|31.563
1395793167|31.563
1395793190|31.563
1395793212|31.563
1395793235|31.563
1395793257|31.563
1395793280|31.563
1395793302|31.563
1395793325|31.563
1395793347|31.563
1395793369|31.563
1395793392|31.563
1395793414|31.563
1395793437|31.563
1395793459|31.563
1395793482|31.625
1395793504|31.563
1395793527|31.625
1395793549|31.625
1395793572|31.625
1395793594|31.625
1395793617|31.625
1395793639|31.625
1395793662|31.625
1395793684|31.625
1395793706|31.625
1395793729|31.625
1395793751|31.625
1395793774|31.625
1395793796|31.625
1395793819|31.563
1395793841|31.625
1395793864|31.625
1395793886|31.625
1395793909|31.625
1395793931|31.625
1395793954|31.625
1395793976|31.625
1395793999|31.625
1395794021|31.625
1395794043|31.625
1395794066|31.625
1395794088|31.625
1395794111|31.688
1395794133|31.625
1395794156|31.625
1395794178|31.625
1395794201|31.625
1395794223|31.625
1395794246|31.625
1395794268|31.688
1395794291|31.625
1395794313|31.625
1395794336|31.625
1395794358|31.625
1395794381|31.625
1395794403|31.625
1395794426|31.625
1395794448|31.688
1395794470|31.688
1395794493|31.688
1395794515|31.688
1395794538|31.688
1395794560|31.688
1395794583|31.688
1395794605|31.688
1395794628|31.688
1395794650|31.688
1395794673|31.688
1395794695|31.688
1395794718|31.688
1395794740|31.688
1395794763|31.75
1395794785|31.688
1395794807|31.688
1395794830|31.688
1395794852|31.688
1395794875|31.688
1395794897|31.75
1395794920|31.688
1395794942|31.688
1395794965|31.688
1395794987|31.688
1395795010|31.688
1395795032|31.688
1395795055|31.688
1395795077|31.688
1395795100|31.75
1395795122|31.75
1395795144|31.75
1395795167|31.75
1395795189|31.75
1395795212|31.75
1395795234|31.75
1395795257|31.75
1395795279|31.75
1395795302|31.688
1395795324|31.75
1395795347|31.75
1395795369|31.75
1395795392|31.75
1395795414|31.75
1395795437|31.75
1395795459|31.688
1395795482|31.688
1395795504|31.688
1395795527|31.688
1395795549|31.688
1395795571|31.688
1395795594|31.688
1395795616|31.688
1395795639|31.688
1395795661|31.688
1395795684|31.688
1395795706|31.688
1395795729|31.688
1395795751|31.688
1395795774|31.688
1395795796|31.688
1395795819|31.688
1395795841|31.688
1395795864|31.688
1395795886|31.688
1395795908|31.688
1395795931|31.688
1395795953|31.688
1395795976|31.688
1395795998|31.688
1395796021|31.688
1395796043|31.75
1395796066|31.688
1395796088|31.688
1395796111|31.688
1395796133|31.688
1395796156|31.688
1395796178|31.688
1395796201|31.75
1395796223|31.688
1395796245|31.688
1395796268|31.688
1395796290|31.688
1395796313|31.688
1395796335|31.688
1395796358|31.688
1395796380|31.688
1395796403|31.688
1395796425|31.688
1395796448|31.688
1395796470|31.688
1395796493|31.688
1395796515|31.688
1395796538|31.688
1395796560|31.688
1395796582|31.688
1395796605|31.688
1395796627|31.688
1395796650|31.688
1395796672|31.688
1395796695|31.688
1395796717|31.688
1395796740|31.688
1395796762|31.688
1395796785|31.688
1395796807|31.688
1395796830|31.688
1395796852|31.688
1395796875|31.688
1395796897|31.688
1395796919|31.688
1395796942|31.688
1395796964|31.688
1395796987|31.688
1395797009|31.688
1395797032|31.75
1395797054|31.688
1395797077|31.75
1395797099|31.688
1395797122|31.75
1395797144|31.75
1395797167|31.688
1395797189|31.688
1395797212|31.688
1395797234|31.688
1395797257|31.688
1395797279|31.688
1395797301|31.688
1395797324|31.688
1395797346|31.688
1395797369|31.688
1395797391|31.688
1395797414|31.688
1395797436|31.688
1395797459|31.688
1395797481|31.688
1395797504|31.688
1395797526|31.688
1395797549|31.688
1395797571|31.688
1395797594|31.688
1395797616|31.688
1395797638|31.688
1395797661|31.688
1395797683|31.688
1395797706|31.625
1395797728|31.625
1395797751|31.625
1395797773|31.688
1395797796|31.75
1395797818|31.688
1395797841|31.688
1395797863|31.688
1395797886|31.688
1395797908|31.688
1395797931|31.688
1395797953|31.688
1395797975|31.75
1395797998|31.688
1395798020|31.688
1395798043|31.688
1395798065|31.688
1395798088|31.688
1395798110|31.688
1395798133|31.688
1395798155|31.688
1395798178|31.688
1395798200|31.688
1395798223|31.688
1395798245|31.688
1395798268|31.688
1395798290|31.688
1395798313|31.688
1395798335|31.688
1395798358|31.688
1395798380|31.688
1395798402|31.688
1395798425|31.688
1395798447|31.75
1395798470|31.75
1395798492|31.75
1395798515|31.688
1395798537|31.688
1395798560|31.688
1395798582|31.688
1395798605|31.688
1395798627|31.688
1395798650|31.688
1395798672|31.688
1395798695|31.688
1395798717|31.688
1395798739|31.688
1395798762|31.688
1395798784|31.75
1395798807|31.688
1395798829|31.688
1395798852|31.688
1395798874|31.688
1395798897|31.688
1395798919|31.688
1395798942|31.688
1395798964|31.688
1395798987|31.688
1395799009|31.688
1395799032|31.688
1395799054|31.688
1395799076|31.688
1395799099|31.688
1395799121|31.75
1395799144|31.75
1395799166|31.688
1395799189|31.688
1395799211|31.688
1395799234|31.688
1395799256|31.688
1395799279|31.688
1395799301|31.75
1395799324|31.688
1395799346|31.75
1395799369|31.688
1395799391|31.75
1395799413|31.75
1395799436|31.688
1395799458|31.75
1395799481|31.75
1395799503|31.75
1395799526|31.75
1395799548|31.75
1395799571|31.75
1395799593|31.75
1395799616|31.688
1395799638|31.75
1395799661|31.75
1395799683|31.75
1395799706|31.688
1395799728|31.75
1395799750|31.688
1395799773|31.688
1395799795|31.75
1395799818|31.688
1395799840|31.75
1395799863|31.75
1395799885|31.75
1395799908|31.75
1395799930|31.75
1395799953|31.688
1395799975|31.688
1395799998|31.688
1395800020|31.688
1395800043|31.688
1395800065|31.75
1395800088|31.75
1395800110|31.75
1395800133|31.75
1395800155|31.75
1395800177|31.75
1395800200|31.75
1395800222|31.75
1395800245|31.688
1395800267|31.688
1395800290|31.75
1395800312|31.75
1395800335|31.688
1395800357|31.75
1395800380|31.75
1395800402|31.75
1395800425|31.75
1395800447|31.75
1395800470|31.75
1395800492|31.688
1395800514|31.75
1395800537|31.75
1395800559|31.688
1395800582|31.75
1395800604|31.75
1395800627|31.75
1395800649|31.688
1395800672|31.75
1395800694|31.75
1395800717|31.75
1395800739|31.75
1395800762|31.75
1395800784|31.75
1395800807|31.75
1395800829|31.75
1395800851|31.75
1395800874|31.75
1395800896|31.75
1395800919|31.688
1395800941|31.688
1395800964|31.75
1395800986|31.75
1395801009|31.688
1395801031|31.688
1395801054|31.75
1395801076|31.75
1395801099|31.75
1395801121|31.75
1395801144|31.75
1395801166|31.75
1395801188|31.688
1395801211|31.75
1395801233|31.688
1395801256|31.75
1395801278|31.688
1395801301|31.688
1395801323|31.688
1395801346|31.688
1395801368|31.688
1395801391|31.75
1395801413|31.75
1395801436|31.75
1395801458|31.75
1395801481|31.688
1395801503|31.688
1395801526|31.688
1395801548|31.688
1395801570|31.75
1395801593|31.75
1395801615|31.75
1395801638|31.75
1395801660|31.75
1395801683|31.75
1395801705|31.75
1395801728|31.75
1395801750|31.75
1395801773|31.75
1395801795|31.75
1395801818|31.75
1395801840|31.75
1395801863|31.75
1395801885|31.75
1395801907|31.75
1395801930|31.75
1395801952|31.75
1395801975|31.75
1395801997|31.75
1395802020|31.75
1395802042|31.75
1395802065|31.75
1395802087|31.688
1395802110|31.688
1395802132|31.688
1395802155|31.75
1395802177|31.75
1395802200|31.75
1395802222|31.75
1395802244|31.75
1395802267|31.75
1395802289|31.75
1395802312|31.75
1395802334|31.75
1395802357|31.75
1395802379|31.75
1395802402|31.75
1395802424|31.75
1395802447|31.75
1395802469|31.75
1395802492|31.75
1395802514|31.75
1395802537|31.75
1395802559|31.75
1395802581|31.75
1395802604|31.75
1395802626|31.75
1395802649|31.75
1395802671|31.75
1395802694|31.75
1395802716|31.688
1395802739|31.75
1395802761|31.75
1395802784|31.688
1395802806|31.688
1395802829|31.688
1395802851|31.688
1395802874|31.688
1395802896|31.75
1395802919|31.75
1395802941|31.688
1395802963|31.688
1395802986|31.688
1395803008|31.688
1395803031|31.688
1395803053|31.688
1395803076|31.688
1395803098|31.75
1395803121|31.688
1395803143|31.688
1395803166|31.688
1395803188|31.688
1395803211|31.688
1395803233|31.688
1395803255|31.688
1395803278|31.75
1395803300|31.688
1395803323|31.688
1395803345|31.688
1395803368|31.75
1395803390|31.75
1395803413|31.75
1395803435|31.688
1395803458|31.75
1395803480|31.75
1395803503|31.75
1395803525|31.75
1395803548|31.75
1395803570|31.75
1395803593|31.75
1395803615|31.75
1395803637|31.75
1395803660|31.75
1395803682|31.75
1395803705|31.75
1395803727|31.75
1395803750|31.75
1395803772|31.75
1395803795|31.75
1395803817|31.75
1395803840|31.75
1395803862|31.75
1395803885|31.75
1395803907|31.75
1395803930|31.75
1395803952|31.75
1395803975|31.75
1395803997|31.75
1395804019|31.75
1395804042|31.75
1395804064|31.75
1395804087|31.75
1395804109|31.688
1395804132|31.75
1395804154|31.688
1395804177|31.75
1395804199|31.688
1395804222|31.75
1395804244|31.688
1395804267|31.75
1395804289|31.75
1395804312|31.75
1395804334|31.75
1395804356|31.75
1395804379|31.75
1395804401|31.75
1395804424|31.75
1395804446|31.75
1395804469|31.75
1395804491|31.75
1395804514|31.75
1395804536|31.75
1395804559|31.75
1395804581|31.75
1395804604|31.75
1395804626|31.75
1395804649|31.75
1395804671|31.75
1395804693|31.813
1395804716|31.813
1395804738|31.813
1395804761|31.813
1395804783|31.813
1395804806|31.813
1395804828|31.813
1395804851|31.813
1395804873|31.75
1395804896|31.813
1395804918|31.813
1395804941|31.813
1395804963|31.813
1395804986|31.813
1395805008|31.813
1395805031|31.813
1395805053|31.875
1395805076|31.813
1395805098|31.875
1395805120|31.875
1395805143|31.875
1395805165|31.875
1395805188|31.875
1395805210|31.875
1395805233|31.875
1395805255|31.875
1395805278|31.875
1395805300|31.875
1395805323|31.875
1395805345|31.875
1395805368|31.875
1395805390|31.875
1395805413|31.875
1395805435|31.813
1395805457|31.813
1395805480|31.875
1395805502|31.875
1395805525|31.875
1395805547|31.875
1395805570|31.875
1395805592|31.875
1395805615|31.875
1395805637|31.875
1395805660|31.875
1395805682|31.875
1395805705|31.875
1395805727|31.875
1395805750|31.875
1395805772|31.875
1395805794|31.875
1395805817|31.875
1395805839|31.875
1395805862|31.875
1395805884|31.875
1395805907|31.875
1395805929|31.875
1395805952|31.875
1395805974|31.875
1395805997|31.875
1395806019|31.875
1395806042|31.813
1395806064|31.875
1395806087|31.875
1395806109|31.938
1395806131|31.875
1395806154|31.938
1395806176|31.875
1395806199|31.875
1395806221|31.875
1395806244|31.938
1395806266|31.875
1395806289|31.875
1395806311|31.875
1395806334|31.875
1395806356|31.875
1395806379|31.938
1395806401|31.875
1395806424|31.938
1395806446|31.875
1395806469|31.875
1395806491|31.938
1395806513|31.938
1395806536|31.938
1395806558|31.938
1395806581|31.938
1395806603|31.938
1395806626|31.938
1395806648|31.938
1395806671|31.938
1395806693|31.938
1395806716|31.938
1395806738|31.938
1395806761|31.938
1395806783|31.938
1395806806|31.938
1395806828|31.938
1395806850|32.0
1395806873|32.0
1395806895|31.938
1395806918|31.938
1395806940|31.938
1395806963|31.938
1395806985|31.938
1395807008|31.938
1395807030|31.938
1395807053|31.938
1395807075|31.938
1395807098|31.938
1395807120|31.938
1395807143|31.938
1395807165|31.938
1395807187|31.938
1395807210|31.938
1395807232|31.938
1395807255|32.0
1395807277|31.938
1395807300|31.938
1395807322|31.938
1395807345|32.0
1395807367|31.938
1395807390|32.0
1395807412|32.0
1395807435|32.0
1395807457|32.0
1395807480|32.0
1395807502|32.0
1395807524|32.0
1395807547|32.0
1395807569|32.0
1395807592|32.0
1395807614|32.0
1395807637|32.0
1395807659|32.0
1395807682|32.0
1395807704|32.0
1395807727|32.0
1395807749|32.063
1395807772|32.063
1395807794|32.063
1395807817|32.063
1395807839|32.063
1395807861|32.063
1395807884|32.063
1395807906|32.063
1395807929|32.063
1395807951|32.063
1395807974|32.063
1395807996|32.063
1395808019|32.063
1395808041|32.063
1395808064|32.063
1395808086|32.063
1395808109|32.063
1395808131|32.063
1395808154|32.125
1395808176|32.125
1395808198|32.125
1395808221|32.125
1395808243|32.125
1395808266|32.063
1395808288|32.063
1395808311|32.125
1395808333|32.125
1395808356|32.125
1395808378|32.125
1395808401|32.125
1395808423|32.125
1395808446|32.125
1395808468|32.125
1395808491|32.188
1395808513|32.125
1395808536|32.188
1395808558|32.188
1395808580|32.188
1395808603|32.125
1395808625|32.125
1395808648|32.188
1395808670|32.125
1395808693|32.188
1395808715|32.188
1395808738|32.125
1395808760|32.125
1395808783|32.125
1395808805|32.125
1395808828|32.125
1395808850|32.125
1395808873|32.125
1395808895|32.188
1395808918|32.188
1395808940|32.188
1395808962|32.188
1395808985|32.188
1395809007|32.188
1395809030|32.188
1395809052|32.188
1395809075|32.188
1395809097|32.188
1395809120|32.188
1395809142|32.188
1395809165|32.188
1395809187|32.188
1395809210|32.188
1395809232|32.188
1395809255|32.188
1395809277|32.25
1395809299|32.188
1395809322|32.188
1395809344|32.25
1395809367|32.188
1395809389|32.188
1395809412|32.25
1395809434|32.25
1395809457|32.25
1395809479|32.25
1395809502|32.25
1395809524|32.25
1395809547|32.25
1395809569|32.25
1395809592|32.25
1395809614|32.25
1395809637|32.313
1395809659|32.313
1395809681|32.313
1395809704|32.313
1395809726|32.375
1395809749|32.313
1395809771|32.375
1395809794|32.313
1395809816|32.375
1395809839|32.375
1395809861|32.313
1395809884|32.375
1395809906|32.375
1395809929|32.375
1395809951|32.375
1395809974|32.375
1395809996|32.375
1395810019|32.375
1395810041|32.375
1395810063|32.375
1395810086|32.375
1395810108|32.375
1395810131|32.375
1395810153|32.375
1395810176|32.375
1395810198|32.375
1395810221|32.438
1395810243|32.375
1395810266|32.375
1395810288|32.375
1395810311|32.438
1395810333|32.438
1395810356|32.438
1395810378|32.438
1395810400|32.438
1395810423|32.438
1395810445|32.438
1395810468|32.438
1395810490|32.438
1395810513|32.438
1395810535|32.438
1395810558|32.438
1395810580|32.438
1395810603|32.438
1395810625|32.375
1395810648|32.438
1395810670|32.438
1395810693|32.375
1395810715|32.375
1395810737|32.375
1395810760|32.375
1395810782|32.375
1395810805|32.375
1395810827|32.375
1395810850|32.375
1395810872|32.375
1395810895|32.375
1395810917|32.313
1395810940|32.375
1395810962|32.313
1395810985|32.313
1395811007|32.313
1395811030|32.313
1395811052|32.313
1395811075|32.25
1395811097|32.25
1395811119|32.313
1395811142|32.313
1395811164|32.25
1395811187|32.313
1395811209|32.25
1395811232|32.25
1395811254|32.25
1395811277|32.25
1395811299|32.25
1395811322|32.25
1395811344|32.25
1395811367|32.25
1395811389|32.188
1395811412|32.188
1395811434|32.188
1395811456|32.188
1395811479|32.188
1395811501|32.188
1395811524|32.188
1395811546|32.188
1395811569|32.188
1395811591|32.188
1395811614|32.188
1395811636|32.188
1395811659|32.125
1395811681|32.125
1395811704|32.125
1395811726|32.125
1395811749|32.125
1395811771|32.125
1395811793|32.125
1395811816|32.125
1395811838|32.125
1395811861|32.063
1395811883|32.063
1395811906|32.063
1395811928|32.063
1395811951|32.063
1395811973|32.063
1395811996|32.125
1395812018|32.063
1395812041|32.063
1395812063|32.063
1395812086|32.063
1395812108|32.063
1395812131|32.063
1395812153|32.0
1395812175|32.063
1395812198|32.0
1395812220|32.0
1395812243|32.0
1395812265|32.0
1395812288|32.0
1395812310|32.0
1395812333|32.0
1395812355|32.0
1395812378|31.938
1395812400|31.938
1395812423|31.938
1395812445|31.938
1395812468|31.938
1395812490|31.938
1395812513|31.938
1395812535|31.938
1395812557|31.938
1395812580|31.938
1395812602|31.938
1395812625|31.938
1395812647|31.938
1395812670|31.875
1395812692|31.875
1395812715|31.875
1395812737|31.875
1395812760|31.875
1395812782|31.875
1395812805|31.875
1395812827|31.875
1395812850|31.813
1395812872|31.813
1395812894|31.813
1395812917|31.813
1395812939|31.813
1395812962|31.75
1395812984|31.75
1395813007|31.75
1395813029|31.75
1395813052|31.75
1395813074|31.75
1395813097|31.75
1395813119|31.688
1395813142|31.688
1395813164|31.688
1395813187|31.75
1395813209|31.688
1395813231|31.688
1395813254|31.688
1395813276|31.688
1395813299|31.688
1395813321|31.625
1395813344|31.625
1395813366|31.688
1395813389|31.625
1395813411|31.625
1395813434|31.625
1395813456|31.625
1395813479|31.625
1395813501|31.625
1395813524|31.625
1395813546|31.625
1395813568|31.563
1395813591|31.625
1395813613|31.625
1395813636|31.563
1395813658|31.625
1395813681|31.563
1395813703|31.563
1395813726|31.563
1395813748|31.563
1395813771|31.563
1395813793|31.563
1395813816|31.563
1395813838|31.5
1395813861|31.5
1395813883|31.5
1395813906|31.5
1395813928|31.5
1395813950|31.438
1395813973|31.5
1395813995|31.5
1395814018|31.438
1395814040|31.5
1395814063|31.438
1395814085|31.438
1395814108|31.438
1395814130|31.438
1395814153|31.438
1395814175|31.438
1395814198|31.375
1395814220|31.375
1395814243|31.375
1395814265|31.375
1395814288|31.375
1395814310|31.313
1395814332|31.375
1395814355|31.313
1395814377|31.313
1395814400|31.313
1395814422|31.313
1395814445|31.313
1395814467|31.313
1395814490|31.313
1395814512|31.313
1395814535|31.25
1395814557|31.25
1395814580|31.25
1395814602|31.25
1395814625|31.25
1395814647|31.25
1395814669|31.25
1395814692|31.25
1395814714|31.25
1395814737|31.25
1395814759|31.25
1395814782|31.25
1395814804|31.25
1395814827|31.25
1395814849|31.25
1395814872|31.25
1395814894|31.25
1395814917|31.25
1395814939|31.188
1395814962|31.188
1395814984|31.188
1395815007|31.188
1395815029|31.188
1395815051|31.188
1395815074|31.188
1395815096|31.125
1395815119|31.188
1395815141|31.188
1395815164|31.188
1395815186|31.125
1395815209|31.125
1395815231|31.125
1395815254|31.125
1395815276|31.125
1395815299|31.125
1395815321|31.125
1395815344|31.125
1395815366|31.125
1395815388|31.125
1395815411|31.125
1395815433|31.125
1395815456|31.063
1395815478|31.125
1395815501|31.063
1395815523|31.063
1395815546|31.063
1395815568|31.063
1395815591|31.063
1395815613|31.063
1395815636|31.063
1395815658|31.0
1395815681|31.0
1395815703|31.0
1395815725|31.0
1395815748|31.0
1395815770|31.0
1395815793|31.0
1395815815|31.0
1395815838|30.938
1395815860|31.0
1395815883|30.938
1395815905|30.938
1395815928|30.938
1395815950|30.938
1395815973|30.938
1395815995|30.875
1395816018|30.875
1395816040|30.875
1395816062|30.875
1395816085|30.875
1395816107|30.875
1395816130|30.875
1395816152|30.875
1395816175|30.875
1395816197|30.813
1395816220|30.813
1395816242|30.813
1395816265|30.813
1395816287|30.813
1395816310|30.813
1395816332|30.75
1395816355|30.75
1395816377|30.75
1395816400|30.75
1395816422|30.75
1395816444|30.75
1395816467|30.75
1395816489|30.75
1395816512|30.75
1395816534|30.75
1395816557|30.75
1395816579|30.75
1395816602|30.75
1395816624|30.688
1395816647|30.75
1395816669|30.688
1395816692|30.688
1395816714|30.688
1395816737|30.688
1395816759|30.688
1395816782|30.625
1395816804|30.688
1395816826|30.688
1395816849|30.688
1395816871|30.625
1395816894|30.625
1395816916|30.625
1395816939|30.625
1395816961|30.625
1395816984|30.625
1395817006|30.625
1395817029|30.625
1395817051|30.625
1395817074|30.625
1395817096|30.625
1395817119|30.563
1395817141|30.563
1395817163|30.563
1395817186|30.563
1395817208|30.563
1395817231|30.563
1395817253|30.5
1395817276|30.5
1395817298|30.5
1395817321|30.5
1395817343|30.5
1395817366|30.438
1395817388|30.438
1395817411|30.438
1395817433|30.438
1395817456|30.438
1395817478|30.438
1395817500|30.438
1395817523|30.438
1395817545|30.375
1395817568|30.375
1395817590|30.375
1395817613|30.375
1395817635|30.375
1395817658|30.375
1395817680|30.375
1395817703|30.375
1395817725|30.375
1395817748|30.313
1395817770|30.313
1395817793|30.313
1395817815|30.313
1395817838|30.313
1395817860|30.25
1395817883|30.25
1395817905|30.25
1395817927|30.25
1395817950|30.25
1395817972|30.188
1395817995|30.25
1395818017|30.188
1395818040|30.188
1395818062|30.188
1395818085|30.188
1395818107|30.188
1395818130|30.125
1395818152|30.188
1395818175|30.125
1395818197|30.188
1395818220|30.188
1395818242|30.188
1395818264|30.125
1395818287|30.125
1395818309|30.125
1395818332|30.125
1395818354|30.125
1395818377|30.063
1395818399|30.063
1395818422|30.063
1395818444|30.0
1395818467|30.0
1395818489|30.0
1395818512|30.0
1395818534|30.0
1395818557|29.938
1395818579|29.938
1395818601|29.938
1395818624|30.0
1395818646|29.938
1395818669|29.938
1395818691|30.0
1395818714|30.0
1395818736|30.0
1395818759|30.0
1395818781|30.0
1395818804|30.0
1395818826|30.063
1395818849|30.0
1395818871|30.0
1395818894|30.063
1395818916|30.063
1395818938|30.063
1395818961|30.063
1395818983|30.0
1395819006|30.0
1395819028|30.0
1395819051|30.0
1395819073|30.063
1395819096|30.063
1395819118|30.063
1395819141|30.0
1395819163|30.063
1395819186|30.0
1395819208|29.938
1395819231|29.938
1395819254|29.938
1395819276|29.938
1395819299|29.938
1395819321|29.938
1395819344|29.938
1395819366|29.938
1395819389|29.938
1395819411|29.938
1395819434|29.875
1395819456|29.938
1395819479|29.875
1395819501|29.875
1395819523|29.938
1395819546|29.938
1395819568|29.875
1395819591|29.938
1395819613|29.938
1395819636|29.938
1395819658|29.875
1395819681|29.875
1395819703|29.875
1395819726|29.875
1395819748|29.813
1395819771|29.813
1395819793|29.813
1395819816|29.75
1395819838|29.75
1395819860|29.75
1395819883|29.75
1395819905|29.75
1395819928|29.688
1395819950|29.688
1395819973|29.688
1395819995|29.688
1395820018|29.625
1395820040|29.625
1395820063|29.625
1395820085|29.625
1395820108|29.563
1395820130|29.563
1395820153|29.563
1395820175|29.5
1395820197|29.563
1395820220|29.563
1395820242|29.563
1395820265|29.5
1395820287|29.563
1395820310|29.563
1395820332|29.563
1395820355|29.563
1395820377|29.5
1395820400|29.5
1395820422|29.5
1395820445|29.438
1395820467|29.438
1395820490|29.5
1395820512|29.5
1395820535|29.438
1395820557|29.438
1395820580|29.375
1395820602|29.375
1395820624|29.313
1395820647|29.313
1395820669|29.313
1395820692|29.313
1395820714|29.313
1395820737|29.313
1395820759|29.313
1395820782|29.25
1395820804|29.313
1395820827|29.313
1395820849|29.313
1395820872|29.313
1395820894|29.313
1395820917|29.313
1395820939|29.25
1395820961|29.25
1395820984|29.25
1395821006|29.25
1395821029|29.25
1395821051|29.25
1395821074|29.25
1395821096|29.25
1395821119|29.188
1395821141|29.25
1395821164|29.25
1395821186|29.25
1395821209|29.25
1395821231|29.188
1395821254|29.125
1395821276|29.188
1395821299|29.125
1395821321|29.125
1395821343|29.125
1395821366|29.125
1395821388|29.063
1395821411|29.063
1395821433|29.0
1395821456|29.0
1395821478|28.938
1395821501|28.875
1395821523|28.875
1395821546|28.875
1395821568|28.813
1395821591|28.813
1395821613|28.813
1395821636|28.813
1395821658|28.813
1395821680|28.813
1395821703|28.75
1395821725|28.75
1395821748|28.75
1395821770|28.75
1395821793|28.75
1395821815|28.75
1395821838|28.75
1395821860|28.75
1395821883|28.938
1395821905|28.938
1395821928|28.938
1395821950|28.875
1395821973|28.875
1395821995|28.875
1395822017|28.875
1395822040|28.813
1395822062|28.875
1395822085|28.875
1395822107|28.813
1395822130|28.813
1395822152|28.813
1395822175|28.75
1395822197|28.75
1395822220|28.688
1395822242|28.75
1395822265|28.75
1395822287|28.75
1395822310|28.75
1395822332|28.688
1395822354|28.625
1395822377|28.625
1395822399|28.625
1395822422|28.625
1395822444|28.625
1395822467|28.563
1395822489|28.563
1395822512|28.625
1395822534|28.625
1395822557|28.625
1395822579|28.625
1395822602|28.625
1395822624|28.625
1395822647|28.563
1395822669|28.625
1395822692|28.625
1395822714|28.563
1395822737|28.5
1395822759|28.5
1395822781|28.5
1395822804|28.5
1395822826|28.5
1395822849|28.5
1395822871|28.5
1395822894|28.5
1395822916|28.5
1395822939|28.438
1395822961|28.438
1395822984|28.375
1395823006|28.313
1395823029|28.313
1395823051|28.313
1395823074|28.25
1395823096|28.25
1395823118|28.188
1395823141|28.188
1395823163|28.25
1395823186|28.188
1395823208|28.125
1395823231|28.125
1395823253|28.125
1395823276|28.188
1395823298|28.25
1395823321|28.25
1395823343|28.25
1395823366|28.25
1395823388|28.188
1395823411|28.188
1395823433|28.125
1395823455|28.063
1395823478|28.063
1395823500|28.063
1395823523|28.0
1395823545|28.0
1395823568|27.938
1395823590|27.938
1395823613|27.938
1395823635|27.875
1395823658|27.938
1395823680|27.875
1395823703|27.875
1395823725|27.875
1395823748|27.813
1395823770|27.813
1395823793|27.813
1395823815|27.813
1395823838|27.75
1395823860|27.75
1395823882|27.75
1395823905|27.688
1395823927|27.688
1395823950|27.625
1395823972|27.688
1395823995|27.688
1395824017|27.625
1395824040|27.688
1395824062|27.688
1395824085|27.688
1395824107|27.688
1395824130|27.688
1395824152|27.75
1395824175|27.688
1395824197|27.625
1395824219|27.5
1395824242|27.5
1395824264|27.5
1395824287|27.563
1395824309|27.625
1395824332|27.688
1395824354|27.688
1395824377|27.625
1395824399|27.625
1395824422|27.625
1395824444|27.625
1395824467|27.625
1395824489|27.625
1395824512|27.625
1395824534|27.563
1395824556|27.5
1395824579|27.5
1395824601|27.5
1395824624|27.438
1395824646|27.375
1395824669|27.438
1395824691|27.438
1395824714|27.625
1395824736|27.688
1395824759|27.688
1395824781|27.688
1395824804|27.688
1395824826|27.688
1395824849|27.625
1395824871|27.625
1395824893|27.688
1395824916|27.688
1395824938|27.625
1395824961|27.625
1395824983|27.625
1395825006|27.563
1395825028|27.5
1395825051|27.438
1395825073|27.438
1395825096|27.438
1395825118|27.438
1395825141|27.438
1395825163|27.5
1395825186|27.375
1395825208|27.313
1395825231|27.25
1395825253|27.188
1395825275|27.125
1395825298|27.125
1395825320|27.125
1395825343|27.125
1395825365|27.125
1395825388|27.188
1395825410|27.188
1395825433|27.188
1395825455|27.188
1395825478|27.188
1395825500|27.188
1395825523|27.25
1395825545|27.188
1395825568|27.188
1395825590|27.25
1395825612|27.188
1395825635|27.188
1395825657|27.25
1395825680|27.25
1395825702|27.188
1395825725|27.188
1395825747|27.125
1395825770|27.125
1395825792|27.063
1395825815|27.0
1395825837|27.0
1395825860|27.0
1395825882|27.0
1395825905|27.0
1395825927|27.0
1395825949|27.0
1395825972|27.0
1395825994|27.063
1395826017|27.0
1395826039|27.0
1395826062|27.0
1395826084|26.938
1395826107|26.875
1395826129|26.875
1395826152|26.813
1395826174|26.75
1395826197|26.813
1395826219|26.75
1395826242|26.75
1395826264|26.75
1395826286|26.813
1395826309|26.813
1395826331|26.813
1395826354|26.813
1395826376|26.813
1395826399|26.75
1395826421|26.688
1395826444|26.813
1395826466|26.75
1395826489|26.688
1395826511|26.75
1395826534|26.625
1395826556|26.625
1395826579|26.625
1395826601|26.563
1395826624|26.563
1395826646|26.5
1395826669|26.563
1395826691|26.5
1395826713|26.5
1395826736|26.438
1395826758|26.5
1395826781|26.438
1395826803|26.375
1395826826|26.375
1395826848|26.375
1395826871|26.313
1395826893|26.25
1395826916|26.188
1395826938|26.25
1395826961|26.125
1395826983|26.188
1395827006|26.25
1395827028|26.313
1395827050|26.25
1395827073|26.25
1395827095|26.188
1395827118|26.188
1395827140|26.125
1395827163|26.063
1395827185|25.938
1395827208|25.875
1395827230|25.875
1395827253|25.938
1395827275|25.938
1395827298|26.0
1395827320|26.063
1395827343|26.0
1395827365|26.0
1395827388|26.0
1395827410|26.063
1395827433|26.063
1395827455|26.0
1395827477|26.0
1395827500|26.125
1395827522|26.063
1395827545|26.063
1395827567|26.0
1395827590|26.0
1395827612|26.0
1395827635|26.0
1395827657|26.0
1395827680|26.0
1395827702|26.0
1395827725|25.938
1395827747|25.938
1395827770|25.938
1395827792|25.938
1395827814|25.813
1395827837|25.813
1395827859|25.75
1395827882|25.75
1395827904|25.75
1395827927|25.813
1395827949|25.875
1395827972|25.938
1395827994|26.0
1395828017|25.938
1395828039|26.063
1395828062|26.125
1395828084|26.188
1395828107|26.25
1395828129|26.188
1395828151|26.125
1395828174|26.125
1395828196|26.063
1395828219|26.0
1395828241|26.0
1395828264|26.063
1395828286|26.063
1395828309|26.063
1395828331|26.125
1395828354|26.125
1395828376|26.188
1395828399|26.125
1395828421|26.063
1395828444|26.188
1395828466|26.125
1395828488|26.125
1395828511|26.188
1395828533|26.188
1395828556|26.188
1395828578|26.25
1395828601|26.313
1395828623|26.313
1395828646|26.313
1395828668|26.25
1395828691|26.313
1395828713|26.438
1395828736|26.375
1395828758|26.313
1395828781|26.438
1395828803|26.438
1395828826|26.313
1395828848|26.25
1395828870|26.313
1395828893|26.375
1395828915|26.375
1395828938|26.313
1395828960|26.25
1395828983|26.25
1395829005|26.125
1395829028|26.125
1395829050|26.188
1395829073|26.313
1395829095|26.25
1395829118|26.25
1395829140|26.313
1395829163|26.25
1395829185|26.25
1395829207|26.25
1395829230|26.25
1395829252|26.25
1395829275|26.313
1395829297|26.25
1395829320|26.188
1395829342|26.188
1395829365|26.125
1395829387|26.125
1395829410|26.063
1395829432|26.063
1395829455|25.938
1395829477|26.0
1395829500|26.0
1395829522|25.938
1395829545|26.063
1395829567|26.063
1395829589|26.0
1395829612|25.938
1395829634|25.813
1395829657|25.875
1395829679|25.813
1395829702|25.813
1395829724|25.813
1395829747|25.813
1395829769|25.875
1395829792|25.938
1395829814|25.938
1395829837|25.875
1395829859|25.875
1395829882|25.875
1395829904|25.938
1395829927|26.0
1395829949|26.0
1395829971|26.0
1395829994|26.0
1395830016|26.0
1395830039|26.0
1395830061|25.938
1395830084|25.938
1395830106|25.938
1395830129|25.875
1395830151|25.75
1395830174|25.813
1395830196|25.875
1395830219|25.688
1395830241|25.75
1395830264|25.75
1395830286|25.688
1395830309|25.75
1395830331|25.75
1395830353|25.625
1395830376|25.625
1395830398|25.813
1395830421|25.938
1395830443|25.875
1395830466|25.813
1395830488|25.75
1395830511|25.688
1395830533|25.625
1395830556|25.625
1395830578|25.688
1395830601|25.625
1395830623|25.563
1395830646|25.5
1395830668|25.5
1395830691|25.5
1395830713|25.563
1395830735|25.563
1395830758|25.563
1395830780|25.5
1395830803|25.5
1395830825|25.563
1395830848|25.5
1395830870|25.5
1395830893|25.5
1395830915|25.5
1395830938|25.688
1395830960|25.625
1395830983|25.563
1395831005|25.688
1395831028|25.75
1395831050|25.75
1395831072|25.688
1395831095|25.688
1395831117|25.75
1395831140|25.688
1395831162|25.813
1395831185|25.75
1395831207|25.688
1395831230|25.688
1395831252|25.688
1395831275|25.688
1395831297|25.688
1395831320|25.688
1395831342|25.625
1395831365|25.563
1395831387|25.625
1395831409|25.688
1395831432|25.75
1395831454|25.625
1395831477|25.563
1395831499|25.625
1395831522|25.625
1395831544|25.688
1395831567|25.563
1395831589|25.563
1395831612|25.625
1395831634|25.563
1395831657|25.563
1395831679|25.5
1395831702|25.375
1395831724|25.313
1395831746|25.25
1395831769|25.313
1395831791|25.25
1395831814|25.25
1395831836|25.25
1395831859|25.188
1395831881|25.063
1395831904|25.063
1395831926|25.063
1395831949|25.125
1395831971|25.188
1395831994|25.25
1395832016|25.25
1395832039|25.25
1395832061|25.188
1395832083|25.125
1395832106|25.063
1395832128|25.063
1395832151|25.125
1395832173|25.063
1395832196|30.0
1395832218|25.063
1395832241|29.876
1395832263|29.876
1395832286|30.0
1395832308|25.063
1395832331|30.0
1395832353|25.063
1395832376|29.876
1395832398|29.876
1395832420|29.75
1395832443|29.75
1395832465|29.5
1395832488|29.376
1395832510|29.5
1395832533|29.376
1395832555|29.5
1395832578|29.25
1395832600|29.376
1395832623|29.5
1395832645|29.5
1395832668|29.25
1395832690|29.376
1395832713|29.376
1395832735|29.376
1395832758|29.5
1395832780|29.376
1395832802|29.25
1395832825|29.626
1395832847|29.5
1395832870|29.5
1395832892|29.626
1395832915|29.75
1395832937|29.876
1395832960|29.626
1395832982|29.5
1395833005|29.5
1395833027|29.5
1395833050|29.626
1395833072|29.5
1395833095|29.5
1395833117|29.376
1395833139|29.376
1395833162|29.376
1395833184|29.5
1395833207|29.25
1395833229|29.0
1395833252|28.75
1395833274|29.0
1395833297|29.126
1395833319|29.0
1395833342|29.126
1395833364|29.0
1395833387|29.0
1395833409|28.876
1395833432|28.75
1395833454|28.876
1395833477|28.626
1395833499|28.5
1395833522|28.626
1395833544|28.626
1395833566|28.75
1395833589|28.876
1395833611|28.876
1395833634|28.876
1395833656|28.876
1395833679|29.0
1395833701|29.126
1395833724|29.0
1395833746|29.126
1395833769|29.25
1395833791|29.126
1395833814|29.25
1395833836|29.0
1395833858|29.126
1395833881|28.876
1395833903|28.876
1395833926|29.126
1395833948|29.126
1395833971|29.25
1395833993|29.126
1395834016|29.0
1395834038|29.126
1395834061|29.0
1395834083|28.75
1395834106|28.75
1395834128|29.126
1395834151|29.126
1395834173|29.25
1395834196|28.876
1395834218|29.25
1395834240|29.376
1395834263|29.126
1395834285|29.25
1395834308|29.126
1395834330|29.25
1395834353|29.126
1395834375|29.0
1395834398|28.876
1395834420|29.126
1395834443|29.0
1395834465|28.876
1395834488|28.876
1395834510|28.626
1395834533|28.626
1395834555|28.376
1395834577|28.25
1395834600|28.126
1395834622|28.126
1395834645|28.0
1395834667|28.0
1395834690|28.0
1395834712|28.126
1395834735|28.0
1395834757|27.876
1395834780|27.75
1395834802|27.876
1395834825|27.626
1395834847|27.626
1395834870|27.5
1395834892|27.25
1395834914|27.25
1395834937|27.126
1395834959|27.0
1395834982|26.876
1395835004|26.876
1395835027|27.0
1395835049|26.876
1395835072|26.75
1395835094|26.626
1395835117|26.626
1395835139|26.5
1395835162|26.376
1395835184|26.126
1395835207|26.0
1395835229|26.126
1395835251|26.25
1395835274|26.5
1395835296|26.75
1395835319|26.876
1395835341|26.75
1395835364|26.5
1395835386|26.626
1395835409|26.626
1395835431|26.5
1395835454|26.25
1395835476|26.75
1395835499|26.626
1395835521|26.5
1395835544|26.5
1395835566|26.626
1395835589|26.5
1395835611|26.5
1395835634|26.626
1395835656|26.5
1395835678|26.376
1395835701|26.25
1395835723|26.25
1395835746|26.25
1395835768|26.25
1395835791|26.126
1395835813|26.126
1395835836|26.0
1395835858|26.126
1395835881|26.126
1395835903|26.126
1395835926|26.126
1395835948|26.126
1395835971|26.25
1395835993|26.5
1395836015|26.626
1395836038|26.626
1395836060|26.75
1395836083|26.75
1395836105|26.5
1395836128|26.626
1395836150|26.75
1395836173|26.5
1395836195|26.5
1395836218|26.876
1395836240|27.126
1395836263|26.876
1395836285|27.0
1395836308|26.876
1395836330|27.0
1395836352|26.876
1395836375|26.75
1395836397|26.5
1395836420|26.626
1395836442|26.75
1395836465|26.75
1395836487|26.75
1395836510|26.25
1395836532|26.126
1395836555|25.876
1395836577|26.126
1395836600|26.126
1395836622|25.876
1395836645|26.0
1395836667|26.0
1395836689|25.876
1395836712|25.876
1395836734|25.876
1395836757|26.0
1395836779|25.876
1395836802|25.876
1395836824|26.0
1395836847|26.0
1395836869|25.876
1395836892|25.626
1395836914|25.75
1395836937|25.626
1395836959|25.75
1395836982|25.876
1395837004|25.876
1395837027|26.126
1395837049|26.0
1395837071|26.126
1395837094|25.876
1395837116|25.626
1395837139|25.75
1395837161|25.5
1395837184|25.376
1395837206|25.25
1395837229|25.376
1395837251|25.5
1395837274|25.25
1395837296|25.25
1395837319|25.25
1395837341|25.5
1395837364|25.25
1395837386|25.0
1395837408|24.876
1395837431|25.0
1395837453|25.0
1395837476|25.0
1395837498|25.0
1395837521|25.0
1395837543|25.376
1395837566|25.75
1395837588|25.876
1395837611|25.876
1395837633|25.75
1395837656|25.5
1395837678|25.626
1395837701|25.626
1395837723|25.876
1395837746|25.876
1395837768|25.75
1395837791|25.75
1395837813|25.75
1395837835|25.5
1395837858|25.626
1395837880|25.5
1395837903|25.75
1395837925|25.376
1395837948|25.5
1395837970|25.376
1395837993|25.25
1395838015|25.376
1395838038|25.25
1395838060|25.376
1395838083|25.5
1395838105|25.126
1395838128|25.126
1395838150|25.75
1395838173|25.376
1395838195|25.876
1395838217|26.0
1395838240|25.75
1395838262|25.626
1395838285|25.75
1395838307|26.126
1395838330|25.876
1395838352|26.0
1395838375|26.0
1395838397|25.75
1395838420|26.0
1395838442|26.0
1395838465|26.126
1395838487|26.376
1395838510|26.376
1395838532|26.376
1395838555|26.126
1395838577|26.25
1395838599|26.126
1395838622|26.126
1395838644|26.126
1395838667|26.0
1395838689|26.126
1395838712|26.25
1395838734|26.626
1395838757|26.75
1395838779|26.626
1395838802|26.5
1395838824|26.376
1395838847|26.626
1395838869|26.5
1395838892|26.376
1395838914|26.626
1395838936|26.5
1395838959|26.5
1395838981|26.876
1395839004|26.876
1395839026|26.876
1395839049|26.75
1395839071|26.75
1395839094|27.0
1395839116|26.876
1395839139|27.0
1395839161|27.0
1395839184|27.126
1395839206|27.0
1395839229|27.376
1395839251|27.25
1395839273|27.25
1395839296|27.25
1395839318|27.126
1395839341|26.876
1395839363|26.876
1395839386|26.876
1395839408|26.75
1395839431|26.376
1395839453|26.376
1395839476|26.376
1395839498|26.25
1395839521|26.376
1395839543|26.25
1395839566|26.25
1395839588|26.0
1395839610|26.126
1395839633|26.25
1395839655|26.25
1395839678|26.25
1395839700|26.25
1395839723|26.25
1395839745|26.376
1395839768|26.126
1395839790|25.876
1395839813|25.876
1395839835|25.626
1395839858|25.626
1395839880|25.75
1395839903|25.75
1395839925|25.626
1395839948|25.126
1395839970|25.0
1395839992|25.0
1395840015|25.126
1395840037|25.126
1395840060|24.75
1395840082|24.876
1395840105|25.0
1395840127|25.126
1395840150|25.126
1395840172|24.626
1395840195|24.5
1395840217|24.126
1395840240|23.876
1395840262|23.75
1395840285|23.876
1395840307|23.876
1395840329|23.626
1395840352|23.376
1395840374|23.5
1395840397|23.5
1395840419|23.0
1395840442|22.75
1395840464|22.626
1395840487|22.75
1395840509|23.0
1395840532|22.75
1395840554|22.5
1395840577|22.126
1395840599|22.126
1395840622|22.126
1395840644|21.876
1395840666|21.876
1395840689|22.0
1395840711|22.126
1395840734|22.5
1395840756|22.25
1395840779|22.25
1395840801|22.25
1395840824|22.25
1395840846|22.25
1395840869|22.25
1395840891|22.5
1395840914|22.376
1395840936|22.5
1395840959|22.376
1395840981|22.376
1395841003|22.376
1395841026|22.376
1395841048|22.626
1395841071|23.0
1395841093|22.876
1395841116|22.876
1395841138|22.876
1395841161|22.876
1395841183|22.626
1395841206|23.0
1395841228|23.376
1395841251|23.75
1395841273|23.626
1395841296|23.5
1395841318|23.25
1395841341|23.0
1395841363|23.25
1395841386|22.75
1395841408|22.626
1395841430|22.25
1395841453|22.0
1395841475|22.0
1395841498|22.0
1395841520|21.75
1395841543|22.376
1395841565|22.626
1395841588|22.5
1395841610|22.5
1395841633|22.376
1395841655|22.376
1395841678|22.25
1395841700|21.75
1395841723|21.876
1395841745|22.0
1395841767|21.876
1395841790|21.876
1395841812|22.0
1395841835|22.126
1395841857|22.0
1395841880|22.25
1395841902|22.376
1395841925|22.5
1395841947|22.626
1395841970|22.5
1395841992|22.75
1395842015|23.126
1395842037|23.126
1395842060|23.5
1395842082|23.75
1395842104|23.876
1395842127|24.126
1395842149|24.25
1395842172|24.376
1395842194|24.376
1395842217|24.876
1395842239|25.0
1395842262|24.876
1395842284|25.0
1395842307|25.126
1395842329|25.0
1395842352|25.25
1395842374|25.126
1395842397|25.25
1395842419|25.376
1395842441|25.626
1395842464|25.876
1395842486|25.626
1395842509|25.75
1395842531|25.876
1395842554|25.876
1395842576|26.126
1395842599|26.126
1395842621|26.0
1395842644|25.626
1395842666|25.626
1395842689|25.75
1395842711|25.626
1395842734|25.126
1395842756|25.0
1395842779|25.0
1395842801|24.75
1395842824|24.626
1395842846|24.5
1395842868|24.376
1395842891|24.376
1395842913|24.126
1395842936|24.0
1395842958|24.0
1395842981|23.876
1395843003|23.876
1395843026|23.876
1395843048|23.75
1395843071|23.626
1395843093|23.5
1395843116|23.75
1395843138|23.876
1395843161|23.876
1395843183|23.75
1395843205|23.75
1395843228|24.126
1395843250|24.126
1395843273|24.376
1395843295|24.626
1395843318|24.626
1395843340|24.75
1395843363|24.75
1395843385|24.626
1395843408|24.626
1395843430|24.626
1395843453|24.876
1395843475|25.126
1395843498|25.0
1395843520|25.126
1395843542|25.376
1395843565|25.5
1395843587|25.5
1395843610|26.0
1395843632|26.25
1395843655|26.5
1395843677|26.376
1395843700|26.5
1395843722|26.626
1395843745|26.626
1395843767|26.626
1395843790|26.626
1395843812|26.876
1395843835|27.0
1395843857|26.876
1395843879|26.75
1395843902|26.75
1395843924|26.876
1395843947|26.876
1395843969|26.626
1395843992|26.126
1395844014|25.75
1395844037|25.376
1395844059|25.126
1395844082|25.126
1395844104|25.0
1395844127|24.876
1395844149|24.876
1395844172|24.75
1395844194|24.626
1395844217|25.0
1395844239|24.75
1395844261|25.25
1395844284|25.126
1395844306|25.376
1395844329|25.0
1395844351|24.876
1395844374|24.376
1395844396|24.0
1395844419|23.876
1395844441|23.75
1395844464|23.626
1395844486|23.376
1395844509|22.876
1395844531|22.626
1395844554|22.126
1395844576|21.626
1395844598|21.25
1395844621|21.25
1395844643|21.0
1395844666|21.0
1395844688|21.376
1395844711|21.626
1395844733|22.126
1395844756|22.126
1395844778|22.626
1395844801|22.876
1395844823|22.876
1395844846|23.0
1395844868|22.75
1395844891|21.876
1395844913|21.75
1395844935|21.126
1395844958|20.25
1395844980|20.25
1395845003|20.376
1395845025|20.25
1395845048|20.126
1395845070|20.626
1395845093|20.876
1395845115|21.0
1395845138|21.126
1395845160|21.376
1395845183|21.626
1395845205|21.75
1395845228|22.126
1395845250|22.25
1395845273|21.626
1395845295|21.626
1395845318|21.75
1395845340|20.25
1395845362|20
1395845385|20
1395845407|20
1395845430|20
1395845452|20
1395845475|20
1395845497|20
1395845520|20
1395845542|20
1395845565|20
1395845587|20
1395845610|20
1395845632|20
1395845655|20
1395845677|20
1395845699|20
1395845722|20
1395845744|20
1395845767|20
1395845789|20
1395845812|20
1395845834|20
1395845857|20
1395845879|20
1395845902|20
1395845924|20
1395845947|20
1395845969|20
1395845992|20
1395846014|20
1395846037|20
1395846059|20
1395846082|20
1395846105|20
1395846127|20
1395846150|20
1395846172|20
1395846195|20
1395846217|20
1395846240|20
1395846262|20
1395846285|20
1395846307|20
1395846329|20
1395846352|20
1395846374|20
1395846397|20
1395846419|20
1395846442|20
1395846464|20
1395846487|20
1395846509|20
1395846532|20
1395846554|20
1395846577|20
1395846599|20
1395846622|20
1395846644|20
1395846667|20
1395846689|20
1395846711|20
1395846734|20
1395846756|20
1395846779|20
1395846801|20
1395846824|20
1395846846|20
1395846869|20
1395846891|20
1395846914|20
1395846936|20
1395846959|20
1395846981|20
1395847004|20
1395847026|20
1395847048|20
1395847071|20
1395847093|20
1395847116|20
1395847138|20
1395847161|20
1395847183|20
1395847206|20
1395847228|20
1395847251|20
1395847273|20
1395847296|20
1395847318|20
1395847341|20.126
1395847363|20.25
1395847385|20.626
1395847408|20.876
1395847430|21.0
1395847453|21.126
1395847475|21.376
1395847498|21.5
1395847520|21.25
1395847543|20
1395847565|20
1395847588|20
1395847610|20
1395847633|20
1395847655|20
1395847678|20
1395847700|20
1395847722|20
1395847745|20
1395847767|20
1395847790|20
1395847812|20
1395847835|20
1395847857|20
1395847880|20
1395847902|20
1395847925|20
1395847947|20
1395847970|20
1395847992|20
1395848015|20
1395848037|20
1395848060|20
1395848082|20
1395848104|20
1395848127|20
1395848149|20
1395848172|20
1395848194|20
1395848217|20
1395848239|20
1395848262|20
1395848284|20
1395848307|20
1395848329|20
1395848352|20
1395848374|20
1395848397|20
1395848419|20
1395848442|20
1395848464|20
1395848486|20
1395848509|20
1395848531|20
1395848554|20
1395848576|20
1395848599|20
1395848621|20.626
1395848644|21.0
1395848666|21.126
1395848689|21.25
1395848711|21.126
1395848734|21.876
1395848756|22.25
1395848779|22.876
1395848801|23.25
1395848823|23.5
1395848846|23.75
1395848868|24.0
1395848891|24.126
1395848913|24.25
1395848936|24.25
1395848958|24.25
1395848981|24.5
1395849003|24.876
1395849026|24.876
1395849048|25.25
1395849071|25.376
1395849093|25.5
1395849116|25.5
1395849138|25.75
1395849161|25.876
1395849183|26.0
1395849206|26.0
1395849228|26.25
1395849250|26.25
1395849273|26.25
1395849295|26.25
1395849318|26.25
1395849340|26.5
1395849363|26.75
1395849385|26.876
1395849408|27.0
1395849430|27.126
1395849453|27.126
1395849475|27.25
1395849498|27.376
1395849520|27.626
1395849543|27.876
1395849565|28.126
1395849587|28.25
1395849610|28.25
1395849632|28.25
1395849655|28.376
1395849677|28.25
1395849700|28.126
1395849722|28.25
1395849745|28.0
1395849767|28.126
1395849790|28.376
1395849812|28.376
1395849835|28.5
1395849857|28.626
1395849880|28.626
1395849902|29.0
1395849924|29.0
1395849947|29.126
1395849969|29.376
1395849992|29.126
1395850014|29.126
1395850037|29.376
1395850059|29.376
1395850082|29.376
1395850104|29.376
1395850127|29.376
1395850149|29.376
1395850172|29.376
1395850194|29.376
1395850217|29.25
1395850239|29.25
1395850261|29.5
1395850284|29.5
1395850306|29.5
1395850329|29.626
1395850351|29.626
1395850374|29.626
1395850396|29.876
1395850419|30.0
1395850441|25.063
1395850464|25.125
1395850486|25.188
1395850509|25.25
1395850531|25.188
1395850554|25.125
1395850576|25.125
1395850599|25.375
1395850621|25.375
1395850643|25.438
1395850666|25.375
1395850688|25.375
1395850711|25.5
1395850733|25.563
1395850756|25.5
1395850778|25.625
1395850801|25.688
1395850823|25.75
1395850846|25.813
1395850868|25.75
1395850891|25.813
1395850913|25.688
1395850936|25.75
1395850958|25.813
1395850980|25.938
1395851003|26.0
1395851025|25.938
1395851048|25.938
1395851070|26.063
1395851093|26.0
1395851115|26.0
1395851138|26.125
1395851160|26.063
1395851183|26.063
1395851205|26.063
1395851228|26.0
1395851250|26.063
1395851273|26.0
1395851295|25.938
1395851317|26.0
1395851340|26.0
1395851362|26.0
1395851385|26.0
1395851407|25.938
1395851430|26.0
1395851452|25.938
1395851475|25.938
1395851497|25.938
1395851520|25.938
1395851542|25.875
1395851565|25.875
1395851587|25.938
1395851610|26.0
1395851632|26.063
1395851654|26.063
1395851677|26.063
1395851699|26.063
1395851722|26.063
1395851744|26.188
1395851767|26.188
1395851789|26.25
1395851812|26.25
1395851834|26.313
1395851857|26.25
1395851879|26.313
1395851902|26.313
1395851924|26.313
1395851947|26.25
1395851969|26.375
1395851991|26.375
1395852014|26.375
1395852036|26.375
1395852059|26.438
1395852081|26.438
1395852104|26.5
1395852126|26.563
1395852149|26.563
1395852171|26.563
1395852194|26.625
1395852216|26.625
1395852239|26.625
1395852261|26.625
1395852284|26.625
1395852306|26.75
1395852329|26.75
1395852351|26.75
1395852373|26.75
1395852396|26.688
1395852418|26.688
1395852441|26.625
1395852463|26.563
1395852486|26.625
1395852508|26.563
1395852531|26.688
1395852553|26.688
1395852576|26.625
1395852598|26.625
1395852621|26.625
1395852643|26.688
1395852666|26.75
1395852688|26.75
1395852711|26.813
1395852733|26.813
1395852755|26.875
1395852778|26.875
1395852800|26.938
1395852823|26.938
1395852845|26.938
1395852868|26.875
1395852890|26.938
1395852913|26.938
1395852935|26.938
1395852958|26.938
1395852980|26.938
1395853003|26.875
1395853025|26.938
1395853048|26.938
1395853070|27.0
1395853092|26.938
1395853115|27.063
1395853137|27.063
1395853160|27.063
1395853182|27.063
1395853205|27.063
1395853227|27.0
1395853250|26.938
1395853272|27.0
1395853295|27.0
1395853317|27.0
1395853340|27.0
1395853362|27.0
1395853385|26.938
1395853407|27.0
1395853429|27.0
1395853452|27.0
1395853474|27.0
1395853497|27.063
1395853519|27.063
1395853542|27.063
1395853564|27.188
1395853587|27.188
1395853609|27.25
1395853632|27.25
1395853654|27.313
1395853677|27.25
1395853699|27.188
1395853722|27.188
1395853744|27.188
1395853767|27.188
1395853789|27.188
1395853812|27.25
1395853834|27.25
1395853856|27.25
1395853879|27.313
1395853901|27.25
1395853924|27.313
1395853946|27.313
1395853969|27.375
1395853991|27.375
1395854014|27.313
1395854036|27.313
1395854059|27.313
1395854081|27.313
1395854104|27.313
1395854126|27.25
1395854149|27.25
1395854171|27.25
1395854193|27.25
1395854216|27.25
1395854238|27.375
1395854261|27.375
1395854283|27.438
1395854306|27.438
1395854328|27.375
1395854351|27.438
1395854373|27.5
1395854396|27.5
1395854418|27.5
1395854441|27.563
1395854463|27.563
1395854486|27.625
1395854508|27.625
1395854530|27.688
1395854553|27.688
1395854575|27.75
1395854598|27.75
1395854620|27.75
1395854643|27.75
1395854665|27.75
1395854688|27.75
1395854710|27.75
1395854733|27.75
1395854755|27.75
1395854778|27.813
1395854800|27.813
1395854823|27.813
1395854845|27.813
1395854867|27.813
1395854890|27.75
1395854912|27.813
1395854935|27.75
1395854957|27.75
1395854980|27.75
1395855002|27.813
1395855025|27.813
1395855047|27.875
1395855070|27.875
1395855092|27.938
1395855115|27.938
1395855137|27.875
1395855160|27.875
1395855182|27.875
1395855205|27.938
1395855227|27.938
1395855249|27.938
1395855272|27.875
1395855294|27.938
1395855317|27.875
1395855339|27.938
1395855362|27.938
1395855384|27.938
1395855407|28.0
1395855429|28.0
1395855452|27.938
1395855474|27.875
1395855497|27.875
1395855519|27.875
1395855542|27.938
1395855564|27.875
1395855586|27.938
1395855609|27.938
1395855631|27.938
1395855654|27.938
1395855676|27.938
1395855699|27.938
1395855721|27.938
1395855744|27.875
1395855766|27.875
1395855789|27.938
1395855811|27.938
1395855834|28.0
1395855856|28.0
1395855879|28.063
1395855901|28.063
1395855923|28.063
1395855946|28.063
1395855969|28.063
1395855991|28.125
1395856013|28.188
1395856036|28.063
1395856058|28.125
1395856081|28.063
1395856103|28.063
1395856126|28.125
1395856148|28.125
1395856171|28.125
1395856193|28.063
1395856216|28.125
1395856238|28.0
1395856261|28.0
1395856283|28.063
1395856306|28.063
1395856328|28.125
1395856350|28.125
1395856373|28.125
1395856395|28.125
1395856418|28.125
1395856440|28.188
1395856463|28.25
1395856485|28.188
1395856508|28.25
1395856530|28.313
1395856553|28.25
1395856575|28.25
1395856598|28.25
1395856620|28.25
1395856643|28.25
1395856665|28.25
1395856687|28.25
1395856710|28.25
1395856732|28.25
1395856755|28.313
1395856777|28.313
1395856800|28.313
1395856822|28.313
1395856845|28.25
1395856867|28.25
1395856890|28.313
1395856912|28.313
1395856935|28.313
1395856957|28.313
1395856980|28.375
1395857002|28.375
1395857025|28.313
1395857047|28.375
1395857070|28.375
1395857092|28.375
1395857114|28.375
1395857137|28.25
1395857159|28.313
1395857182|28.25
1395857204|28.25
1395857227|28.25
1395857249|28.25
1395857272|28.25
1395857294|28.25
1395857317|28.313
1395857339|28.313
1395857362|28.313
1395857384|28.313
1395857407|28.313
1395857429|28.313
1395857451|28.313
1395857474|28.25
1395857496|28.25
1395857519|28.313
1395857541|28.313
1395857564|28.313
1395857586|28.375
1395857609|28.375
1395857631|28.375
1395857654|28.375
1395857676|28.375
1395857699|28.438
1395857721|28.375
1395857744|28.375
1395857766|28.375
1395857788|28.375
1395857811|28.375
1395857833|28.375
1395857856|28.375
1395857878|28.438
1395857901|28.375
1395857923|28.438
1395857946|28.438
1395857968|28.438
1395857991|28.375
1395858013|28.438
1395858036|28.438
1395858058|28.5
1395858081|28.5
1395858103|28.438
1395858125|28.438
1395858148|28.5
1395858170|28.5
1395858193|28.5
1395858215|28.5
1395858238|28.438
1395858260|28.5
1395858283|28.5
1395858305|28.5
1395858328|28.5
1395858350|28.5
1395858373|28.563
1395858395|28.625
1395858418|28.563
1395858440|28.563
1395858463|28.625
1395858485|28.563
1395858507|28.625
1395858530|28.625
1395858552|28.625
1395858575|28.563
1395858597|28.625
1395858620|28.625
1395858642|28.563
1395858665|28.563
1395858687|28.563
1395858710|28.625
1395858732|28.625
1395858755|28.625
1395858777|28.625
1395858800|28.625
1395858822|28.625
1395858844|28.563
1395858867|28.625
1395858889|28.625
1395858912|28.688
1395858934|28.688
1395858957|28.625
1395858979|28.688
1395859002|28.688
1395859024|28.688
1395859047|28.688
1395859069|28.688
1395859092|28.75
1395859114|28.688
1395859137|28.688
1395859159|28.688
1395859181|28.75
1395859204|28.75
1395859226|28.75
1395859249|28.75
1395859271|28.688
1395859294|28.75
1395859316|28.688
1395859339|28.75
1395859361|28.688
1395859384|28.625
1395859406|28.625
1395859429|28.625
1395859451|28.688
1395859474|28.688
1395859496|28.75
1395859518|28.688
1395859541|28.688
1395859563|28.688
1395859586|28.688
1395859608|28.75
1395859631|28.75
1395859653|28.75
1395859676|28.75
1395859698|28.75
1395859721|28.75
1395859743|28.688
1395859766|28.75
1395859788|28.75
1395859811|28.75
1395859833|28.75
1395859856|28.75
1395859878|28.75
1395859901|28.75
1395859923|28.75
1395859945|28.75
1395859968|28.75
1395859990|28.75
1395860013|28.75
1395860035|28.75
1395860058|28.813
1395860080|28.813
1395860103|28.813
1395860125|28.813
1395860148|28.813
1395860170|28.813
1395860193|28.75
1395860215|28.75
1395860238|28.75
1395860260|28.75
1395860282|28.75
1395860305|28.813
1395860327|28.813
1395860350|28.75
1395860372|28.75
1395860395|28.75
1395860417|28.813
1395860440|28.813
1395860462|28.813
1395860485|28.75
1395860507|28.75
1395860530|28.813
1395860552|28.875
1395860575|28.875
1395860597|28.938
1395860619|28.938
1395860642|28.938
1395860664|28.938
1395860687|28.875
1395860709|28.875
1395860732|28.875
1395860754|28.938
1395860777|28.938
1395860799|28.938
1395860822|28.875
1395860844|28.875
1395860867|28.938
1395860889|29.0
1395860912|28.938
1395860934|29.0
1395860957|29.0
1395860979|29.0
1395861002|29.063
1395861024|29.063
1395861046|29.063
1395861069|29.063
1395861091|29.0
1395861114|29.063
1395861136|29.0
1395861159|29.0
1395861181|29.063
1395861204|29.063
1395861226|29.063
1395861249|29.063
1395861271|29.063
1395861294|29.063
1395861316|29.063
1395861339|29.063
1395861361|29.125
1395861383|29.125
1395861406|29.063
1395861428|29.063
1395861451|29.0
1395861473|28.938
1395861496|29.0
1395861518|29.0
1395861541|29.0
1395861563|29.063
1395861586|29.125
1395861608|29.125
1395861631|29.063
1395861653|29.063
1395861676|29.063
1395861698|29.125
1395861720|29.125
1395861743|29.125
1395861765|29.125
1395861788|29.188
1395861810|29.125
1395861833|29.188
1395861855|29.125
1395861878|29.125
1395861900|29.125
1395861923|29.125
1395861945|29.125
1395861968|29.125
1395861990|29.125
1395862013|29.125
1395862035|29.188
1395862057|29.125
1395862080|29.125
1395862102|29.125
1395862125|29.125
1395862147|29.188
1395862170|29.188
1395862192|29.188
1395862215|29.125
1395862237|29.125
1395862260|29.125
1395862282|29.125
1395862305|29.125
1395862327|29.188
1395862350|29.188
1395862372|29.188
1395862394|29.25
1395862417|29.188
1395862439|29.25
1395862462|29.25
1395862484|29.25
