1395084773|29.625
1395084796|29.563
1395084818|29.563
1395084841|29.563
1395084863|29.5
1395084886|29.563
1395084908|29.563
1395084930|29.563
1395084953|29.563
1395084975|29.563
1395084998|29.563
1395085020|29.563
1395085043|29.563
1395085065|29.5
1395085088|29.563
1395085110|29.563
1395085133|29.563
1395085155|29.563
1395085178|29.563
1395085200|29.563
1395085223|29.563
1395085245|29.625
1395085268|29.625
1395085290|29.625
1395085312|29.625
1395085335|29.625
1395085357|29.688
1395085380|29.625
1395085402|29.688
1395085425|29.688
1395085447|29.688
1395085470|29.688
1395085492|29.688
1395085515|29.688
1395085537|29.625
1395085560|29.688
1395085582|29.625
1395085605|29.688
1395085627|29.688
1395085649|29.688
1395085672|29.688
1395085694|29.688
1395085717|29.75
1395085739|29.75
1395085762|29.688
1395085784|29.625
1395085807|29.625
1395085829|29.625
1395085852|29.625
1395085874|29.625
1395085897|29.625
1395085919|29.625
1395085942|29.688
1395085964|29.688
1395085987|29.75
1395086009|29.75
1395086031|29.813
1395086054|29.813
1395086076|29.875
1395086099|29.875
1395086121|29.875
1395086144|29.875
1395086166|29.875
1395086189|29.875
1395086211|29.875
1395086234|29.875
1395086256|29.875
1395086279|29.875
1395086301|29.813
1395086324|29.813
1395086346|29.813
1395086368|29.875
1395086391|29.938
1395086413|29.875
1395086436|29.875
1395086458|29.875
1395086481|29.875
1395086503|29.938
1395086526|29.938
1395086548|30.0
1395086571|29.938
1395086593|30.0
1395086616|30.0
1395086638|30.063
1395086661|30.063
1395086683|30.125
1395086705|30.125
1395086728|30.125
1395086750|30.188
1395086773|30.125
1395086795|30.25
1395086818|30.25
1395086840|30.25
1395086863|30.188
1395086885|30.25
1395086908|30.25
1395086930|30.188
1395086953|30.188
1395086975|30.25
1395086998|30.25
1395087020|30.25
1395087043|30.25
1395087065|30.25
1395087088|30.313
1395087110|30.313
1395087132|30.313
1395087155|30.313
1395087177|30.313
1395087200|30.313
1395087222|30.313
1395087245|30.313
1395087267|30.188
1395087290|30.188
1395087312|30.188
1395087335|30.25
1395087357|30.25
1395087380|30.313
1395087402|30.313
1395087425|30.313
1395087447|30.313
1395087469|30.313
1395087492|30.375
1395087514|30.313
1395087537|30.313
1395087559|30.25
1395087582|30.25
1395087604|30.25
1395087627|30.25
1395087649|30.25
1395087672|30.188
1395087694|30.188
1395087717|30.188
1395087739|30.188
1395087762|30.188
1395087784|30.188
1395087806|30.188
1395087829|30.25
1395087851|30.25
1395087874|30.313
1395087896|30.25
1395087919|30.313
1395087941|30.313
1395087964|30.313
1395087986|30.313
1395088009|30.313
1395088031|30.313
1395088054|30.313
1395088076|30.375
1395088099|30.375
1395088121|30.438
1395088144|30.438
1395088166|30.5
1395088188|30.5
1395088211|30.5
1395088233|30.563
1395088256|30.5
1395088278|30.5
1395088301|30.5
1395088323|30.563
1395088346|30.5
1395088368|30.563
1395088391|30.5
1395088413|30.563
1395088436|30.563
1395088458|30.563
1395088481|30.5
1395088503|30.563
1395088526|30.625
1395088548|30.625
1395088570|30.688
1395088593|30.625
1395088615|30.688
1395088638|30.625
1395088660|30.625
1395088683|30.625
1395088705|30.625
1395088728|30.625
1395088750|30.688
1395088773|30.688
1395088795|30.688
1395088818|30.688
1395088840|30.688
1395088863|30.688
1395088885|30.688
1395088907|30.688
1395088930|30.625
1395088952|30.625
1395088975|30.625
1395088997|30.688
1395089020|30.688
1395089042|30.688
1395089065|30.688
1395089087|30.813
1395089110|30.813
1395089132|30.813
1395089155|30.813
1395089177|30.813
1395089200|30.75
1395089222|30.813
1395089245|30.813
1395089267|30.875
1395089289|30.938
1395089312|30.938
1395089334|30.938
1395089357|31.0
1395089379|31.0
1395089402|31.0
1395089424|31.063
1395089447|31.063
1395089469|31.125
1395089492|31.125
1395089514|31.125
1395089537|31.188
1395089559|31.188
1395089582|31.188
1395089604|31.188
1395089626|31.25
1395089649|31.25
1395089671|31.313
1395089694|31.25
1395089716|31.25
1395089739|31.313
1395089761|31.375
1395089784|31.375
1395089806|31.375
1395089829|31.375
1395089851|31.438
1395089874|31.313
1395089896|31.375
1395089919|31.375
1395089941|31.375
1395089963|31.438
1395089986|31.438
1395090008|31.438
1395090031|31.438
1395090053|31.438
1395090076|31.375
1395090098|31.438
1395090121|31.5
1395090143|31.563
1395090166|31.563
1395090188|31.563
1395090211|31.563
1395090233|31.563
1395090256|31.5
1395090278|31.563
1395090300|31.563
1395090323|31.625
1395090345|31.625
1395090368|31.625
1395090390|31.625
1395090413|31.688
1395090435|31.625
1395090458|31.625
1395090480|31.688
1395090503|31.625
1395090525|31.688
1395090548|31.688
1395090570|31.75
1395090593|31.75
1395090615|31.75
1395090637|31.813
1395090660|31.813
1395090682|31.813
1395090705|31.75
1395090727|31.688
1395090750|31.688
1395090772|31.688
1395090795|31.688
1395090817|31.75
1395090840|31.75
1395090862|31.75
1395090885|31.75
1395090907|31.75
1395090930|31.813
1395090952|31.75
1395090974|31.813
1395090997|31.75
1395091019|31.75
1395091042|31.75
1395091064|31.75
1395091087|31.813
1395091109|31.875
1395091132|31.875
1395091154|31.875
1395091177|31.875
1395091199|31.875
1395091222|31.938
1395091244|31.938
1395091267|32.0
1395091289|32.0
1395091311|32.0
1395091334|32.0
1395091356|31.938
1395091379|31.938
1395091401|31.938
1395091424|31.938
1395091446|31.938
1395091469|31.938
1395091491|31.875
1395091514|31.875
1395091536|31.875
1395091559|31.938
1395091581|31.875
1395091604|31.938
1395091626|31.875
1395091648|31.875
1395091671|31.875
1395091694|31.938
1395091716|31.938
1395091738|31.938
1395091761|31.938
1395091783|31.938
1395091806|31.938
1395091828|31.938
1395091851|31.938
1395091873|31.938
1395091896|32.0
1395091918|31.938
1395091941|31.938
1395091963|31.938
1395091986|31.938
1395092008|31.938
1395092031|32.0
1395092053|32.0
1395092075|32.0
1395092098|32.0
1395092120|32.0
1395092143|32.0
1395092165|32.0
1395092188|32.0
1395092210|32.063
1395092233|32.063
1395092255|32.063
1395092278|32.063
1395092300|32.063
1395092323|32.063
1395092345|32.063
1395092368|32.063
1395092390|32.063
1395092413|32.063
1395092435|32.063
1395092458|32.125
1395092480|32.125
1395092502|32.125
1395092525|32.188
1395092547|32.125
1395092570|32.125
1395092592|32.125
1395092615|32.125
1395092637|32.063
1395092660|32.063
1395092682|32.063
1395092705|32.063
1395092727|32.063
1395092750|32.0
1395092772|32.063
1395092795|32.063
1395092817|32.063
1395092839|32.063
1395092862|32.125
1395092884|32.125
1395092907|32.125
1395092929|32.125
1395092952|32.188
1395092974|32.188
1395092997|32.188
1395093019|32.188
1395093042|32.188
1395093064|32.188
1395093087|32.188
1395093109|32.188
1395093132|32.188
1395093154|32.25
1395093176|32.25
1395093199|32.25
1395093221|32.25
1395093244|32.313
1395093266|32.313
1395093289|32.313
1395093311|32.375
1395093334|32.313
1395093356|32.313
1395093379|32.375
1395093401|32.313
1395093424|32.313
1395093446|32.313
1395093469|32.375
1395093491|32.375
1395093513|32.375
1395093536|32.375
1395093558|32.375
1395093581|32.375
1395093603|32.375
1395093626|32.375
1395093648|32.375
1395093671|32.375
1395093693|32.375
1395093716|32.313
1395093738|32.25
1395093761|32.25
1395093783|32.25
1395093806|32.313
1395093828|32.313
1395093851|32.25
1395093873|32.25
1395093895|32.313
1395093918|32.313
1395093940|32.25
1395093963|32.25
1395093985|32.188
1395094008|32.188
1395094030|32.25
1395094053|32.188
1395094075|32.188
1395094098|32.188
1395094120|32.25
1395094143|32.25
1395094165|32.25
1395094188|32.188
1395094210|32.25
1395094232|32.25
1395094255|32.25
1395094277|32.25
1395094300|32.25
1395094322|32.25
1395094345|32.25
1395094367|32.25
1395094390|32.25
1395094412|32.25
1395094435|32.25
1395094457|32.25
1395094480|32.25
1395094502|32.25
1395094525|32.25
1395094547|32.25
1395094569|32.188
1395094592|32.188
1395094614|32.188
1395094637|32.188
1395094659|32.25
1395094682|32.25
1395094704|32.188
1395094727|32.188
1395094749|32.188
1395094772|32.188
1395094794|32.188
1395094817|32.188
1395094839|32.25
1395094862|32.25
1395094884|32.25
1395094907|32.25
1395094929|32.25
1395094952|32.188
1395094974|32.188
1395094996|32.188
1395095019|32.188
1395095041|32.25
1395095064|32.188
1395095086|32.25
1395095109|32.188
1395095131|32.188
1395095154|32.125
1395095176|32.125
1395095199|32.125
1395095221|32.125
1395095244|32.188
1395095266|32.188
1395095289|32.188
1395095311|32.188
1395095333|32.125
1395095356|32.125
1395095378|32.125
1395095401|32.125
1395095423|32.063
1395095446|32.063
1395095468|32.063
1395095491|32.0
1395095513|32.0
1395095536|32.063
1395095558|32.063
1395095581|32.063
1395095603|32.063
1395095626|32.063
1395095648|32.063
1395095671|32.125
1395095693|32.063
1395095716|32.063
1395095738|32.063
1395095760|32.063
1395095783|32.125
1395095805|32.125
1395095828|32.063
1395095850|32.125
1395095873|32.125
1395095895|32.125
1395095918|32.125
1395095940|32.063
1395095963|32.063
1395095985|32.063
1395096008|32.063
1395096030|32.063
1395096053|32.063
1395096075|32.063
1395096097|32.0
1395096120|32.063
1395096142|32.063
1395096165|32.063
1395096187|32.063
1395096210|32.063
1395096232|32.125
1395096255|32.125
1395096277|32.063
1395096300|32.063
1395096322|32.0
1395096345|32.063
1395096367|32.063
1395096390|32.063
1395096412|32.063
1395096434|32.125
1395096457|32.125
1395096479|32.125
1395096502|32.125
1395096524|32.188
1395096547|32.188
1395096569|32.188
1395096592|32.188
1395096614|32.125
1395096637|32.125
1395096659|32.125
1395096682|32.125
1395096704|32.188
1395096727|32.188
1395096749|32.125
1395096771|32.063
1395096794|32.063
1395096816|32.125
1395096839|32.125
1395096861|32.125
1395096884|32.063
1395096906|32.063
1395096929|32.063
1395096951|32.125
1395096974|32.125
1395096996|32.063
1395097019|32.125
1395097041|32.125
1395097064|32.063
1395097086|32.063
1395097109|32.063
1395097131|32.063
1395097153|32.063
1395097176|32.125
1395097198|32.125
1395097221|32.125
1395097243|32.125
1395097266|32.188
1395097288|32.125
1395097311|32.125
1395097333|32.188
1395097356|32.125
1395097378|32.188
1395097401|32.188
1395097423|32.188
1395097446|32.188
1395097468|32.188
1395097490|32.188
1395097513|32.188
1395097535|32.188
1395097558|32.188
1395097580|32.188
1395097603|32.188
1395097625|32.125
1395097648|32.125
1395097670|32.188
1395097693|32.125
1395097715|32.125
1395097738|32.125
1395097760|32.063
1395097783|32.0
1395097805|32.0
1395097827|32.063
1395097850|32.063
1395097872|32.063
1395097895|32.063
1395097917|32.125
1395097940|32.125
1395097962|32.125
1395097985|32.125
1395098007|32.125
1395098030|32.125
1395098052|32.188
1395098075|32.125
1395098097|32.125
1395098120|32.125
1395098142|32.125
1395098164|32.125
1395098187|32.125
1395098209|32.125
1395098232|32.125
1395098254|32.063
1395098277|32.063
1395098299|32.0
1395098322|32.0
1395098344|32.0
1395098367|32.0
1395098389|32.063
1395098412|32.0
1395098434|32.0
1395098457|32.063
1395098479|32.063
1395098502|32.063
1395098524|32.063
1395098547|32.063
1395098569|32.063
1395098591|32.063
1395098614|32.063
1395098636|32.0
1395098659|32.0
1395098681|32.0
1395098704|32.0
1395098726|32.0
1395098749|32.0
1395098771|32.0
1395098794|32.0
1395098816|32.063
1395098839|32.063
1395098861|32.063
1395098884|32.125
1395098906|32.125
1395098928|32.063
1395098951|32.063
1395098973|32.063
1395098996|32.063
1395099018|32.063
1395099041|32.063
1395099063|32.063
1395099086|32.063
1395099108|32.063
1395099131|32.063
1395099153|32.063
1395099176|32.125
1395099198|32.063
1395099221|32.063
1395099243|32.125
1395099266|32.125
1395099288|32.125
1395099310|32.125
1395099333|32.125
1395099355|32.125
1395099378|32.125
1395099400|32.125
1395099423|32.125
1395099445|32.125
1395099468|32.125
1395099490|32.125
1395099513|32.063
1395099535|32.063
1395099558|32.063
1395099580|32.063
1395099603|32.063
1395099625|32.063
1395099648|32.063
1395099670|32.125
1395099692|32.125
1395099715|32.125
1395099737|32.125
1395099760|32.125
1395099782|32.063
1395099805|32.125
1395099827|32.125
1395099850|32.125
1395099872|32.125
1395099895|32.063
1395099917|32.125
1395099940|32.063
1395099962|32.063
1395099985|32.125
1395100007|32.125
1395100029|32.125
1395100052|32.125
1395100074|32.125
1395100097|32.125
1395100119|32.125
1395100142|32.125
1395100164|32.125
1395100187|32.125
1395100209|32.125
1395100232|32.125
1395100254|32.063
1395100277|32.063
1395100299|32.125
1395100322|32.125
1395100344|32.125
1395100366|32.125
1395100389|32.125
1395100411|32.125
1395100434|32.125
1395100456|32.125
1395100479|32.125
1395100501|32.063
1395100524|32.063
1395100546|32.063
1395100569|32.125
1395100591|32.125
1395100614|32.125
1395100636|32.063
1395100659|32.063
1395100681|32.0
1395100703|32.0
1395100726|32.0
1395100748|32.063
1395100771|32.0
1395100793|32.0
1395100816|32.0
1395100838|32.0
1395100861|32.0
1395100883|32.0
1395100906|32.063
1395100928|32.0
1395100951|32.0
1395100973|32.0
1395100996|32.0
1395101018|32.0
1395101041|32.0
1395101063|32.063
1395101085|32.063
1395101108|32.063
1395101130|32.063
1395101153|32.125
1395101175|32.063
1395101198|32.063
1395101220|32.063
1395101243|32.063
1395101265|32.063
1395101288|32.063
1395101310|32.125
1395101333|32.063
1395101355|32.063
1395101378|32.063
1395101400|32.0
1395101422|32.0
1395101445|32.0
1395101467|32.0
1395101490|32.0
1395101512|32.0
1395101535|32.063
1395101557|32.063
1395101580|32.063
1395101602|32.063
1395101625|32.063
1395101647|32.063
1395101670|32.125
1395101692|32.125
1395101715|32.188
1395101737|32.125
1395101759|32.125
1395101782|32.125
1395101804|32.188
1395101827|32.188
1395101849|32.188
1395101872|32.188
1395101894|32.188
1395101917|32.188
1395101939|32.25
1395101962|32.188
1395101984|32.25
1395102007|32.25
1395102029|32.25
1395102052|32.25
1395102074|32.25
1395102097|32.25
1395102119|32.25
1395102142|32.25
1395102164|32.313
1395102186|32.25
1395102209|32.25
1395102231|32.25
1395102254|32.188
1395102276|32.188
1395102299|32.188
1395102321|32.188
1395102344|32.125
1395102366|32.188
1395102389|32.125
1395102411|32.125
1395102434|32.125
1395102456|32.125
1395102479|32.063
1395102501|32.125
1395102524|32.125
1395102546|32.125
1395102568|32.125
1395102591|32.125
1395102613|32.125
1395102636|32.125
1395102658|32.125
1395102681|32.125
1395102703|32.188
1395102726|32.125
1395102748|32.125
1395102771|32.125
1395102793|32.125
1395102816|32.125
1395102838|32.125
1395102861|32.125
1395102883|32.063
1395102906|32.125
1395102928|32.125
1395102950|32.125
1395102973|32.125
1395102995|32.125
1395103018|32.125
1395103040|32.125
1395103063|32.125
1395103085|32.125
1395103108|32.125
1395103130|32.188
1395103153|32.125
1395103175|32.188
1395103198|32.125
1395103220|32.188
1395103243|32.188
1395103265|32.125
1395103287|32.125
1395103310|32.125
1395103332|32.063
1395103355|32.063
1395103377|32.063
1395103400|32.0
1395103422|32.0
1395103445|32.0
1395103467|31.938
1395103490|31.938
1395103512|31.938
1395103535|31.938
1395103557|31.938
1395103580|31.938
1395103602|31.938
1395103625|31.938
1395103647|31.938
1395103669|31.875
1395103692|31.938
1395103714|31.875
1395103737|31.875
1395103759|31.938
1395103782|31.938
1395103804|31.938
1395103827|32.0
1395103849|32.0
1395103872|32.0
1395103894|32.0
1395103917|32.0
1395103939|32.0
1395103962|32.0
1395103984|32.063
1395104006|32.063
1395104029|32.125
1395104051|32.125
1395104074|32.063
1395104096|32.063
1395104119|32.063
1395104141|32.063
1395104164|32.063
1395104186|32.063
1395104209|32.063
1395104231|32.063
1395104254|32.063
1395104276|32.125
1395104299|32.125
1395104321|32.125
1395104343|32.188
1395104366|32.188
1395104388|32.188
1395104411|32.125
1395104433|32.125
1395104456|32.188
1395104478|32.188
1395104501|32.125
1395104523|32.125
1395104546|32.125
1395104568|32.125
1395104591|32.188
1395104613|32.188
1395104636|32.188
1395104658|32.188
1395104681|32.125
1395104703|32.125
1395104725|32.125
1395104748|32.125
1395104770|32.125
1395104793|32.188
1395104815|32.125
1395104838|32.125
1395104860|32.188
1395104883|32.188
1395104905|32.25
1395104928|32.25
1395104950|32.188
1395104973|32.188
1395104995|32.188
1395105018|32.188
1395105040|32.125
1395105063|32.125
1395105085|32.125
1395105107|32.125
1395105130|32.125
1395105152|32.125
1395105175|32.125
1395105197|32.063
1395105220|32.125
1395105242|32.125
1395105265|32.125
1395105287|32.063
1395105310|32.125
1395105332|32.125
1395105355|32.125
1395105377|32.063
1395105400|32.063
1395105422|32.125
1395105444|32.125
1395105467|32.063
1395105489|32.063
1395105512|32.063
1395105534|32.063
1395105557|32.063
1395105579|32.063
1395105602|32.063
1395105624|32.063
1395105647|32.063
1395105669|32.125
1395105692|32.063
1395105714|32.063
1395105737|32.063
1395105759|32.063
1395105782|32.0
1395105804|32.063
1395105827|32.063
1395105849|32.0
1395105871|32.0
1395105894|32.0
1395105916|32.0
1395105939|32.0
1395105961|31.938
1395105984|32.0
1395106006|32.063
1395106029|32.0
1395106051|32.063
1395106074|32.063
1395106096|32.063
1395106119|32.063
1395106141|32.063
1395106164|32.063
1395106186|32.063
1395106208|32.063
1395106231|32.125
1395106253|32.063
1395106276|32.063
1395106298|32.063
1395106321|32.0
1395106343|32.0
1395106366|32.0
1395106388|32.0
1395106411|32.0
1395106433|32.0
1395106456|32.0
1395106478|32.0
1395106501|32.0
1395106523|32.0
1395106545|31.938
1395106568|31.938
1395106590|31.875
1395106613|31.875
1395106635|31.938
1395106658|31.938
1395106680|31.938
1395106703|31.938
1395106725|31.938
1395106748|31.938
1395106770|32.0
1395106793|31.938
1395106815|31.875
1395106838|31.875
1395106860|31.938
1395106883|31.938
1395106905|32.0
1395106927|32.0
1395106950|31.938
1395106972|31.875
1395106995|31.875
1395107017|31.813
1395107040|31.813
1395107062|31.813
1395107085|31.875
1395107107|31.875
1395107130|31.875
1395107152|31.875
1395107175|31.875
1395107197|31.875
1395107220|31.875
1395107242|31.875
1395107264|31.875
1395107287|31.875
1395107309|31.875
1395107332|31.938
1395107354|31.938
1395107377|31.938
1395107399|31.938
1395107422|31.938
1395107444|31.938
1395107467|31.875
1395107489|31.875
1395107512|31.875
1395107534|31.813
1395107557|31.875
1395107579|31.938
1395107601|31.875
1395107624|31.938
1395107646|31.813
1395107669|31.813
1395107691|31.813
1395107714|31.75
1395107736|31.813
1395107759|31.813
1395107781|31.75
1395107804|31.813
1395107826|31.75
1395107849|31.75
1395107871|31.75
1395107894|31.75
1395107916|31.688
1395107938|31.75
1395107961|31.688
1395107983|31.688
1395108006|31.688
1395108028|31.688
1395108051|31.75
1395108073|31.75
1395108096|31.75
1395108118|31.75
1395108141|31.75
1395108163|31.75
1395108186|31.688
1395108208|31.688
1395108231|31.75
1395108253|31.625
1395108275|31.625
1395108298|31.625
1395108320|31.688
1395108343|31.688
1395108365|31.688
1395108388|31.688
1395108410|31.688
1395108433|31.688
1395108455|31.688
1395108478|31.625
1395108500|31.625
1395108523|31.625
1395108545|31.625
1395108568|31.688
1395108590|31.625
1395108612|31.688
1395108635|31.75
1395108657|31.688
1395108680|31.75
1395108702|31.75
1395108725|31.688
1395108747|31.688
1395108770|31.625
1395108792|31.625
1395108815|31.625
1395108837|31.625
1395108860|31.625
1395108882|31.563
1395108905|31.625
1395108927|31.625
1395108950|31.563
1395108972|31.625
1395108995|31.625
1395109017|31.688
1395109039|31.688
1395109062|31.688
1395109084|31.688
1395109107|31.688
1395109129|31.688
1395109152|31.688
1395109174|31.688
1395109197|31.688
1395109219|31.688
1395109242|31.688
1395109264|31.688
1395109287|31.75
1395109309|31.75
1395109332|31.75
1395109354|31.75
1395109376|31.75
1395109399|31.75
1395109421|31.813
1395109444|31.75
1395109466|31.75
1395109489|31.813
1395109511|31.813
1395109534|31.813
1395109556|31.813
1395109579|31.813
1395109601|31.813
1395109624|31.813
1395109646|31.875
1395109669|31.875
1395109691|31.875
1395109714|31.938
1395109736|31.938
1395109759|31.938
1395109781|32.0
1395109803|31.938
1395109826|32.0
1395109848|32.0
1395109871|32.0
1395109893|32.0
1395109916|31.938
1395109938|31.938
1395109961|31.938
1395109983|32.0
1395110006|32.0
1395110028|31.938
1395110051|31.938
1395110073|32.0
1395110096|31.938
1395110118|31.938
1395110140|32.0
1395110163|32.0
1395110185|32.063
1395110208|32.063
1395110230|32.063
1395110253|32.063
1395110275|32.063
1395110298|32.063
1395110320|32.063
1395110343|32.125
1395110365|32.125
1395110388|32.125
1395110410|32.063
1395110433|32.125
1395110455|32.063
1395110477|32.125
1395110500|32.063
1395110522|32.125
1395110545|32.125
1395110567|32.063
1395110590|32.063
1395110612|32.125
1395110635|32.125
1395110657|32.125
1395110680|32.063
1395110702|32.063
1395110725|32.063
1395110747|32.125
1395110770|32.125
1395110792|32.125
1395110815|32.125
1395110837|32.125
1395110859|32.125
1395110882|32.125
1395110904|32.125
1395110927|32.125
1395110949|32.188
1395110972|32.188
1395110994|32.188
1395111017|32.125
1395111039|32.188
1395111062|32.188
1395111084|32.188
1395111107|32.125
1395111129|32.125
1395111152|32.063
1395111174|32.063
1395111196|32.063
1395111219|32.063
1395111241|32.063
1395111264|32.063
1395111286|32.125
1395111309|32.063
1395111331|32.125
1395111354|32.125
1395111376|32.125
1395111399|32.125
1395111421|32.188
1395111444|32.188
1395111466|32.188
1395111489|32.125
1395111511|32.125
1395111533|32.125
1395111556|32.125
1395111578|32.125
1395111601|32.188
1395111623|32.125
1395111646|32.063
1395111668|32.125
1395111691|32.063
1395111713|32.063
1395111736|32.0
1395111758|32.063
1395111781|32.063
1395111803|32.063
1395111826|31.938
1395111848|31.938
1395111870|31.938
1395111893|31.938
1395111915|32.0
1395111938|32.0
1395111960|31.938
1395111983|32.0
1395112005|31.938
1395112028|31.938
1395112050|31.938
1395112073|31.938
1395112095|31.938
1395112118|31.938
1395112140|31.875
1395112163|31.938
1395112185|31.938
1395112208|31.875
1395112230|31.875
1395112252|31.875
1395112275|31.938
1395112297|31.938
1395112320|31.875
1395112342|31.875
1395112365|31.813
1395112387|31.875
1395112410|31.875
1395112432|31.875
1395112455|31.875
1395112477|31.875
1395112500|31.813
1395112522|31.875
1395112545|31.875
1395112567|31.875
1395112590|31.875
1395112612|31.875
1395112634|31.875
1395112657|31.875
1395112679|31.875
1395112702|31.875
1395112724|31.875
1395112747|31.813
1395112769|31.875
1395112792|31.875
1395112814|31.875
1395112837|31.875
1395112859|31.875
1395112882|31.875
1395112904|31.938
1395112927|31.938
1395112949|31.938
1395112971|31.875
1395112994|31.875
1395113016|31.938
1395113039|31.938
1395113061|31.938
1395113084|31.938
1395113106|31.938
1395113129|31.875
1395113151|31.875
1395113174|31.875
1395113196|31.875
1395113219|31.875
1395113241|31.875
1395113264|31.813
1395113286|31.813
1395113308|31.875
1395113331|31.875
1395113353|31.875
1395113376|31.875
1395113398|31.875
1395113421|31.938
1395113443|31.938
1395113466|31.938
1395113488|31.938
1395113511|31.938
1395113533|32.0
1395113556|32.0
1395113578|31.938
1395113601|31.938
1395113623|31.938
1395113645|32.0
1395113668|32.0
1395113690|32.0
1395113713|32.0
1395113735|32.063
1395113758|32.063
1395113780|32.125
1395113803|32.125
1395113825|32.125
1395113848|32.125
1395113870|32.125
1395113893|32.125
1395113915|32.125
1395113938|32.188
1395113960|32.188
1395113983|32.125
1395114005|32.125
1395114028|32.125
1395114050|32.125
1395114072|32.125
1395114095|32.125
1395114117|32.125
1395114140|32.125
1395114162|32.125
1395114185|32.125
1395114207|32.125
1395114230|32.188
1395114252|32.125
1395114275|32.188
1395114297|32.188
1395114320|32.188
1395114342|32.188
1395114365|32.188
1395114387|32.125
1395114409|32.125
1395114432|32.188
1395114454|32.188
1395114477|32.188
1395114499|32.188
1395114522|32.188
1395114544|32.188
1395114567|32.188
1395114589|32.125
1395114612|32.125
1395114634|32.188
1395114657|32.188
1395114679|32.188
1395114702|32.188
1395114724|32.188
1395114746|32.125
1395114769|32.125
1395114791|32.188
1395114814|32.188
1395114836|32.125
1395114859|32.125
1395114881|32.125
1395114904|32.125
1395114926|32.125
1395114949|32.125
1395114971|32.125
1395114994|32.125
1395115016|32.125
1395115039|32.125
1395115061|32.125
1395115084|32.125
1395115106|32.125
1395115129|32.125
1395115151|32.125
1395115174|32.125
1395115196|32.125
1395115219|32.125
1395115241|32.125
1395115264|32.063
1395115286|32.063
1395115309|32.063
1395115331|32.063
1395115354|32.063
1395115376|32.063
1395115398|32.0
1395115421|32.0
1395115443|32.0
1395115466|32.0
1395115488|32.0
1395115511|32.0
1395115533|32.0
1395115556|32.0
1395115578|32.0
1395115601|32.063
1395115623|32.063
1395115646|32.0
1395115668|32.0
1395115691|32.0
1395115713|32.0
1395115735|32.0
1395115758|31.938
1395115780|31.938
1395115803|32.0
1395115825|31.938
1395115848|31.938
1395115870|31.938
1395115893|31.938
1395115915|31.938
1395115938|31.875
1395115960|31.875
1395115983|31.875
1395116005|31.938
1395116028|31.938
1395116050|31.938
1395116072|31.875
1395116095|31.875
1395116117|31.938
1395116140|31.938
1395116162|31.875
1395116185|31.875
1395116207|31.875
1395116230|31.875
1395116252|31.875
1395116275|31.875
1395116297|31.875
1395116320|31.813
1395116342|31.813
1395116365|31.875
1395116387|31.875
1395116410|31.813
1395116432|31.813
1395116454|31.813
1395116477|31.813
1395116499|31.813
1395116522|31.813
1395116544|31.813
1395116567|31.75
1395116589|31.75
1395116612|31.75
1395116634|31.75
1395116657|31.75
1395116679|31.75
1395116702|31.75
1395116724|31.75
1395116747|31.75
1395116769|31.75
1395116791|31.75
1395116814|31.75
1395116836|31.75
1395116859|31.813
1395116881|31.75
1395116904|31.75
1395116926|31.75
1395116949|31.75
1395116971|31.75
1395116994|31.75
1395117016|31.75
1395117039|31.688
1395117061|31.688
1395117084|31.75
1395117106|31.688
1395117128|31.688
1395117151|31.688
1395117173|31.688
1395117196|31.75
1395117218|31.688
1395117241|31.688
1395117263|31.688
1395117286|31.688
1395117308|31.688
1395117331|31.688
1395117353|31.688
1395117376|31.688
1395117398|31.688
1395117421|31.688
1395117443|31.688
1395117466|31.625
1395117488|31.688
1395117510|31.688
1395117533|31.688
1395117555|31.688
1395117578|31.625
1395117600|31.625
1395117623|31.625
1395117645|31.625
1395117668|31.625
1395117690|31.625
1395117713|31.563
1395117735|31.625
1395117758|31.563
1395117780|31.625
1395117803|31.563
1395117825|31.625
1395117848|31.625
1395117870|31.625
1395117892|31.563
1395117915|31.625
1395117937|31.625
1395117960|31.563
1395117982|31.625
1395118005|31.625
1395118027|31.563
1395118050|31.563
1395118072|31.563
1395118095|31.563
1395118117|31.563
1395118140|31.563
1395118162|31.563
1395118185|31.563
1395118208|31.563
1395118230|31.563
1395118253|31.563
1395118275|31.563
1395118298|31.5
1395118320|31.5
1395118343|31.5
1395118365|31.5
1395118388|31.5
1395118410|31.5
1395118433|31.438
1395118455|31.5
1395118478|31.438
1395118500|31.438
1395118522|31.438
1395118545|31.5
1395118567|31.5
1395118590|31.438
1395118612|31.5
1395118635|31.5
1395118657|31.5
1395118680|31.5
1395118702|31.5
1395118725|31.5
1395118747|31.563
1395118770|31.5
1395118792|31.5
1395118815|31.5
1395118837|31.5
1395118859|31.5
1395118882|31.5
1395118904|31.563
1395118927|31.5
1395118949|31.5
1395118972|31.563
1395118994|31.563
1395119017|31.563
1395119039|31.563
1395119062|31.5
1395119084|31.5
1395119107|31.563
1395119129|31.563
1395119152|31.563
1395119174|31.563
1395119196|31.563
1395119219|31.563
1395119241|31.563
1395119264|31.563
1395119286|31.563
1395119309|31.563
1395119331|31.563
1395119354|31.563
1395119376|31.563
1395119399|31.563
1395119421|31.5
1395119444|31.5
1395119466|31.5
1395119489|31.5
1395119511|31.5
1395119533|31.5
1395119556|31.438
1395119578|31.5
1395119601|31.438
1395119623|31.438
1395119646|31.438
1395119668|31.438
1395119691|31.438
1395119713|31.375
1395119736|31.438
1395119758|31.375
1395119781|31.375
1395119803|31.375
1395119826|31.313
1395119848|31.313
1395119870|31.313
1395119893|31.313
1395119915|31.313
1395119938|31.313
1395119960|31.313
1395119983|31.25
1395120005|31.25
1395120028|31.25
1395120050|31.25
1395120073|31.313
1395120095|31.313
1395120118|31.313
1395120140|31.313
1395120163|31.313
1395120185|31.313
1395120208|31.313
1395120230|31.313
1395120252|31.25
1395120275|31.25
1395120297|31.25
1395120320|31.25
1395120342|31.188
1395120365|31.188
1395120387|31.188
1395120410|31.188
1395120432|31.188
1395120455|31.188
1395120477|31.188
1395120500|31.125
1395120522|31.188
1395120545|31.125
1395120567|31.125
1395120589|31.125
1395120612|31.125
1395120634|31.125
1395120657|31.125
1395120679|31.125
1395120702|31.125
1395120724|31.125
1395120747|31.125
1395120769|31.063
1395120792|31.125
1395120814|31.125
1395120837|31.063
1395120859|31.063
1395120882|31.063
1395120904|31.063
1395120926|31.063
1395120949|31.063
1395120971|31.063
1395120994|31.0
1395121016|31.063
1395121039|31.0
1395121061|31.0
1395121084|31.0
1395121106|31.0
1395121129|31.0
1395121151|31.0
1395121174|31.063
1395121196|31.0
1395121219|31.063
1395121241|31.0
1395121263|31.063
1395121286|31.0
1395121308|31.0
1395121331|31.0
1395121353|30.938
1395121376|30.938
1395121398|30.938
1395121421|30.938
1395121443|30.938
1395121466|30.938
1395121488|30.875
1395121511|30.875
1395121533|30.875
1395121556|30.875
1395121578|30.875
1395121600|30.875
1395121623|30.875
1395121645|30.875
1395121668|30.875
1395121690|30.813
1395121713|30.813
1395121735|30.813
1395121758|30.813
1395121780|30.813
1395121803|30.75
1395121825|30.813
1395121848|30.813
1395121870|30.813
1395121893|30.813
1395121915|30.813
1395121938|30.813
1395121960|30.813
1395121983|30.813
1395122005|30.813
1395122027|30.813
1395122050|30.813
1395122072|30.813
1395122095|30.813
1395122117|30.813
1395122140|30.813
1395122162|30.813
1395122185|30.813
1395122207|30.813
1395122230|30.813
1395122252|30.75
1395122275|30.75
1395122297|30.813
1395122320|30.75
1395122342|30.813
1395122364|30.75
1395122387|30.75
1395122409|30.75
1395122432|30.75
1395122454|30.75
1395122477|30.75
1395122499|30.75
1395122522|30.75
1395122544|30.75
1395122567|30.75
1395122589|30.75
1395122612|30.688
1395122634|30.688
1395122657|30.688
1395122679|30.688
1395122701|30.688
1395122724|30.688
1395122746|30.688
1395122769|30.688
1395122791|30.688
1395122814|30.688
1395122836|30.625
1395122859|30.688
1395122881|30.625
1395122904|30.625
1395122926|30.688
1395122949|30.625
1395122971|30.625
1395122994|30.625
1395123016|30.625
1395123038|30.625
1395123061|30.625
1395123083|30.625
1395123106|30.563
1395123128|30.563
1395123151|30.563
1395123173|30.5
1395123196|30.563
1395123218|30.5
1395123241|30.5
1395123263|30.5
1395123286|30.5
1395123308|30.5
1395123331|30.5
1395123353|30.5
1395123376|30.5
1395123398|30.438
1395123421|30.438
1395123443|30.438
1395123465|30.438
1395123488|30.438
1395123510|30.438
1395123533|30.438
1395123555|30.438
1395123578|30.438
1395123600|30.438
1395123623|30.438
1395123645|30.375
1395123668|30.438
1395123690|30.438
1395123713|30.438
1395123735|30.438
1395123758|30.438
1395123780|30.438
1395123802|30.438
1395123825|30.438
1395123847|30.375
1395123870|30.438
1395123892|30.375
1395123915|30.375
1395123937|30.438
1395123960|30.375
1395123982|30.438
1395124005|30.375
1395124027|30.375
1395124050|30.375
1395124072|30.375
1395124095|30.375
1395124117|30.375
1395124139|30.375
1395124162|30.375
1395124184|30.375
1395124207|30.375
1395124229|30.313
1395124252|30.313
1395124274|30.313
1395124297|30.313
1395124319|30.313
1395124342|30.313
1395124364|30.313
1395124387|30.313
1395124409|30.313
1395124432|30.313
1395124454|30.313
1395124477|30.313
1395124499|30.25
1395124521|30.313
1395124544|30.25
1395124566|30.25
1395124589|30.25
1395124611|30.25
1395124634|30.25
1395124656|30.25
1395124679|30.25
1395124701|30.25
1395124724|30.25
1395124746|30.188
1395124769|30.188
1395124791|30.188
1395124814|30.188
1395124836|30.188
1395124858|30.188
1395124881|30.188
1395124903|30.188
1395124926|30.188
1395124948|30.188
1395124971|30.188
1395124993|30.188
1395125016|30.188
1395125038|30.188
1395125061|30.188
1395125083|30.188
1395125106|30.125
1395125128|30.188
1395125151|30.188
1395125173|30.188
1395125195|30.188
1395125218|30.125
1395125240|30.188
1395125263|30.188
1395125285|30.125
1395125308|30.125
1395125330|30.125
1395125353|30.125
1395125375|30.125
1395125398|30.125
1395125420|30.125
1395125443|30.125
1395125465|30.125
1395125488|30.063
1395125510|30.063
1395125532|30.063
1395125555|30.063
1395125577|30.063
1395125600|30.063
1395125622|30.063
1395125645|30.0
1395125667|30.0
1395125690|30.0
1395125712|30.0
1395125735|30.0
1395125757|29.938
1395125780|30.0
1395125802|30.0
1395125825|30.0
1395125847|30.0
1395125869|29.938
1395125892|29.938
1395125914|29.938
1395125937|30.0
1395125959|29.938
1395125982|29.938
1395126004|29.938
1395126027|29.938
1395126049|29.938
1395126072|29.938
1395126094|29.938
1395126117|29.938
1395126139|29.938
1395126162|29.875
1395126184|29.875
1395126206|29.875
1395126229|29.875
1395126251|29.875
1395126274|29.875
1395126296|29.813
1395126319|29.813
1395126341|29.813
1395126364|29.875
1395126386|29.875
1395126409|29.875
1395126431|29.875
1395126454|29.875
1395126476|29.875
1395126499|29.875
1395126521|29.875
1395126544|29.875
1395126566|29.875
1395126589|29.813
1395126611|29.813
1395126633|29.813
1395126656|29.875
1395126678|29.813
1395126701|29.813
1395126723|29.813
1395126746|29.75
1395126768|29.813
1395126791|29.75
1395126813|29.75
1395126836|29.813
1395126858|29.813
1395126881|29.813
1395126903|29.813
1395126926|29.75
1395126948|29.75
1395126970|29.813
1395126993|29.75
1395127015|29.813
1395127038|29.813
1395127060|29.75
1395127083|29.813
1395127105|29.813
1395127128|29.75
1395127150|29.75
1395127173|29.75
1395127195|29.75
1395127218|29.75
1395127240|29.688
1395127263|29.75
1395127285|29.688
1395127307|29.688
1395127330|29.75
1395127352|29.688
1395127375|29.688
1395127397|29.688
1395127420|29.688
1395127442|29.688
1395127465|29.688
1395127487|29.688
1395127510|29.688
1395127532|29.688
1395127555|29.688
1395127577|29.688
1395127600|29.625
1395127622|29.625
1395127645|29.625
1395127667|29.688
1395127690|29.625
1395127712|29.625
1395127734|29.625
1395127757|29.625
1395127779|29.625
1395127802|29.625
1395127824|29.625
1395127847|29.625
1395127869|29.625
1395127892|29.563
1395127914|29.563
1395127937|29.563
1395127959|29.563
1395127982|29.563
1395128004|29.563
1395128027|29.563
1395128049|29.563
1395128071|29.563
1395128094|29.5
1395128116|29.5
1395128139|29.5
1395128161|29.5
1395128184|29.438
1395128206|29.438
1395128229|29.563
1395128251|29.563
1395128274|29.563
1395128296|29.563
1395128319|29.563
1395128341|29.563
1395128364|29.5
1395128386|29.563
1395128408|29.563
1395128431|29.563
1395128453|29.563
1395128476|29.5
1395128498|29.5
1395128521|29.5
1395128543|29.5
1395128566|29.438
1395128588|29.438
1395128611|29.438
1395128633|29.438
1395128656|29.5
1395128678|29.438
1395128701|29.438
1395128723|29.375
1395128746|29.438
1395128768|29.438
1395128790|29.375
1395128813|29.375
1395128835|29.438
1395128858|29.438
1395128880|29.438
1395128903|29.5
1395128925|29.438
1395128948|29.5
1395128970|29.5
1395128993|29.5
1395129015|29.5
1395129038|29.438
1395129060|29.375
1395129083|29.438
1395129105|29.438
1395129127|29.375
1395129150|29.375
1395129172|29.313
1395129195|29.313
1395129217|29.313
1395129240|29.313
1395129262|29.313
1395129285|29.25
1395129307|29.25
1395129330|29.188
1395129352|29.25
1395129375|29.313
1395129397|29.313
1395129420|29.313
1395129442|29.313
1395129464|29.25
1395129487|29.25
1395129509|29.25
1395129532|29.25
1395129554|29.313
1395129577|29.313
1395129599|29.313
1395129622|29.313
1395129644|29.25
1395129667|29.188
1395129689|29.25
1395129712|29.25
1395129734|29.188
1395129757|29.188
1395129779|29.188
1395129801|29.125
1395129824|29.125
1395129847|29.063
1395129869|29.063
1395129891|29.063
1395129914|29.063
1395129936|29.063
1395129959|29.063
1395129981|29.063
1395130004|29.0
1395130026|29.0
1395130049|29.0
1395130071|29.0
1395130094|29.0
1395130116|29.0
1395130139|29.063
1395130161|29.063
1395130184|29.063
1395130206|29.063
1395130228|29.0
1395130251|29.0
1395130273|29.0
1395130296|29.0
1395130318|29.0
1395130341|29.0
1395130363|29.0
1395130386|29.0
1395130408|29.0
1395130431|29.063
1395130453|29.0
1395130476|29.0
1395130498|29.0
1395130521|29.0
1395130543|29.0
1395130565|29.0
1395130588|29.0
1395130610|29.0
1395130633|29.0
1395130655|29.0
1395130678|29.0
1395130700|28.938
1395130723|28.938
1395130745|29.0
1395130768|28.938
1395130790|29.0
1395130813|28.938
1395130835|28.875
1395130858|28.813
1395130880|28.875
1395130902|28.875
1395130925|28.813
1395130947|28.813
1395130970|28.875
1395130992|28.938
1395131015|28.938
1395131037|28.875
1395131060|28.875
1395131082|28.938
1395131105|28.875
1395131127|28.813
1395131150|28.875
1395131172|28.875
1395131195|28.938
1395131217|28.938
1395131240|28.938
1395131262|28.938
1395131285|28.938
1395131307|28.938
1395131329|28.938
1395131352|28.813
1395131374|28.813
1395131397|28.875
1395131419|28.875
1395131442|28.875
1395131464|28.813
1395131487|28.75
1395131509|28.813
1395131532|28.875
1395131554|28.813
1395131577|28.875
1395131599|28.875
1395131621|28.813
1395131644|28.813
1395131666|28.875
1395131689|28.875
1395131711|28.813
1395131734|28.813
1395131756|28.75
1395131779|28.75
1395131801|28.75
1395131824|28.688
1395131846|28.75
1395131869|28.688
1395131891|28.688
1395131914|28.688
1395131936|28.688
1395131959|28.625
1395131981|28.563
1395132003|28.563
1395132026|28.563
1395132048|28.563
1395132071|28.625
1395132093|28.75
1395132116|28.75
1395132138|28.813
1395132161|28.75
1395132183|28.688
1395132206|28.75
1395132228|28.75
1395132251|28.813
1395132273|28.813
1395132296|28.813
1395132318|28.75
1395132340|28.688
1395132363|28.625
1395132385|28.625
1395132408|28.625
1395132430|28.625
1395132453|28.563
1395132475|28.563
1395132498|28.563
1395132520|28.625
1395132543|28.563
1395132565|28.5
1395132588|28.5
1395132610|28.5
1395132633|28.5
1395132655|28.5
1395132677|28.438
1395132700|28.5
1395132722|28.438
1395132745|28.438
1395132767|28.438
1395132790|28.375
1395132812|28.375
1395132835|28.313
1395132857|28.375
1395132880|28.375
1395132902|28.313
1395132925|28.375
1395132947|28.375
1395132970|28.375
1395132992|28.375
1395133015|28.313
1395133037|28.313
1395133059|28.313
1395133082|28.313
1395133104|28.313
1395133127|28.25
1395133149|28.375
1395133172|28.375
1395133194|28.375
1395133217|28.375
1395133239|28.375
1395133262|28.375
1395133284|28.375
1395133307|28.313
1395133329|28.25
1395133352|28.25
1395133374|28.25
1395133396|28.313
1395133419|28.375
1395133441|28.313
1395133464|28.313
1395133486|28.313
1395133509|28.438
1395133531|28.5
1395133554|28.5
1395133576|28.438
1395133599|28.563
1395133621|28.563
1395133644|28.625
1395133666|28.625
1395133689|28.688
1395133711|28.688
1395133733|28.688
1395133756|28.688
1395133778|28.625
1395133801|28.625
1395133823|28.625
1395133846|28.625
1395133868|28.625
1395133891|28.688
1395133913|28.75
1395133936|28.75
1395133958|28.688
1395133981|28.625
1395134003|28.688
1395134026|28.688
1395134048|28.75
1395134071|28.688
1395134093|28.688
1395134115|28.625
1395134138|28.688
1395134160|28.75
1395134183|28.813
1395134205|28.875
1395134228|28.813
1395134250|28.813
1395134273|28.875
1395134295|28.875
1395134318|28.938
1395134340|28.938
1395134363|28.875
1395134385|28.875
1395134408|28.938
1395134430|28.938
1395134453|28.875
1395134475|28.875
1395134497|28.875
1395134520|28.875
1395134542|28.938
1395134565|28.938
1395134587|28.875
1395134610|28.875
1395134632|28.875
1395134655|28.813
1395134677|28.813
1395134700|28.75
1395134722|28.688
1395134745|28.625
1395134767|28.688
1395134790|28.688
1395134812|28.688
1395134834|28.625
1395134857|28.625
1395134879|28.688
1395134902|28.75
1395134924|28.75
1395134947|28.75
1395134969|28.688
1395134992|28.688
1395135014|28.688
1395135037|28.688
1395135059|28.625
1395135082|28.625
1395135104|28.5
1395135127|28.563
1395135149|28.563
1395135171|28.563
1395135194|28.563
1395135216|28.563
1395135239|28.563
1395135261|28.5
1395135284|28.5
1395135306|28.5
1395135329|28.5
1395135351|28.625
1395135374|28.688
1395135396|28.75
1395135419|28.75
1395135441|28.688
1395135464|28.75
1395135486|28.813
1395135509|28.813
1395135531|28.875
1395135553|28.813
1395135576|28.875
1395135598|28.813
1395135621|28.813
1395135643|28.875
1395135666|28.875
1395135688|28.875
1395135711|28.875
1395135733|28.875
1395135756|28.875
1395135778|28.875
1395135801|28.813
1395135823|28.75
1395135846|28.75
1395135868|28.75
1395135891|28.75
1395135913|28.625
1395135935|28.625
1395135958|28.563
1395135980|28.563
1395136003|28.563
1395136025|28.5
1395136048|28.5
1395136070|28.5
1395136093|28.5
1395136115|28.438
1395136138|28.438
1395136160|28.375
1395136183|28.375
1395136205|28.5
1395136228|28.563
1395136250|28.625
1395136272|28.625
1395136295|28.625
1395136317|28.625
1395136340|28.625
1395136362|28.625
1395136385|28.625
1395136407|28.625
1395136430|28.625
1395136452|28.563
1395136475|28.438
1395136497|28.5
1395136520|28.5
1395136542|28.5
1395136565|28.438
1395136587|28.438
1395136609|28.5
1395136632|28.5
1395136654|28.438
1395136677|28.438
1395136699|28.438
1395136722|28.438
1395136744|28.375
1395136767|28.375
1395136789|28.438
1395136812|28.438
1395136834|28.375
1395136857|28.313
1395136879|28.313
1395136902|28.313
1395136924|28.25
1395136947|28.313
1395136969|28.375
1395136991|28.375
1395137014|28.5
1395137036|28.5
1395137059|28.563
1395137081|28.563
1395137104|28.563
1395137126|28.563
1395137149|28.563
1395137171|28.563
1395137194|28.563
1395137216|28.5
1395137239|28.5
1395137261|28.438
1395137284|28.5
1395137306|28.438
1395137329|28.438
1395137351|28.438
1395137373|28.438
1395137396|28.5
1395137418|28.5
1395137441|28.5
1395137463|28.5
1395137486|28.563
1395137508|28.563
1395137531|28.625
1395137553|28.563
1395137576|28.563
1395137598|28.625
1395137621|28.625
1395137643|28.563
1395137666|28.688
1395137688|28.625
1395137711|28.625
1395137733|28.563
1395137755|28.625
1395137778|28.625
1395137800|28.625
1395137823|28.625
1395137845|28.688
1395137868|28.75
1395137890|28.813
1395137913|28.75
1395137935|28.75
1395137958|28.688
1395137980|28.75
1395138003|28.688
1395138025|28.688
1395138048|28.688
1395138070|28.75
1395138092|28.75
1395138115|28.688
1395138137|28.688
1395138160|28.688
1395138182|28.625
1395138205|28.563
1395138227|28.563
1395138250|28.688
1395138272|28.625
1395138295|28.688
1395138317|28.625
1395138340|28.563
1395138362|28.563
1395138385|28.5
1395138407|28.625
1395138430|28.688
1395138452|28.625
1395138475|28.563
1395138497|28.563
1395138519|28.563
1395138542|28.5
1395138564|28.5
1395138587|28.563
1395138609|28.563
1395138632|28.688
1395138654|28.688
1395138677|28.625
1395138699|28.625
1395138722|28.625
1395138744|28.688
1395138767|28.625
1395138789|28.625
1395138812|28.563
1395138834|28.563
1395138856|28.563
1395138879|28.563
1395138901|28.5
1395138924|28.438
1395138946|28.5
1395138969|28.438
1395138991|28.438
1395139014|28.375
1395139036|28.375
1395139059|28.375
1395139081|28.438
1395139104|28.375
1395139126|28.375
1395139149|28.313
1395139171|28.313
1395139193|28.313
1395139216|28.375
1395139238|28.438
1395139261|28.375
1395139283|28.438
1395139306|28.5
1395139328|28.5
1395139351|28.5
1395139373|28.5
1395139396|28.438
1395139418|28.438
1395139441|28.375
1395139463|28.375
1395139486|28.438
1395139508|28.375
1395139530|28.438
1395139553|28.375
1395139575|28.375
1395139598|28.438
1395139620|28.375
1395139643|28.375
1395139665|28.313
1395139688|28.375
1395139710|28.375
1395139733|28.5
1395139755|28.5
1395139778|28.5
1395139800|28.5
1395139823|28.563
1395139845|28.5
1395139867|28.5
1395139890|28.563
1395139912|28.5
1395139935|28.438
1395139957|28.5
1395139980|28.5
1395140002|28.5
1395140025|28.563
1395140047|28.625
1395140070|28.625
1395140092|28.625
1395140115|28.563
1395140137|28.625
1395140160|28.563
1395140182|28.5
1395140204|28.438
1395140227|28.5
1395140249|28.5
1395140272|28.563
1395140294|28.563
1395140317|28.563
1395140339|28.563
1395140362|28.5
1395140384|28.438
1395140407|28.5
1395140429|28.5
1395140452|28.438
1395140474|28.5
1395140497|28.563
1395140519|28.563
1395140542|28.625
1395140564|28.625
1395140586|28.5
1395140609|28.438
1395140631|28.375
1395140654|28.313
1395140676|28.438
1395140699|28.438
1395140721|28.438
1395140744|28.438
1395140766|28.375
1395140789|28.438
1395140811|28.375
1395140834|28.375
1395140856|28.375
1395140879|28.313
1395140901|28.25
1395140923|28.188
1395140946|28.25
1395140968|28.188
1395140991|28.125
1395141013|28.125
1395141036|28.125
1395141058|28.125
1395141081|28.063
1395141103|28.188
1395141126|28.188
1395141148|28.188
1395141171|28.125
1395141193|28.188
1395141216|28.125
1395141238|28.063
1395141260|28.125
1395141283|28.125
1395141305|28.125
1395141328|28.125
1395141350|28.063
1395141373|28.0
1395141395|27.938
1395141418|28.0
1395141440|27.938
1395141463|27.938
1395141485|27.875
1395141508|27.875
1395141530|27.813
1395141553|27.875
1395141575|27.875
1395141598|27.938
1395141620|27.938
1395141642|27.875
1395141665|27.938
1395141687|27.938
1395141710|27.875
1395141732|27.875
1395141755|27.875
1395141777|28.063
1395141800|28.063
1395141822|28.063
1395141845|28.063
1395141867|28.063
1395141890|28.063
1395141912|28.0
1395141935|27.938
1395141957|27.875
1395141980|27.813
1395142002|27.875
1395142024|27.875
1395142047|27.938
1395142069|27.938
1395142092|28.0
1395142114|28.0
1395142137|28.0
1395142159|28.0
1395142182|28.188
1395142204|28.125
1395142227|28.188
1395142249|28.125
1395142272|28.125
1395142294|28.125
1395142317|28.125
1395142339|28.063
1395142361|28.125
1395142384|28.125
1395142406|28.188
1395142429|28.125
1395142451|28.125
1395142474|28.125
1395142496|28.125
1395142519|28.188
1395142541|28.125
1395142564|28.188
1395142586|28.188
1395142609|28.188
1395142631|28.188
1395142654|28.188
1395142676|28.125
1395142698|28.063
1395142721|28.063
1395142743|28.063
1395142766|28.063
1395142788|28.0
1395142811|28.0
1395142833|27.938
1395142856|27.875
1395142878|27.875
1395142901|27.813
1395142923|27.875
1395142946|27.813
1395142968|27.813
1395142991|27.813
1395143013|27.875
1395143035|27.875
1395143058|27.813
1395143080|27.75
1395143103|27.75
1395143125|27.625
1395143148|27.563
1395143170|27.563
1395143193|27.563
1395143215|27.5
1395143238|27.5
1395143260|27.5
1395143283|27.375
1395143305|27.438
1395143328|27.313
1395143350|27.188
1395143373|27.25
1395143395|27.188
1395143418|27.188
1395143440|27.188
1395143462|27.125
1395143485|27.063
1395143507|27.063
1395143530|27.0
1395143552|27.0
1395143575|27.063
1395143597|27.0
1395143620|26.938
1395143642|26.875
1395143665|26.813
1395143687|26.688
1395143710|26.625
1395143732|26.563
1395143755|26.5
1395143777|26.438
1395143799|26.375
1395143822|26.313
1395143844|26.313
1395143867|26.25
1395143889|26.188
1395143912|26.188
1395143934|26.125
1395143957|26.188
1395143979|26.188
1395144002|26.188
1395144024|26.188
1395144047|26.125
1395144069|26.125
1395144092|26.125
1395144114|26.063
1395144136|26.063
1395144159|26.063
1395144181|26.0
1395144204|26.0
1395144226|26.0
1395144249|26.0
1395144271|26.0
1395144294|26.0
1395144316|26.0
1395144339|26.0
1395144361|25.938
1395144384|26.0
1395144406|26.0
1395144429|26.0
1395144451|26.0
1395144474|26.063
1395144496|26.063
1395144518|26.063
1395144541|26.063
1395144563|26.0
1395144586|26.0
1395144608|25.938
1395144631|25.938
1395144653|25.938
1395144676|25.938
1395144698|26.0
1395144721|25.938
1395144743|25.938
1395144766|25.938
1395144788|25.938
1395144811|26.0
1395144833|26.0
1395144855|26.0
1395144878|26.0
1395144900|26.0
1395144923|26.0
1395144945|26.0
1395144968|26.0
1395144990|26.063
1395145013|26.0
1395145035|26.0
1395145058|26.0
1395145080|26.0
1395145103|26.063
1395145125|26.063
1395145148|26.125
1395145170|26.125
1395145192|26.063
1395145215|26.125
1395145237|26.125
1395145260|26.125
1395145282|26.125
1395145305|26.125
1395145327|26.188
1395145350|26.125
1395145372|26.188
1395145395|26.188
1395145417|26.188
1395145440|26.188
1395145462|26.188
1395145485|26.188
1395145507|26.188
1395145529|26.25
1395145552|26.25
1395145574|26.25
1395145597|26.25
1395145619|26.313
1395145642|26.313
1395145664|26.188
1395145687|26.25
1395145709|26.25
1395145732|26.188
1395145754|26.188
1395145777|26.25
1395145799|26.188
1395145822|26.188
1395145844|26.188
1395145866|26.25
1395145889|26.25
1395145911|26.25
1395145934|26.25
1395145956|26.25
1395145979|26.25
1395146001|26.188
1395146024|26.188
1395146046|26.188
1395146069|26.188
1395146091|26.188
1395146114|26.188
1395146136|26.188
1395146159|26.188
1395146181|26.188
1395146204|26.188
1395146226|26.188
1395146249|26.125
1395146271|26.125
1395146293|26.125
1395146316|26.063
1395146338|26.063
1395146361|26.063
1395146383|26.063
1395146406|26.063
1395146428|26.0
1395146451|26.0
1395146473|26.0
1395146496|25.938
1395146518|26.0
1395146541|25.938
1395146563|26.0
1395146586|26.0
1395146608|26.0
1395146630|25.938
1395146653|25.938
1395146675|25.938
1395146698|25.938
1395146720|25.875
1395146743|25.875
1395146765|25.875
1395146788|25.813
1395146810|25.813
1395146833|25.813
1395146855|25.75
1395146878|25.75
1395146900|25.75
1395146923|25.813
1395146945|25.75
1395146967|25.75
1395146990|25.75
1395147012|25.688
1395147035|25.688
1395147057|25.688
1395147080|25.688
1395147102|25.688
1395147125|25.688
1395147147|25.688
1395147170|25.688
1395147192|25.688
1395147215|25.688
1395147237|25.688
1395147260|25.75
1395147282|25.75
1395147304|25.813
1395147327|25.75
1395147349|25.688
1395147372|25.688
1395147394|25.688
1395147417|25.625
1395147439|25.625
1395147462|25.625
1395147484|25.688
1395147507|25.625
1395147529|25.625
1395147552|25.688
1395147574|25.688
1395147597|25.688
1395147619|25.688
1395147642|25.688
1395147664|25.625
1395147686|25.625
1395147709|25.625
1395147731|25.563
1395147754|25.563
1395147776|25.563
1395147799|25.563
1395147821|25.625
1395147844|25.625
1395147866|25.625
1395147889|25.625
1395147911|25.625
1395147934|25.625
1395147956|25.563
1395147979|25.563
1395148001|25.5
1395148024|25.5
1395148046|25.438
1395148068|25.438
1395148091|25.5
1395148113|25.438
1395148136|25.5
1395148158|25.438
1395148181|25.438
1395148203|25.5
1395148226|25.563
1395148248|25.563
1395148271|25.625
1395148293|25.625
1395148316|25.625
1395148338|25.688
1395148361|25.75
1395148383|25.75
1395148405|25.813
1395148428|25.813
1395148450|25.813
1395148473|25.813
1395148495|25.938
1395148518|26.0
1395148540|26.0
1395148563|25.938
1395148585|26.0
1395148608|26.0
1395148630|26.0
1395148653|26.063
1395148675|26.0
1395148698|25.938
1395148720|26.0
1395148742|25.938
1395148765|25.938
1395148787|25.875
1395148810|25.875
1395148832|25.875
1395148855|25.875
1395148877|25.875
1395148900|25.813
1395148922|25.813
1395148945|25.813
1395148967|25.813
1395148990|25.813
1395149012|25.75
1395149035|25.75
1395149057|25.688
1395149080|25.75
1395149102|25.688
1395149124|25.625
1395149147|25.625
1395149169|25.625
1395149192|25.625
1395149214|25.625
1395149237|25.625
1395149259|25.625
1395149282|25.625
1395149304|25.625
1395149327|25.625
1395149349|25.625
1395149372|25.625
1395149394|25.625
1395149417|25.625
1395149439|25.625
1395149461|25.625
1395149484|25.625
1395149506|25.625
1395149529|25.625
1395149551|25.625
1395149574|25.688
1395149596|25.625
1395149620|25.625
1395149642|25.625
1395149664|25.688
1395149687|25.688
1395149709|25.688
1395149732|25.625
1395149754|25.625
1395149777|25.625
1395149799|25.625
1395149822|25.625
1395149844|25.625
1395149867|25.625
1395149889|25.688
1395149912|25.688
1395149934|25.625
1395149957|25.688
1395149979|25.625
1395150001|25.625
1395150024|25.625
1395150046|25.563
1395150069|25.5
1395150091|25.5
1395150114|25.5
1395150136|25.5
1395150159|25.5
1395150181|25.5
1395150204|25.5
1395150226|25.438
1395150249|25.438
1395150271|25.438
1395150294|25.438
1395150316|25.5
1395150339|25.438
1395150361|25.438
1395150384|25.438
1395150406|25.438
1395150428|25.375
1395150451|25.438
1395150473|25.438
1395150496|25.5
1395150518|25.5
1395150541|25.5
1395150563|25.5
1395150586|25.5
1395150608|25.438
1395150631|25.5
1395150653|25.438
1395150676|25.5
1395150698|25.5
1395150721|25.563
1395150743|25.5
1395150765|25.5
1395150788|25.5
1395150810|25.5
1395150833|25.563
1395150855|25.563
1395150878|25.563
1395150900|25.563
1395150923|25.625
1395150945|25.625
1395150968|25.625
1395150990|25.625
1395151013|25.563
1395151035|25.625
1395151058|25.625
1395151080|25.625
1395151103|25.625
1395151125|25.625
1395151148|25.625
1395151170|25.563
1395151192|25.563
1395151215|25.625
1395151237|25.625
1395151260|25.625
1395151282|25.688
1395151305|25.688
1395151327|25.688
1395151350|25.688
1395151372|25.688
1395151395|25.688
1395151417|25.688
1395151440|25.75
1395151462|25.688
1395151485|25.688
1395151507|25.688
1395151529|25.75
1395151552|25.688
1395151574|25.688
1395151597|25.688
1395151619|25.688
1395151642|25.688
1395151664|25.688
1395151687|25.688
1395151709|25.688
1395151732|25.688
1395151754|25.688
1395151777|25.688
1395151799|25.688
1395151822|25.688
1395151844|25.625
1395151866|25.625
1395151889|25.625
1395151911|25.688
1395151934|25.688
1395151956|25.625
1395151979|25.688
1395152001|25.688
1395152024|25.688
1395152046|25.688
1395152069|25.688
1395152091|25.688
1395152114|25.688
1395152136|25.688
1395152159|25.688
1395152181|25.688
1395152203|25.688
1395152226|25.688
1395152248|25.75
1395152271|25.688
1395152293|25.688
1395152316|25.688
1395152338|25.688
1395152361|25.688
1395152383|25.688
1395152406|25.688
1395152428|25.688
1395152451|25.688
1395152473|25.688
1395152496|25.688
1395152518|25.688
1395152541|25.688
1395152563|25.688
1395152585|25.688
1395152608|25.688
1395152630|25.688
1395152653|25.688
1395152675|25.688
1395152698|25.688
1395152720|25.688
1395152743|25.688
1395152765|25.625
1395152788|25.625
1395152811|25.625
1395152833|25.625
1395152855|25.625
1395152878|25.625
1395152900|25.625
1395152923|25.625
1395152945|25.563
1395152968|25.563
1395152990|25.5
1395153013|25.563
1395153035|25.563
1395153058|25.5
1395153080|25.5
1395153103|25.563
1395153125|25.563
1395153148|25.563
1395153170|25.563
1395153192|25.5
1395153215|25.563
1395153237|25.5
1395153260|25.5
1395153282|25.5
1395153305|25.5
1395153327|25.438
1395153350|25.5
1395153372|25.5
1395153395|25.5
1395153417|25.5
1395153440|25.563
1395153462|25.563
1395153485|25.5
1395153507|25.5
1395153529|25.5
1395153552|25.5
1395153574|25.563
1395153597|25.5
1395153619|25.563
1395153642|25.563
1395153664|25.563
1395153687|25.563
1395153709|25.563
1395153732|25.563
1395153754|25.563
1395153777|25.563
1395153799|25.563
1395153822|25.563
1395153844|25.563
1395153866|25.563
1395153889|25.563
1395153911|25.563
1395153934|25.563
1395153956|25.563
1395153979|25.563
1395154001|25.563
1395154024|25.563
1395154046|25.563
1395154069|25.625
1395154091|25.625
1395154114|25.563
1395154136|25.625
1395154159|25.563
1395154181|25.563
1395154204|25.563
1395154226|25.563
1395154248|25.563
1395154271|25.563
1395154293|25.563
1395154316|25.563
1395154338|25.563
1395154361|25.563
1395154383|25.563
1395154406|25.563
1395154428|25.563
1395154451|25.563
1395154473|25.563
1395154496|25.563
1395154518|25.563
1395154541|25.563
1395154563|25.563
1395154585|25.563
1395154608|25.563
1395154630|25.563
1395154653|25.625
1395154675|25.625
1395154698|25.625
1395154720|25.625
1395154743|25.625
1395154765|25.625
1395154788|25.625
1395154810|25.625
1395154833|25.625
1395154855|25.625
1395154878|25.688
1395154900|25.625
1395154922|25.688
1395154945|25.688
1395154967|25.688
1395154990|25.688
1395155012|25.688
1395155035|25.688
1395155057|25.688
1395155080|25.688
1395155102|25.688
1395155125|25.75
1395155147|25.75
1395155170|25.75
1395155192|25.75
1395155215|25.75
1395155237|25.75
1395155259|25.688
1395155282|25.688
1395155304|25.688
1395155327|25.75
1395155349|25.688
1395155372|25.75
1395155394|25.75
1395155417|25.75
1395155439|25.75
1395155462|25.75
1395155484|25.688
1395155507|25.688
1395155529|25.688
1395155552|25.688
1395155574|25.75
1395155596|25.75
1395155619|25.688
1395155641|25.688
1395155664|25.688
1395155686|25.75
1395155709|25.688
1395155731|25.688
1395155754|25.75
1395155776|25.688
1395155799|25.75
1395155821|25.688
1395155844|25.688
1395155866|25.688
1395155889|25.75
1395155911|25.688
1395155933|25.688
1395155956|25.688
1395155978|25.75
1395156001|25.75
1395156023|25.688
1395156046|25.688
1395156068|25.688
1395156091|25.75
1395156113|25.75
1395156136|25.75
1395156158|25.75
1395156181|25.75
1395156203|25.75
1395156226|25.75
1395156248|25.75
1395156271|25.75
1395156293|25.75
1395156316|25.75
1395156338|25.75
1395156360|25.75
1395156383|25.75
1395156405|25.75
1395156428|25.75
1395156450|25.75
1395156473|25.813
1395156495|25.75
1395156518|25.75
1395156540|25.75
1395156563|25.75
1395156585|25.75
1395156608|25.75
1395156630|25.813
1395156653|25.813
1395156675|25.813
1395156697|25.75
1395156720|25.75
1395156742|25.75
1395156765|25.813
1395156787|25.813
1395156810|25.75
1395156832|25.813
1395156855|25.813
1395156877|25.813
1395156900|25.813
1395156922|25.813
1395156945|25.75
1395156967|25.813
1395156990|25.813
1395157012|25.813
1395157034|25.813
1395157057|25.813
1395157079|25.813
1395157102|25.813
1395157124|25.813
1395157147|25.813
1395157169|25.813
1395157192|25.813
1395157214|25.813
1395157237|25.813
1395157259|25.813
1395157282|25.813
1395157304|25.813
1395157327|25.75
1395157349|25.75
1395157371|25.75
1395157394|25.813
1395157416|25.813
1395157439|25.75
1395157461|25.813
1395157484|25.813
1395157506|25.813
1395157529|25.813
1395157551|25.813
1395157574|25.813
1395157596|25.813
1395157619|25.813
1395157641|25.813
1395157664|25.813
1395157686|25.813
1395157708|25.813
1395157731|25.813
1395157753|25.813
1395157776|25.875
1395157798|25.875
1395157821|25.875
1395157843|25.875
1395157866|25.875
1395157888|25.875
1395157911|25.875
1395157933|25.875
1395157956|25.875
1395157978|25.875
1395158001|25.875
1395158023|25.875
1395158046|25.875
1395158068|25.875
1395158090|25.875
1395158113|25.875
1395158135|25.875
1395158158|25.875
1395158180|25.938
1395158203|25.938
1395158225|25.938
1395158248|25.938
1395158270|25.938
1395158293|26.0
1395158315|25.938
1395158338|25.938
1395158360|25.938
1395158383|26.0
1395158405|26.0
1395158428|26.0
1395158450|26.0
1395158472|26.0
1395158495|26.0
1395158517|26.0
1395158540|26.0
1395158562|26.0
1395158585|26.0
1395158607|26.0
1395158630|26.0
1395158652|26.0
1395158675|26.0
1395158697|26.063
1395158720|26.0
1395158742|26.063
1395158765|26.063
1395158787|26.063
1395158809|26.063
1395158832|26.063
1395158854|26.063
1395158877|26.063
1395158899|26.063
1395158922|26.063
1395158944|26.063
1395158967|26.125
1395158989|26.063
1395159012|26.125
1395159034|26.125
1395159057|26.125
1395159079|26.063
1395159102|26.063
1395159124|26.125
1395159146|26.125
1395159169|26.125
1395159191|26.125
1395159214|26.125
1395159236|26.125
1395159259|26.125
1395159281|26.125
1395159304|26.125
1395159326|26.125
1395159349|26.125
1395159371|26.125
1395159394|26.188
1395159416|26.125
1395159439|26.125
1395159461|26.125
1395159483|26.125
1395159506|26.188
1395159528|26.188
1395159551|26.188
1395159573|26.188
1395159596|26.188
1395159618|26.188
1395159641|26.188
1395159663|26.25
1395159686|26.188
1395159708|26.188
1395159731|26.188
1395159753|26.25
1395159776|26.25
1395159798|26.188
1395159821|26.25
1395159843|26.25
1395159865|26.25
1395159888|26.25
1395159910|26.25
1395159933|26.25
1395159955|26.25
1395159978|26.25
1395160000|26.25
1395160023|26.25
1395160045|26.25
1395160068|26.313
1395160090|26.313
1395160113|26.313
1395160135|26.313
1395160158|26.313
1395160180|26.313
1395160202|26.313
1395160225|26.313
1395160247|26.313
1395160270|26.313
1395160292|26.313
1395160315|26.313
1395160337|26.313
1395160360|26.375
1395160382|26.375
1395160405|26.313
1395160427|26.375
1395160450|26.375
1395160472|26.375
1395160495|26.438
1395160517|26.375
1395160539|26.375
1395160562|26.375
1395160584|26.375
1395160607|26.375
1395160629|26.438
1395160652|26.438
1395160674|26.438
1395160697|26.438
1395160719|26.438
1395160742|26.438
1395160764|26.438
1395160787|26.438
1395160809|26.438
1395160832|26.438
1395160854|26.438
1395160876|26.5
1395160899|26.438
1395160921|26.5
1395160944|26.5
1395160966|26.5
1395160989|26.5
1395161011|26.5
1395161034|26.5
1395161056|26.5
1395161079|26.5
1395161101|26.5
1395161124|26.5
1395161146|26.5
1395161169|26.5
1395161191|26.5
1395161213|26.5
1395161236|26.563
1395161258|26.563
1395161281|26.563
1395161303|26.563
1395161326|26.563
1395161348|26.563
1395161371|26.625
1395161393|26.625
1395161416|26.625
1395161438|26.625
1395161461|26.688
1395161483|26.688
1395161506|26.688
1395161528|26.688
1395161551|26.688
1395161573|26.688
1395161596|26.688
1395161618|26.688
1395161640|26.688
1395161663|26.688
1395161685|26.625
1395161708|26.688
1395161730|26.688
1395161753|26.688
1395161775|26.688
1395161798|26.688
1395161820|26.688
1395161843|26.688
1395161865|26.688
1395161888|26.688
1395161910|26.688
1395161933|26.688
1395161955|26.75
1395161977|26.75
1395162000|26.75
1395162022|26.688
1395162045|26.75
1395162067|26.75
1395162090|26.75
1395162112|26.75
1395162135|26.75
1395162157|26.75
1395162180|26.75
1395162202|26.75
1395162225|26.75
1395162247|26.75
1395162270|26.75
1395162292|26.75
1395162314|26.75
1395162337|26.75
1395162359|26.75
1395162382|26.75
1395162404|26.813
1395162427|26.75
1395162449|26.75
1395162472|26.813
1395162494|26.75
1395162517|26.75
1395162539|26.75
1395162562|26.75
1395162584|26.75
1395162607|26.75
1395162629|26.75
1395162651|26.75
1395162674|26.75
1395162696|26.75
1395162719|26.75
1395162741|26.75
1395162764|26.75
1395162786|26.75
1395162809|26.75
1395162831|26.75
1395162854|26.75
1395162876|26.75
1395162899|26.75
1395162921|26.75
1395162944|26.813
1395162966|26.813
1395162989|26.813
1395163011|26.813
1395163033|26.813
1395163056|26.813
1395163078|26.813
1395163101|26.75
1395163123|26.813
1395163146|26.75
1395163168|26.75
1395163191|26.813
1395163213|26.75
1395163236|26.813
1395163258|26.813
1395163281|26.813
1395163303|26.813
1395163326|26.813
1395163348|26.813
1395163371|26.813
1395163393|26.813
1395163415|26.875
1395163438|26.875
1395163460|26.875
1395163483|26.875
1395163505|26.875
1395163528|26.813
1395163550|26.813
1395163573|26.875
1395163595|26.875
1395163618|26.875
1395163640|26.875
1395163663|26.875
1395163685|26.875
1395163708|26.875
1395163730|26.875
1395163752|26.813
1395163775|26.875
1395163797|26.813
1395163820|26.813
1395163842|26.875
1395163865|26.875
1395163887|26.875
1395163910|26.875
1395163932|26.875
1395163955|26.875
1395163977|26.875
1395164000|26.875
1395164022|26.875
1395164045|26.875
1395164067|26.875
1395164089|26.875
1395164112|26.875
1395164134|26.875
1395164157|26.875
1395164179|26.875
1395164202|26.875
1395164224|26.938
1395164247|26.875
1395164269|26.938
1395164292|26.938
1395164314|26.938
1395164337|26.938
1395164359|26.938
1395164382|26.938
1395164404|26.938
1395164426|26.938
1395164449|26.938
1395164471|26.938
1395164494|26.938
1395164516|26.938
1395164539|27.0
1395164561|27.0
1395164584|27.0
1395164606|27.0
1395164629|27.0
1395164651|27.0
1395164674|26.938
1395164696|27.0
1395164719|27.0
1395164741|27.0
1395164764|26.938
1395164786|27.0
1395164808|27.0
1395164831|27.0
1395164853|27.0
1395164876|27.0
1395164898|27.0
1395164921|27.0
1395164943|27.0
1395164966|27.0
1395164988|27.0
1395165011|27.0
1395165033|27.063
1395165056|27.063
1395165078|27.0
1395165101|27.063
1395165124|27.063
1395165146|27.063
1395165169|27.063
1395165191|27.063
1395165214|27.063
1395165236|27.063
1395165259|27.063
1395165281|27.063
1395165304|27.125
1395165326|27.063
1395165348|27.063
1395165371|27.125
1395165393|27.063
1395165416|27.063
1395165438|27.125
1395165461|27.063
1395165483|27.125
1395165506|27.125
1395165528|27.125
1395165551|27.125
1395165573|27.125
1395165596|27.125
1395165618|27.125
1395165641|27.125
1395165663|27.125
1395165685|27.125
1395165708|27.125
1395165730|27.125
1395165753|27.125
1395165775|27.125
1395165798|27.125
1395165820|27.125
1395165843|27.125
1395165865|27.125
1395165888|27.125
1395165910|27.125
1395165933|27.125
1395165955|27.125
1395165978|27.188
1395166000|27.188
1395166022|27.125
1395166045|27.188
1395166067|27.188
1395166090|27.188
1395166112|27.188
1395166135|27.188
1395166157|27.188
1395166180|27.188
1395166202|27.188
1395166225|27.188
1395166247|27.125
1395166270|27.188
1395166292|27.125
1395166315|27.125
1395166337|27.188
1395166360|27.188
1395166382|27.188
1395166405|27.188
1395166427|27.188
1395166449|27.188
1395166472|27.188
1395166494|27.25
1395166517|27.25
1395166539|27.25
1395166562|27.25
1395166584|27.25
1395166607|27.188
1395166629|27.188
1395166652|27.188
1395166674|27.188
1395166697|27.188
1395166719|27.188
1395166742|27.25
1395166764|27.25
1395166786|27.25
1395166809|27.25
1395166831|27.25
1395166854|27.25
1395166876|27.25
1395166899|27.25
1395166921|27.25
1395166944|27.25
1395166966|27.25
1395166989|27.313
1395167011|27.25
1395167034|27.25
1395167056|27.25
1395167079|27.25
1395167101|27.25
1395167124|27.25
1395167146|27.25
1395167169|27.313
1395167191|27.313
1395167213|27.313
1395167236|27.313
1395167258|27.313
1395167281|27.313
1395167303|27.313
1395167326|27.375
1395167348|27.313
1395167371|27.375
1395167393|27.313
1395167416|27.313
1395167438|27.25
1395167461|27.25
1395167483|27.25
1395167506|27.313
1395167528|27.313
1395167550|27.25
1395167573|27.25
1395167595|27.25
1395167618|27.25
1395167640|27.25
1395167663|27.25
1395167685|27.25
1395167708|27.313
1395167730|27.313
1395167753|27.25
1395167775|27.313
1395167798|27.313
1395167820|27.313
1395167843|27.313
1395167865|27.313
1395167887|27.313
1395167910|27.313
1395167932|27.313
1395167955|27.313
1395167977|27.313
1395168000|27.313
1395168022|27.313
1395168045|27.375
1395168067|27.375
1395168090|27.375
1395168112|27.313
1395168135|27.313
1395168157|27.375
1395168180|27.375
1395168202|27.375
1395168224|27.313
1395168247|27.375
1395168269|27.375
1395168292|27.375
1395168314|27.375
1395168337|27.375
1395168359|27.375
1395168382|27.375
1395168404|27.375
1395168427|27.375
1395168449|27.375
1395168472|27.375
1395168494|27.375
1395168517|27.375
1395168539|27.375
1395168561|27.375
1395168584|27.313
1395168606|27.313
1395168629|27.375
1395168651|27.375
1395168674|27.375
1395168696|27.375
1395168719|27.438
1395168741|27.438
1395168764|27.375
1395168786|27.438
1395168809|27.438
1395168831|27.438
1395168854|27.5
1395168876|27.5
1395168899|27.5
1395168921|27.5
1395168943|27.5
1395168966|27.5
1395168988|27.5
1395169011|27.5
1395169033|27.563
1395169056|27.563
1395169078|27.563
1395169101|27.563
1395169123|27.625
1395169146|27.563
1395169168|27.625
1395169191|27.625
1395169213|27.563
1395169236|27.625
1395169258|27.625
1395169280|27.563
1395169303|27.563
1395169325|27.563
1395169348|27.563
1395169370|27.625
1395169393|27.625
1395169415|27.625
1395169438|27.625
1395169460|27.625
1395169483|27.625
1395169505|27.625
1395169528|27.688
1395169550|27.688
1395169573|27.688
1395169595|27.688
1395169617|27.625
1395169640|27.625
1395169662|27.625
1395169685|27.688
1395169707|27.625
1395169730|27.625
1395169752|27.625
1395169775|27.688
1395169797|27.625
1395169820|27.688
1395169842|27.688
1395169865|27.688
1395169887|27.688
1395169910|27.688
1395169932|27.688
1395169954|27.75
1395169977|27.75
1395169999|27.75
1395170022|27.75
1395170044|27.75
1395170067|27.75
1395170089|27.75
1395170112|27.75
1395170134|27.75
1395170157|27.75
1395170179|27.75
1395170202|27.75
1395170224|27.75
1395170247|27.75
1395170269|27.75
1395170291|27.75
1395170314|27.813
1395170336|27.813
1395170359|27.813
1395170381|27.813
1395170404|27.813
1395170426|27.813
1395170449|27.813
1395170471|27.813
1395170494|27.813
1395170516|27.813
1395170539|27.813
1395170561|27.813
1395170584|27.813
1395170606|27.813
1395170629|27.813
1395170651|27.875
1395170673|27.875
1395170696|27.813
1395170718|27.875
1395170741|27.875
1395170763|27.875
1395170786|27.875
1395170808|27.875
1395170831|27.875
1395170853|27.875
1395170876|27.875
1395170898|27.875
1395170921|27.813
1395170943|27.875
1395170966|27.875
1395170988|27.875
1395171010|27.938
1395171033|27.938
1395171055|28.0
1395171078|27.938
1395171100|27.938
1395171123|27.938
1395171145|27.938
