1396035344|31.813
1396035367|31.875
1396035389|31.875
1396035412|31.813
1396035434|31.813
1396035457|31.875
1396035479|31.938
1396035502|31.875
1396035524|31.875
1396035547|31.813
1396035569|31.813
1396035591|31.75
1396035614|31.75
1396035636|31.813
1396035659|31.813
1396035681|31.813
1396035704|31.813
1396035726|31.813
1396035749|31.813
1396035771|31.75
1396035794|31.75
1396035816|31.75
1396035839|31.813
1396035861|31.813
1396035884|31.813
1396035906|31.875
1396035929|31.875
1396035951|31.938
1396035974|31.938
1396035996|31.938
1396036018|31.938
1396036041|32.0
1396036063|31.938
1396036086|32.0
1396036108|32.0
1396036131|31.938
1396036153|31.938
1396036176|32.0
1396036198|32.063
1396036221|32.063
1396036243|32.063
1396036266|32.125
1396036288|32.125
1396036311|32.125
1396036333|32.063
1396036355|32.125
1396036378|32.125
1396036400|32.063
1396036423|32.063
1396036445|32.125
1396036468|32.125
1396036490|32.125
1396036513|32.125
1396036535|32.125
1396036558|32.125
1396036580|32.063
1396036603|32.063
1396036625|32.125
1396036648|32.188
1396036670|32.25
1396036692|32.25
1396036715|32.188
1396036737|32.188
1396036760|32.188
1396036782|32.188
1396036805|32.125
1396036827|32.188
1396036850|32.188
1396036872|32.188
1396036895|32.188
1396036917|32.188
1396036940|32.25
1396036962|32.25
1396036985|32.313
1396037007|32.313
1396037029|32.313
1396037052|32.313
1396037074|32.313
1396037097|32.375
1396037119|32.375
1396037142|32.313
1396037164|32.375
1396037187|32.375
1396037209|32.375
1396037232|32.438
1396037254|32.438
1396037277|32.438
1396037299|32.438
1396037322|32.438
1396037344|32.375
1396037367|32.438
1396037389|32.438
1396037411|32.5
1396037434|32.5
1396037456|32.563
1396037479|32.5
1396037501|32.5
1396037524|32.5
1396037546|32.5
1396037569|32.5
1396037591|32.5
1396037614|32.563
1396037636|32.625
1396037659|32.625
1396037681|32.625
1396037704|32.625
1396037726|32.625
1396037748|32.625
1396037771|32.688
1396037793|32.688
1396037816|32.688
1396037838|32.75
1396037861|32.75
1396037883|32.75
1396037906|32.75
1396037928|32.75
1396037951|32.813
1396037973|32.813
1396037996|32.813
1396038018|32.813
1396038041|32.813
1396038063|32.813
1396038086|32.813
1396038108|32.813
1396038130|32.813
1396038153|32.813
1396038175|32.813
1396038198|32.813
1396038220|32.813
1396038243|32.813
1396038265|32.813
1396038288|32.813
1396038310|32.813
1396038333|32.813
1396038355|32.875
1396038378|32.875
1396038400|32.938
1396038423|32.875
1396038445|32.875
1396038468|32.875
1396038490|32.875
1396038512|32.875
1396038535|32.938
1396038557|32.938
1396038580|33.0
1396038602|33.0
1396038625|33.063
1396038647|33.0
1396038670|33.0
1396038692|33.063
1396038715|33.063
1396038737|33.063
1396038760|33.063
1396038782|33.0
1396038805|33.0
1396038827|32.938
1396038849|32.938
1396038872|33.0
1396038894|32.938
1396038917|32.938
1396038939|33.0
1396038962|33.0
1396038984|33.0
1396039007|33.0
1396039029|33.0
1396039052|33.0
1396039074|33.0
1396039097|33.0
1396039119|33.125
1396039142|33.063
1396039164|33.063
1396039187|33.125
1396039209|33.063
1396039232|33.125
1396039254|33.063
1396039276|33.063
1396039299|33.125
1396039321|33.125
1396039344|33.125
1396039366|33.063
1396039389|33.063
1396039411|33.063
1396039434|33.125
1396039456|33.125
1396039479|33.125
1396039501|33.188
1396039524|33.125
1396039546|33.125
1396039569|33.25
1396039591|33.188
1396039613|33.188
1396039636|33.188
1396039658|33.125
1396039681|33.125
1396039703|33.125
1396039726|33.125
1396039748|33.125
1396039771|33.125
1396039793|33.125
1396039816|33.125
1396039838|33.125
1396039861|33.125
1396039883|33.188
1396039906|33.188
1396039928|33.25
1396039950|33.313
1396039973|33.375
1396039995|33.438
1396040018|33.438
1396040040|33.438
1396040063|33.5
1396040085|33.5
1396040108|33.5
1396040130|33.5
1396040153|33.563
1396040175|33.5
1396040198|33.563
1396040220|33.563
1396040243|33.5
1396040265|33.5
1396040287|33.5
1396040310|33.563
1396040332|33.625
1396040355|33.625
1396040377|33.688
1396040400|33.688
1396040422|33.688
1396040445|33.688
1396040467|33.688
1396040490|33.688
1396040512|33.625
1396040535|33.625
1396040557|33.563
1396040580|33.625
1396040602|33.625
1396040624|33.563
1396040647|33.563
1396040669|33.5
1396040692|33.563
1396040714|33.563
1396040737|33.563
1396040759|33.563
1396040782|33.5
1396040804|33.563
1396040827|33.563
1396040849|33.563
1396040872|33.563
1396040894|33.563
1396040917|33.563
1396040939|33.5
1396040962|33.5
1396040984|33.5
1396041006|33.5
1396041029|33.5
1396041051|33.5
1396041074|33.438
1396041096|33.438
1396041119|33.438
1396041141|33.438
1396041164|33.438
1396041186|33.438
1396041209|33.438
1396041231|33.438
1396041254|33.438
1396041276|33.438
1396041299|33.5
1396041321|33.5
1396041343|33.5
1396041366|33.5
1396041388|33.5
1396041411|33.5
1396041433|33.5
1396041456|33.5
1396041478|33.563
1396041501|33.5
1396041523|33.563
1396041546|33.625
1396041568|33.563
1396041591|33.625
1396041613|33.625
1396041636|33.625
1396041658|33.625
1396041680|33.625
1396041703|33.563
1396041725|33.563
1396041748|33.625
1396041770|33.563
1396041793|33.563
1396041815|33.563
1396041838|33.625
1396041860|33.625
1396041883|33.625
1396041905|33.688
1396041928|33.625
1396041950|33.625
1396041973|33.625
1396041995|33.625
1396042017|33.625
1396042040|33.625
1396042062|33.625
1396042085|33.625
1396042107|33.688
1396042130|33.688
1396042152|33.688
1396042175|33.75
1396042197|33.813
1396042220|33.813
1396042242|33.813
1396042265|33.813
1396042287|33.813
1396042310|33.75
1396042332|33.75
1396042355|33.813
1396042377|33.813
1396042399|33.75
1396042422|33.75
1396042444|33.75
1396042467|33.75
1396042489|33.75
1396042512|33.813
1396042534|33.813
1396042557|33.813
1396042579|33.813
1396042602|33.813
1396042624|33.813
1396042647|33.813
1396042669|33.75
1396042692|33.813
1396042714|33.75
1396042737|33.813
1396042759|33.813
1396042781|33.813
1396042804|33.875
1396042826|33.813
1396042849|33.813
1396042871|33.813
1396042894|33.813
1396042916|33.813
1396042939|33.813
1396042961|33.875
1396042984|33.813
1396043006|33.875
1396043029|33.875
1396043051|33.875
1396043074|33.875
1396043096|33.875
1396043118|33.875
1396043141|33.875
1396043163|33.813
1396043186|33.875
1396043208|33.875
1396043231|33.875
1396043253|33.938
1396043276|33.938
1396043298|33.938
1396043321|33.938
1396043343|33.938
1396043366|33.938
1396043388|34.0
1396043411|34.0
1396043433|34.0
1396043455|34.0
1396043478|34.063
1396043500|34.063
1396043523|34.063
1396043545|34.063
1396043568|34.063
1396043590|34.063
1396043613|34.0
1396043635|34.0
1396043658|34.063
1396043680|34.063
1396043703|34.063
1396043725|34.063
1396043748|34.063
1396043770|34.063
1396043793|34.125
1396043815|34.125
1396043837|34.125
1396043860|34.125
1396043882|34.125
1396043905|34.125
1396043927|34.063
1396043950|34.125
1396043972|34.125
1396043995|34.125
1396044017|34.125
1396044040|34.125
1396044062|34.125
1396044085|34.125
1396044107|34.125
1396044130|34.125
1396044152|34.188
1396044175|34.188
1396044197|34.188
1396044219|34.188
1396044242|34.188
1396044264|34.188
1396044287|34.188
1396044309|34.25
1396044332|34.25
1396044354|34.313
1396044377|34.375
1396044399|34.375
1396044422|34.375
1396044444|34.375
1396044467|34.313
1396044489|34.375
1396044512|34.375
1396044534|34.375
1396044556|34.375
1396044579|34.375
1396044601|34.375
1396044624|34.375
1396044646|34.375
1396044669|34.438
1396044691|34.438
1396044714|34.438
1396044736|34.5
1396044759|34.438
1396044781|34.438
1396044804|34.438
1396044826|34.438
1396044849|34.438
1396044871|34.438
1396044893|34.438
1396044916|34.438
1396044938|34.5
1396044961|34.5
1396044983|34.5
1396045006|34.5
1396045028|34.5
1396045051|34.5
1396045073|34.5
1396045096|34.5
1396045118|34.5
1396045141|34.5
1396045163|34.5
1396045186|34.5
1396045208|34.5
1396045231|34.563
1396045253|34.563
1396045275|34.625
1396045298|34.625
1396045320|34.563
1396045343|34.563
1396045365|34.563
1396045388|34.563
1396045410|34.563
1396045433|34.563
1396045455|34.625
1396045478|34.563
1396045500|34.563
1396045523|34.563
1396045545|34.625
1396045568|34.625
1396045590|34.688
1396045612|34.688
1396045635|34.688
1396045657|34.625
1396045680|34.625
1396045702|34.625
1396045725|34.625
1396045747|34.625
1396045770|34.688
1396045792|34.75
1396045815|34.688
1396045837|34.75
1396045860|34.813
1396045882|34.813
1396045905|34.813
1396045927|34.813
1396045949|34.813
1396045972|34.813
1396045994|34.813
1396046017|34.813
1396046039|34.875
1396046062|34.813
1396046084|34.875
1396046107|34.875
1396046129|34.875
1396046152|34.938
1396046174|34.938
1396046197|34.938
1396046219|34.938
1396046242|34.938
1396046264|34.938
1396046287|34.938
1396046309|34.938
1396046332|34.875
1396046354|34.875
1396046376|34.875
1396046399|34.938
1396046421|34.875
1396046444|34.938
1396046466|34.875
1396046489|34.875
1396046511|34.875
1396046534|34.938
1396046556|34.938
1396046579|34.875
1396046601|34.875
1396046624|34.938
1396046646|34.938
1396046669|34.938
1396046691|34.938
1396046713|35.0
1396046736|34.938
1396046758|34.938
1396046781|34.938
1396046803|35.0
1396046826|34.938
1396046848|34.938
1396046871|34.875
1396046893|34.875
1396046916|34.875
1396046938|34.875
1396046961|34.938
1396046983|34.875
1396047006|34.938
1396047028|34.938
1396047050|35.0
1396047073|34.938
1396047095|34.938
1396047118|34.938
1396047140|34.938
1396047163|34.938
1396047185|34.875
1396047208|34.875
1396047230|34.875
1396047253|34.813
1396047275|34.813
1396047298|34.875
1396047320|34.875
1396047343|34.875
1396047365|34.938
1396047388|34.875
1396047410|34.875
1396047433|34.813
1396047455|34.813
1396047477|34.813
1396047500|34.813
1396047522|34.75
1396047545|34.813
1396047567|34.813
1396047590|34.75
1396047612|34.75
1396047635|34.813
1396047657|34.813
1396047680|34.813
1396047702|34.875
1396047725|34.875
1396047747|34.875
1396047770|34.813
1396047792|34.875
1396047814|34.875
1396047837|34.875
1396047859|34.875
1396047882|34.875
1396047904|34.875
1396047927|34.938
1396047949|34.938
1396047972|34.938
1396047994|34.938
1396048017|35.0
1396048039|35.0
1396048062|34.938
1396048084|35.0
1396048107|34.938
1396048129|34.938
1396048151|35.0
1396048174|35.0
1396048196|35.0
1396048219|35.0
1396048241|34.938
1396048264|35.0
1396048286|35.0
1396048309|35.0
1396048331|34.938
1396048354|34.938
1396048376|35.0
1396048399|35.0
1396048421|35.0
1396048444|34.938
1396048466|34.938
1396048489|35.0
1396048511|35.0
1396048533|34.938
1396048556|34.938
1396048578|34.938
1396048601|34.938
1396048623|35.0
1396048646|35.0
1396048668|35.0
1396048691|30.062
1396048713|30.062
1396048736|30.062
1396048758|30.062
1396048781|30.062
1396048803|30.062
1396048826|30.062
1396048848|30.062
1396048870|30.062
1396048893|30.125
1396048915|30.125
1396048938|30.125
1396048960|30.125
1396048983|30.125
1396049005|30.187
1396049028|30.187
1396049050|30.187
1396049073|30.125
1396049095|30.187
1396049118|30.125
1396049140|30.125
1396049163|30.125
1396049185|30.187
1396049207|30.187
1396049230|30.187
1396049252|30.187
1396049275|30.187
1396049297|30.187
1396049320|30.187
1396049342|30.125
1396049365|30.125
1396049387|30.125
1396049410|30.125
1396049432|30.125
1396049455|30.125
1396049477|30.125
1396049500|30.125
1396049522|30.125
1396049545|30.062
1396049567|30.125
1396049590|30.125
1396049612|30.125
1396049634|30.125
1396049657|30.187
1396049679|30.125
1396049702|30.187
1396049724|30.187
1396049747|30.187
1396049769|30.187
1396049792|30.125
1396049814|30.187
1396049837|30.187
1396049859|30.187
1396049882|30.187
1396049904|30.187
1396049927|30.187
1396049949|30.125
1396049971|30.187
1396049994|30.187
1396050016|30.187
1396050039|30.187
1396050061|30.187
1396050084|30.187
1396050106|30.125
1396050129|30.125
1396050151|30.125
1396050174|30.125
1396050196|30.125
1396050219|30.125
1396050241|30.125
1396050264|30.187
1396050286|30.187
1396050308|30.125
1396050331|30.187
1396050353|30.187
1396050376|30.187
1396050398|30.187
1396050421|30.125
1396050443|30.125
1396050466|30.125
1396050488|30.125
1396050511|30.125
1396050533|30.125
1396050556|30.125
1396050578|30.125
1396050601|30.187
1396050623|30.125
1396050646|30.125
1396050668|30.187
1396050691|30.187
1396050713|30.187
1396050735|30.187
1396050758|30.187
1396050780|30.187
1396050803|30.187
1396050825|30.25
1396050848|30.187
1396050870|30.25
1396050893|30.25
1396050915|30.25
1396050938|30.312
1396050960|30.25
1396050983|30.25
1396051005|30.312
1396051028|30.25
1396051050|30.25
1396051072|30.312
1396051095|30.312
1396051117|30.312
1396051140|30.25
1396051162|30.312
1396051185|30.312
1396051207|30.312
1396051230|30.312
1396051252|30.375
1396051275|30.375
1396051297|30.375
1396051320|30.375
1396051342|30.375
1396051365|30.375
1396051387|30.375
1396051409|30.375
1396051432|30.375
1396051454|30.375
1396051477|30.375
1396051499|30.375
1396051522|30.375
1396051544|30.375
1396051567|30.375
1396051589|30.375
1396051612|30.375
1396051634|30.437
1396051657|30.437
1396051679|30.437
1396051702|30.437
1396051724|30.437
1396051746|30.437
1396051769|30.437
1396051791|30.437
1396051814|30.437
1396051836|30.437
1396051859|30.437
1396051881|30.437
1396051904|30.437
1396051926|30.5
1396051949|30.5
1396051971|30.5
1396051994|30.5
1396052016|30.5
1396052039|30.5
1396052061|30.5
1396052083|30.5
1396052106|30.5
1396052128|30.5
1396052151|30.5
1396052173|30.5
1396052196|30.5
1396052218|30.5
1396052241|30.5
1396052263|30.5
1396052286|30.5
1396052308|30.5
1396052331|30.5
1396052353|30.5
1396052376|30.5
1396052398|30.562
1396052421|30.562
1396052443|30.562
1396052465|30.562
1396052488|30.562
1396052510|30.562
1396052533|30.625
1396052555|30.625
1396052578|30.625
1396052600|30.625
1396052623|30.625
1396052645|30.625
1396052668|30.625
1396052690|30.625
1396052713|30.625
1396052735|30.625
1396052758|30.687
1396052780|30.687
1396052802|30.687
1396052825|30.687
1396052847|30.687
1396052870|30.687
1396052892|30.687
1396052915|30.687
1396052937|30.687
1396052960|30.687
1396052982|30.687
1396053005|30.687
1396053027|30.687
1396053050|30.687
1396053072|30.687
1396053095|30.625
1396053117|30.625
1396053140|30.625
1396053162|30.625
1396053185|30.625
1396053207|30.562
1396053229|30.562
1396053252|30.562
1396053274|30.562
1396053297|30.562
1396053319|30.562
1396053342|30.562
1396053364|30.562
1396053387|30.562
1396053409|30.562
1396053432|30.562
1396053454|30.625
1396053477|30.562
1396053499|30.562
1396053522|30.562
1396053544|30.562
1396053566|30.562
1396053589|30.562
1396053611|30.562
1396053634|30.625
1396053656|30.625
1396053679|30.562
1396053701|30.562
1396053724|30.625
1396053746|30.562
1396053769|30.625
1396053791|30.562
1396053814|30.562
1396053836|30.562
1396053859|30.625
1396053881|30.625
1396053903|30.625
1396053926|30.562
1396053948|30.625
1396053971|30.625
1396053993|30.625
1396054016|30.625
1396054038|30.562
1396054061|30.625
1396054083|30.562
1396054106|30.562
1396054128|30.562
1396054151|30.562
1396054173|30.625
1396054196|30.625
1396054218|30.562
1396054240|30.562
1396054263|30.562
1396054285|30.562
1396054308|30.562
1396054330|30.562
1396054353|30.562
1396054375|30.562
1396054398|30.562
1396054420|30.625
1396054443|30.625
1396054465|30.562
1396054488|30.562
1396054510|30.625
1396054533|30.625
1396054555|30.625
1396054578|30.687
1396054600|30.687
1396054622|30.687
1396054645|30.687
1396054667|30.687
1396054690|30.687
1396054712|30.687
1396054735|30.687
1396054757|30.687
1396054780|30.75
1396054802|30.75
1396054825|30.75
1396054847|30.75
1396054870|30.75
1396054892|30.75
1396054915|30.75
1396054937|30.75
1396054960|30.75
1396054982|30.812
1396055004|30.75
1396055027|30.75
1396055049|30.75
1396055072|30.75
1396055094|30.812
1396055117|30.812
1396055139|30.812
1396055162|30.812
1396055184|30.812
1396055207|30.812
1396055229|30.812
1396055252|30.812
1396055274|30.812
1396055297|30.812
1396055319|30.812
1396055341|30.812
1396055364|30.875
1396055386|30.875
1396055409|30.875
1396055431|30.875
1396055454|30.875
1396055476|30.875
1396055499|30.875
1396055521|30.875
1396055544|30.875
1396055566|30.875
1396055589|30.875
1396055611|30.875
1396055634|30.875
1396055656|30.937
1396055678|30.937
1396055701|30.937
1396055723|30.937
1396055746|30.875
1396055768|30.875
1396055791|30.875
1396055813|30.875
1396055836|30.875
1396055858|30.937
1396055881|30.875
1396055903|30.875
1396055926|30.937
1396055948|30.875
1396055971|30.875
1396055993|30.875
1396056015|30.875
1396056038|30.875
1396056060|30.875
1396056083|30.875
1396056105|30.937
1396056128|30.937
1396056150|30.875
1396056173|30.875
1396056195|30.875
1396056218|30.875
1396056240|30.875
1396056263|30.875
1396056285|30.875
1396056308|30.875
1396056330|30.875
1396056352|30.875
1396056375|30.875
1396056397|30.875
1396056420|30.875
1396056442|30.875
1396056465|30.875
1396056487|30.875
1396056510|30.875
1396056532|30.875
1396056555|30.875
1396056577|30.875
1396056600|30.875
1396056622|30.875
1396056645|30.875
1396056667|30.937
1396056689|30.875
1396056712|30.875
1396056734|30.875
1396056757|30.875
1396056779|30.875
1396056802|30.875
1396056824|30.937
1396056847|30.937
1396056869|30.875
1396056892|30.875
1396056914|30.875
1396056937|30.875
1396056959|30.875
1396056982|30.875
1396057004|30.875
1396057027|30.875
1396057049|30.875
1396057071|30.937
1396057094|30.812
1396057116|30.875
1396057139|30.875
1396057161|30.875
1396057184|30.875
1396057206|30.875
1396057229|30.875
1396057251|30.875
1396057274|30.875
1396057296|30.812
1396057319|30.812
1396057341|30.75
1396057364|30.812
1396057386|30.812
1396057408|30.812
1396057431|30.875
1396057453|30.812
1396057476|30.875
1396057498|30.937
1396057521|30.937
1396057543|30.875
1396057566|30.875
1396057588|30.875
1396057611|30.875
1396057633|30.812
1396057656|30.812
1396057678|30.812
1396057701|30.812
1396057723|30.812
1396057746|30.812
1396057768|30.812
1396057790|30.812
1396057813|30.812
1396057835|30.812
1396057858|30.812
1396057880|30.875
1396057903|30.875
1396057925|30.875
1396057948|30.875
1396057970|30.875
1396057993|30.937
1396058015|30.937
1396058038|30.937
1396058060|30.937
1396058083|30.937
1396058105|30.937
1396058128|30.937
1396058150|31.0
1396058172|31.0
1396058195|31.0
1396058217|31.0
1396058240|31.0
1396058262|31.0
1396058285|31.0
1396058307|31.062
1396058330|31.062
1396058352|31.062
1396058375|31.062
1396058397|31.062
1396058420|31.0
1396058442|31.062
1396058465|31.062
1396058487|31.0
1396058509|31.0
1396058532|31.0
1396058554|31.0
1396058577|31.0
1396058599|30.937
1396058622|31.0
1396058644|31.0
1396058667|31.0
1396058689|31.0
1396058712|31.0
1396058734|31.0
1396058757|31.0
1396058779|31.062
1396058802|31.062
1396058824|31.062
1396058847|31.0
1396058869|31.062
1396058892|31.062
1396058914|31.062
1396058936|31.062
1396058959|31.062
1396058981|31.062
1396059004|31.062
1396059026|31.062
1396059049|31.062
1396059071|31.062
1396059094|31.062
1396059116|31.062
1396059139|31.0
1396059161|31.062
1396059184|31.062
1396059206|31.062
1396059229|31.0
1396059251|31.0
1396059273|31.0
1396059296|31.0
1396059318|31.062
1396059341|31.0
1396059363|31.0
1396059386|31.0
1396059408|31.062
1396059431|31.0
1396059453|31.062
1396059476|31.062
1396059498|31.062
1396059521|31.062
1396059543|31.125
1396059566|31.125
1396059588|31.062
1396059610|31.062
1396059633|31.062
1396059655|31.062
1396059678|31.125
1396059700|31.125
1396059723|31.062
1396059745|31.062
1396059768|31.062
1396059790|31.062
1396059813|31.062
1396059835|31.062
1396059858|31.062
1396059880|31.062
1396059903|31.062
1396059925|31.062
1396059947|31.062
1396059970|31.125
1396059992|31.125
1396060015|31.125
1396060037|31.125
1396060060|31.125
1396060082|31.187
1396060105|31.187
1396060127|31.187
1396060150|31.25
1396060172|31.25
1396060195|31.25
1396060217|31.25
1396060240|31.25
1396060262|31.187
1396060285|31.125
1396060307|31.125
1396060329|31.187
1396060352|31.187
1396060374|31.062
1396060397|31.125
1396060419|31.125
1396060442|31.25
1396060464|31.187
1396060487|31.25
1396060509|31.187
1396060532|31.25
1396060554|31.312
1396060577|31.25
1396060599|31.25
1396060622|31.25
1396060644|31.312
1396060666|31.312
1396060689|31.312
1396060711|31.375
1396060734|31.375
1396060756|31.437
1396060779|31.375
1396060801|31.375
1396060824|31.375
1396060846|31.375
1396060869|31.375
1396060891|31.375
1396060914|31.437
1396060936|31.437
1396060959|31.5
1396060981|31.5
1396061003|31.5
1396061026|31.5
1396061048|31.5
1396061071|31.5
1396061093|31.437
1396061116|31.437
1396061138|31.437
1396061161|31.437
1396061183|31.437
1396061206|31.437
1396061228|31.437
1396061251|31.437
1396061273|31.437
1396061296|31.437
1396061318|31.437
1396061340|31.437
1396061363|31.437
1396061385|31.437
1396061408|31.437
1396061430|31.375
1396061453|31.437
1396061475|31.375
1396061498|31.375
1396061520|31.375
1396061543|31.375
1396061565|31.375
1396061588|31.375
1396061610|31.375
1396061633|31.375
1396061655|31.375
1396061678|31.312
1396061700|31.375
1396061723|31.375
1396061745|31.312
1396061767|31.312
1396061790|31.312
1396061812|31.25
1396061835|31.312
1396061857|31.312
1396061880|31.312
1396061902|31.312
1396061925|31.312
1396061947|31.25
1396061970|31.25
1396061992|31.25
1396062015|31.25
1396062037|31.312
1396062060|31.25
1396062082|31.25
1396062104|31.25
1396062127|31.25
1396062149|31.25
1396062172|31.312
1396062194|31.25
1396062217|31.25
1396062239|31.25
1396062262|31.25
1396062284|31.25
1396062307|31.25
1396062329|31.25
1396062352|31.25
1396062374|31.25
1396062397|31.25
1396062419|31.187
1396062442|31.187
1396062464|31.187
1396062487|31.187
1396062509|31.187
1396062531|31.187
1396062554|31.25
1396062576|31.25
1396062599|31.25
1396062621|31.25
1396062644|31.25
1396062666|31.187
1396062689|31.187
1396062711|31.125
1396062734|31.187
1396062756|31.187
1396062779|31.25
1396062801|31.25
1396062824|31.187
1396062846|31.25
1396062868|31.25
1396062891|31.25
1396062913|31.25
1396062936|31.25
1396062958|31.25
1396062981|31.25
1396063003|31.187
1396063026|31.187
1396063048|31.25
1396063071|31.187
1396063093|31.187
1396063116|31.187
1396063138|31.187
1396063161|31.187
1396063183|31.25
1396063205|31.25
1396063228|31.25
1396063250|31.25
1396063273|31.25
1396063295|31.25
1396063318|31.25
1396063340|31.25
1396063363|31.25
1396063385|31.25
1396063408|31.25
1396063430|31.25
1396063453|31.25
1396063475|31.25
1396063498|31.25
1396063520|31.187
1396063543|31.187
1396063565|31.187
1396063587|31.187
1396063610|31.187
1396063632|31.125
1396063655|31.187
1396063677|31.187
1396063700|31.187
1396063722|31.125
1396063745|31.125
1396063767|31.187
1396063790|31.187
1396063812|31.187
1396063835|31.25
1396063857|31.312
1396063880|31.312
1396063902|31.312
1396063924|31.312
1396063947|31.312
1396063969|31.375
1396063992|31.375
1396064014|31.437
1396064037|31.437
1396064059|31.437
1396064082|31.437
1396064104|31.375
1396064127|31.375
1396064149|31.375
1396064172|31.312
1396064194|31.312
1396064217|31.375
1396064239|31.312
1396064261|31.312
1396064284|31.375
1396064306|31.312
1396064329|31.312
1396064351|31.312
1396064374|31.312
1396064396|31.312
1396064419|31.375
1396064441|31.375
1396064464|31.312
1396064486|31.312
1396064509|31.375
1396064531|31.375
1396064554|31.437
1396064576|31.437
1396064599|31.437
1396064621|31.437
1396064643|31.437
1396064666|31.437
1396064688|31.437
1396064711|31.375
1396064733|31.375
1396064756|31.437
1396064778|31.5
1396064801|31.5
1396064823|31.5
1396064846|31.5
1396064868|31.5
1396064891|31.562
1396064913|31.5
1396064936|31.562
1396064958|31.562
1396064981|31.562
1396065003|31.562
1396065025|31.562
1396065048|31.562
1396065070|31.625
1396065093|31.625
1396065115|31.625
1396065138|31.562
1396065160|31.562
1396065183|31.5
1396065205|31.5
1396065228|31.5
1396065250|31.562
1396065273|31.562
1396065295|31.625
1396065318|31.625
1396065340|31.625
1396065362|31.687
1396065385|31.75
1396065407|31.75
1396065430|31.75
1396065452|31.687
1396065475|31.75
1396065497|31.75
1396065520|31.75
1396065542|31.75
1396065565|31.75
1396065587|31.687
1396065610|31.75
1396065632|31.75
1396065655|31.75
1396065677|31.75
1396065699|31.75
1396065722|31.75
1396065744|31.75
1396065767|31.75
1396065789|31.75
1396065812|31.75
1396065834|31.75
1396065857|31.75
1396065879|31.687
1396065902|31.75
1396065924|31.75
1396065947|31.75
1396065969|31.75
1396065992|31.75
1396066014|31.687
1396066036|31.687
1396066059|31.687
1396066081|31.687
1396066104|31.687
1396066126|31.687
1396066149|31.687
1396066171|31.687
1396066194|31.687
1396066216|31.625
1396066239|31.625
1396066261|31.625
1396066284|31.625
1396066306|31.625
1396066329|31.562
1396066351|31.562
1396066373|31.625
1396066396|31.625
1396066418|31.625
1396066441|31.562
1396066463|31.562
1396066486|31.562
1396066508|31.562
1396066531|31.562
1396066553|31.562
1396066576|31.5
1396066598|31.562
1396066621|31.562
1396066643|31.562
1396066666|31.562
1396066688|31.625
1396066711|31.562
1396066733|31.562
1396066755|31.562
1396066778|31.625
1396066800|31.625
1396066823|31.625
1396066845|31.625
1396066868|31.625
1396066890|31.625
1396066913|31.625
1396066935|31.625
1396066958|31.625
1396066980|31.687
1396067003|31.625
1396067025|31.625
1396067048|31.625
1396067070|31.625
1396067093|31.625
1396067115|31.625
1396067137|31.625
1396067160|31.625
1396067182|31.625
1396067205|31.625
1396067227|31.562
1396067250|31.562
1396067272|31.625
1396067295|31.625
1396067317|31.625
1396067340|31.625
1396067362|31.625
1396067385|31.625
1396067407|31.687
1396067430|31.687
1396067452|31.625
1396067474|31.562
1396067497|31.562
1396067519|31.562
1396067542|31.562
1396067564|31.625
1396067587|31.625
1396067609|31.625
1396067632|31.625
1396067654|31.625
1396067677|31.625
1396067699|31.625
1396067722|31.625
1396067744|31.625
1396067767|31.625
1396067789|31.625
1396067811|31.625
1396067834|31.625
1396067856|31.625
1396067879|31.625
1396067901|31.625
1396067924|31.625
1396067946|31.625
1396067969|31.562
1396067991|31.562
1396068014|31.562
1396068036|31.562
1396068059|31.562
1396068081|31.562
1396068104|31.562
1396068126|31.562
1396068148|31.562
1396068171|31.562
1396068193|31.562
1396068216|31.562
1396068238|31.562
1396068261|31.562
1396068283|31.562
1396068306|31.562
1396068328|31.562
1396068351|31.562
1396068373|31.562
1396068396|31.562
1396068418|31.562
1396068441|31.5
1396068463|31.562
1396068485|31.5
1396068508|31.562
1396068530|31.562
1396068553|31.5
1396068575|31.5
1396068598|31.5
1396068620|31.562
1396068643|31.5
1396068665|31.437
1396068688|31.5
1396068710|31.437
1396068733|31.437
1396068755|31.437
1396068778|31.437
1396068800|31.437
1396068823|31.437
1396068845|31.437
1396068867|31.437
1396068890|31.437
1396068912|31.437
1396068935|31.375
1396068957|31.437
1396068980|31.437
1396069002|31.375
1396069025|31.375
1396069047|31.312
1396069070|31.312
1396069092|31.312
1396069115|31.375
1396069137|31.375
1396069160|31.375
1396069182|31.312
1396069204|31.25
1396069227|31.25
1396069249|31.25
1396069272|31.25
1396069294|31.25
1396069317|31.25
1396069339|31.25
1396069362|31.125
1396069384|31.187
1396069407|31.25
1396069429|31.187
1396069452|31.25
1396069474|31.25
1396069497|31.25
1396069519|31.25
1396069541|31.187
1396069564|31.25
1396069586|31.187
1396069609|31.187
1396069631|31.125
1396069654|31.125
1396069676|31.125
1396069699|31.125
1396069721|31.125
1396069744|31.125
1396069766|31.125
1396069789|31.125
1396069811|31.125
1396069834|31.062
1396069856|31.062
1396069878|31.062
1396069901|31.0
1396069923|31.0
1396069946|31.0
1396069968|31.0
1396069991|31.0
1396070013|31.0
1396070036|31.062
1396070058|31.062
1396070081|31.062
1396070103|31.062
1396070126|31.062
1396070148|31.062
1396070171|31.062
1396070193|31.062
1396070215|31.0
1396070238|31.0
1396070260|31.0
1396070283|30.937
1396070305|30.875
1396070328|30.875
1396070350|30.937
1396070373|30.875
1396070395|30.875
1396070418|30.875
1396070440|30.875
1396070463|30.875
1396070485|30.875
1396070508|30.875
1396070530|30.875
1396070553|30.812
1396070575|30.875
1396070597|30.875
1396070620|30.812
1396070642|30.875
1396070665|30.812
1396070687|30.812
1396070711|30.812
1396070733|30.812
1396070756|30.812
1396070778|30.75
1396070801|30.75
1396070823|30.75
1396070845|30.75
1396070868|30.687
1396070890|30.687
1396070913|30.687
1396070935|30.625
1396070958|30.625
1396070980|30.687
1396071003|30.625
1396071025|30.625
1396071048|30.625
1396071070|30.625
1396071093|30.625
1396071115|30.625
1396071138|30.625
1396071160|30.562
1396071182|30.562
1396071205|30.562
1396071227|30.562
1396071250|30.5
1396071272|30.5
1396071295|30.5
1396071317|30.5
1396071340|30.5
1396071362|30.437
1396071385|30.437
1396071407|30.437
1396071430|30.437
1396071452|30.437
1396071475|30.375
1396071497|30.375
1396071519|30.312
1396071542|30.312
1396071564|30.312
1396071587|30.312
1396071609|30.312
1396071632|30.312
1396071654|30.25
1396071677|30.25
1396071699|30.25
1396071722|30.187
1396071744|30.187
1396071767|30.187
1396071789|30.25
1396071812|30.187
1396071834|30.187
1396071857|30.125
1396071879|30.187
1396071902|30.187
1396071924|30.125
1396071946|30.125
1396071969|30.062
1396071991|30.125
1396072014|30.062
1396072036|30.062
1396072059|30.062
1396072081|30.062
1396072104|35.0
1396072126|35.0
1396072149|34.938
1396072171|35.0
1396072194|34.938
1396072216|34.938
1396072239|34.938
1396072261|34.938
1396072283|34.875
1396072306|34.875
1396072328|34.875
1396072351|34.813
1396072373|34.875
1396072396|34.875
1396072418|34.875
1396072441|34.875
1396072463|34.813
1396072486|34.813
1396072508|34.813
1396072531|34.75
1396072553|34.75
1396072576|34.813
1396072598|34.75
1396072620|34.75
1396072643|34.75
1396072665|34.75
1396072688|34.688
1396072710|34.688
1396072733|34.688
1396072755|34.625
1396072778|34.625
1396072800|34.625
1396072823|34.625
1396072845|34.625
1396072868|34.625
1396072890|34.625
1396072913|34.563
1396072935|34.563
1396072957|34.563
1396072980|34.5
1396073002|34.5
1396073025|34.5
1396073047|34.5
1396073070|34.438
1396073092|34.438
1396073115|34.438
1396073137|34.375
1396073160|34.375
1396073182|34.375
1396073205|34.313
1396073227|34.25
1396073250|34.25
1396073273|34.313
1396073295|34.313
1396073318|34.25
1396073340|34.25
1396073363|34.25
1396073385|34.25
1396073408|34.188
1396073430|34.188
1396073453|34.188
1396073475|34.188
1396073497|34.125
1396073520|34.188
1396073542|34.125
1396073565|34.125
1396073587|34.063
1396073610|34.125
1396073632|34.125
1396073655|34.063
1396073677|34.063
1396073700|34.063
1396073722|34.063
1396073745|34.0
1396073767|34.0
1396073790|34.0
1396073812|34.0
1396073835|34.0
1396073857|34.0
1396073879|33.938
1396073902|33.938
1396073924|33.938
1396073947|33.875
1396073969|33.875
1396073992|33.938
1396074014|33.875
1396074037|33.875
1396074059|33.813
1396074082|33.813
1396074104|33.75
1396074127|33.75
1396074149|33.75
1396074172|33.75
1396074194|33.688
1396074216|33.688
1396074239|33.688
1396074261|33.625
1396074284|33.625
1396074307|33.625
1396074329|33.625
1396074352|33.625
1396074374|33.563
1396074397|33.625
1396074419|33.625
1396074442|33.563
1396074464|33.563
1396074487|33.563
1396074509|33.5
1396074531|33.438
1396074554|33.438
1396074576|33.438
1396074599|33.438
1396074621|33.438
1396074644|33.375
1396074666|33.375
1396074689|33.375
1396074711|33.313
1396074734|33.313
1396074756|33.313
1396074779|33.25
1396074801|33.25
1396074824|33.25
1396074846|33.25
1396074869|33.25
1396074891|33.188
1396074913|33.188
1396074936|33.125
1396074958|33.125
1396074981|33.125
1396075003|33.063
1396075026|33.125
1396075048|33.063
1396075071|33.063
1396075093|33.0
1396075116|33.0
1396075138|32.938
1396075161|32.938
1396075183|32.938
1396075206|32.875
1396075228|32.875
1396075251|32.875
1396075273|32.875
1396075295|32.875
1396075318|32.813
1396075340|32.813
1396075363|32.813
1396075385|32.813
1396075408|32.813
1396075430|32.75
1396075453|32.75
1396075475|32.75
1396075498|32.75
1396075520|32.688
1396075543|32.688
1396075565|32.688
1396075588|32.625
1396075610|32.625
1396075632|32.563
1396075655|32.563
1396075677|32.563
1396075700|32.5
1396075722|32.5
1396075745|32.438
1396075767|32.375
1396075790|32.375
1396075812|32.375
1396075835|32.313
1396075857|32.313
1396075880|32.313
1396075902|32.313
1396075925|32.313
1396075947|32.25
1396075969|32.25
1396075992|32.188
1396076014|32.188
1396076037|32.188
1396076059|32.188
1396076082|32.188
1396076104|32.125
1396076127|32.125
1396076149|32.125
1396076172|32.063
1396076194|32.063
1396076217|32.063
1396076239|32.0
1396076262|32.0
1396076284|31.938
1396076307|31.938
1396076329|31.938
1396076352|31.875
1396076374|31.875
1396076396|31.875
1396076419|31.875
1396076441|31.813
1396076464|31.813
1396076486|31.813
1396076509|31.75
1396076531|31.75
1396076554|31.75
1396076576|31.75
1396076599|31.688
1396076621|31.75
1396076644|31.688
1396076666|31.688
1396076689|31.688
1396076711|31.688
1396076733|31.625
1396076756|31.563
1396076778|31.563
1396076801|31.5
1396076823|31.563
1396076846|31.5
1396076868|31.5
1396076891|31.438
1396076913|31.438
1396076936|31.375
1396076958|31.375
1396076981|31.313
1396077003|31.313
1396077026|31.313
1396077048|31.25
1396077070|31.25
1396077093|31.188
1396077115|31.188
1396077138|31.188
1396077160|31.188
1396077183|31.125
1396077205|31.125
1396077228|31.125
1396077250|31.125
1396077273|31.125
1396077295|31.063
1396077318|31.063
1396077340|31.063
1396077363|31.0
1396077385|31.063
1396077407|31.0
1396077430|31.063
1396077452|30.938
1396077475|30.875
1396077497|30.875
1396077520|30.875
1396077542|30.875
1396077565|30.875
1396077587|30.813
1396077610|30.813
1396077632|30.813
1396077655|30.813
1396077677|30.813
1396077700|30.75
1396077722|30.75
1396077745|30.75
1396077767|30.75
1396077789|30.688
1396077812|30.688
1396077834|30.688
1396077857|30.625
1396077879|30.625
1396077902|30.563
1396077924|30.5
1396077947|30.5
1396077969|30.5
1396077992|30.5
1396078014|30.5
1396078037|30.438
1396078059|30.438
1396078082|30.375
1396078104|30.313
1396078126|30.375
1396078149|30.313
1396078171|30.313
1396078194|30.313
1396078216|30.188
1396078239|30.188
1396078261|30.125
1396078284|30.125
1396078306|30.125
1396078329|30.125
1396078351|30.125
1396078374|30.125
1396078396|30.125
1396078419|30.125
1396078441|30.125
1396078464|30.063
1396078486|30.063
1396078509|30.0
1396078531|30.0
1396078553|29.938
1396078576|29.875
1396078598|29.875
1396078621|29.875
1396078643|29.875
1396078666|29.813
1396078688|29.813
1396078711|29.75
1396078733|29.75
1396078756|29.75
1396078778|29.75
1396078801|29.75
1396078823|29.75
1396078846|29.75
1396078868|29.688
1396078891|29.625
1396078913|29.625
1396078936|29.625
1396078958|29.563
1396078980|29.563
1396079003|29.563
1396079025|29.563
1396079048|29.563
1396079070|29.563
1396079093|29.5
1396079115|29.5
1396079138|29.563
1396079160|29.563
1396079183|29.5
1396079205|29.5
1396079228|29.5
1396079250|29.5
1396079273|29.5
1396079295|29.5
1396079317|29.5
1396079340|29.438
1396079362|29.438
1396079385|29.375
1396079407|29.375
1396079430|29.375
1396079452|29.375
1396079475|29.313
1396079497|29.375
1396079520|29.375
1396079542|29.375
1396079565|29.313
1396079587|29.313
1396079610|29.313
1396079632|29.25
1396079654|29.188
1396079677|29.188
1396079699|29.125
1396079722|29.125
1396079744|29.125
1396079767|29.125
1396079789|29.125
1396079812|29.125
1396079834|29.063
1396079857|29.063
1396079879|29.063
1396079902|29.063
1396079924|29.063
1396079947|29.0
1396079969|28.938
1396079991|28.938
1396080014|28.938
1396080036|28.938
1396080059|28.875
1396080081|28.875
1396080104|28.813
1396080126|28.813
1396080149|28.813
1396080171|28.688
1396080194|28.625
1396080216|28.688
1396080239|28.688
1396080261|28.688
1396080284|28.75
1396080306|28.688
1396080329|28.625
1396080351|28.625
1396080373|28.688
1396080396|28.75
1396080418|28.688
1396080441|28.75
1396080463|28.688
1396080486|28.688
1396080508|28.625
1396080531|28.625
1396080553|28.563
1396080576|28.563
1396080598|28.5
1396080621|28.438
1396080643|28.5
1396080666|28.438
1396080688|28.438
1396080710|28.5
1396080733|28.563
1396080755|28.5
1396080778|28.5
1396080800|28.438
1396080823|28.375
1396080845|28.438
1396080868|28.375
1396080890|28.313
1396080913|28.313
1396080935|28.25
1396080958|28.188
1396080980|28.188
1396081003|28.125
1396081025|28.125
1396081047|28.063
1396081070|28.0
1396081092|28.063
1396081115|28.125
1396081137|28.125
1396081160|28.063
1396081182|28.125
1396081205|28.125
1396081227|28.0
1396081250|28.063
1396081272|28.0
1396081295|27.938
1396081317|27.938
1396081340|27.938
1396081362|27.938
1396081384|27.938
1396081407|27.875
1396081429|27.875
1396081452|27.938
1396081474|27.938
1396081497|27.875
1396081519|27.875
1396081542|27.875
1396081564|27.875
1396081587|27.875
1396081609|27.875
1396081632|27.813
1396081654|27.75
1396081677|27.75
1396081699|27.688
1396081722|27.688
1396081744|27.625
1396081767|27.563
1396081789|27.5
1396081811|27.5
1396081834|27.5
1396081856|27.5
1396081879|27.438
1396081901|27.438
1396081924|27.375
1396081946|27.375
1396081969|27.438
1396081991|27.5
1396082014|27.438
1396082036|27.375
1396082059|27.313
1396082081|27.313
1396082104|27.25
1396082126|27.25
1396082148|27.25
1396082171|27.188
1396082193|27.125
1396082216|27.063
1396082238|27.125
1396082261|27.125
1396082283|27.188
1396082306|27.125
1396082328|27.125
1396082351|27.125
1396082373|27.125
1396082396|27.125
1396082418|27.125
1396082441|27.063
1396082463|26.938
1396082485|26.875
1396082508|26.813
1396082530|26.875
1396082553|26.938
1396082575|27.0
1396082598|26.938
1396082620|26.938
1396082643|26.938
1396082665|27.063
1396082688|27.063
1396082710|27.0
1396082733|26.938
1396082755|26.813
1396082778|26.938
1396082800|27.0
1396082823|26.938
1396082845|26.938
1396082868|26.875
1396082890|27.0
1396082912|27.0
1396082935|26.875
1396082957|26.875
1396082980|26.875
1396083002|26.75
1396083025|26.625
1396083047|26.563
1396083070|26.625
1396083092|26.563
1396083115|26.688
1396083137|26.625
1396083160|26.625
1396083182|26.563
1396083205|26.563
1396083227|26.563
1396083249|26.563
1396083272|26.563
1396083294|26.563
1396083317|26.375
1396083339|26.313
1396083362|26.313
1396083384|26.438
1396083407|26.375
1396083429|26.313
1396083452|26.313
1396083474|26.313
1396083497|26.375
1396083519|26.25
1396083542|26.375
1396083564|26.438
1396083586|26.375
1396083609|26.5
1396083631|26.5
1396083654|26.625
1396083676|26.625
1396083699|26.75
1396083721|26.813
1396083744|26.813
1396083766|26.813
1396083789|26.875
1396083811|26.938
1396083834|26.938
1396083856|26.875
1396083879|26.875
1396083901|26.813
1396083924|26.75
1396083946|26.813
1396083968|26.875
1396083991|26.813
1396084013|26.625
1396084036|26.625
1396084058|26.375
1396084081|26.313
1396084103|26.375
1396084126|26.563
1396084148|26.625
1396084171|26.625
1396084193|26.813
1396084216|26.875
1396084238|26.875
1396084261|26.688
1396084283|26.625
1396084305|26.688
1396084328|26.625
1396084350|26.438
1396084373|26.25
1396084395|26.125
1396084418|26.188
1396084440|26.125
1396084463|26.125
1396084485|26.125
1396084508|26.063
1396084530|25.938
1396084553|25.813
1396084575|25.813
1396084598|25.75
1396084620|25.688
1396084642|25.688
1396084665|25.625
1396084687|25.563
1396084710|25.563
1396084732|25.625
1396084755|25.688
1396084777|25.625
1396084800|25.5
1396084822|25.5
1396084845|25.5
1396084867|25.563
1396084890|25.75
1396084912|25.875
1396084935|25.813
1396084957|25.688
1396084979|25.625
1396085002|25.563
1396085024|25.5
1396085047|25.438
1396085069|25.5
1396085092|25.438
1396085114|25.375
1396085137|25.25
1396085159|25.188
1396085182|25.188
1396085204|25.063
1396085227|25.063
1396085249|25.125
1396085272|25.313
1396085294|25.5
1396085317|25.375
1396085339|25.313
1396085361|25.313
1396085384|25.313
1396085406|25.25
1396085429|25.438
1396085451|25.625
1396085474|25.563
1396085496|25.313
1396085519|25.063
1396085541|29.876
1396085564|29.75
1396085586|29.75
1396085609|29.626
1396085631|29.626
1396085654|29.5
1396085676|29.626
1396085699|29.626
1396085721|29.75
1396085743|29.626
1396085766|25.063
1396085788|25.125
1396085811|25.063
1396085833|30.0
1396085856|29.75
1396085878|29.626
1396085901|29.25
1396085923|29.376
1396085946|29.376
1396085968|29.5
1396085991|29.126
1396086013|29.126
1396086036|29.25
1396086058|29.376
1396086080|29.25
1396086103|29.25
1396086125|29.126
1396086148|28.876
1396086170|28.626
1396086193|28.5
1396086215|28.376
1396086238|28.25
1396086260|28.126
1396086283|27.876
1396086305|27.75
1396086328|27.626
1396086350|27.75
1396086373|27.876
1396086395|27.876
1396086417|27.876
1396086440|27.75
1396086462|27.876
1396086485|27.876
1396086507|27.376
1396086530|27.626
1396086552|27.5
1396086575|27.376
1396086597|27.376
1396086620|27.626
1396086642|27.626
1396086665|27.5
1396086687|27.75
1396086710|27.876
1396086732|28.25
1396086754|28.126
1396086777|28.126
1396086799|28.126
1396086822|28.126
1396086844|28.0
1396086867|28.0
1396086889|27.876
1396086912|27.75
1396086934|27.5
1396086957|27.376
1396086979|27.25
1396087002|27.25
1396087024|27.126
1396087047|27.25
1396087069|27.126
1396087092|26.876
1396087114|26.626
1396087137|26.626
1396087159|26.626
1396087181|26.5
1396087204|26.25
1396087226|26.126
1396087249|26.25
1396087271|26.126
1396087294|26.25
1396087316|26.25
1396087339|25.876
1396087361|25.876
1396087384|25.75
1396087406|25.75
1396087429|25.876
1396087451|25.876
1396087474|25.876
1396087496|25.876
1396087518|25.876
1396087541|25.626
1396087563|25.376
1396087586|25.376
1396087608|25.376
1396087631|25.5
1396087653|25.5
1396087676|25.5
1396087698|25.376
1396087721|25.25
1396087743|25.5
1396087766|25.5
1396087788|25.5
1396087811|25.5
1396087833|25.376
1396087855|25.5
1396087878|25.376
1396087900|25.376
1396087923|25.5
1396087945|25.5
1396087968|25.626
1396087990|25.5
1396088013|25.5
1396088035|25.376
1396088058|24.876
1396088080|25.0
1396088103|25.0
1396088125|25.0
1396088148|25.126
1396088170|25.0
1396088192|24.626
1396088215|24.75
1396088237|24.626
1396088260|24.876
1396088282|24.75
1396088305|24.5
1396088327|24.626
1396088350|24.626
1396088372|24.376
1396088395|24.376
1396088417|23.876
1396088440|23.876
1396088462|24.25
1396088485|24.626
1396088507|24.626
1396088530|24.75
1396088552|24.626
1396088574|24.5
1396088597|24.75
1396088619|24.376
1396088642|24.126
1396088664|24.0
1396088687|24.126
1396088709|23.876
1396088732|23.876
1396088754|23.876
1396088777|23.876
1396088799|23.75
1396088822|23.75
1396088844|23.626
1396088867|23.876
1396088889|23.876
1396088911|23.876
1396088934|23.75
1396088956|23.626
1396088979|23.876
1396089001|23.876
1396089024|23.876
1396089046|23.876
1396089069|23.876
1396089091|23.75
1396089114|23.626
1396089136|23.5
1396089159|23.75
1396089181|23.75
1396089204|23.376
1396089226|23.626
1396089248|23.626
1396089271|23.5
1396089293|23.376
1396089316|23.5
1396089338|23.376
1396089361|23.5
1396089383|23.5
1396089406|23.376
1396089428|23.376
1396089451|23.376
1396089473|23.25
1396089496|23.126
1396089518|23.126
1396089541|23.25
1396089563|23.0
1396089585|23.126
1396089608|23.126
1396089631|23.0
1396089653|23.25
1396089675|23.126
1396089698|23.126
1396089720|23.5
1396089743|23.5
1396089765|23.5
1396089788|23.626
1396089810|23.626
1396089833|23.626
1396089855|23.5
1396089878|23.5
1396089900|23.376
1396089923|23.376
1396089945|23.25
1396089968|23.5
1396089990|23.5
1396090012|23.0
1396090035|22.75
1396090057|23.126
1396090080|23.0
1396090102|23.25
1396090125|22.75
1396090147|23.0
1396090170|22.876
1396090192|22.75
1396090215|22.876
1396090237|22.75
1396090260|22.75
1396090282|22.75
1396090305|22.376
1396090327|22.5
1396090350|22.5
1396090372|22.75
1396090394|22.75
1396090417|22.626
1396090439|22.75
1396090462|22.5
1396090484|22.25
1396090507|21.876
1396090529|22.126
1396090552|22.626
1396090574|22.876
1396090597|22.5
1396090619|22.5
1396090642|22.25
1396090664|22.25
1396090687|22.126
1396090709|22.25
1396090732|22.25
1396090754|22.25
1396090776|22.0
1396090799|21.876
1396090821|22.126
1396090844|21.876
1396090866|21.75
1396090889|21.75
1396090911|21.626
1396090934|21.75
1396090956|21.75
1396090979|21.626
1396091001|21.376
1396091024|21.5
1396091046|21.5
1396091069|21.5
1396091091|21.75
1396091113|21.876
1396091136|21.876
1396091158|21.75
1396091181|21.376
1396091203|21.5
1396091226|21.25
1396091248|21.0
1396091271|21.126
1396091293|21.25
1396091316|21.0
1396091338|20.876
1396091361|20.876
1396091383|21.126
1396091406|21.25
1396091428|21.0
1396091450|21.0
1396091473|21.126
1396091495|21.0
1396091518|21.376
1396091540|21.376
1396091563|21.126
1396091585|21.0
1396091608|21.0
1396091630|20.75
1396091653|20.75
1396091675|20.626
1396091698|20.5
1396091720|20.376
1396091743|20.376
1396091765|20.376
1396091787|20.376
1396091810|20.25
1396091832|20.25
1396091855|20.376
1396091877|20.376
1396091900|20.376
1396091922|20.376
1396091945|20.25
1396091967|20.5
1396091990|20.25
1396092012|20
1396092035|20
1396092057|20
1396092080|20.126
1396092102|20
1396092125|20.126
1396092147|20
1396092169|20
1396092192|20
1396092214|20
1396092237|20
1396092259|20
1396092282|20
1396092304|20
1396092327|20
1396092349|20
1396092372|20
1396092394|20
1396092417|20
1396092439|20
1396092462|20
1396092484|20
1396092506|20
1396092529|20
1396092551|20
1396092574|20
1396092596|20
1396092619|20
1396092641|20
1396092664|20
1396092686|20
1396092709|20.25
1396092731|20.126
1396092754|20.126
1396092776|20
1396092799|20
1396092821|20
1396092843|20
1396092866|20
1396092888|20
1396092911|20
1396092933|20
1396092956|20
1396092978|20
1396093001|20
1396093023|20
1396093046|20
1396093068|20
1396093091|20
1396093113|20
1396093136|20
1396093158|20
1396093180|20
1396093203|20
1396093225|20
1396093248|20
1396093270|20
1396093293|20
1396093315|20
1396093338|20
1396093360|20
1396093383|20
1396093405|20
1396093428|20
1396093450|20
1396093473|20
1396093495|20
1396093517|20
1396093540|20
1396093562|20
1396093585|20
1396093607|20
1396093630|20
1396093652|20
1396093675|20
1396093697|20
1396093720|20
1396093742|20
1396093765|20
1396093787|20
1396093810|20
1396093832|20
1396093855|20
1396093877|20
1396093899|20
1396093922|20
1396093944|20
1396093967|20
1396093989|20
1396094012|20
1396094034|20
1396094057|20
1396094079|20
1396094102|20
1396094124|20
1396094147|20
1396094169|20
1396094192|20
1396094214|20
1396094237|20
1396094259|20
1396094281|20
1396094304|20
1396094326|20
1396094349|20
1396094371|20
1396094394|20
1396094416|20
1396094439|20
1396094461|20
1396094484|20
1396094506|20
1396094529|20
1396094551|20
1396094574|20
1396094596|20
1396094618|20
1396094641|20
1396094663|20
1396094686|20
1396094708|20
1396094731|20
1396094753|20
1396094776|20
1396094798|20
1396094821|20
1396094843|20
1396094866|20
1396094888|20
1396094911|20
1396094933|20
1396094955|20
1396094978|20
1396095000|20
1396095023|20
1396095045|20
1396095068|20
1396095090|20
1396095113|20
1396095135|20
1396095158|20
1396095180|20
1396095203|20
1396095225|20
1396095248|20
1396095270|20
1396095292|20
1396095315|20
1396095337|20
1396095360|20
1396095382|20
1396095405|20
1396095427|20
1396095450|20
1396095472|20
1396095495|20
1396095517|20
1396095540|20
1396095562|20
1396095585|20
1396095607|20
1396095629|20
1396095652|20
1396095674|20
1396095697|20
1396095719|20
1396095742|20
1396095764|20
1396095787|20
1396095809|20
1396095832|20
1396095854|20
1396095877|20
1396095899|20
1396095922|20
1396095944|20
1396095967|20
1396095989|20
1396096012|20
1396096034|20
1396096056|20
1396096079|20
1396096101|20
1396096124|20
1396096146|20
1396096169|20
1396096191|20
1396096214|20
1396096236|20
1396096259|20
1396096281|20
1396096304|20
1396096326|20
1396096349|20
1396096371|20
1396096393|20
1396096416|20
1396096438|20
1396096461|20
1396096483|20
1396096506|20
1396096528|20
1396096551|20
1396096573|20
1396096596|20
1396096618|20
1396096641|20
1396096663|20
1396096686|20
1396096708|20
1396096730|20
1396096753|20
1396096775|20
1396096798|20
1396096820|20
1396096843|20
1396096865|20
1396096888|20
1396096910|20
1396096933|20
1396096955|20
1396096978|20
1396097000|20
1396097023|20
1396097045|20
1396097067|20
1396097090|20
1396097112|20
1396097135|20
1396097157|20
1396097180|20
1396097202|20
1396097225|20
1396097247|20
1396097270|20
1396097292|20
1396097315|20
1396097337|20
1396097360|20
1396097382|20
1396097405|20
1396097427|20
1396097449|20
1396097472|20
1396097494|20
1396097517|20
1396097539|20
1396097562|20
1396097584|20
1396097607|20
1396097629|20
1396097652|20
1396097674|20
1396097697|20
1396097719|20
1396097742|20
1396097764|20
1396097786|20
1396097809|20
1396097831|20
1396097854|20
1396097876|20
1396097899|20
1396097921|20
1396097944|20
1396097966|20
1396097989|20
1396098011|20
1396098034|20
1396098056|20
1396098079|20
1396098101|20
1396098123|20
1396098146|20
1396098168|20
1396098191|20
1396098213|20
1396098236|20
1396098258|20
1396098281|20
1396098303|20
1396098326|20
1396098348|20
1396098371|20
1396098393|20
1396098416|20
1396098438|20
1396098460|20
1396098483|20
1396098505|20
1396098528|20
1396098550|20
1396098573|20
1396098595|20
1396098618|20
1396098640|20
1396098663|20
1396098685|20
1396098708|20
1396098730|20
1396098753|20
1396098775|20
1396098797|20
1396098820|20
1396098842|20
1396098865|20
1396098887|20
1396098910|20
1396098932|20
1396098955|20
1396098977|20
1396099000|20
1396099022|20
1396099045|20
1396099067|20
1396099090|20
1396099112|20
1396099135|20
1396099157|20
1396099180|20
1396099202|20
1396099224|20
1396099247|20
1396099269|20
1396099292|20
1396099314|20
1396099337|20
1396099359|20
1396099382|20
1396099404|20
1396099427|20
1396099449|20
1396099472|20
1396099494|20
1396099517|20
1396099539|20
1396099561|20
1396099584|20
1396099606|20
1396099629|20
1396099651|20
1396099674|20
1396099696|20
1396099719|20
1396099741|20
1396099764|20
1396099786|20
1396099809|20
1396099831|20
1396099854|20
1396099876|20
1396099898|20
1396099921|20
1396099943|20
1396099966|20
1396099988|20
1396100011|20
1396100033|20
1396100056|20
1396100078|20
1396100101|20
1396100123|20
1396100146|20
1396100168|20
1396100191|20
1396100213|20
1396100235|20
1396100258|20
1396100280|20
1396100303|20
1396100325|20
1396100348|20
1396100370|20
1396100393|20
1396100415|20
1396100438|20
1396100460|20
1396100483|20
1396100505|20
1396100528|20
1396100550|20
1396100572|20
1396100595|20
1396100617|20
1396100640|20
1396100662|20
1396100685|20
1396100707|20
1396100730|20
1396100752|20
1396100775|20
1396100797|20
1396100820|20
1396100842|20
1396100865|20
1396100887|20
1396100909|20
1396100932|20
1396100954|20
1396100977|20
1396100999|20
1396101022|20
1396101044|20
1396101067|20
1396101089|20
1396101112|20
1396101134|20
1396101157|20
1396101179|20
1396101202|20
1396101224|20
1396101247|20
1396101269|20
1396101292|20
1396101314|20
1396101336|20
1396101359|20
1396101381|20
1396101404|20
1396101426|20
1396101449|20
1396101471|20
1396101494|20
1396101516|20
1396101539|20
1396101561|20
1396101584|20
1396101606|20
1396101629|20
1396101651|20
1396101673|20
1396101696|20
1396101718|20
1396101741|20
1396101763|20
1396101786|20
1396101808|20
1396101831|20
1396101853|20
1396101876|20
1396101898|20
1396101921|20
1396101943|20
1396101966|20
1396101988|20
1396102010|20
1396102033|20
1396102055|20
1396102078|20
1396102100|20
1396102123|20
1396102145|20
1396102168|20
1396102190|20
1396102213|20
1396102236|20
1396102258|20
1396102282|20
1396102304|20
1396102327|20
1396102349|20
1396102372|20
1396102394|20
1396102417|20
1396102439|20
1396102461|20
1396102484|20
1396102506|20
1396102529|20
1396102551|20
1396102574|20
1396102596|20
1396102619|20
1396102641|20
1396102664|20
1396102686|20
1396102709|20
1396102731|20
1396102754|20
1396102776|20
1396102798|20
1396102821|20
1396102843|20
1396102866|20
1396102888|20
1396102911|20
1396102933|20
1396102956|20
1396102978|20
1396103001|20
1396103023|20
1396103046|20
1396103068|20
1396103091|20
1396103113|20
1396103135|20
1396103158|20
1396103180|20
1396103203|20
1396103225|20
1396103248|20
1396103270|20
1396103293|20
1396103315|20
1396103338|20
1396103360|20
1396103383|20
1396103405|20
1396103428|20
1396103450|20
1396103472|20
1396103495|20
1396103517|20
1396103540|20
1396103562|20
1396103585|20
1396103607|20
1396103630|20
1396103652|20
1396103675|20
1396103697|20
1396103720|20
1396103742|20
1396103765|20
1396103787|20
1396103810|20
1396103832|20
1396103854|20
1396103877|20
1396103899|20
1396103922|20
1396103944|20
1396103967|20
1396103989|20
1396104012|20
1396104034|20
1396104057|20
1396104079|20
1396104102|20
1396104124|20
1396104147|20
1396104169|20
1396104192|20
1396104214|20
1396104236|20
1396104259|20
1396104281|20
1396104304|20
1396104326|20
1396104349|20
1396104371|20
1396104394|20
1396104416|20
1396104439|20
1396104461|20
1396104484|20
1396104506|20
1396104529|20
1396104551|20
1396104573|20
1396104596|20
1396104618|20
1396104641|20
1396104663|20
1396104686|20
1396104708|20
1396104731|20
1396104753|20
1396104776|20
1396104798|20
1396104821|20
1396104843|20
1396104866|20
1396104888|20
1396104910|20
1396104933|20
1396104955|20
1396104978|20
1396105000|20
1396105023|20
1396105045|20
1396105068|20
1396105090|20
1396105113|20
1396105135|20
1396105158|20
1396105180|20
1396105203|20
1396105225|20
1396105247|20
1396105270|20
1396105292|20
1396105315|20
1396105337|20
1396105360|20
1396105383|20
1396105405|20
1396105428|20
1396105450|20
1396105473|20
1396105495|20
1396105518|20
1396105540|20
1396105562|20
1396105585|20
1396105607|20
1396105630|20
1396105652|20
1396105675|20
1396105697|20
1396105720|20
1396105742|20
1396105765|20
1396105787|20
1396105810|20
1396105832|20
1396105855|20
1396105877|20
1396105899|20
1396105922|20
1396105944|20
1396105967|20
1396105989|20
1396106012|20
1396106034|20
1396106057|20
1396106079|20
1396106102|20
1396106124|20
1396106147|20
1396106169|20
1396106192|20
1396106214|20
1396106237|20
1396106259|20
1396106281|20
1396106304|20
1396106326|20
1396106349|20
1396106371|20
1396106394|20
1396106416|20
1396106439|20
1396106461|20
1396106484|20
1396106506|20
1396106529|20
1396106551|20
1396106574|20
1396106596|20
1396106618|20
1396106641|20
1396106663|20
1396106686|20
1396106708|20
1396106731|20
1396106753|20
1396106776|20
1396106798|20
1396106821|20
1396106843|20
1396106866|20
1396106888|20
1396106911|20
1396106933|20
1396106955|20
1396106978|20
1396107000|20
1396107023|20
1396107045|20
1396107068|20
1396107090|20
1396107113|20
1396107135|20
1396107158|20
1396107180|20
1396107203|20
1396107225|20
1396107248|20
1396107270|20
1396107293|20
1396107315|20
1396107338|20
1396107360|20
1396107382|20
1396107405|20
1396107427|20
1396107450|20
1396107472|20
1396107495|20
1396107517|20
1396107540|20
1396107562|20
1396107585|20
1396107607|20
1396107630|20
1396107652|20
1396107675|20
1396107697|20
1396107719|20
1396107742|20
1396107764|20
1396107787|20
1396107809|20
1396107832|20
1396107854|20
1396107877|20
1396107899|20
1396107922|20
1396107944|20
1396107967|20
1396107989|20
1396108012|20
1396108034|20
1396108056|20
1396108079|20
1396108101|20
1396108124|20
1396108146|20
1396108169|20
1396108191|20
1396108214|20
1396108236|20
1396108259|20
1396108281|20
1396108304|20
1396108326|20
1396108349|20
1396108371|20
1396108393|20
1396108416|20
1396108438|20
1396108461|20
1396108483|20
1396108506|20
1396108528|20
1396108551|20
1396108573|20
1396108596|20
1396108618|20
1396108641|20
1396108663|20
1396108686|20
1396108708|20
1396108731|20
1396108753|20
1396108775|20
1396108798|20
1396108820|20
1396108843|20
1396108865|20
1396108888|20
1396108910|20
1396108933|20
1396108955|20
1396108978|20
1396109000|20
1396109023|20
1396109045|20
1396109068|20
1396109090|20
1396109113|20
1396109135|20
1396109157|20
1396109180|20
1396109202|20
1396109225|20
1396109247|20
1396109270|20
1396109292|20
1396109315|20
1396109337|20
1396109360|20
1396109382|20
1396109405|20
1396109427|20
1396109450|20
1396109472|20
1396109494|20
1396109517|20
1396109539|20
1396109562|20
1396109584|20
1396109607|20
1396109629|20
1396109652|20
1396109674|20
1396109697|20
1396109719|20
1396109742|20
1396109764|20
1396109787|20
1396109809|20
1396109831|20
1396109854|20
1396109876|20
1396109899|20
1396109921|20
1396109944|20
1396109966|20
1396109989|20
1396110011|20
1396110034|20
1396110056|20
1396110079|20
1396110101|20
1396110124|20
1396110146|20
1396110168|20
1396110191|20
1396110213|20
1396110236|20
1396110258|20
1396110281|20
1396110303|20
1396110326|20
1396110348|20
1396110371|20
1396110393|20
1396110416|20
1396110438|20
1396110461|20
1396110483|20
1396110505|20
1396110528|20
1396110550|20
1396110573|20
1396110595|20
1396110618|20
1396110640|20
1396110663|20
1396110685|20
1396110708|20
1396110730|20
1396110753|20
1396110775|20
1396110798|20
1396110820|20
1396110843|20
1396110865|20
1396110887|20
1396110910|20
1396110932|20
1396110955|20
1396110977|20
1396111000|20
1396111022|20
1396111045|20
1396111067|20
1396111090|20
1396111112|20
1396111135|20
1396111157|20
1396111180|20
1396111202|20
1396111224|20
1396111247|20
1396111269|20
1396111292|20
1396111314|20
1396111337|20
1396111359|20
1396111382|20
1396111404|20
1396111427|20
1396111449|20
1396111472|20
1396111494|20
1396111517|20
1396111539|20
1396111561|20
1396111584|20
1396111606|20
1396111629|20
1396111651|20
1396111674|20
1396111696|20
1396111719|20
1396111741|20
1396111764|20
1396111786|20
1396111809|20
1396111831|20
1396111854|20
1396111876|20
1396111898|20
1396111921|20
1396111943|20
1396111966|20
1396111988|20
1396112011|20
1396112033|20
1396112056|20
1396112078|20
1396112101|20
1396112123|20
1396112146|20.376
1396112168|20.626
1396112191|20.626
1396112213|21.25
1396112236|21.376
1396112258|21.75
1396112280|21.75
1396112303|22.126
1396112325|22.376
1396112348|22.75
1396112370|22.876
1396112393|23.0
1396112415|23.126
1396112438|23.5
1396112460|23.626
1396112483|23.626
1396112505|24.0
1396112528|24.126
1396112550|24.25
1396112573|24.25
1396112595|24.25
1396112618|24.376
1396112640|24.626
1396112662|24.626
1396112685|24.5
1396112707|24.5
1396112730|24.876
1396112752|25.0
1396112775|25.126
1396112797|25.25
1396112820|25.376
1396112842|25.25
1396112865|25.5
1396112887|25.75
1396112910|25.876
1396112932|26.126
1396112955|26.5
1396112977|26.5
1396112999|26.126
1396113022|26.25
1396113044|26.376
1396113067|26.626
1396113089|26.75
1396113112|26.876
1396113134|27.0
1396113157|27.126
1396113179|27.126
1396113202|27.126
1396113224|27.0
1396113247|27.126
1396113269|27.25
1396113292|27.5
1396113314|27.25
1396113336|27.376
1396113359|27.5
1396113381|27.75
1396113404|28.0
1396113426|28.0
1396113449|28.25
1396113471|28.376
1396113494|28.376
1396113516|28.5
1396113539|28.5
1396113561|28.626
1396113584|28.626
1396113606|28.626
1396113629|28.876
1396113651|29.0
1396113674|29.0
1396113696|29.25
1396113718|29.126
1396113741|29.126
1396113763|29.0
1396113786|29.25
1396113808|29.376
1396113831|29.5
1396113853|29.626
1396113876|29.376
1396113898|29.5
1396113921|29.626
1396113943|29.75
1396113966|29.876
1396113988|29.75
1396114011|29.626
1396114033|29.876
1396114056|30.0
1396114078|25.063
1396114100|25.063
1396114123|25.125
1396114145|25.188
1396114168|25.125
1396114190|25.125
1396114213|25.188
1396114235|25.25
1396114258|25.25
1396114280|25.25
1396114303|25.313
1396114325|25.313
1396114348|25.313
1396114370|25.438
1396114393|25.5
1396114415|25.563
1396114437|25.625
1396114460|25.688
1396114482|25.75
1396114505|25.75
1396114527|25.688
1396114550|25.75
1396114572|25.813
1396114595|25.813
1396114617|25.875
1396114640|25.875
1396114662|25.875
1396114685|25.813
1396114707|25.813
1396114730|25.875
1396114752|25.875
1396114774|25.938
1396114797|25.938
1396114819|26.0
1396114842|25.938
1396114864|25.875
1396114888|25.938
1396114910|26.0
1396114933|26.0
1396114955|25.938
1396114978|25.938
1396115000|25.875
1396115022|26.0
1396115045|25.938
1396115067|25.938
1396115090|26.0
1396115112|26.063
1396115135|26.125
1396115157|26.188
1396115180|26.25
1396115202|26.313
1396115225|26.313
1396115247|26.313
1396115270|26.375
1396115292|26.375
1396115315|26.313
1396115337|26.25
1396115359|26.25
1396115382|26.25
1396115404|26.313
1396115427|26.313
1396115449|26.375
1396115472|26.375
1396115494|26.375
1396115517|26.375
1396115539|26.438
1396115562|26.438
1396115584|26.5
1396115607|26.563
1396115629|26.563
1396115652|26.563
1396115674|26.625
1396115696|26.625
1396115719|26.688
1396115741|26.688
1396115764|26.75
1396115786|26.75
1396115809|26.813
1396115831|26.875
1396115854|26.938
1396115876|26.875
1396115899|26.875
1396115921|26.875
1396115944|27.0
1396115966|27.063
1396115989|27.063
1396116011|27.125
1396116033|27.125
1396116056|27.188
1396116078|27.188
1396116101|27.25
1396116123|27.25
1396116146|27.188
1396116168|27.188
1396116191|27.188
1396116213|27.25
1396116236|27.25
1396116258|27.25
1396116281|27.313
1396116303|27.375
1396116326|27.438
1396116348|27.375
1396116370|27.375
1396116393|27.375
1396116415|27.375
1396116438|27.375
1396116460|27.438
1396116483|27.438
1396116505|27.5
1396116528|27.5
1396116550|27.563
1396116573|27.625
1396116595|27.625
1396116618|27.688
1396116640|27.688
1396116663|27.75
1396116685|27.688
1396116708|27.688
1396116730|27.688
1396116753|27.688
1396116775|27.688
1396116797|27.688
1396116820|27.688
1396116842|27.75
1396116865|27.75
1396116887|27.75
1396116910|27.75
1396116932|27.75
1396116955|27.75
1396116977|27.813
1396117000|27.813
1396117022|27.813
1396117045|27.813
1396117067|27.875
1396117090|27.75
1396117112|27.75
1396117134|27.875
1396117157|27.938
1396117179|28.0
1396117202|28.063
1396117224|28.063
1396117247|28.125
1396117269|28.063
1396117292|28.0
1396117314|28.0
1396117337|28.063
1396117359|28.125
1396117382|28.063
1396117404|28.063
1396117427|28.0
1396117449|28.063
1396117471|28.063
1396117494|28.063
1396117516|28.125
1396117539|28.188
1396117561|28.188
1396117584|28.188
1396117606|28.25
1396117629|28.313
1396117651|28.313
1396117674|28.313
1396117696|28.375
1396117719|28.375
1396117741|28.375
1396117764|28.375
1396117786|28.375
1396117808|28.375
1396117831|28.375
1396117853|28.375
1396117876|28.438
1396117898|28.438
1396117921|28.438
1396117943|28.438
1396117966|28.5
1396117988|28.5
1396118011|28.5
1396118033|28.563
1396118056|28.563
1396118078|28.563
1396118101|28.625
1396118123|28.625
1396118146|28.563
1396118168|28.625
1396118191|28.625
1396118213|28.625
1396118235|28.688
1396118258|28.688
1396118280|28.688
1396118303|28.625
1396118325|28.688
1396118348|28.688
1396118370|28.688
1396118393|28.688
1396118415|28.688
1396118438|28.75
1396118460|28.688
1396118483|28.75
1396118505|28.75
1396118528|28.75
1396118550|28.813
1396118572|28.875
1396118595|28.813
1396118617|28.875
1396118640|28.938
1396118662|28.938
1396118685|28.938
1396118707|28.938
1396118730|29.0
1396118752|29.0
1396118775|29.0
1396118797|29.0
1396118820|29.0
1396118842|29.063
1396118865|29.063
1396118887|29.063
1396118909|29.125
1396118932|29.125
1396118954|29.188
1396118977|29.188
1396118999|29.25
1396119022|29.25
1396119044|29.313
1396119067|29.313
1396119089|29.375
1396119112|29.375
1396119134|29.438
1396119157|29.375
1396119179|29.438
1396119202|29.438
1396119224|29.5
1396119247|29.5
1396119269|29.5
1396119291|29.438
1396119314|29.5
1396119336|29.375
1396119359|29.375
1396119381|29.438
1396119404|29.438
1396119426|29.438
1396119449|29.438
1396119471|29.5
1396119494|29.563
1396119516|29.563
1396119539|29.625
1396119561|29.625
1396119584|29.688
1396119606|29.688
1396119628|29.75
1396119651|29.75
1396119673|29.813
1396119696|29.75
1396119718|29.75
1396119741|29.75
1396119763|29.813
1396119786|29.813
1396119808|29.813
1396119831|29.813
1396119853|29.813
1396119876|29.875
1396119898|29.875
1396119921|29.938
1396119943|29.938
1396119965|29.938
1396119988|29.875
1396120010|29.875
1396120033|29.875
1396120055|29.938
1396120078|29.938
1396120100|30.0
1396120123|29.938
1396120145|29.938
1396120168|29.938
1396120190|29.938
1396120213|29.938
1396120235|29.938
1396120258|29.938
1396120280|30.0
1396120302|30.0
1396120325|30.0
1396120347|30.0
1396120370|30.0
1396120392|30.0
1396120415|30.0
1396120437|30.063
1396120460|30.063
1396120482|30.125
1396120505|30.188
1396120527|30.188
1396120550|30.188
1396120572|30.188
1396120595|30.188
1396120617|30.188
1396120639|30.188
1396120662|30.188
1396120684|30.188
1396120707|30.25
1396120729|30.25
1396120752|30.25
1396120774|30.25
1396120797|30.25
1396120819|30.313
1396120842|30.313
1396120864|30.313
1396120887|30.313
1396120909|30.313
1396120932|30.313
1396120954|30.313
1396120977|30.313
1396120999|30.313
1396121022|30.313
1396121044|30.313
1396121066|30.313
1396121089|30.25
1396121111|30.313
1396121134|30.313
1396121156|30.25
1396121179|30.25
1396121201|30.25
1396121224|30.25
1396121246|30.313
1396121269|30.313
1396121291|30.375
1396121314|30.375
1396121336|30.375
1396121359|30.375
1396121381|30.375
1396121403|30.375
1396121426|30.438
1396121448|30.438
1396121471|30.5
1396121493|30.563
1396121516|30.625
1396121538|30.625
1396121561|30.625
1396121583|30.688
1396121606|30.688
1396121628|30.688
1396121651|30.688
1396121673|30.688
1396121696|30.688
1396121718|30.688
1396121740|30.75
