1399486012|27.125
1399486034|27.125
1399486057|27.125
1399486079|27.063
1399486102|27.063
1399486124|27.063
1399486146|27.063
1399486169|27.063
1399486191|27.063
1399486214|27.063
1399486236|27.125
1399486259|27.063
1399486281|27.125
1399486304|27.125
1399486326|27.125
1399486349|27.125
1399486371|27.125
1399486394|27.188
1399486416|27.188
1399486439|27.188
1399486461|27.188
1399486483|27.188
1399486506|27.188
1399486528|27.188
1399486551|27.188
1399486573|27.188
1399486596|27.188
1399486618|27.188
1399486641|27.25
1399486663|27.188
1399486686|27.188
1399486708|27.25
1399486731|27.25
1399486753|27.25
1399486776|27.25
1399486798|27.25
1399486821|27.25
1399486843|27.188
1399486866|27.188
1399486888|27.25
1399486910|27.25
1399486933|27.25
1399486955|27.25
1399486978|27.25
1399487000|27.25
1399487023|27.25
1399487045|27.313
1399487068|27.313
1399487090|27.313
1399487113|27.313
1399487135|27.313
1399487158|27.313
1399487180|27.313
1399487203|27.313
1399487225|27.313
1399487247|27.313
1399487270|27.313
1399487292|27.313
1399487315|27.313
1399487337|27.313
1399487360|27.313
1399487382|27.375
1399487405|27.375
1399487427|27.375
1399487450|27.375
1399487472|27.375
1399487495|27.375
1399487517|27.375
1399487540|27.375
1399487562|27.375
1399487585|27.375
1399487607|27.375
1399487630|27.375
1399487652|27.375
1399487674|27.375
1399487697|27.375
1399487719|27.375
1399487742|27.375
1399487764|27.375
1399487787|27.375
1399487809|27.375
1399487832|27.375
1399487854|27.375
1399487877|27.438
1399487899|27.375
1399487922|27.375
1399487944|27.375
1399487967|27.375
1399487989|27.375
1399488011|27.438
1399488034|27.438
1399488056|27.438
1399488079|27.438
1399488101|27.375
1399488124|27.438
1399488146|27.438
1399488169|27.438
1399488191|27.438
1399488214|27.438
1399488236|27.438
1399488259|27.438
1399488281|27.438
1399488304|27.438
1399488326|27.438
1399488348|27.438
1399488371|27.438
1399488393|27.438
1399488416|27.438
1399488438|27.438
1399488461|27.438
1399488483|27.438
1399488506|27.438
1399488528|27.438
1399488551|27.5
1399488573|27.438
1399488596|27.438
1399488618|27.5
1399488641|27.5
1399488663|27.5
1399488685|27.5
1399488708|27.5
1399488730|27.5
1399488753|27.563
1399488775|27.5
1399488798|27.563
1399488820|27.563
1399488843|27.563
1399488865|27.563
1399488888|27.563
1399488910|27.625
1399488933|27.625
1399488955|27.625
1399488978|27.625
1399489000|27.625
1399489023|27.625
1399489045|27.625
1399489067|27.625
1399489090|27.625
1399489112|27.625
1399489135|27.625
1399489157|27.625
1399489180|27.625
1399489202|27.625
1399489225|27.625
1399489247|27.625
1399489270|27.625
1399489292|27.625
1399489315|27.625
1399489337|27.625
1399489360|27.625
1399489382|27.625
1399489404|27.625
1399489427|27.625
1399489449|27.625
1399489472|27.625
1399489494|27.625
1399489517|27.625
1399489539|27.625
1399489562|27.625
1399489584|27.625
1399489607|27.625
1399489629|27.625
1399489652|27.563
1399489674|27.625
1399489697|27.563
1399489719|27.625
1399489741|27.625
1399489764|27.563
1399489786|27.625
1399489809|27.563
1399489831|27.563
1399489854|27.563
1399489876|27.563
1399489899|27.563
1399489921|27.563
1399489944|27.563
1399489966|27.563
1399489989|27.625
1399490011|27.563
1399490034|27.625
1399490056|27.563
1399490078|27.563
1399490101|27.563
1399490123|27.563
1399490146|27.563
1399490168|27.563
1399490191|27.563
1399490213|27.563
1399490236|27.563
1399490258|27.563
1399490281|27.563
1399490303|27.563
1399490326|27.563
1399490348|27.5
1399490371|27.563
1399490393|27.563
1399490416|27.563
1399490438|27.5
1399490460|27.563
1399490483|27.5
1399490505|27.5
1399490528|27.563
1399490550|27.5
1399490573|27.563
1399490595|27.563
1399490618|27.563
1399490640|27.563
1399490663|27.563
1399490685|27.563
1399490708|27.563
1399490730|27.563
1399490753|27.563
1399490775|27.563
1399490798|27.563
1399490820|27.563
1399490842|27.563
1399490865|27.563
1399490887|27.563
1399490910|27.563
1399490932|27.563
1399490955|27.563
1399490977|27.563
1399491000|27.563
1399491022|27.563
1399491045|27.563
1399491067|27.563
1399491090|27.563
1399491112|27.563
1399491135|27.563
1399491157|27.563
1399491179|27.563
1399491202|27.5
1399491224|27.5
1399491247|27.5
1399491269|27.5
1399491292|27.5
1399491314|27.5
1399491337|27.5
1399491359|27.5
1399491382|27.5
1399491404|27.5
1399491427|27.5
1399491449|27.5
1399491472|27.5
1399491494|27.563
1399491516|27.5
1399491539|27.5
1399491561|27.5
1399491584|27.5
1399491606|27.5
1399491629|27.5
1399491651|27.5
1399491674|27.5
1399491696|27.5
1399491719|27.563
1399491741|27.563
1399491764|27.5
1399491786|27.5
1399491809|27.5
1399491831|27.5
1399491853|27.5
1399491876|27.5
1399491898|27.5
1399491921|27.5
1399491943|27.5
1399491966|27.5
1399491988|27.5
1399492011|27.5
1399492033|27.5
1399492056|27.5
1399492078|27.5
1399492101|27.5
1399492123|27.5
1399492146|27.5
1399492168|27.5
1399492191|27.5
1399492213|27.5
1399492236|27.5
1399492258|27.5
1399492280|27.5
1399492303|27.5
1399492325|27.5
1399492348|27.5
1399492370|27.5
1399492393|27.5
1399492415|27.5
1399492438|27.5
1399492460|27.5
1399492483|27.5
1399492505|27.5
1399492528|27.5
1399492550|27.5
1399492573|27.5
1399492595|27.5
1399492617|27.5
1399492640|27.5
1399492662|27.5
1399492685|27.438
1399492707|27.438
1399492730|27.438
1399492752|27.5
1399492775|27.438
1399492797|27.438
1399492820|27.438
1399492842|27.5
1399492865|27.438
1399492888|27.438
1399492910|27.438
1399492933|27.5
1399492955|27.438
1399492978|27.438
1399493000|27.5
1399493023|27.438
1399493045|27.438
1399493068|27.5
1399493090|27.438
1399493113|27.438
1399493135|27.438
1399493157|27.438
1399493180|27.438
1399493202|27.438
1399493225|27.5
1399493247|27.438
1399493270|27.438
1399493292|27.5
1399493315|27.438
1399493337|27.438
1399493360|27.438
1399493382|27.438
1399493405|27.438
1399493427|27.438
1399493450|27.5
1399493472|27.5
1399493494|27.5
1399493517|27.5
1399493539|27.5
1399493562|27.5
1399493584|27.5
1399493607|27.563
1399493629|27.5
1399493652|27.563
1399493674|27.563
1399493697|27.563
1399493719|27.563
1399493742|27.625
1399493764|27.625
1399493787|27.625
1399493809|27.625
1399493831|27.625
1399493854|27.625
1399493876|27.625
1399493899|27.625
1399493921|27.688
1399493944|27.688
1399493966|27.688
1399493989|27.688
1399494011|27.688
1399494034|27.688
1399494056|27.688
1399494079|27.75
1399494101|27.75
1399494124|27.75
1399494146|27.75
1399494169|27.75
1399494191|27.75
1399494213|27.75
1399494236|27.75
1399494258|27.75
1399494281|27.75
1399494303|27.75
1399494326|27.75
1399494348|27.75
1399494371|27.75
1399494393|27.75
1399494416|27.75
1399494438|27.75
1399494461|27.75
1399494483|27.75
1399494506|27.75
1399494528|27.75
1399494550|27.75
1399494573|27.75
1399494595|27.75
1399494618|27.75
1399494640|27.75
1399494663|27.75
1399494685|27.75
1399494708|27.75
1399494730|27.75
1399494753|27.75
1399494775|27.75
1399494798|27.688
1399494820|27.75
1399494843|27.75
1399494865|27.75
1399494888|27.75
1399494910|27.75
1399494932|27.75
1399494955|27.75
1399494977|27.688
1399495000|27.75
1399495022|27.688
1399495045|27.688
1399495067|27.688
1399495090|27.688
1399495112|27.688
1399495135|27.75
1399495157|27.688
1399495180|27.75
1399495202|27.688
1399495225|27.75
1399495247|27.75
1399495270|27.75
1399495292|27.75
1399495314|27.75
1399495337|27.75
1399495359|27.75
1399495382|27.75
1399495404|27.75
1399495427|27.688
1399495449|27.688
1399495472|27.688
1399495494|27.75
1399495517|27.75
1399495539|27.75
1399495562|27.75
1399495584|27.75
1399495607|27.688
1399495629|27.75
1399495651|27.75
1399495674|27.75
1399495696|27.75
1399495719|27.75
1399495741|27.75
1399495764|27.75
1399495786|27.688
1399495809|27.688
1399495831|27.688
1399495854|27.688
1399495876|27.688
1399495899|27.688
1399495921|27.688
1399495944|27.688
1399495966|27.688
1399495988|27.688
1399496011|27.75
1399496033|27.75
1399496056|27.688
1399496078|27.688
1399496101|27.688
1399496123|27.688
1399496146|27.688
1399496168|27.688
1399496191|27.688
1399496213|27.688
1399496236|27.688
1399496258|27.688
1399496281|27.688
1399496303|27.688
1399496326|27.688
1399496348|27.688
1399496371|27.688
1399496393|27.688
1399496415|27.688
1399496438|27.688
1399496460|27.688
1399496483|27.688
1399496505|27.688
1399496528|27.688
1399496550|27.688
1399496573|27.688
1399496595|27.688
1399496618|27.688
1399496640|27.688
1399496663|27.688
1399496685|27.688
1399496708|27.688
1399496730|27.625
1399496752|27.625
1399496775|27.625
1399496797|27.625
1399496820|27.625
1399496842|27.625
1399496865|27.625
1399496887|27.688
1399496910|27.688
1399496932|27.688
1399496955|27.625
1399496977|27.688
1399497000|27.625
1399497022|27.625
1399497045|27.688
1399497067|27.688
1399497089|27.625
1399497112|27.688
1399497134|27.625
1399497157|27.688
1399497179|27.688
1399497202|27.688
1399497224|27.688
1399497247|27.688
1399497269|27.688
1399497292|27.688
1399497314|27.688
1399497337|27.688
1399497359|27.688
1399497382|27.688
1399497404|27.688
1399497427|27.688
1399497449|27.688
1399497471|27.688
1399497494|27.688
1399497516|27.75
1399497539|27.75
1399497561|27.75
1399497584|27.75
1399497606|27.75
1399497629|27.75
1399497651|27.75
1399497674|27.75
1399497696|27.75
1399497719|27.75
1399497741|27.75
1399497764|27.75
1399497786|27.75
1399497809|27.75
1399497831|27.75
1399497854|27.75
1399497876|27.75
1399497898|27.75
1399497921|27.75
1399497943|27.75
1399497966|27.75
1399497988|27.75
1399498011|27.75
1399498033|27.75
1399498056|27.688
1399498078|27.688
1399498101|27.688
1399498123|27.688
1399498146|27.688
1399498168|27.688
1399498191|27.688
1399498213|27.688
1399498235|27.688
1399498258|27.688
1399498280|27.688
1399498303|27.688
1399498325|27.688
1399498348|27.625
1399498370|27.688
1399498393|27.688
1399498415|27.688
1399498438|27.688
1399498460|27.688
1399498483|27.688
1399498505|27.688
1399498528|27.688
1399498550|27.688
1399498572|27.688
1399498595|27.625
1399498617|27.688
1399498640|27.688
1399498662|27.688
1399498685|27.688
1399498707|27.688
1399498730|27.688
1399498752|27.688
1399498775|27.625
1399498797|27.688
1399498820|27.688
1399498842|27.688
1399498865|27.688
1399498887|27.625
1399498909|27.625
1399498932|27.625
1399498954|27.625
1399498977|27.688
1399498999|27.625
1399499022|27.688
1399499044|27.688
1399499067|27.625
1399499089|27.625
1399499112|27.625
1399499134|27.625
1399499157|27.625
1399499179|27.625
1399499202|27.625
1399499224|27.625
1399499246|27.625
1399499269|27.625
1399499291|27.688
1399499314|27.625
1399499336|27.625
1399499359|27.625
1399499381|27.625
1399499404|27.625
1399499426|27.625
1399499449|27.625
1399499471|27.625
1399499494|27.625
1399499516|27.625
1399499539|27.625
1399499561|27.688
1399499584|27.625
1399499606|27.625
1399499628|27.625
1399499651|27.688
1399499673|27.688
1399499696|27.688
1399499718|27.688
1399499741|27.688
1399499763|27.688
1399499786|27.688
1399499808|27.688
1399499831|27.688
1399499853|27.688
1399499876|27.688
1399499898|27.688
1399499921|27.688
1399499943|27.688
1399499966|27.688
1399499988|27.688
1399500010|27.688
1399500033|27.688
1399500055|27.688
1399500078|27.688
1399500100|27.688
1399500123|27.688
1399500145|27.688
1399500168|27.688
1399500190|27.688
1399500213|27.688
1399500235|27.688
1399500258|27.688
1399500280|27.688
1399500303|27.688
1399500325|27.688
1399500347|27.688
1399500370|27.688
1399500392|27.625
1399500415|27.688
1399500437|27.625
1399500460|27.688
1399500482|27.625
1399500505|27.625
1399500527|27.625
1399500550|27.625
1399500572|27.625
1399500595|27.625
1399500617|27.625
1399500640|27.625
1399500662|27.625
1399500684|27.625
1399500707|27.625
1399500729|27.625
1399500752|27.563
1399500774|27.625
1399500797|27.563
1399500819|27.625
1399500842|27.625
1399500864|27.625
1399500887|27.563
1399500909|27.563
1399500932|27.563
1399500954|27.563
1399500977|27.563
1399500999|27.563
1399501022|27.563
1399501044|27.563
1399501066|27.563
1399501089|27.625
1399501111|27.563
1399501134|27.563
1399501156|27.563
1399501179|27.563
1399501201|27.563
1399501224|27.563
1399501246|27.563
1399501269|27.563
1399501291|27.5
1399501314|27.563
1399501336|27.5
1399501359|27.5
1399501381|27.563
1399501403|27.5
1399501426|27.5
1399501448|27.5
1399501471|27.563
1399501493|27.5
1399501516|27.5
1399501538|27.5
1399501561|27.5
1399501583|27.5
1399501606|27.5
1399501628|27.5
1399501651|27.5
1399501673|27.5
1399501696|27.5
1399501718|27.5
1399501741|27.5
1399501763|27.5
1399501786|27.5
1399501808|27.5
1399501830|27.438
1399501853|27.5
1399501875|27.438
1399501898|27.438
1399501920|27.5
1399501943|27.5
1399501965|27.438
1399501988|27.5
1399502010|27.438
1399502033|27.438
1399502055|27.438
1399502078|27.438
1399502100|27.438
1399502123|27.438
1399502145|27.438
1399502167|27.438
1399502190|27.438
1399502212|27.438
1399502235|27.438
1399502257|27.438
1399502280|27.375
1399502302|27.375
1399502325|27.438
1399502347|27.438
1399502370|27.375
1399502392|27.375
1399502415|27.438
1399502437|27.438
1399502460|27.375
1399502482|27.438
1399502504|27.375
1399502527|27.375
1399502549|27.375
1399502572|27.375
1399502594|27.375
1399502617|27.375
1399502639|27.375
1399502662|27.375
1399502684|27.375
1399502707|27.375
1399502729|27.375
1399502752|27.375
1399502774|27.375
1399502797|27.375
1399502819|27.375
1399502841|27.375
1399502864|27.375
1399502886|27.313
1399502909|27.313
1399502931|27.313
1399502954|27.375
1399502976|27.313
1399502999|27.313
1399503021|27.375
1399503044|27.313
1399503066|27.375
1399503089|27.313
1399503111|27.313
1399503134|27.375
1399503156|27.313
1399503178|27.313
1399503201|27.313
1399503223|27.313
1399503246|27.375
1399503268|27.313
1399503291|27.313
1399503313|27.313
1399503336|27.313
1399503358|27.313
1399503381|27.375
1399503403|27.313
1399503426|27.313
1399503448|27.313
1399503471|27.313
1399503493|27.313
1399503516|27.313
1399503538|27.313
1399503560|27.313
1399503583|27.313
1399503605|27.313
1399503628|27.313
1399503650|27.313
1399503673|27.313
1399503695|27.313
1399503718|27.313
1399503740|27.313
1399503763|27.313
1399503785|27.313
1399503808|27.313
1399503830|27.313
1399503853|27.25
1399503875|27.25
1399503898|27.25
1399503920|27.25
1399503942|27.25
1399503965|27.25
1399503987|27.25
1399504010|27.25
1399504032|27.25
1399504055|27.25
1399504077|27.25
1399504100|27.25
1399504123|27.25
1399504145|27.25
1399504168|27.25
1399504190|27.25
1399504213|27.25
1399504235|27.25
1399504258|27.25
1399504280|27.25
1399504303|27.25
1399504325|27.313
1399504348|27.25
1399504370|27.313
1399504393|27.313
1399504415|27.313
1399504438|27.313
1399504460|27.313
1399504483|27.313
1399504505|27.313
1399504527|27.25
1399504550|27.313
1399504572|27.313
1399504595|27.313
1399504617|27.25
1399504640|27.313
1399504662|27.25
1399504685|27.313
1399504707|27.313
1399504730|27.25
1399504752|27.313
1399504775|27.313
1399504797|27.313
1399504820|27.313
1399504842|27.313
1399504864|27.25
1399504887|27.25
1399504909|27.25
1399504932|27.25
1399504954|27.25
1399504977|27.25
1399504999|27.25
1399505022|27.25
1399505044|27.313
1399505067|27.25
1399505089|27.25
1399505112|27.25
1399505134|27.25
1399505157|27.25
1399505179|27.25
1399505201|27.25
1399505224|27.25
1399505246|27.25
1399505269|27.25
1399505291|27.25
1399505314|27.25
1399505336|27.25
1399505359|27.25
1399505381|27.25
1399505404|27.25
1399505426|27.188
1399505449|27.188
1399505471|27.188
1399505494|27.188
1399505516|27.188
1399505539|27.188
1399505561|27.188
1399505584|27.188
1399505606|27.188
1399505628|27.188
1399505651|27.188
1399505673|27.125
1399505696|27.125
1399505718|27.188
1399505741|27.188
1399505763|27.188
1399505786|27.188
1399505808|27.188
1399505831|27.188
1399505853|27.188
1399505876|27.188
1399505898|27.188
1399505921|27.188
1399505943|27.188
1399505965|27.125
1399505988|27.188
1399506010|27.188
1399506033|27.188
1399506055|27.188
1399506078|27.188
1399506100|27.188
1399506123|27.188
1399506145|27.188
1399506168|27.188
1399506190|27.188
1399506213|27.188
1399506235|27.188
1399506258|27.188
1399506280|27.188
1399506302|27.188
1399506325|27.188
1399506347|27.188
1399506370|27.188
1399506392|27.188
1399506415|27.188
1399506437|27.188
1399506460|27.125
1399506482|27.125
1399506505|27.188
1399506527|27.125
1399506550|27.125
1399506572|27.125
1399506595|27.125
1399506617|27.125
1399506640|27.188
1399506662|27.125
1399506684|27.125
1399506707|27.188
1399506729|27.188
1399506752|27.188
1399506774|27.188
1399506797|27.188
1399506819|27.188
1399506842|27.188
1399506864|27.188
1399506887|27.188
1399506909|27.188
1399506932|27.188
1399506954|27.188
1399506977|27.188
1399506999|27.188
1399507021|27.188
1399507044|27.188
1399507066|27.188
1399507089|27.188
1399507111|27.188
1399507134|27.188
1399507156|27.125
1399507179|27.188
1399507201|27.188
1399507224|27.188
1399507246|27.188
1399507269|27.188
1399507291|27.188
1399507314|27.188
1399507336|27.25
1399507358|27.188
1399507381|27.25
1399507403|27.188
1399507426|27.188
1399507448|27.188
1399507471|27.188
1399507493|27.188
1399507516|27.188
1399507538|27.188
1399507561|27.188
1399507583|27.188
1399507606|27.188
1399507628|27.188
1399507651|27.188
1399507673|27.188
1399507695|27.188
1399507718|27.25
1399507740|27.25
1399507763|27.25
1399507785|27.25
1399507808|27.25
1399507830|27.25
1399507853|27.25
1399507875|27.25
1399507898|27.25
1399507920|27.25
1399507943|27.25
1399507965|27.25
1399507988|27.25
1399508010|27.25
1399508033|27.25
1399508055|27.25
1399508078|27.25
1399508100|27.25
1399508122|27.25
1399508145|27.25
1399508167|27.25
1399508190|27.25
1399508212|27.25
1399508235|27.25
1399508257|27.25
1399508280|27.25
1399508302|27.25
1399508325|27.25
1399508347|27.25
1399508370|27.188
1399508392|27.188
1399508415|27.188
1399508437|27.188
1399508460|27.188
1399508482|27.188
1399508505|27.188
1399508527|27.188
1399508550|27.188
1399508572|27.188
1399508595|27.188
1399508617|27.188
1399508640|27.188
1399508662|27.188
1399508684|27.188
1399508707|27.188
1399508729|27.188
1399508752|27.188
1399508774|27.25
1399508797|27.188
1399508819|27.25
1399508842|27.25
1399508864|27.188
1399508887|27.25
1399508909|27.25
1399508932|27.25
1399508954|27.25
1399508977|27.25
1399508999|27.25
1399509021|27.25
1399509044|27.25
1399509066|27.25
1399509089|27.25
1399509111|27.25
1399509134|27.25
1399509156|27.25
1399509179|27.25
1399509201|27.188
1399509224|27.188
1399509246|27.188
1399509269|27.188
1399509291|27.188
1399509314|27.188
1399509336|27.188
1399509359|27.188
1399509381|27.188
1399509404|27.188
1399509426|27.188
1399509448|27.188
1399509471|27.188
1399509493|27.188
1399509516|27.188
1399509538|27.188
1399509561|27.188
1399509583|27.25
1399509606|27.188
1399509628|27.188
1399509651|27.188
1399509673|27.188
1399509696|27.188
1399509718|27.188
1399509741|27.188
1399509763|27.188
1399509785|27.25
1399509808|27.25
1399509830|27.25
1399509853|27.25
1399509875|27.25
1399509898|27.25
1399509920|27.25
1399509943|27.25
1399509965|27.313
1399509988|27.313
1399510010|27.313
1399510033|27.313
1399510055|27.313
1399510078|27.313
1399510100|27.375
1399510122|27.375
1399510145|27.375
1399510167|27.375
1399510190|27.375
1399510212|27.375
1399510235|27.375
1399510257|27.313
1399510280|27.375
1399510302|27.313
1399510325|27.375
1399510347|27.375
1399510370|27.375
1399510392|27.375
1399510415|27.375
1399510437|27.438
1399510460|27.375
1399510482|27.438
1399510505|27.438
1399510527|27.438
1399510549|27.438
1399510572|27.5
1399510594|27.5
1399510617|27.5
1399510639|27.5
1399510662|27.5
1399510684|27.5
1399510707|27.5
1399510729|27.5
1399510752|27.563
1399510774|27.563
1399510797|27.563
1399510819|27.563
1399510842|27.563
1399510864|27.563
1399510886|27.563
1399510909|27.625
1399510931|27.625
1399510954|27.625
1399510976|27.625
1399510999|27.688
1399511021|27.688
1399511044|27.688
1399511066|27.688
1399511089|27.688
1399511111|27.75
1399511134|27.75
1399511156|27.75
1399511179|27.75
1399511201|27.813
1399511223|27.813
1399511246|27.813
1399511268|27.813
1399511291|27.875
1399511313|27.813
1399511336|27.813
1399511358|27.813
1399511381|27.813
1399511403|27.875
1399511426|27.813
1399511448|27.875
1399511471|27.875
1399511493|27.875
1399511516|27.875
1399511538|27.875
1399511560|27.938
1399511583|27.938
1399511605|27.938
1399511628|27.938
1399511650|27.938
1399511673|27.938
1399511695|28.0
1399511718|28.0
1399511740|28.0
1399511763|28.0
1399511785|28.0
1399511808|28.0
1399511830|28.063
1399511853|28.063
1399511875|28.063
1399511898|28.063
1399511920|28.125
1399511942|28.125
1399511965|28.125
1399511987|28.188
1399512010|28.188
1399512032|28.188
1399512055|28.188
1399512077|28.188
1399512100|28.188
1399512122|28.188
1399512145|28.25
1399512167|28.25
1399512190|28.25
1399512212|28.313
1399512235|28.25
1399512257|28.313
1399512279|28.313
1399512302|28.313
1399512324|28.375
1399512347|28.375
1399512369|28.375
1399512392|28.375
1399512414|28.375
1399512437|28.375
1399512459|28.375
1399512482|28.375
1399512504|28.438
1399512527|28.438
1399512549|28.438
1399512572|28.5
1399512594|28.5
1399512616|28.5
1399512639|28.5
1399512661|28.5
1399512684|28.5
1399512706|28.5
1399512729|28.5
1399512751|28.5
1399512774|28.563
1399512796|28.563
1399512819|28.563
1399512841|28.563
1399512864|28.625
1399512886|28.563
1399512909|28.625
1399512931|28.625
1399512954|28.688
1399512976|28.688
1399512998|28.688
1399513021|28.688
1399513043|28.688
1399513066|28.688
1399513088|28.688
1399513111|28.688
1399513133|28.625
1399513156|28.563
1399513178|28.563
1399513201|28.438
1399513223|28.438
1399513246|28.438
1399513268|28.5
1399513291|28.438
1399513313|28.438
1399513336|28.438
1399513358|28.375
1399513380|28.438
1399513403|28.375
1399513425|28.375
1399513448|28.375
1399513470|28.375
1399513493|28.375
1399513515|28.375
1399513538|28.375
1399513560|28.375
1399513583|28.375
1399513605|28.375
1399513628|28.375
1399513650|28.438
1399513673|28.438
1399513695|28.438
1399513717|28.438
1399513740|28.438
1399513762|28.5
1399513785|28.5
1399513807|28.5
1399513830|28.5
1399513852|28.5
1399513875|28.5
1399513897|28.5
1399513920|28.5
1399513942|28.5
1399513965|28.563
1399513987|28.563
1399514010|28.5
1399514032|28.563
1399514054|28.563
1399514077|28.563
1399514099|28.563
1399514122|28.563
1399514144|28.563
1399514167|28.625
1399514189|28.563
1399514212|28.625
1399514234|28.563
1399514257|28.625
1399514279|28.563
1399514302|28.625
1399514324|28.625
1399514347|28.688
1399514369|28.625
1399514391|28.688
1399514414|28.688
1399514436|28.688
1399514459|28.75
1399514481|28.75
1399514504|28.813
1399514526|28.813
1399514549|28.875
1399514571|28.875
1399514594|28.938
1399514616|28.938
1399514639|28.938
1399514661|28.938
1399514684|28.875
1399514706|28.938
1399514729|28.938
1399514751|28.875
1399514774|28.875
1399514796|28.938
1399514818|28.875
1399514841|28.938
1399514863|28.938
1399514886|28.938
1399514908|28.938
1399514931|28.938
1399514953|28.938
1399514976|29.0
1399514998|29.0
1399515021|29.063
1399515043|29.063
1399515066|29.063
1399515088|29.063
1399515111|29.063
1399515133|29.063
1399515155|29.063
1399515178|29.125
1399515200|29.125
1399515223|29.125
1399515245|29.125
1399515268|29.125
1399515290|29.125
1399515313|29.188
1399515335|29.125
1399515358|29.188
1399515380|29.188
1399515403|29.188
1399515425|29.188
1399515448|29.188
1399515470|29.188
1399515493|29.188
1399515515|29.25
1399515537|29.125
1399515560|29.125
1399515582|29.125
1399515605|29.063
1399515627|29.125
1399515650|29.188
1399515672|29.125
1399515695|29.125
1399515717|29.125
1399515740|29.063
1399515762|29.125
1399515785|29.063
1399515807|29.125
1399515830|29.188
1399515852|29.188
1399515874|29.188
1399515897|29.125
1399515919|29.125
1399515942|29.125
1399515964|29.063
1399515987|29.063
1399516009|29.0
1399516032|29.063
1399516054|29.063
1399516077|29.063
1399516099|29.0
1399516122|29.0
1399516144|29.0
1399516167|29.0
1399516189|29.0
1399516211|29.0
1399516234|29.0
1399516256|29.0
1399516279|29.0
1399516301|29.0
1399516324|29.0
1399516346|29.0
1399516369|29.0
1399516391|29.063
1399516414|29.063
1399516436|29.063
1399516459|29.125
1399516481|29.125
1399516504|29.188
1399516526|29.125
1399516548|29.125
1399516571|29.125
1399516593|29.063
1399516616|29.0
1399516638|29.063
1399516661|29.063
1399516683|29.063
1399516706|29.125
1399516728|29.125
1399516751|29.125
1399516773|29.125
1399516796|29.125
1399516818|29.125
1399516841|29.063
1399516863|29.063
1399516885|29.063
1399516908|29.063
1399516930|29.063
1399516953|29.063
1399516975|29.063
1399516998|29.0
1399517020|29.0
1399517043|29.0
1399517065|29.0
1399517088|29.0
1399517110|29.0
1399517133|28.938
1399517155|28.938
1399517178|28.938
1399517200|29.0
1399517223|28.938
1399517245|28.938
1399517268|28.938
1399517290|28.938
1399517312|29.0
1399517335|28.938
1399517357|29.0
1399517380|29.0
1399517402|28.938
1399517425|28.875
1399517447|28.813
1399517470|28.875
1399517492|28.875
1399517515|28.813
1399517537|28.813
1399517560|28.813
1399517582|28.813
1399517605|28.875
1399517627|28.875
1399517649|28.875
1399517672|28.875
1399517694|28.875
1399517717|28.875
1399517739|28.875
1399517762|28.813
1399517784|28.813
1399517807|28.75
1399517829|28.75
1399517852|28.75
1399517874|28.75
1399517897|28.688
1399517919|28.75
1399517942|28.75
1399517964|28.688
1399517986|28.688
1399518009|28.688
1399518031|28.688
1399518054|28.688
1399518076|28.688
1399518099|28.625
1399518121|28.625
1399518144|28.625
1399518166|28.625
1399518189|28.625
1399518211|28.625
1399518234|28.625
1399518256|28.625
1399518279|28.625
1399518301|28.688
1399518323|28.625
1399518346|28.625
1399518368|28.625
1399518391|28.625
1399518413|28.625
1399518436|28.688
1399518458|28.688
1399518481|28.688
1399518503|28.688
1399518526|28.688
1399518548|28.75
1399518571|28.813
1399518593|28.813
1399518616|28.813
1399518638|28.875
1399518661|28.813
1399518683|28.813
1399518706|28.813
1399518728|28.813
1399518750|28.813
1399518773|28.875
1399518795|28.875
1399518818|28.813
1399518840|28.813
1399518863|28.875
1399518885|28.875
1399518908|28.875
1399518930|28.875
1399518953|28.938
1399518975|28.938
1399518998|28.938
1399519020|28.938
1399519043|28.938
1399519065|29.0
1399519087|28.938
1399519110|28.938
1399519132|28.938
1399519155|28.938
1399519177|29.0
1399519200|29.0
1399519222|29.0
1399519245|29.0
1399519267|29.0
1399519290|29.063
1399519312|29.063
1399519335|29.063
1399519357|29.063
1399519380|29.125
1399519403|29.125
1399519425|29.125
1399519448|29.188
1399519470|29.188
1399519493|29.188
1399519515|29.188
1399519538|29.188
1399519560|29.188
1399519583|29.25
1399519605|29.25
1399519628|29.25
1399519650|29.25
1399519672|29.25
1399519695|29.188
1399519717|29.188
1399519740|29.188
1399519762|29.188
1399519785|29.125
1399519807|29.125
1399519830|29.063
1399519852|29.063
1399519875|29.063
1399519897|29.125
1399519920|29.125
1399519942|29.125
1399519965|29.063
1399519987|29.063
1399520009|29.063
1399520032|29.0
1399520054|29.0
1399520077|29.0
1399520099|28.938
1399520122|28.938
1399520144|28.938
1399520167|28.813
1399520189|28.813
1399520212|28.813
1399520234|28.813
1399520257|28.75
1399520279|28.75
1399520302|28.75
1399520324|28.625
1399520346|28.625
1399520369|28.563
1399520391|28.563
1399520414|28.5
1399520436|28.5
1399520460|28.5
1399520482|28.5
1399520505|28.5
1399520527|28.5
1399520550|28.438
1399520572|28.438
1399520595|28.438
1399520617|28.438
1399520639|28.438
1399520662|28.438
1399520684|28.5
1399520707|28.438
1399520729|28.438
1399520752|28.438
1399520774|28.5
1399520797|28.438
1399520819|28.438
1399520842|28.438
1399520864|28.438
1399520887|28.438
1399520909|28.438
1399520932|28.438
1399520954|28.438
1399520976|28.375
1399520999|28.375
1399521021|28.375
1399521044|28.375
1399521066|28.375
1399521089|28.375
1399521111|28.375
1399521134|28.375
1399521156|28.375
1399521179|28.313
1399521201|28.313
1399521224|28.313
1399521246|28.313
1399521269|28.375
1399521291|28.313
1399521313|28.313
1399521336|28.313
1399521358|28.313
1399521381|28.313
1399521403|28.313
1399521426|28.313
1399521448|28.313
1399521471|28.313
1399521493|28.25
1399521516|28.25
1399521538|28.25
1399521561|28.25
1399521583|28.25
1399521606|28.25
1399521628|28.25
1399521650|28.25
1399521673|28.25
1399521695|28.188
1399521718|28.188
1399521740|28.188
1399521763|28.188
1399521785|28.188
1399521808|28.188
1399521830|28.125
1399521853|28.188
1399521875|28.125
1399521898|28.125
1399521920|28.125
1399521943|28.125
1399521965|28.125
1399521988|28.125
1399522010|28.125
1399522032|28.125
1399522055|28.125
1399522077|28.063
1399522100|28.063
1399522122|28.063
1399522145|28.063
1399522167|28.063
1399522190|28.0
1399522212|28.0
1399522235|28.0
1399522257|28.0
1399522280|28.0
1399522302|28.0
1399522325|28.0
1399522347|27.938
1399522369|27.938
1399522392|27.938
1399522414|27.938
1399522437|27.938
1399522459|27.875
1399522482|27.875
1399522504|27.875
1399522527|27.875
1399522549|27.813
1399522572|27.813
1399522594|27.813
1399522617|27.813
1399522639|27.813
1399522662|27.813
1399522684|27.813
1399522707|27.813
1399522729|27.813
1399522751|27.813
1399522774|27.75
1399522796|27.75
1399522819|27.75
1399522841|27.75
1399522864|27.75
1399522886|27.75
1399522909|27.75
1399522931|27.75
1399522954|27.688
1399522976|27.688
1399522999|27.688
1399523022|27.688
1399523044|27.688
1399523067|27.688
1399523089|27.688
1399523112|27.625
1399523134|27.625
1399523157|27.625
1399523179|27.625
1399523202|27.563
1399523224|27.563
1399523247|27.563
1399523269|27.5
1399523292|27.5
1399523314|27.5
1399523336|27.5
1399523359|27.5
1399523381|27.438
1399523404|27.438
1399523426|27.438
1399523449|27.438
1399523471|27.438
1399523494|27.438
1399523516|27.375
1399523539|27.375
1399523561|27.375
1399523584|27.313
1399523606|27.313
1399523629|27.313
1399523651|27.313
1399523673|27.25
1399523696|27.25
1399523718|27.25
1399523741|27.25
1399523763|27.25
1399523786|27.25
1399523808|27.25
1399523831|27.25
1399523853|27.25
1399523876|27.188
1399523898|27.188
1399523921|27.188
1399523943|27.188
1399523966|27.125
1399523988|27.125
1399524011|27.125
1399524033|27.125
1399524055|27.125
1399524078|27.125
1399524100|27.125
1399524123|27.125
1399524145|27.125
1399524168|27.063
1399524190|27.063
1399524213|27.063
1399524235|27.063
1399524258|27.063
1399524280|27.063
1399524303|27.063
1399524325|27.063
1399524348|27.063
1399524370|27.0
1399524393|27.0
1399524415|27.0
1399524437|26.938
1399524460|26.938
1399524482|26.938
1399524505|26.875
1399524527|26.875
1399524550|26.875
1399524572|26.813
1399524595|26.875
1399524617|26.813
1399524640|26.813
1399524662|26.813
1399524685|26.813
1399524707|26.75
1399524730|26.75
1399524752|26.75
1399524774|26.75
1399524797|26.688
1399524819|26.688
1399524842|26.625
1399524864|26.688
1399524887|26.688
1399524909|26.625
1399524932|26.625
1399524954|26.563
1399524977|26.625
1399524999|26.563
1399525022|26.563
1399525044|26.563
1399525067|26.563
1399525089|26.563
1399525112|26.5
1399525134|26.5
1399525156|26.5
1399525179|26.5
1399525201|26.5
1399525224|26.5
1399525246|26.5
1399525269|26.5
1399525291|26.5
1399525314|26.438
1399525336|26.5
1399525359|26.5
1399525381|26.438
1399525404|26.438
1399525426|26.438
1399525449|26.438
1399525471|26.438
1399525493|26.438
1399525516|26.438
1399525538|26.438
1399525561|26.438
1399525583|26.438
1399525606|26.438
1399525628|26.375
1399525651|26.375
1399525673|26.375
1399525696|26.438
1399525718|26.375
1399525741|26.375
1399525763|26.313
1399525786|26.313
1399525808|26.313
1399525831|26.313
1399525853|26.313
1399525876|26.313
1399525898|26.313
1399525920|26.313
1399525943|26.313
1399525965|26.313
1399525988|26.313
1399526010|26.25
1399526033|26.25
1399526055|26.25
1399526078|26.25
1399526100|26.25
1399526123|26.188
1399526145|26.188
1399526168|26.188
1399526190|26.188
1399526213|26.188
1399526235|26.125
1399526257|26.125
1399526280|26.125
1399526302|26.125
1399526325|26.125
1399526347|26.125
1399526370|26.125
1399526392|26.125
1399526415|26.125
1399526437|26.125
1399526460|26.125
1399526482|26.125
1399526505|26.188
1399526527|26.188
1399526550|26.125
1399526572|26.125
1399526594|26.188
1399526617|26.125
1399526639|26.125
1399526662|26.125
1399526684|26.125
1399526707|26.125
1399526729|26.125
1399526752|26.125
1399526774|26.125
1399526797|26.125
1399526819|26.125
1399526842|26.063
1399526864|26.063
1399526887|26.063
1399526909|26.063
1399526932|26.063
1399526954|26.063
1399526977|26.063
1399526999|26.063
1399527021|26.063
1399527044|26.0
1399527066|26.063
1399527089|26.0
1399527111|26.0
1399527134|26.0
1399527156|25.938
1399527179|25.938
1399527201|25.875
1399527224|25.875
1399527246|25.875
1399527269|25.813
1399527291|25.813
1399527314|25.75
1399527336|25.75
1399527358|25.75
1399527381|25.75
1399527403|25.75
1399527426|25.688
1399527448|25.688
1399527471|25.625
1399527493|25.625
1399527516|25.563
1399527538|25.563
1399527561|25.5
1399527583|25.5
1399527606|25.438
1399527628|25.438
1399527651|25.438
1399527673|25.438
1399527695|25.5
1399527718|25.438
1399527740|25.438
1399527763|25.438
1399527785|25.375
1399527808|25.375
1399527830|25.313
1399527853|25.313
1399527875|25.313
1399527898|25.25
1399527920|25.25
1399527943|25.188
1399527965|25.188
1399527988|25.188
1399528010|25.188
1399528032|25.125
1399528055|25.125
1399528077|25.063
1399528100|25.063
1399528122|25.063
1399528145|25.063
1399528167|25.063
1399528190|25.063
1399528212|30.0
1399528235|29.876
1399528257|29.75
1399528280|29.876
1399528302|29.75
1399528325|29.626
1399528347|29.75
1399528369|29.75
1399528392|29.75
1399528414|29.75
1399528437|29.75
1399528459|29.75
1399528482|29.5
1399528504|29.5
1399528527|29.5
1399528549|29.5
1399528572|29.376
1399528594|29.376
1399528617|29.376
1399528639|29.376
1399528662|29.376
1399528684|29.376
1399528706|29.376
1399528729|29.376
1399528751|29.376
1399528774|29.376
1399528796|29.25
1399528819|29.25
1399528841|29.25
1399528864|29.126
1399528886|29.126
1399528909|29.126
1399528931|29.25
1399528954|29.25
1399528976|29.25
1399528999|29.126
1399529021|29.126
1399529044|29.126
1399529066|29.0
1399529088|29.25
1399529111|29.126
1399529133|29.126
1399529156|29.126
1399529178|29.126
1399529201|29.25
1399529223|29.25
1399529246|29.376
1399529268|29.376
1399529291|29.5
1399529313|29.376
1399529336|29.5
1399529358|29.376
1399529381|29.376
1399529403|29.376
1399529425|29.376
1399529448|29.376
1399529470|29.376
1399529493|29.25
1399529515|29.376
1399529538|29.376
1399529560|29.376
1399529583|29.25
1399529605|29.126
1399529628|29.126
1399529650|29.25
1399529673|29.126
1399529695|29.0
1399529718|29.0
1399529740|29.0
1399529762|28.876
1399529785|28.876
1399529807|28.876
1399529830|28.876
1399529852|28.876
1399529875|28.75
1399529897|28.75
1399529920|28.626
1399529942|28.626
1399529965|28.626
1399529987|28.876
1399530010|29.0
1399530032|28.876
1399530055|28.876
1399530077|28.75
1399530099|28.626
1399530122|28.5
1399530144|28.5
1399530167|28.376
1399530189|28.376
1399530212|28.376
1399530234|28.126
1399530257|28.0
1399530279|28.126
1399530302|28.126
1399530324|28.126
1399530347|28.25
1399530369|28.25
1399530392|28.25
1399530414|28.25
1399530436|27.75
1399530459|27.626
1399530481|27.5
1399530504|27.376
1399530526|27.376
1399530549|27.5
1399530571|27.5
1399530594|27.5
1399530616|27.376
1399530639|27.5
1399530661|27.626
1399530684|27.626
1399530706|27.626
1399530729|27.626
1399530751|27.5
1399530774|27.5
1399530796|27.626
1399530819|27.5
1399530841|27.626
1399530863|27.5
1399530886|27.626
1399530908|27.376
1399530931|27.25
1399530953|27.126
1399530976|27.126
1399530998|26.876
1399531021|26.876
1399531043|26.876
1399531066|26.876
1399531088|26.876
1399531111|27.0
1399531133|26.876
1399531156|27.0
1399531178|26.876
1399531200|26.876
1399531223|26.75
1399531245|26.75
1399531268|26.75
1399531290|27.0
1399531313|27.126
1399531335|27.126
1399531358|27.126
1399531380|27.126
1399531403|27.0
1399531425|27.0
1399531448|27.0
1399531470|27.0
1399531493|26.876
1399531515|27.0
1399531537|27.25
1399531560|27.126
1399531582|27.126
1399531605|27.25
1399531627|27.25
1399531650|27.25
1399531672|27.25
1399531695|27.5
1399531717|27.376
1399531740|27.5
1399531762|27.626
1399531785|27.626
1399531807|27.626
1399531830|27.626
1399531852|27.626
1399531874|27.626
1399531897|27.75
1399531919|27.75
1399531942|27.626
1399531964|27.626
1399531987|27.5
1399532009|27.626
1399532032|27.626
1399532054|27.626
1399532077|27.626
1399532099|27.626
1399532122|27.5
1399532144|27.626
1399532167|27.626
1399532189|27.626
1399532211|27.5
1399532234|27.5
1399532256|27.5
1399532279|27.626
1399532301|27.876
1399532324|27.75
1399532346|27.626
1399532369|27.376
1399532391|27.5
1399532414|27.75
1399532436|27.626
1399532459|27.376
1399532481|27.25
1399532504|27.25
1399532526|27.126
1399532549|26.876
1399532571|26.876
1399532593|26.876
1399532616|26.75
1399532638|26.626
1399532661|26.626
1399532683|26.626
1399532706|26.75
1399532728|26.626
1399532751|26.5
1399532773|26.376
1399532796|26.376
1399532818|26.376
1399532841|26.25
1399532863|26.376
1399532886|26.626
1399532908|26.5
1399532931|26.376
1399532953|26.25
1399532975|26.0
1399532998|26.0
1399533020|25.876
1399533043|25.876
1399533065|25.75
1399533088|25.5
1399533110|25.5
1399533133|25.626
1399533155|25.75
1399533178|25.75
1399533200|25.75
1399533223|25.75
1399533245|25.876
1399533268|25.75
1399533290|25.75
1399533312|25.5
1399533335|25.5
1399533357|25.376
1399533380|25.25
1399533402|25.5
1399533425|25.25
1399533447|25.126
1399533470|24.876
1399533492|24.75
1399533515|24.75
1399533537|24.75
1399533560|24.75
1399533582|24.626
1399533605|24.5
1399533627|24.376
1399533649|24.25
1399533672|24.25
1399533694|24.376
1399533717|24.25
1399533739|24.126
1399533762|24.126
1399533784|24.126
1399533807|24.126
1399533829|24.126
1399533852|24.126
1399533874|24.0
1399533897|24.0
1399533919|24.0
1399533942|24.0
1399533964|24.0
1399533987|24.0
1399534009|23.876
1399534031|23.876
1399534054|23.75
1399534076|23.876
1399534099|23.876
1399534121|23.876
1399534144|23.876
1399534166|23.75
1399534189|23.75
1399534211|23.626
1399534234|23.626
1399534256|23.376
1399534279|23.5
1399534301|23.376
1399534324|23.376
1399534346|23.376
1399534368|23.25
1399534391|23.25
1399534413|23.25
1399534436|23.5
1399534458|23.626
1399534481|23.626
1399534503|23.626
1399534526|23.75
1399534548|24.0
1399534571|23.75
1399534593|23.876
1399534616|23.75
1399534638|23.75
1399534661|23.626
1399534683|23.5
1399534705|23.376
1399534728|23.5
1399534750|23.5
1399534773|23.626
1399534795|23.75
1399534818|23.5
1399534840|23.25
1399534863|23.126
1399534885|23.126
1399534908|23.0
1399534930|22.876
1399534953|22.75
1399534975|22.75
1399534998|22.5
1399535020|22.5
1399535043|22.5
1399535065|22.25
1399535087|22.25
1399535110|22.25
1399535132|22.25
1399535155|22.25
1399535177|23.0
1399535200|23.0
1399535222|22.876
1399535245|22.75
1399535267|22.876
1399535290|23.0
1399535312|23.0
1399535335|23.25
1399535357|23.0
1399535380|22.876
1399535402|22.75
1399535425|22.75
1399535447|22.75
1399535469|23.0
1399535492|22.876
1399535514|23.0
1399535537|23.0
1399535559|23.0
1399535582|23.126
1399535604|23.25
1399535627|23.126
1399535649|23.0
1399535672|23.126
1399535694|23.5
1399535717|23.5
1399535739|23.5
1399535762|23.75
1399535784|24.0
1399535806|23.876
1399535829|23.876
1399535851|24.126
1399535874|24.376
1399535896|24.376
1399535919|24.5
1399535941|24.626
1399535964|24.626
1399535986|24.626
1399536009|24.626
1399536031|24.75
1399536054|24.626
1399536076|24.75
1399536099|24.75
1399536121|24.75
1399536144|24.626
1399536166|24.626
1399536189|24.626
1399536211|24.75
1399536233|24.626
1399536256|24.5
1399536278|24.5
1399536301|24.5
1399536323|24.5
1399536346|24.5
1399536368|24.5
1399536391|24.376
1399536413|24.5
1399536436|24.75
1399536458|24.75
1399536481|24.75
1399536503|24.75
1399536526|24.5
1399536548|24.5
1399536570|24.5
1399536593|24.626
1399536615|24.5
1399536638|24.5
1399536660|24.626
1399536683|24.626
1399536705|24.626
1399536728|24.626
1399536750|24.626
1399536773|24.75
1399536795|24.626
1399536818|24.376
1399536840|24.25
1399536863|24.376
1399536885|24.626
1399536907|24.75
1399536930|25.0
1399536952|24.876
1399536975|24.876
1399536997|25.126
1399537020|25.25
1399537042|25.126
1399537065|25.376
1399537087|25.376
1399537110|25.5
1399537132|25.5
1399537155|25.376
1399537177|25.376
1399537200|25.376
1399537222|25.25
1399537245|25.25
1399537267|25.126
1399537289|25.126
1399537312|25.0
1399537334|25.0
1399537357|25.126
1399537379|25.126
1399537402|25.25
1399537424|25.5
1399537447|25.25
1399537469|25.25
1399537492|25.25
1399537514|25.25
1399537537|25.25
1399537559|25.25
1399537582|25.25
1399537604|25.5
1399537626|25.376
1399537649|25.5
1399537671|25.5
1399537694|25.876
1399537716|25.75
1399537739|25.876
1399537761|25.75
1399537784|25.626
1399537806|25.626
1399537829|25.5
1399537852|25.626
1399537874|25.25
1399537897|25.376
1399537919|25.376
1399537942|25.626
1399537964|25.75
1399537987|25.876
1399538009|25.75
1399538032|25.75
1399538054|25.75
1399538077|25.876
1399538099|25.75
1399538122|25.876
1399538144|26.0
1399538167|26.0
1399538189|26.0
1399538211|26.0
1399538234|26.0
1399538256|25.876
1399538279|25.876
1399538301|25.75
1399538324|25.626
1399538346|25.626
1399538369|25.626
1399538391|25.876
1399538414|25.876
1399538436|25.626
1399538459|25.75
1399538481|26.0
1399538504|26.0
1399538526|26.0
1399538549|26.0
1399538571|25.876
1399538593|25.75
1399538616|25.876
1399538638|25.75
1399538661|25.75
1399538683|25.75
1399538706|25.75
1399538728|25.626
1399538751|25.376
1399538773|25.376
1399538796|25.376
1399538818|25.376
1399538841|25.376
1399538863|25.376
1399538886|25.126
1399538908|25.126
1399538930|25.0
1399538953|24.876
1399538975|24.876
1399538998|25.0
1399539020|24.75
1399539043|24.876
1399539065|24.876
1399539088|25.0
1399539110|25.0
1399539133|24.75
1399539155|24.5
1399539178|24.376
1399539200|24.5
1399539223|24.25
1399539245|24.25
1399539267|24.25
1399539290|24.376
1399539312|24.25
1399539335|24.5
1399539357|24.5
1399539380|24.376
1399539402|24.25
1399539425|24.0
1399539447|23.876
1399539470|24.0
1399539492|24.25
1399539515|24.0
1399539537|24.0
1399539560|24.126
1399539582|24.0
1399539604|24.0
1399539627|23.876
1399539649|23.75
1399539672|23.5
1399539694|23.376
1399539717|23.25
1399539739|23.376
1399539762|23.0
1399539784|23.126
1399539807|23.376
1399539829|23.626
1399539852|23.376
1399539874|23.25
1399539897|23.0
1399539919|22.876
1399539941|22.75
1399539964|22.75
1399539986|22.626
1399540009|22.626
1399540031|22.626
1399540054|22.75
1399540076|23.0
1399540099|22.876
1399540121|22.75
1399540144|22.75
1399540166|23.126
1399540189|23.0
1399540211|22.876
1399540234|22.75
1399540256|22.75
1399540279|23.126
1399540301|23.126
1399540323|23.0
1399540346|22.626
1399540368|22.75
1399540391|22.75
1399540413|23.0
1399540436|23.5
1399540458|23.75
1399540481|23.5
1399540503|23.876
1399540526|23.626
1399540548|23.5
1399540571|23.626
1399540593|23.626
1399540616|23.626
1399540638|23.626
1399540661|23.75
1399540683|23.5
1399540705|23.5
1399540728|23.75
1399540750|23.876
1399540773|23.75
1399540795|23.5
1399540818|23.626
1399540840|23.25
1399540863|22.876
1399540885|22.626
1399540908|22.25
1399540930|21.876
1399540953|22.0
1399540975|22.126
1399540998|22.376
1399541020|22.25
1399541042|21.876
1399541065|22.0
1399541087|21.75
1399541110|21.75
1399541132|21.626
1399541155|21.5
1399541177|21.5
1399541200|21.376
1399541222|21.376
1399541245|21.5
1399541267|21.126
1399541290|20.75
1399541312|20.75
1399541335|20.5
1399541357|20.126
1399541380|20.25
1399541402|20
1399541424|20
1399541447|20
1399541469|20
1399541492|20
1399541514|20
1399541537|20
1399541559|20.126
1399541582|20.25
1399541604|20.5
1399541627|20.376
1399541649|20.5
1399541672|20.876
1399541694|21.25
1399541717|21.25
1399541739|21.25
1399541761|21.25
1399541784|21.876
1399541806|21.626
1399541829|21.25
1399541851|21.0
1399541874|21.0
1399541896|20.75
1399541919|20.5
1399541941|20.5
1399541964|20.376
1399541986|20.25
1399542009|20
1399542031|20
1399542054|20
1399542076|20
1399542098|20
1399542121|20
1399542143|20
1399542166|20
1399542188|20
1399542211|20
1399542233|20
1399542256|20
1399542278|20
1399542301|20.126
1399542323|20.25
1399542346|20
1399542368|20
1399542391|20
1399542413|20.5
1399542436|20.75
1399542458|20.376
1399542480|20.376
1399542503|20.376
1399542525|20.376
1399542548|20.376
1399542570|20.5
1399542593|20.5
1399542615|20.25
1399542638|20.376
1399542660|20.126
1399542683|20
1399542705|20
1399542728|20
1399542750|20.376
1399542773|20.25
1399542795|20.25
1399542818|20
1399542840|20
1399542862|20
1399542885|20
1399542907|20
1399542930|20
1399542952|20
1399542975|20
1399542997|20
1399543020|20
1399543042|20
1399543065|20
1399543087|20
1399543110|20
1399543132|20
1399543155|20
1399543177|20
1399543199|20
1399543222|20
1399543244|20
1399543267|20
1399543289|20
1399543312|20
1399543334|20
1399543357|20
1399543379|20
1399543402|20
1399543424|20
1399543447|20
1399543469|20
1399543492|20
1399543514|20
1399543536|20
1399543559|20
1399543581|20
1399543604|20
1399543626|20
1399543649|20
1399543671|20
1399543694|20
1399543716|20
1399543739|20
1399543761|20
1399543784|20
1399543806|20
1399543829|20
1399543851|20
1399543874|20
1399543896|20
1399543918|20
1399543941|20
1399543963|20
1399543986|20
1399544008|20
1399544031|20
1399544053|20
1399544076|20
1399544098|20
1399544121|20
1399544143|20
1399544166|20
1399544188|20
1399544211|20
1399544233|20
1399544256|20
1399544278|20
1399544300|20
1399544323|20
1399544345|20
1399544368|20
1399544390|20
1399544413|20
1399544435|20
1399544458|20
1399544480|20
1399544503|20
1399544525|20
1399544548|20
1399544570|20
1399544593|20
1399544615|20
1399544637|20
1399544660|20
1399544682|20
1399544705|20
1399544727|20
1399544750|20
1399544772|20
1399544795|20
1399544817|20
1399544840|20
1399544862|20
1399544885|20
1399544907|20
1399544930|20
1399544952|20
1399544974|20
1399544997|20
1399545019|20
1399545042|20
1399545064|20
1399545087|20
1399545109|20
1399545132|20
1399545154|20
1399545177|20
1399545199|20
1399545222|20
1399545244|20
1399545267|20
1399545289|20
1399545311|20
1399545334|20
1399545356|20
1399545379|20
1399545401|20
1399545424|20
1399545446|20
1399545469|20
1399545491|20
1399545514|20
1399545536|20
1399545559|20
1399545581|20
1399545604|20
1399545626|20
1399545649|20
1399545671|20
1399545693|20
1399545716|20
1399545738|20
1399545761|20
1399545783|20
1399545806|20
1399545828|20
1399545851|20
1399545873|20
1399545896|20
1399545918|20
1399545941|20
1399545963|20
1399545986|20
1399546008|20
1399546030|20
1399546053|20
1399546075|20
1399546098|20
1399546120|20
1399546143|20
1399546165|20
1399546188|20
1399546210|20
1399546233|20
1399546255|20
1399546278|20
1399546300|20
1399546323|20
1399546345|20
1399546367|20
1399546390|20
1399546412|20
1399546435|20
1399546457|20
1399546480|20
1399546502|20
1399546525|20
1399546547|20
1399546570|20
1399546592|20
1399546615|20
1399546637|20
1399546660|20
1399546682|20
1399546704|20
1399546727|20
1399546749|20
1399546772|20
1399546794|20
1399546817|20
1399546839|20
1399546862|20
1399546884|20
1399546907|20
1399546929|20
1399546952|20
1399546974|20
1399546997|20
1399547019|20
1399547042|20
1399547064|20
1399547086|20
1399547109|20
1399547131|20
1399547154|20
1399547176|20
1399547199|20
1399547221|20
1399547244|20
1399547266|20
1399547289|20
1399547311|20
1399547334|20
1399547356|20
1399547379|20
1399547401|20
1399547424|20
1399547446|20
1399547468|20
1399547491|20
1399547513|20
1399547536|20
1399547558|20
1399547581|20
1399547603|20
1399547626|20
1399547648|20
1399547671|20
1399547693|20
1399547716|20
1399547738|20
1399547761|20
1399547783|20
1399547805|20
1399547828|20
1399547850|20
1399547873|20
1399547895|20
1399547918|20
1399547940|20
1399547963|20
1399547985|20
1399548008|20
1399548030|20
1399548053|20
1399548075|20
1399548098|20
1399548120|20
1399548142|20
1399548165|20
1399548187|20
1399548210|20
1399548232|20
1399548255|20
1399548277|20
1399548300|20
1399548322|20
1399548345|20
1399548367|20
1399548390|20
1399548412|20
1399548435|20
1399548457|20
1399548480|20
1399548502|20
1399548525|20
1399548547|20
1399548569|20
1399548592|20
1399548614|20
1399548637|20
1399548659|20.5
1399548682|21.0
1399548704|20.876
1399548727|21.126
1399548749|21.25
1399548772|21.25
1399548794|21.5
1399548817|21.5
1399548839|21.876
1399548862|22.126
1399548884|22.126
1399548906|22.626
1399548929|23.0
1399548951|23.25
1399548974|23.376
1399548996|23.376
1399549019|23.5
1399549041|23.626
1399549064|23.5
1399549086|23.626
1399549109|23.75
1399549131|23.75
1399549154|24.0
1399549176|24.0
1399549199|24.126
1399549221|24.376
1399549243|24.5
1399549266|24.5
1399549288|24.876
1399549311|25.0
1399549333|24.876
1399549356|24.876
1399549378|24.876
1399549401|24.626
1399549423|24.376
1399549446|24.126
1399549468|24.126
1399549491|24.376
1399549513|24.25
1399549536|24.0
1399549558|24.0
1399549580|24.0
1399549603|24.126
1399549625|24.25
1399549648|24.376
1399549670|24.376
1399549693|24.5
1399549715|24.626
1399549738|25.0
1399549760|25.25
1399549783|25.25
1399549805|25.126
1399549828|25.25
1399549850|25.25
1399549873|25.25
1399549895|25.25
1399549918|25.0
1399549940|25.0
1399549962|25.0
1399549985|25.0
1399550007|25.0
1399550030|25.0
1399550052|25.25
1399550075|25.126
1399550097|25.0
1399550120|25.0
1399550142|24.876
1399550165|24.75
1399550187|24.626
1399550210|24.376
1399550232|24.376
1399550255|24.25
1399550277|24.376
1399550299|24.376
1399550322|24.126
1399550344|24.126
1399550367|24.0
1399550389|23.876
1399550412|23.75
1399550434|23.5
1399550457|23.25
1399550479|23.376
1399550502|23.75
1399550524|23.75
1399550547|24.126
1399550569|24.25
1399550592|24.126
1399550614|23.876
1399550636|23.75
1399550659|23.75
1399550681|23.626
1399550704|23.5
1399550726|23.376
1399550749|23.25
1399550771|23.126
1399550794|23.25
1399550816|23.25
1399550839|23.376
1399550861|23.626
1399550884|23.626
1399550906|23.5
1399550929|23.376
1399550951|23.25
1399550973|23.126
1399550996|23.0
1399551018|22.876
1399551041|22.876
1399551063|22.876
1399551086|22.5
1399551108|22.376
1399551131|22.25
1399551153|22.0
1399551176|21.876
1399551198|21.876
1399551221|21.626
1399551243|21.626
1399551266|21.626
1399551288|21.5
1399551310|21.5
1399551333|21.5
1399551355|21.376
1399551378|21.126
1399551400|21.0
1399551423|21.0
1399551445|20.75
1399551468|20.25
1399551490|20.25
1399551513|20.25
1399551535|20.126
1399551558|20
1399551580|20
1399551603|20
1399551625|20
1399551647|20
1399551670|20.25
1399551692|20.626
1399551715|20.75
1399551737|21.0
1399551760|21.0
1399551782|21.0
1399551805|20.75
1399551827|20.376
1399551850|20.126
1399551872|20.5
1399551895|20.25
1399551917|20.376
1399551940|20.5
1399551962|20.5
1399551985|20.376
1399552007|20.126
1399552030|20
1399552052|20
1399552074|20
1399552097|20
1399552119|20
1399552142|20
1399552164|20
1399552187|20
1399552209|20
1399552232|20
1399552254|20
1399552277|20
1399552299|20
1399552322|20
1399552344|20
1399552367|20
1399552389|20
1399552411|20
1399552434|20
1399552456|20
1399552479|20
1399552501|20
1399552524|20
1399552546|20
1399552569|20
1399552591|20
1399552614|20
1399552636|20
1399552659|20
1399552681|20
1399552704|20
1399552726|20
1399552748|20
1399552771|20
1399552793|20
1399552816|20
1399552838|20
1399552861|20
1399552883|20
1399552906|20
1399552928|20
1399552951|20
1399552973|20
1399552996|20
1399553018|20
1399553041|20
1399553063|20
1399553086|20
1399553109|20
1399553131|20
1399553154|20
1399553176|20
1399553199|20
1399553221|20
1399553244|20
1399553266|20
1399553289|20
1399553311|20
1399553334|20
1399553356|20
1399553378|20
1399553401|20
1399553423|20
1399553446|20
1399553468|20
1399553491|20
1399553513|20
1399553536|20
1399553558|20
1399553581|20
1399553603|20
1399553626|20
1399553648|20
1399553671|20
1399553693|20
1399553715|20
1399553738|20
1399553760|20
1399553783|20
1399553805|20
1399553828|20
1399553850|20
1399553873|20
1399553895|20
1399553918|20
1399553940|20
1399553963|20
1399553985|20
1399554008|20
1399554030|20
1399554053|20
1399554075|20
1399554097|20
1399554120|20
1399554142|20
1399554165|20
1399554187|20
1399554210|20
1399554232|20
1399554255|20
1399554277|20
1399554300|20
1399554322|20
1399554345|20
1399554367|20
1399554390|20
1399554412|20
1399554434|20
1399554457|20
1399554479|20
1399554502|20
1399554524|20
1399554547|20
1399554569|20
1399554592|20
1399554614|20
1399554637|20
1399554659|20
1399554682|20
1399554704|20
1399554727|20
1399554749|20
1399554772|20
1399554794|20
1399554816|20
1399554839|20
1399554861|20
1399554884|20
1399554906|20
1399554929|20
1399554951|20
1399554974|20
1399554996|20
1399555019|20
1399555041|20
1399555064|20
1399555086|20
1399555109|20
1399555131|20
1399555154|20
1399555176|20
1399555198|20
1399555221|20
1399555243|20
1399555266|20
1399555288|20
1399555311|20
1399555333|20
1399555356|20
1399555378|20
1399555401|20
1399555423|20
1399555446|20
1399555468|20
1399555491|20
1399555513|20
1399555535|20
1399555558|20
1399555580|20
1399555603|20
1399555625|20
1399555648|20
1399555670|20
1399555693|20
1399555715|20
1399555738|20
1399555760|20
1399555783|20
1399555805|20
1399555828|20
1399555850|20
1399555872|20
1399555895|20
1399555917|20
1399555940|20
1399555962|20
1399555985|20
1399556007|20
1399556030|20
1399556052|20
1399556075|20
1399556097|20
1399556120|20
1399556142|20
1399556165|20
1399556187|20
1399556210|20
1399556232|20
1399556255|20
1399556277|20
1399556299|20
1399556322|20
1399556344|20
1399556367|20
1399556389|20
1399556412|20
1399556434|20
1399556457|20
1399556479|20
1399556502|20
1399556524|20
1399556547|20
1399556569|20
1399556592|20
1399556614|20
1399556636|20
1399556659|20
1399556681|20
1399556704|20
1399556726|20
1399556749|20
1399556771|20
1399556794|20
1399556816|20
1399556839|20
1399556861|20
1399556884|20
1399556906|20
1399556929|20
1399556951|20
1399556973|20
1399556996|20
1399557018|20
1399557041|20
1399557063|20
1399557086|20
1399557108|20
1399557131|20
1399557153|20
1399557176|20
1399557198|20
1399557221|20
1399557243|20
1399557266|20
1399557288|20
1399557311|20
1399557333|20
1399557355|20
1399557378|20
1399557400|20
1399557423|20
1399557445|20
1399557468|20
1399557490|20
1399557513|20
1399557535|20
1399557558|20
1399557580|20
1399557603|20
1399557625|20
1399557648|20
1399557670|20
1399557692|20
1399557715|20
1399557737|20
1399557760|20
1399557782|20
1399557805|20
1399557827|20
1399557850|20
1399557872|20
1399557895|20
1399557917|20
1399557940|20
1399557962|20
1399557985|20
1399558007|20
1399558030|20
1399558052|20
1399558074|20
1399558097|20
1399558119|20
1399558142|20
1399558164|20
1399558187|20
1399558209|20
1399558232|20
1399558254|20
1399558277|20
1399558299|20
1399558322|20
1399558344|20
1399558367|20
1399558389|20
1399558412|20
1399558434|20
1399558456|20
1399558479|20
1399558501|20
1399558524|20
1399558546|20
1399558569|20
1399558591|20
1399558614|20
1399558636|20
1399558659|20
1399558681|20
1399558704|20
1399558726|20
1399558749|20
1399558771|20
1399558793|20
1399558816|20
1399558838|20
1399558861|20
1399558883|20
1399558906|20
1399558928|20
1399558951|20
1399558973|20
1399558996|20
1399559018|20
1399559041|20
1399559063|20
1399559086|20
1399559108|20
1399559130|20
1399559153|20
1399559175|20
1399559198|20
1399559220|20
1399559243|20
1399559265|20
1399559288|20
1399559310|20
1399559333|20
1399559355|20
1399559378|20
1399559400|20
1399559423|20
1399559445|20
1399559467|20
1399559490|20
1399559512|20
1399559535|20
1399559557|20
1399559580|20
1399559602|20
1399559625|20
1399559647|20
1399559670|20
1399559692|20
1399559715|20
1399559737|20
1399559760|20
1399559782|20
1399559805|20
1399559827|20
1399559849|20
1399559872|20
1399559894|20
1399559917|20
1399559939|20
1399559962|20
1399559984|20
1399560007|20
1399560029|20
1399560052|20
1399560074|20
1399560097|20
1399560119|20
1399560142|20
1399560164|20
1399560187|20
1399560209|20
1399560231|20
1399560254|20
1399560276|20
1399560299|20
1399560321|20
1399560344|20
1399560366|20
1399560389|20
1399560411|20
1399560434|20
1399560456|20
1399560479|20
1399560501|20
1399560524|20
1399560546|20
1399560568|20
1399560591|20
1399560613|20
1399560636|20
1399560658|20
1399560681|20
1399560703|20
1399560726|20
1399560748|20
1399560771|20
1399560793|20
1399560816|20
1399560838|20
1399560861|20
1399560883|20
1399560905|20
1399560928|20
1399560950|20
1399560973|20
1399560995|20
1399561018|20
1399561040|20
1399561063|20
1399561085|20
1399561108|20
1399561130|20
1399561153|20
1399561175|20
1399561198|20
1399561220|20
1399561243|20
1399561265|20
1399561287|20
1399561310|20
1399561332|20
1399561355|20
1399561377|20
1399561400|20
1399561422|20
1399561445|20
1399561467|20
1399561490|20
1399561512|20
1399561535|20
1399561557|20
1399561580|20
1399561602|20
1399561624|20
1399561647|20
1399561669|20
1399561692|20
1399561714|20
1399561737|20
1399561759|20
1399561782|20
1399561804|20
1399561827|20
1399561849|20
1399561872|20
1399561894|20
1399561917|20
1399561939|20
1399561961|20
1399561984|20
1399562006|20
1399562029|20
1399562051|20
1399562074|20
1399562096|20
1399562119|20
1399562141|20
1399562164|20
1399562186|20
1399562209|20
1399562231|20
1399562254|20
1399562276|20
1399562298|20
1399562321|20
1399562343|20
1399562366|20
1399562388|20
1399562411|20
1399562433|20
1399562456|20
1399562478|20
1399562501|20
1399562523|20
1399562546|20
1399562568|20
1399562591|20
1399562613|20
1399562636|20
1399562658|20
1399562681|20
1399562703|20
1399562725|20
1399562748|20
1399562770|20
1399562793|20
1399562815|20
1399562838|20
1399562860|20
1399562883|20
1399562905|20
1399562928|20
1399562950|20
1399562973|20
1399562995|20
1399563018|20
1399563040|20
1399563062|20
1399563085|20
1399563107|20
1399563130|20
1399563152|20
1399563175|20
1399563197|20
1399563220|20
1399563242|20
1399563265|20
1399563287|20
1399563310|20
1399563332|20
1399563355|20
1399563377|20
1399563399|20
1399563422|20
1399563444|20
1399563467|20
1399563489|20
1399563512|20
1399563534|20
1399563557|20
1399563579|20
1399563602|20
1399563624|20
1399563647|20
1399563669|20
1399563692|20
1399563714|20
1399563737|20
1399563759|20
1399563782|20
1399563804|20
1399563826|20
1399563849|20
1399563871|20
1399563894|20
1399563916|20
1399563939|20
1399563961|20
1399563984|20
1399564006|20
1399564029|20
1399564051|20
1399564074|20
1399564096|20
1399564119|20
1399564141|20
1399564163|20
1399564186|20
1399564208|20
1399564231|20
1399564253|20
1399564276|20
1399564298|20
1399564321|20
1399564343|20
1399564366|20
1399564388|20
1399564411|20
1399564433|20
1399564456|20
1399564478|20
1399564501|20
1399564523|20
1399564545|20
1399564568|20
1399564590|20
1399564613|20
1399564635|20
1399564658|20
1399564680|20
1399564703|20
1399564725|20
1399564748|20
1399564770|20
1399564793|20
1399564815|20
1399564838|20
1399564860|20
1399564882|20
1399564905|20
1399564927|20
1399564950|20
1399564972|20
1399564995|20
1399565017|20
1399565040|20
1399565062|20
1399565085|20
1399565107|20
1399565130|20
1399565152|20
1399565175|20
1399565197|20
1399565219|20
1399565242|20
1399565264|20
1399565287|20
1399565309|20
1399565332|20
1399565354|20
1399565377|20
1399565399|20
1399565422|20
1399565444|20
1399565467|20
1399565489|20
1399565512|20
1399565534|20
1399565556|20
1399565579|20
1399565601|20
1399565624|20
1399565646|20
1399565669|20
1399565691|20
1399565714|20
1399565736|20
1399565759|20
1399565781|20
1399565804|20
1399565826|20
1399565849|20
1399565871|20
1399565894|20
1399565916|20
1399565939|20
1399565961|20
1399565983|20
1399566006|20
1399566028|20
1399566051|20
1399566073|20
1399566096|20
1399566118|20
1399566141|20
1399566163|20
1399566186|20
1399566208|20
1399566231|20
1399566253|20
1399566276|20
1399566298|20
1399566320|20
1399566343|20
1399566365|20
1399566388|20
1399566410|20
1399566433|20
1399566455|20
1399566478|20
1399566500|20
1399566523|20
1399566545|20
1399566568|20
1399566590|20
1399566613|20
1399566635|20
1399566657|20
1399566680|20
1399566702|20
1399566725|20
1399566747|20
1399566770|20
1399566792|20
1399566815|20
1399566837|20
1399566860|20
1399566882|20
1399566905|20
1399566927|20
1399566950|20
1399566972|20
1399566994|20
1399567017|20
1399567039|20
1399567062|20
1399567084|20
1399567107|20
1399567129|20
1399567152|20
1399567174|20
1399567197|20
1399567219|20
1399567242|20
1399567264|20
1399567287|20
1399567309|20
1399567331|20
1399567354|20
1399567376|20.126
1399567399|20.5
1399567421|20.5
1399567444|20.75
1399567466|20.75
1399567489|21.25
1399567511|21.25
1399567534|21.25
1399567556|21.25
1399567579|21.0
1399567601|20.5
1399567624|20.126
1399567646|20
1399567668|20
1399567691|20
1399567713|20.376
1399567736|20.25
1399567758|20.376
1399567781|20.5
1399567804|20.25
1399567827|20.626
1399567849|20.75
1399567872|20.376
1399567894|20.5
1399567916|20.75
1399567939|21.376
1399567961|21.5
1399567984|21.376
1399568006|21.376
1399568029|21.25
1399568051|21.126
1399568074|21.126
1399568096|21.5
1399568119|21.376
1399568141|21.5
1399568164|21.626
1399568186|21.75
1399568209|21.626
1399568231|21.626
1399568253|21.626
1399568276|21.626
1399568298|21.5
1399568321|21.75
1399568343|21.75
1399568366|21.5
1399568388|21.376
1399568411|21.376
1399568433|21.126
1399568456|21.0
1399568478|21.126
1399568501|21.25
1399568523|21.126
1399568546|21.126
1399568568|21.25
1399568590|21.0
1399568613|20.75
1399568635|20.876
1399568658|20.75
1399568680|20.376
1399568703|20
1399568725|20
1399568748|20
1399568770|20
1399568793|20
1399568815|20
1399568838|20
1399568860|20
1399568883|20
1399568905|20
1399568927|20
1399568950|20
1399568972|20
1399568995|20
1399569017|20
1399569040|20
1399569062|20
1399569085|20
1399569107|20
1399569130|20
1399569152|20
1399569175|20
1399569197|20
1399569220|20
1399569242|20
1399569265|20
1399569287|20
1399569309|20
1399569332|20
1399569354|20
1399569377|20
1399569399|20
1399569422|20
1399569444|20
1399569467|20
1399569489|20
1399569512|20
1399569534|20
1399569557|20
1399569579|20
1399569602|20
1399569624|20
1399569647|20
1399569669|20
1399569691|20
1399569714|20
1399569736|20
1399569759|20
1399569781|20.25
1399569804|20.376
1399569826|20.376
1399569849|20.75
1399569871|20.626
1399569894|20.876
1399569916|20.75
1399569939|20.626
1399569961|20.75
1399569984|20.126
1399570006|20
1399570028|20
1399570051|20
1399570073|20
1399570096|20
1399570118|20
1399570141|20
1399570163|20
1399570186|20
1399570208|20
1399570231|20.126
1399570253|20.376
1399570276|21.0
1399570298|21.5
1399570321|21.75
1399570343|22.126
1399570365|22.0
1399570388|22.25
1399570410|22.5
1399570433|22.626
1399570455|22.876
1399570478|23.126
1399570500|23.126
1399570523|23.126
1399570545|23.126
1399570568|23.376
1399570590|23.25
1399570613|23.5
1399570635|23.5
1399570658|23.626
1399570680|23.626
1399570702|23.5
1399570725|23.5
1399570747|23.376
1399570770|23.376
1399570792|23.626
1399570815|23.626
1399570837|23.75
1399570860|24.0
1399570882|24.0
1399570905|24.126
1399570927|24.126
1399570950|24.126
1399570972|24.126
1399570995|24.25
1399571017|24.25
1399571039|24.126
1399571062|24.0
1399571084|23.75
1399571107|23.876
1399571129|23.876
1399571152|23.876
1399571174|24.25
1399571197|24.25
1399571219|24.25
1399571242|24.126
1399571264|24.126
1399571287|24.376
1399571309|24.5
1399571332|24.626
1399571354|24.876
1399571377|25.0
1399571399|25.0
1399571422|25.25
1399571444|25.25
1399571466|25.75
1399571489|25.75
1399571511|25.876
1399571534|25.876
1399571556|25.876
1399571579|25.75
1399571601|25.626
1399571624|25.75
1399571646|25.626
1399571669|25.626
1399571691|25.626
1399571714|26.0
1399571736|26.126
1399571759|26.0
1399571781|25.876
1399571803|25.876
1399571826|25.75
1399571848|25.626
1399571871|25.876
1399571893|25.75
1399571916|26.0
1399571938|26.126
1399571961|26.0
1399571983|26.126
1399572006|26.0
1399572028|26.126
1399572051|26.126
1399572073|26.0
1399572096|26.0
1399572118|26.25
1399572140|26.25
1399572163|26.5
1399572185|26.376
1399572208|26.5
1399572230|26.5
1399572253|26.376
1399572275|26.376
1399572298|26.376
1399572320|26.376
1399572343|26.376
1399572365|26.376
1399572388|26.376
1399572410|26.376
