1399658852|26.5
1399658874|26.626
1399658897|26.626
1399658919|26.626
1399658942|26.75
1399658964|26.876
1399658986|26.876
1399659009|26.876
1399659031|26.876
1399659054|26.876
1399659076|26.876
1399659099|26.876
1399659121|26.876
1399659144|26.876
1399659166|26.75
1399659189|26.876
1399659211|26.876
1399659234|26.876
1399659256|26.876
1399659279|26.876
1399659301|26.876
1399659323|26.876
1399659346|26.876
1399659368|26.876
1399659391|27.0
1399659413|27.0
1399659436|26.876
1399659458|26.876
1399659481|27.0
1399659503|27.0
1399659526|27.0
1399659548|26.876
1399659571|27.0
1399659593|27.0
1399659616|27.0
1399659638|27.0
1399659661|27.0
1399659683|26.75
1399659706|26.75
1399659728|26.626
1399659750|26.626
1399659773|26.5
1399659795|26.5
1399659818|26.626
1399659840|26.5
1399659863|26.5
1399659885|26.376
1399659908|26.5
1399659930|26.5
1399659953|26.626
1399659975|26.75
1399659998|26.876
1399660020|26.876
1399660043|26.75
1399660065|26.75
1399660088|26.75
1399660110|26.75
1399660133|26.75
1399660155|26.876
1399660178|26.876
1399660200|26.876
1399660223|27.0
1399660245|27.0
1399660268|27.0
1399660290|27.0
1399660312|27.0
1399660335|27.0
1399660357|27.126
1399660380|27.126
1399660402|27.126
1399660425|27.126
1399660447|27.25
1399660470|27.25
1399660492|27.126
1399660515|27.25
1399660537|27.25
1399660560|27.25
1399660582|27.25
1399660605|27.25
1399660627|27.376
1399660649|27.376
1399660672|27.376
1399660694|27.5
1399660717|27.5
1399660739|27.5
1399660762|27.5
1399660784|27.626
1399660807|27.626
1399660829|27.626
1399660852|27.75
1399660874|27.75
1399660897|27.75
1399660919|27.75
1399660942|27.75
1399660964|27.75
1399660986|27.876
1399661009|27.876
1399661031|28.0
1399661054|28.0
1399661076|28.0
1399661099|28.0
1399661121|28.0
1399661144|28.0
1399661166|28.0
1399661189|28.0
1399661211|28.126
1399661234|28.0
1399661256|28.126
1399661279|28.126
1399661301|28.126
1399661324|28.25
1399661346|28.126
1399661369|28.126
1399661391|28.25
1399661413|28.25
1399661436|28.25
1399661458|28.25
1399661481|28.25
1399661503|28.25
1399661526|28.25
1399661548|28.25
1399661571|28.376
1399661593|28.376
1399661616|28.376
1399661638|28.376
1399661661|28.376
1399661683|28.376
1399661706|28.5
1399661728|28.5
1399661750|28.5
1399661773|28.5
1399661795|28.5
1399661818|28.5
1399661840|28.5
1399661863|28.626
1399661885|28.626
1399661908|28.626
1399661930|28.626
1399661953|28.75
1399661975|28.75
1399661998|28.75
1399662020|28.75
1399662043|28.75
1399662065|28.876
1399662087|28.876
1399662110|28.876
1399662132|28.876
1399662155|28.876
1399662177|28.876
1399662200|29.0
1399662222|28.876
1399662245|29.0
1399662267|29.0
1399662290|29.0
1399662312|29.0
1399662335|29.0
1399662357|29.0
1399662380|29.0
1399662402|29.126
1399662424|29.126
1399662447|29.126
1399662469|29.126
1399662492|29.126
1399662514|29.126
1399662537|29.126
1399662559|29.126
1399662582|29.25
1399662604|29.25
1399662627|29.25
1399662649|29.25
1399662672|29.25
1399662694|29.25
1399662717|29.25
1399662739|29.25
1399662761|29.25
1399662784|29.376
1399662806|29.376
1399662829|29.376
1399662851|29.5
1399662874|29.5
1399662896|29.5
1399662919|29.5
1399662941|29.5
1399662964|29.5
1399662986|29.5
1399663009|29.5
1399663031|29.626
1399663054|29.626
1399663076|29.626
1399663099|29.626
1399663121|29.626
1399663143|29.626
1399663166|29.626
1399663188|29.75
1399663211|29.75
1399663233|29.75
1399663256|29.75
1399663278|29.75
1399663301|29.75
1399663323|29.75
1399663346|29.75
1399663368|29.75
1399663391|29.75
1399663413|29.75
1399663436|29.75
1399663458|29.75
1399663480|29.75
1399663503|29.75
1399663525|29.75
1399663548|29.75
1399663570|29.75
1399663593|29.75
1399663615|29.75
1399663638|29.75
1399663660|29.75
1399663683|29.75
1399663705|29.75
1399663728|29.75
1399663750|29.876
1399663773|29.876
1399663795|29.876
1399663817|29.876
1399663840|29.876
1399663862|29.876
1399663885|29.876
1399663907|30.0
1399663930|29.876
1399663952|29.876
1399663975|29.876
1399663997|29.876
1399664020|29.876
1399664042|29.876
1399664065|29.876
1399664087|29.876
1399664110|30.0
1399664132|29.876
1399664154|30.0
1399664177|30.0
1399664199|30.0
1399664222|30.0
1399664244|30.0
1399664267|30.0
1399664289|30.0
1399664312|30.0
1399664334|30.0
1399664357|30.0
1399664379|30.0
1399664402|30.0
1399664424|30.0
1399664447|30.0
1399664469|25.063
1399664491|30.0
1399664514|25.063
1399664536|25.063
1399664559|30.0
1399664581|30.0
1399664604|25.063
1399664626|25.063
1399664649|25.063
1399664671|25.063
1399664694|25.063
1399664716|25.063
1399664739|25.063
1399664761|25.063
1399664784|25.063
1399664806|25.063
1399664829|25.063
1399664851|25.125
1399664874|25.125
1399664896|25.125
1399664918|25.125
1399664941|25.125
1399664963|25.125
1399664986|25.125
1399665008|25.125
1399665031|25.125
1399665053|25.125
1399665076|25.125
1399665098|25.125
1399665121|25.125
1399665143|25.125
1399665166|25.125
1399665188|25.125
1399665211|25.063
1399665233|25.063
1399665255|25.063
1399665278|25.063
1399665300|25.063
1399665323|25.063
1399665345|25.063
1399665368|25.125
1399665390|25.063
1399665413|25.063
1399665435|25.063
1399665458|25.063
1399665480|25.063
1399665503|25.063
1399665525|25.063
1399665548|25.063
1399665570|25.063
1399665592|25.063
1399665615|25.063
1399665638|25.063
1399665660|25.063
1399665682|25.063
1399665705|25.125
1399665727|25.063
1399665750|25.063
1399665772|25.063
1399665795|25.063
1399665817|25.063
1399665840|25.063
1399665862|25.063
1399665885|25.125
1399665907|25.125
1399665930|25.125
1399665952|25.125
1399665975|25.125
1399665997|25.125
1399666019|25.125
1399666042|25.125
1399666064|25.125
1399666087|25.125
1399666109|25.125
1399666132|25.125
1399666154|25.125
1399666177|25.125
1399666199|25.188
1399666222|25.125
1399666244|25.125
1399666267|25.188
1399666289|25.188
1399666312|25.188
1399666334|25.188
1399666357|25.188
1399666379|25.188
1399666401|25.188
1399666424|25.188
1399666446|25.188
1399666469|25.188
1399666491|25.188
1399666514|25.188
1399666536|25.188
1399666559|25.188
1399666581|25.188
1399666604|25.188
1399666626|25.188
1399666649|25.188
1399666671|25.125
1399666694|25.125
1399666716|25.125
1399666738|25.125
1399666761|25.188
1399666783|25.188
1399666806|25.125
1399666828|25.125
1399666851|25.125
1399666873|25.188
1399666896|25.188
1399666918|25.188
1399666941|25.188
1399666963|25.188
1399666986|25.188
1399667008|25.188
1399667031|25.188
1399667053|25.188
1399667076|25.125
1399667098|25.125
1399667121|25.188
1399667143|25.188
1399667165|25.188
1399667188|25.188
1399667210|25.188
1399667233|25.188
1399667255|25.188
1399667278|25.188
1399667300|25.25
1399667323|25.25
1399667345|25.25
1399667368|25.25
1399667390|25.25
1399667413|25.25
1399667435|25.25
1399667458|25.25
1399667480|25.25
1399667502|25.25
1399667525|25.25
1399667547|25.25
1399667570|25.25
1399667592|25.25
1399667615|25.25
1399667637|25.25
1399667660|25.313
1399667682|25.313
1399667705|25.313
1399667727|25.313
1399667750|25.313
1399667772|25.313
1399667795|25.375
1399667817|25.313
1399667839|25.375
1399667862|25.313
1399667884|25.375
1399667907|25.375
1399667929|25.375
1399667952|25.375
1399667974|25.375
1399667997|25.438
1399668019|25.438
1399668042|25.438
1399668064|25.438
1399668087|25.438
1399668109|25.438
1399668132|25.438
1399668154|25.438
1399668176|25.5
1399668199|25.5
1399668221|25.5
1399668244|25.5
1399668266|25.563
1399668289|25.563
1399668311|25.563
1399668334|25.563
1399668356|25.563
1399668379|25.563
1399668401|25.625
1399668424|25.563
1399668446|25.625
1399668469|25.625
1399668491|25.625
1399668514|25.625
1399668536|25.625
1399668559|25.625
1399668581|25.625
1399668603|25.688
1399668626|25.688
1399668648|25.688
1399668671|25.688
1399668693|25.688
1399668716|25.688
1399668738|25.688
1399668761|25.688
1399668783|25.688
1399668806|25.688
1399668828|25.688
1399668851|25.688
1399668873|25.688
1399668896|25.688
1399668918|25.688
1399668940|25.688
1399668963|25.688
1399668985|25.688
1399669008|25.688
1399669030|25.688
1399669053|25.688
1399669075|25.688
1399669098|25.688
1399669120|25.688
1399669143|25.688
1399669165|25.688
1399669188|25.688
1399669210|25.688
1399669233|25.688
1399669255|25.688
1399669277|25.688
1399669300|25.688
1399669322|25.688
1399669345|25.688
1399669367|25.75
1399669390|25.688
1399669412|25.75
1399669435|25.75
1399669457|25.688
1399669480|25.688
1399669502|25.688
1399669525|25.688
1399669547|25.688
1399669570|25.688
1399669592|25.688
1399669615|25.688
1399669637|25.688
1399669659|25.688
1399669682|25.688
1399669704|25.688
1399669727|25.688
1399669749|25.688
1399669772|25.688
1399669794|25.688
1399669817|25.688
1399669839|25.625
1399669862|25.688
1399669884|25.688
1399669907|25.688
1399669929|25.625
1399669952|25.688
1399669974|25.688
1399669996|25.688
1399670019|25.688
1399670041|25.688
1399670064|25.688
1399670086|25.688
1399670109|25.688
1399670131|25.688
1399670154|25.688
1399670176|25.688
1399670199|25.688
1399670221|25.688
1399670244|25.688
1399670266|25.688
1399670289|25.688
1399670311|25.688
1399670334|25.688
1399670356|25.688
1399670379|25.688
1399670401|25.688
1399670423|25.688
1399670446|25.688
1399670468|25.688
1399670491|25.688
1399670513|25.688
1399670536|25.688
1399670558|25.688
1399670581|25.688
1399670603|25.75
1399670626|25.75
1399670648|25.688
1399670671|25.688
1399670693|25.75
1399670716|25.688
1399670738|25.688
1399670760|25.688
1399670783|25.688
1399670805|25.688
1399670828|25.688
1399670850|25.625
1399670873|25.625
1399670895|25.625
1399670918|25.625
1399670940|25.625
1399670963|25.625
1399670985|25.625
1399671008|25.625
1399671030|25.625
1399671053|25.625
1399671075|25.625
1399671097|25.625
1399671120|25.625
1399671142|25.625
1399671165|25.625
1399671187|25.625
1399671210|25.625
1399671232|25.625
1399671255|25.625
1399671277|25.625
1399671300|25.625
1399671322|25.563
1399671345|25.625
1399671367|25.625
1399671390|25.625
1399671412|25.563
1399671435|25.563
1399671457|25.563
1399671480|25.563
1399671502|25.563
1399671524|25.625
1399671547|25.625
1399671569|25.625
1399671592|25.625
1399671614|25.625
1399671637|25.625
1399671659|25.625
1399671682|25.625
1399671704|25.625
1399671727|25.625
1399671749|25.625
1399671772|25.625
1399671794|25.625
1399671817|25.625
1399671839|25.625
1399671861|25.625
1399671884|25.625
1399671906|25.625
1399671929|25.625
1399671951|25.625
1399671974|25.625
1399671996|25.625
1399672019|25.625
1399672041|25.625
1399672064|25.625
1399672086|25.625
1399672109|25.625
1399672131|25.563
1399672154|25.625
1399672176|25.625
1399672198|25.563
1399672221|25.563
1399672243|25.625
1399672266|25.563
1399672288|25.625
1399672311|25.625
1399672333|25.563
1399672356|25.563
1399672378|25.563
1399672401|25.563
1399672423|25.563
1399672446|25.563
1399672468|25.563
1399672491|25.563
1399672513|25.5
1399672535|25.563
1399672558|25.563
1399672580|25.563
1399672603|25.563
1399672625|25.5
1399672648|25.5
1399672670|25.5
1399672693|25.563
1399672715|25.563
1399672738|25.563
1399672760|25.563
1399672783|25.563
1399672805|25.563
1399672828|25.563
1399672850|25.563
1399672873|25.563
1399672895|25.563
1399672917|25.563
1399672940|25.563
1399672962|25.563
1399672985|25.563
1399673007|25.563
1399673030|25.563
1399673052|25.563
1399673075|25.563
1399673097|25.563
1399673120|25.563
1399673142|25.5
1399673165|25.5
1399673187|25.563
1399673210|25.5
1399673232|25.5
1399673254|25.5
1399673277|25.563
1399673299|25.563
1399673322|25.5
1399673344|25.5
1399673367|25.5
1399673389|25.5
1399673412|25.5
1399673434|25.5
1399673457|25.5
1399673479|25.5
1399673502|25.5
1399673524|25.5
1399673547|25.5
1399673569|25.5
1399673591|25.5
1399673614|25.5
1399673636|25.5
1399673659|25.5
1399673681|25.5
1399673704|25.5
1399673726|25.563
1399673749|25.563
1399673771|25.563
1399673794|25.563
1399673816|25.563
1399673839|25.563
1399673861|25.563
1399673884|25.563
1399673906|25.563
1399673928|25.563
1399673951|25.563
1399673973|25.563
1399673996|25.563
1399674018|25.563
1399674041|25.563
1399674063|25.563
1399674086|25.563
1399674108|25.563
1399674131|25.563
1399674153|25.563
1399674176|25.563
1399674198|25.563
1399674221|25.563
1399674243|25.563
1399674265|25.563
1399674288|25.563
1399674310|25.563
1399674333|25.563
1399674355|25.563
1399674378|25.563
1399674400|25.563
1399674423|25.563
1399674445|25.563
1399674468|25.563
1399674490|25.563
1399674513|25.5
1399674535|25.563
1399674558|25.563
1399674580|25.5
1399674603|25.5
1399674625|25.5
1399674647|25.5
1399674670|25.5
1399674692|25.5
1399674715|25.5
1399674737|25.5
1399674760|25.5
1399674782|25.5
1399674805|25.5
1399674827|25.5
1399674850|25.5
1399674872|25.563
1399674895|25.5
1399674917|25.5
1399674940|25.5
1399674962|25.5
1399674985|25.5
1399675007|25.563
1399675029|25.563
1399675053|25.5
1399675075|25.5
1399675098|25.563
1399675120|25.563
1399675143|25.563
1399675165|25.563
1399675188|25.5
1399675210|25.5
1399675232|25.5
1399675255|25.5
1399675277|25.5
1399675300|25.5
1399675322|25.5
1399675345|25.5
1399675367|25.563
1399675390|25.563
1399675412|25.563
1399675435|25.5
1399675457|25.563
1399675480|25.563
1399675502|25.563
1399675525|25.563
1399675547|25.563
1399675569|25.563
1399675592|25.563
1399675614|25.5
1399675637|25.5
1399675659|25.5
1399675682|25.5
1399675704|25.5
1399675727|25.5
1399675749|25.5
1399675772|25.5
1399675794|25.5
1399675817|25.5
1399675839|25.438
1399675862|25.438
1399675884|25.5
1399675907|25.5
1399675929|25.5
1399675951|25.438
1399675974|25.438
1399675996|25.438
1399676019|25.438
1399676041|25.438
1399676064|25.438
1399676086|25.438
1399676109|25.5
1399676131|25.5
1399676154|25.5
1399676176|25.5
1399676199|25.5
1399676221|25.5
1399676244|25.5
1399676266|25.5
1399676288|25.5
1399676311|25.5
1399676333|25.5
1399676356|25.5
1399676378|25.5
1399676401|25.5
1399676423|25.5
1399676446|25.5
1399676468|25.5
1399676491|25.5
1399676513|25.5
1399676536|25.5
1399676558|25.5
1399676581|25.5
1399676603|25.438
1399676626|25.438
1399676648|25.438
1399676671|25.5
1399676693|25.5
1399676715|25.5
1399676738|25.5
1399676760|25.5
1399676783|25.5
1399676805|25.5
1399676828|25.5
1399676850|25.5
1399676873|25.5
1399676895|25.5
1399676918|25.5
1399676940|25.5
1399676963|25.438
1399676985|25.5
1399677008|25.5
1399677030|25.5
1399677052|25.5
1399677075|25.5
1399677097|25.5
1399677120|25.5
1399677142|25.5
1399677165|25.5
1399677187|25.5
1399677210|25.5
1399677232|25.5
1399677255|25.5
1399677277|25.5
1399677300|25.5
1399677322|25.5
1399677345|25.5
1399677367|25.5
1399677389|25.5
1399677412|25.5
1399677434|25.5
1399677457|25.5
1399677479|25.5
1399677502|25.5
1399677524|25.5
1399677547|25.5
1399677569|25.5
1399677592|25.438
1399677614|25.5
1399677637|25.5
1399677659|25.5
1399677682|25.438
1399677704|25.438
1399677726|25.438
1399677749|25.438
1399677771|25.438
1399677794|25.438
1399677816|25.438
1399677839|25.438
1399677861|25.438
1399677884|25.438
1399677906|25.438
1399677929|25.438
1399677951|25.438
1399677974|25.5
1399677996|25.438
1399678019|25.5
1399678041|25.5
1399678063|25.5
1399678086|25.5
1399678108|25.5
1399678131|25.5
1399678153|25.5
1399678176|25.5
1399678198|25.5
1399678221|25.5
1399678243|25.5
1399678266|25.5
1399678288|25.5
1399678311|25.438
1399678333|25.5
1399678356|25.5
1399678378|25.438
1399678401|25.438
1399678423|25.438
1399678446|25.438
1399678468|25.438
1399678490|25.438
1399678513|25.438
1399678535|25.438
1399678558|25.438
1399678580|25.438
1399678603|25.438
1399678625|25.5
1399678648|25.5
1399678670|25.438
1399678693|25.438
1399678715|25.438
1399678738|25.438
1399678760|25.438
1399678783|25.438
1399678805|25.438
1399678827|25.438
1399678850|25.438
1399678872|25.438
1399678895|25.438
1399678917|25.438
1399678940|25.438
1399678962|25.438
1399678985|25.438
1399679007|25.438
1399679030|25.438
1399679052|25.438
1399679075|25.438
1399679097|25.438
1399679120|25.375
1399679142|25.438
1399679164|25.375
1399679187|25.375
1399679209|25.375
1399679232|25.438
1399679254|25.438
1399679277|25.438
1399679299|25.375
1399679322|25.438
1399679344|25.438
1399679367|25.438
1399679389|25.438
1399679412|25.438
1399679434|25.438
1399679457|25.438
1399679479|25.438
1399679501|25.375
1399679524|25.375
1399679546|25.375
1399679569|25.438
1399679591|25.375
1399679614|25.375
1399679636|25.375
1399679659|25.375
1399679681|25.375
1399679704|25.375
1399679726|25.375
1399679749|25.438
1399679771|25.438
1399679794|25.375
1399679816|25.375
1399679839|25.438
1399679861|25.375
1399679883|25.438
1399679906|25.375
1399679928|25.375
1399679951|25.375
1399679973|25.375
1399679996|25.375
1399680018|25.375
1399680041|25.375
1399680063|25.375
1399680086|25.375
1399680108|25.375
1399680131|25.375
1399680153|25.375
1399680176|25.375
1399680198|25.375
1399680220|25.375
1399680243|25.375
1399680265|25.375
1399680288|25.375
1399680310|25.375
1399680333|25.375
1399680355|25.375
1399680378|25.375
1399680400|25.375
1399680423|25.375
1399680445|25.375
1399680468|25.375
1399680490|25.375
1399680513|25.375
1399680535|25.375
1399680557|25.313
1399680580|25.375
1399680602|25.313
1399680625|25.313
1399680647|25.313
1399680670|25.313
1399680692|25.313
1399680715|25.375
1399680737|25.375
1399680760|25.375
1399680782|25.313
1399680805|25.313
1399680827|25.313
1399680850|25.375
1399680872|25.375
1399680894|25.313
1399680917|25.313
1399680939|25.313
1399680962|25.313
1399680984|25.313
1399681007|25.313
1399681029|25.313
1399681052|25.313
1399681074|25.313
1399681097|25.313
1399681119|25.313
1399681142|25.313
1399681164|25.313
1399681187|25.313
1399681209|25.313
1399681231|25.375
1399681254|25.313
1399681276|25.313
1399681299|25.313
1399681321|25.375
1399681344|25.375
1399681366|25.375
1399681389|25.375
1399681411|25.375
1399681434|25.313
1399681456|25.313
1399681479|25.375
1399681501|25.313
1399681524|25.313
1399681546|25.313
1399681569|25.313
1399681591|25.313
1399681614|25.313
1399681636|25.313
1399681658|25.313
1399681681|25.313
1399681703|25.313
1399681726|25.313
1399681748|25.25
1399681771|25.313
1399681793|25.313
1399681816|25.313
1399681838|25.313
1399681861|25.313
1399681883|25.313
1399681906|25.313
1399681928|25.313
1399681951|25.25
1399681973|25.313
1399681995|25.25
1399682018|25.313
1399682040|25.25
1399682063|25.25
1399682085|25.25
1399682108|25.25
1399682130|25.25
1399682153|25.25
1399682175|25.25
1399682198|25.25
1399682220|25.313
1399682243|25.25
1399682265|25.25
1399682288|25.25
1399682310|25.25
1399682332|25.25
1399682355|25.25
1399682377|25.25
1399682400|25.25
1399682422|25.25
1399682445|25.25
1399682467|25.25
1399682490|25.25
1399682512|25.25
1399682535|25.25
1399682557|25.25
1399682580|25.25
1399682602|25.25
1399682625|25.25
1399682647|25.25
1399682669|25.25
1399682692|25.25
1399682714|25.25
1399682737|25.188
1399682759|25.188
1399682782|25.25
1399682804|25.25
1399682827|25.25
1399682849|25.25
1399682872|25.25
1399682894|25.25
1399682917|25.25
1399682939|25.188
1399682962|25.25
1399682984|25.25
1399683007|25.188
1399683029|25.25
1399683052|25.188
1399683074|25.188
1399683096|25.25
1399683119|25.188
1399683141|25.188
1399683164|25.188
1399683186|25.188
1399683209|25.188
1399683231|25.25
1399683254|25.25
1399683276|25.188
1399683299|25.25
1399683321|25.25
1399683344|25.25
1399683366|25.25
1399683389|25.25
1399683411|25.25
1399683433|25.25
1399683456|25.25
1399683478|25.25
1399683501|25.25
1399683523|25.25
1399683546|25.25
1399683568|25.25
1399683591|25.25
1399683613|25.188
1399683636|25.25
1399683658|25.25
1399683681|25.25
1399683703|25.25
1399683726|25.25
1399683748|25.25
1399683770|25.25
1399683793|25.25
1399683815|25.188
1399683838|25.25
1399683860|25.25
1399683883|25.25
1399683905|25.25
1399683928|25.25
1399683950|25.25
1399683973|25.25
1399683995|25.25
1399684018|25.25
1399684040|25.25
1399684063|25.25
1399684085|25.25
1399684107|25.25
1399684130|25.25
1399684152|25.25
1399684175|25.25
1399684197|25.25
1399684220|25.188
1399684242|25.188
1399684265|25.25
1399684287|25.188
1399684310|25.188
1399684332|25.188
1399684355|25.188
1399684377|25.188
1399684400|25.188
1399684422|25.188
1399684445|25.188
1399684467|25.188
1399684489|25.188
1399684512|25.188
1399684534|25.188
1399684557|25.188
1399684579|25.188
1399684602|25.188
1399684624|25.188
1399684647|25.188
1399684669|25.188
1399684692|25.188
1399684714|25.125
1399684737|25.188
1399684759|25.188
1399684782|25.188
1399684804|25.125
1399684826|25.188
1399684849|25.188
1399684871|25.188
1399684894|25.188
1399684916|25.125
1399684939|25.125
1399684961|25.125
1399684984|25.125
1399685006|25.125
1399685029|25.125
1399685051|25.125
1399685074|25.125
1399685096|25.125
1399685119|25.125
1399685141|25.125
1399685163|25.125
1399685186|25.125
1399685208|25.188
1399685231|25.188
1399685253|25.188
1399685276|25.188
1399685298|25.188
1399685321|25.188
1399685343|25.188
1399685366|25.188
1399685388|25.188
1399685411|25.188
1399685433|25.125
1399685456|25.125
1399685478|25.125
1399685500|25.125
1399685523|25.188
1399685545|25.188
1399685568|25.125
1399685590|25.188
1399685613|25.125
1399685635|25.125
1399685658|25.125
1399685680|25.188
1399685703|25.188
1399685725|25.188
1399685748|25.125
1399685770|25.125
1399685793|25.188
1399685815|25.125
1399685838|25.125
1399685860|25.125
1399685883|25.125
1399685905|25.125
1399685927|25.125
1399685950|25.125
1399685972|25.125
1399685995|25.125
1399686017|25.125
1399686040|25.125
1399686062|25.125
1399686085|25.125
1399686107|25.125
1399686130|25.125
1399686152|25.125
1399686175|25.125
1399686197|25.125
1399686220|25.125
1399686242|25.125
1399686264|25.125
1399686287|25.125
1399686309|25.125
1399686332|25.125
1399686354|25.125
1399686377|25.125
1399686399|25.125
1399686422|25.063
1399686444|25.125
1399686467|25.063
1399686489|25.125
1399686512|25.063
1399686534|25.125
1399686557|25.125
1399686579|25.125
1399686601|25.063
1399686624|25.063
1399686646|25.063
1399686669|25.063
1399686691|25.125
1399686714|25.125
1399686736|25.063
1399686759|25.125
1399686781|25.125
1399686804|25.125
1399686826|25.125
1399686849|25.125
1399686871|25.063
1399686894|25.063
1399686916|25.063
1399686938|25.125
1399686961|25.125
1399686983|25.125
1399687006|25.125
1399687028|25.125
1399687051|25.125
1399687073|25.125
1399687096|25.125
1399687118|25.125
1399687141|25.125
1399687163|25.125
1399687186|25.125
1399687208|25.125
1399687231|25.125
1399687253|25.125
1399687276|25.125
1399687298|25.125
1399687320|25.125
1399687343|25.125
1399687365|25.125
1399687388|25.125
1399687410|25.125
1399687433|25.125
1399687455|25.188
1399687478|25.188
1399687500|25.188
1399687523|25.188
1399687545|25.125
1399687568|25.188
1399687590|25.188
1399687613|25.188
1399687635|25.188
1399687658|25.188
1399687680|25.188
1399687702|25.188
1399687725|25.188
1399687747|25.188
1399687770|25.188
1399687792|25.25
1399687815|25.188
1399687837|25.25
1399687860|25.188
1399687882|25.188
1399687905|25.188
1399687927|25.188
1399687950|25.188
1399687972|25.188
1399687995|25.188
1399688017|25.188
1399688039|25.25
1399688062|25.25
1399688084|25.188
1399688107|25.188
1399688129|25.188
1399688152|25.25
1399688174|25.188
1399688197|25.188
1399688219|25.188
1399688242|25.188
1399688264|25.188
1399688287|25.188
1399688309|25.188
1399688332|25.188
1399688354|25.25
1399688376|25.188
1399688399|25.188
1399688421|25.188
1399688444|25.188
1399688466|25.188
1399688489|25.188
1399688511|25.188
1399688534|25.188
1399688556|25.188
1399688579|25.188
1399688601|25.188
1399688624|25.188
1399688646|25.188
1399688669|25.188
1399688691|25.25
1399688713|25.25
1399688736|25.25
1399688758|25.25
1399688781|25.25
1399688803|25.25
1399688826|25.25
1399688848|25.25
1399688871|25.25
1399688893|25.25
1399688916|25.25
1399688938|25.25
1399688961|25.25
1399688983|25.25
1399689006|25.25
1399689028|25.313
1399689051|25.313
1399689073|25.313
1399689095|25.313
1399689118|25.375
1399689140|25.375
1399689163|25.375
1399689185|25.375
1399689208|25.375
1399689230|25.375
1399689253|25.375
1399689275|25.375
1399689298|25.438
1399689320|25.438
1399689343|25.438
1399689365|25.438
1399689388|25.438
1399689410|25.5
1399689432|25.5
1399689455|25.5
1399689477|25.5
1399689500|25.5
1399689522|25.5
1399689545|25.5
1399689568|25.563
1399689590|25.563
1399689613|25.563
1399689635|25.563
1399689658|25.563
1399689680|25.563
1399689702|25.563
1399689725|25.563
1399689747|25.563
1399689770|25.563
1399689792|25.625
1399689815|25.625
1399689837|25.625
1399689860|25.625
1399689882|25.625
1399689905|25.625
1399689927|25.625
1399689950|25.625
1399689972|25.625
1399689995|25.625
1399690017|25.625
1399690039|25.625
1399690062|25.563
1399690084|25.625
1399690107|25.625
1399690129|25.625
1399690152|25.625
1399690174|25.625
1399690197|25.625
1399690219|25.625
1399690242|25.625
1399690264|25.625
1399690287|25.625
1399690309|25.625
1399690332|25.625
1399690354|25.625
1399690377|25.625
1399690399|25.625
1399690421|25.625
1399690444|25.625
1399690466|25.625
1399690489|25.625
1399690511|25.625
1399690534|25.625
1399690556|25.625
1399690579|25.688
1399690601|25.625
1399690624|25.625
1399690646|25.625
1399690669|25.625
1399690691|25.688
1399690714|25.625
1399690736|25.688
1399690758|25.688
1399690781|25.688
1399690803|25.688
1399690826|25.688
1399690848|25.688
1399690871|25.688
1399690893|25.688
1399690916|25.688
1399690938|25.688
1399690961|25.688
1399690983|25.688
1399691006|25.688
1399691028|25.688
1399691051|25.688
1399691073|25.688
1399691095|25.688
1399691118|25.75
1399691140|25.75
1399691163|25.75
1399691185|25.75
1399691208|25.75
1399691230|25.75
1399691253|25.75
1399691275|25.75
1399691298|25.75
1399691320|25.75
1399691343|25.813
1399691365|25.813
1399691388|25.813
1399691410|25.813
1399691432|25.813
1399691455|25.813
1399691477|25.813
1399691500|25.875
1399691522|25.875
1399691545|25.875
1399691567|25.875
1399691590|25.875
1399691612|25.875
1399691635|25.875
1399691657|25.875
1399691680|25.875
1399691702|25.875
1399691725|25.938
1399691747|25.938
1399691769|25.938
1399691792|25.938
1399691814|25.938
1399691837|25.938
1399691859|25.938
1399691882|25.938
1399691904|26.0
1399691927|26.0
1399691949|26.0
1399691972|26.0
1399691994|26.0
1399692017|26.0
1399692039|26.0
1399692062|26.063
1399692084|26.063
1399692107|26.0
1399692129|26.0
1399692152|26.063
1399692174|26.0
1399692196|26.063
1399692219|26.063
1399692241|26.063
1399692264|26.063
1399692286|26.063
1399692309|26.063
1399692331|26.063
1399692354|26.063
1399692376|26.0
1399692399|26.063
1399692421|26.063
1399692444|26.0
1399692466|26.0
1399692489|26.0
1399692511|25.938
1399692533|25.938
1399692556|25.938
1399692579|25.938
1399692602|25.938
1399692624|25.938
1399692647|25.938
1399692669|25.875
1399692692|25.938
1399692714|25.875
1399692736|25.938
1399692759|25.875
1399692781|25.875
1399692804|25.875
1399692826|25.875
1399692849|25.875
1399692871|25.875
1399692894|25.875
1399692916|25.875
1399692939|25.875
1399692961|25.875
1399692984|25.875
1399693006|25.875
1399693029|25.938
1399693051|25.938
1399693074|25.875
1399693096|25.938
1399693119|25.938
1399693142|25.938
1399693164|25.938
1399693187|25.938
1399693209|25.938
1399693232|25.938
1399693254|25.938
1399693277|25.875
1399693299|25.938
1399693321|25.875
1399693344|25.938
1399693366|25.938
1399693389|25.875
1399693411|25.875
1399693434|25.875
1399693456|25.938
1399693479|25.938
1399693501|25.938
1399693524|25.938
1399693546|25.938
1399693569|25.938
1399693591|25.938
1399693614|25.938
1399693636|25.938
1399693658|25.938
1399693681|25.938
1399693703|25.938
1399693726|25.938
1399693748|25.938
1399693771|25.938
1399693793|25.938
1399693816|25.938
1399693838|25.938
1399693861|25.938
1399693883|25.875
1399693906|25.938
1399693928|25.875
1399693951|25.875
1399693973|25.875
1399693995|25.875
1399694018|25.875
1399694040|25.875
1399694063|25.875
1399694085|25.875
1399694108|25.875
1399694130|25.875
1399694153|25.875
1399694175|25.875
1399694198|25.875
1399694220|25.875
1399694243|25.875
1399694265|25.875
1399694288|25.875
1399694310|25.813
1399694332|25.813
1399694355|25.813
1399694377|25.813
1399694400|25.75
1399694422|25.75
1399694445|25.75
1399694467|25.75
1399694490|25.688
1399694512|25.688
1399694535|25.688
1399694557|25.688
1399694580|25.688
1399694602|25.688
1399694625|25.688
1399694647|25.688
1399694670|25.688
1399694692|25.688
1399694714|25.688
1399694737|25.688
1399694759|25.688
1399694782|25.688
1399694804|25.688
1399694827|25.625
1399694849|25.625
1399694872|25.625
1399694894|25.625
1399694918|25.625
1399694940|25.625
1399694962|25.625
1399694985|25.625
1399695007|25.625
1399695030|25.625
1399695052|25.625
1399695075|25.563
1399695097|25.563
1399695120|25.625
1399695142|25.625
1399695165|25.625
1399695187|25.563
1399695210|25.563
1399695232|25.625
1399695255|25.563
1399695277|25.563
1399695299|25.563
1399695322|25.563
1399695344|25.563
1399695367|25.563
1399695389|25.563
1399695412|25.563
1399695434|25.5
1399695457|25.5
1399695479|25.5
1399695502|25.5
1399695524|25.5
1399695547|25.438
1399695569|25.438
1399695592|25.438
1399695614|25.438
1399695636|25.438
1399695659|25.375
1399695681|25.375
1399695704|25.375
1399695726|25.375
1399695749|25.313
1399695771|25.375
1399695794|25.313
1399695816|25.313
1399695839|25.313
1399695861|25.313
1399695884|25.313
1399695906|25.25
1399695929|25.25
1399695951|25.25
1399695974|25.25
1399695996|25.25
1399696018|25.188
1399696041|25.188
1399696063|25.188
1399696086|25.188
1399696108|25.188
1399696131|25.188
1399696153|25.125
1399696176|25.125
1399696198|25.125
1399696221|25.125
1399696243|25.125
1399696266|25.125
1399696288|25.125
1399696311|25.125
1399696333|25.063
1399696356|25.063
1399696378|25.063
1399696400|25.063
1399696423|25.063
1399696445|25.063
1399696468|30.0
1399696490|30.0
1399696513|30.0
1399696535|30.0
1399696558|29.876
1399696580|29.876
1399696603|29.75
1399696625|29.75
1399696648|29.75
1399696670|29.75
1399696693|29.75
1399696715|29.75
1399696737|29.75
1399696760|29.75
1399696782|29.626
1399696805|29.75
1399696827|29.626
1399696850|29.75
1399696872|29.75
1399696895|29.75
1399696917|29.75
1399696940|29.876
1399696962|29.876
1399696985|29.876
1399697007|30.0
1399697030|30.0
1399697052|30.0
1399697074|30.0
1399697097|30.0
1399697119|30.0
1399697142|30.0
1399697164|30.0
1399697187|30.0
1399697209|30.0
1399697232|29.876
1399697254|29.876
1399697277|29.876
1399697299|29.876
1399697322|29.876
1399697344|30.0
1399697367|30.0
1399697389|30.0
1399697411|30.0
1399697434|29.876
1399697456|29.876
1399697479|29.876
1399697501|29.876
1399697524|29.876
1399697546|29.75
1399697569|29.75
1399697591|29.75
1399697614|29.75
1399697636|29.876
1399697659|29.876
1399697681|29.876
1399697704|29.876
1399697726|29.75
1399697749|29.75
1399697771|29.75
1399697793|29.626
1399697816|29.75
1399697838|29.75
1399697861|29.626
1399697883|29.75
1399697906|29.75
1399697928|29.626
1399697951|29.75
1399697973|29.75
1399697996|29.626
1399698018|29.626
1399698041|29.626
1399698063|29.626
1399698086|29.626
1399698108|29.626
1399698130|29.626
1399698153|29.626
1399698175|29.626
1399698198|29.5
1399698220|29.5
1399698243|29.5
1399698265|29.5
1399698288|29.5
1399698310|29.5
1399698333|29.5
1399698355|29.376
1399698378|29.376
1399698400|29.376
1399698423|29.25
1399698445|29.25
1399698467|29.25
1399698490|29.25
1399698512|29.25
1399698535|29.126
1399698557|29.126
1399698580|29.0
1399698602|29.126
1399698625|29.0
1399698647|29.0
1399698670|29.0
1399698692|29.126
1399698715|29.126
1399698737|29.126
1399698760|29.126
1399698782|29.126
1399698805|29.0
1399698827|29.0
1399698849|28.876
1399698872|28.876
1399698894|28.876
1399698917|28.876
1399698939|29.0
1399698962|29.126
1399698984|29.0
1399699007|29.0
1399699029|29.0
1399699052|29.0
1399699074|29.0
1399699097|29.0
1399699119|29.0
1399699142|29.0
1399699164|29.0
1399699187|29.0
1399699209|29.0
1399699231|29.0
1399699254|29.0
1399699276|29.0
1399699299|29.0
1399699321|28.876
1399699344|28.876
1399699366|28.876
1399699389|28.876
1399699411|28.75
1399699434|28.876
1399699456|29.0
1399699479|29.0
1399699501|29.0
1399699524|28.876
1399699546|28.876
1399699568|28.876
1399699591|29.0
1399699613|28.876
1399699636|29.0
1399699658|29.126
1399699681|29.0
1399699703|29.0
1399699726|28.876
1399699748|28.876
1399699771|28.876
1399699793|28.876
1399699816|29.0
1399699838|29.0
1399699861|29.0
1399699883|29.0
1399699905|29.126
1399699928|29.0
1399699950|29.126
1399699973|29.0
1399699995|29.0
1399700018|29.126
1399700040|29.126
1399700063|29.126
1399700085|29.126
1399700108|29.126
1399700130|29.126
1399700153|29.126
1399700175|29.126
1399700198|29.25
1399700220|29.126
1399700242|29.126
1399700265|29.25
1399700287|29.25
1399700310|29.25
1399700332|29.25
1399700355|29.25
1399700377|29.25
1399700400|29.25
1399700422|29.25
1399700445|29.25
1399700467|29.25
1399700490|29.25
1399700512|29.25
1399700535|29.25
1399700557|29.376
1399700580|29.376
1399700602|29.376
1399700625|29.376
1399700647|29.376
1399700669|29.376
1399700692|29.376
1399700714|29.376
1399700737|29.25
1399700759|29.25
1399700782|29.25
1399700804|29.25
1399700827|29.25
1399700849|29.376
1399700872|29.25
1399700894|29.25
1399700917|29.25
1399700939|29.25
1399700962|29.25
1399700984|29.25
1399701006|29.25
1399701029|29.376
1399701051|29.376
1399701074|29.25
1399701096|29.25
1399701119|29.25
1399701141|29.25
1399701164|29.126
1399701186|29.126
1399701209|29.126
1399701231|29.126
1399701254|29.126
1399701276|29.126
1399701299|29.126
1399701321|29.25
1399701343|29.25
1399701366|29.25
1399701388|29.25
1399701411|29.25
1399701433|29.25
1399701456|29.126
1399701478|29.126
1399701501|29.0
1399701523|29.0
1399701546|29.126
1399701568|29.126
1399701591|29.126
1399701613|29.126
1399701636|29.126
1399701658|29.126
1399701681|29.126
1399701703|29.126
1399701725|29.126
1399701748|29.126
1399701770|29.126
1399701793|29.126
1399701815|29.126
1399701838|29.25
1399701860|29.25
1399701883|29.25
1399701905|29.126
1399701928|29.25
1399701950|29.25
1399701973|29.126
1399701995|29.126
1399702018|29.126
1399702040|29.126
1399702062|29.126
1399702085|29.126
1399702107|29.126
1399702130|29.126
1399702152|29.0
1399702175|29.0
1399702197|29.0
1399702220|29.0
1399702242|29.0
1399702265|29.126
1399702287|29.126
1399702310|29.0
1399702332|29.126
1399702355|29.126
1399702377|29.0
1399702399|29.0
1399702422|29.0
1399702444|29.126
1399702467|29.126
1399702489|29.126
1399702512|29.126
1399702534|29.0
1399702557|29.0
1399702579|29.0
1399702602|29.126
1399702624|29.0
1399702647|29.0
1399702669|29.0
1399702692|29.0
1399702714|29.0
1399702736|29.0
1399702759|29.0
1399702781|29.0
1399702804|28.876
1399702826|28.876
1399702849|28.876
1399702871|28.75
1399702894|28.75
1399702916|28.75
1399702939|28.75
1399702961|28.75
1399702984|28.75
1399703006|28.626
1399703029|28.626
1399703051|28.75
1399703073|28.75
1399703096|28.626
1399703118|28.626
1399703141|28.626
1399703163|28.626
1399703186|28.626
1399703208|28.5
1399703231|28.5
1399703253|28.376
1399703276|28.376
1399703298|28.376
1399703321|28.376
1399703343|28.376
1399703366|28.376
1399703388|28.376
1399703411|28.5
1399703433|28.376
1399703456|28.376
1399703478|28.376
1399703500|28.376
1399703523|28.376
1399703545|28.25
1399703568|28.376
1399703590|28.5
1399703613|28.5
1399703635|28.376
1399703658|28.376
1399703680|28.376
1399703703|28.376
1399703725|28.376
1399703748|28.376
1399703770|28.376
1399703793|28.25
1399703815|28.376
1399703837|28.376
1399703860|28.376
1399703882|28.25
1399703905|28.25
1399703927|28.376
1399703950|28.376
1399703972|28.376
1399703995|28.376
1399704017|28.376
1399704040|28.376
1399704062|28.376
1399704085|28.25
1399704107|28.25
1399704130|28.25
1399704152|28.126
1399704174|28.126
1399704197|28.126
1399704220|28.0
1399704242|28.0
1399704264|27.876
1399704287|27.876
1399704309|27.75
1399704332|27.75
1399704354|27.75
1399704377|27.626
1399704399|27.626
1399704422|27.5
1399704444|27.626
1399704467|27.626
1399704489|27.5
1399704512|27.376
1399704534|27.376
1399704557|27.376
1399704579|27.25
1399704601|27.25
1399704624|27.25
1399704646|27.126
1399704669|27.126
1399704691|27.126
1399704714|27.126
1399704736|27.126
1399704759|27.0
1399704781|26.876
1399704804|26.876
1399704826|26.75
1399704849|26.75
1399704871|26.626
1399704894|26.626
1399704916|26.5
1399704938|26.626
1399704961|26.75
1399704983|26.626
1399705006|26.5
1399705028|26.5
1399705051|26.5
1399705073|26.376
1399705096|26.25
1399705118|26.25
1399705141|26.25
1399705163|26.25
1399705186|26.376
1399705208|26.376
1399705231|26.376
1399705253|26.25
1399705275|26.25
1399705298|26.376
1399705320|26.25
1399705343|26.25
1399705365|26.376
1399705388|26.126
1399705410|26.0
1399705433|26.0
1399705455|26.0
1399705478|25.876
1399705500|25.876
1399705523|25.75
1399705545|25.626
1399705568|25.376
1399705590|25.376
1399705613|25.5
1399705635|25.5
1399705657|25.5
1399705680|25.626
1399705702|25.626
1399705725|25.626
1399705747|25.626
1399705770|25.75
1399705792|25.626
1399705815|25.5
1399705837|25.626
1399705860|25.626
1399705882|25.75
1399705905|25.75
1399705927|25.75
1399705950|25.626
1399705972|25.75
1399705994|25.75
1399706017|25.75
1399706039|25.626
1399706062|25.5
1399706084|25.376
1399706107|25.5
1399706129|25.5
1399706152|25.5
1399706174|25.5
1399706197|25.376
1399706219|25.25
1399706242|25.25
1399706264|25.25
1399706287|25.126
1399706309|25.126
1399706331|25.126
1399706354|25.25
1399706376|25.25
1399706399|25.25
1399706421|25.126
1399706444|25.25
1399706466|25.25
1399706489|25.25
1399706511|25.25
1399706534|25.25
1399706556|25.376
1399706579|25.376
1399706601|25.25
1399706624|25.376
1399706646|25.376
1399706668|25.25
1399706691|25.25
1399706713|25.126
1399706736|25.126
1399706758|25.126
1399706781|25.0
1399706803|24.876
1399706826|24.75
1399706848|24.5
1399706871|24.5
1399706893|24.376
1399706916|24.25
1399706938|24.126
1399706961|24.126
1399706983|24.126
1399707006|24.126
1399707028|24.0
1399707051|23.876
1399707073|24.0
1399707095|24.0
1399707118|23.876
1399707140|23.75
1399707163|23.626
1399707185|23.626
1399707208|23.626
1399707230|23.876
1399707253|24.0
1399707275|24.0
1399707298|24.0
1399707320|24.126
1399707343|24.126
1399707365|24.376
1399707388|24.5
1399707410|24.626
1399707432|24.75
1399707455|25.0
1399707477|25.0
1399707500|25.126
1399707522|25.0
1399707545|25.0
1399707567|25.126
1399707590|25.25
1399707612|25.25
1399707635|25.126
1399707657|25.126
1399707680|25.0
1399707702|24.876
1399707725|25.0
1399707747|24.876
1399707769|25.0
1399707792|25.0
1399707814|25.0
1399707837|25.0
1399707859|24.876
1399707882|24.876
1399707904|25.126
1399707927|25.376
1399707949|25.25
1399707972|25.126
1399707994|25.126
1399708017|25.126
1399708039|25.126
1399708062|25.0
1399708084|25.25
1399708107|25.126
1399708129|25.25
1399708152|25.126
1399708174|25.126
1399708196|25.0
1399708219|25.0
1399708241|25.0
1399708264|25.0
1399708286|25.0
1399708309|25.126
1399708331|25.25
1399708354|25.25
1399708376|25.126
1399708399|25.25
1399708421|25.376
1399708444|25.5
1399708466|25.626
1399708489|25.626
1399708511|25.75
1399708533|25.626
1399708556|25.75
1399708578|25.75
1399708601|25.75
1399708623|25.75
1399708646|25.75
1399708668|25.5
1399708691|25.626
1399708713|25.5
1399708736|25.376
1399708758|25.376
1399708781|25.0
1399708803|24.876
1399708826|24.75
1399708848|24.75
1399708871|24.876
1399708893|24.75
1399708915|24.626
1399708938|24.5
1399708960|24.626
1399708983|24.5
1399709005|24.5
1399709028|24.5
1399709050|24.5
1399709073|24.376
1399709095|24.5
1399709118|24.626
1399709140|24.75
1399709163|24.626
1399709185|24.5
1399709208|24.5
1399709230|24.5
1399709252|24.5
1399709275|24.376
1399709297|24.25
1399709320|24.376
1399709342|24.5
1399709365|24.376
1399709387|24.5
1399709410|24.5
1399709432|24.376
1399709455|24.25
1399709477|24.126
1399709500|24.126
1399709522|24.126
1399709545|24.126
1399709567|24.376
1399709589|24.5
1399709612|24.626
1399709634|24.626
1399709657|24.876
1399709679|24.876
1399709702|24.75
1399709724|24.75
1399709747|24.5
1399709769|24.75
1399709792|24.876
1399709814|24.876
1399709837|24.876
1399709859|25.126
1399709882|25.376
1399709904|25.75
1399709926|25.876
1399709949|26.0
1399709971|26.0
1399709994|26.126
1399710016|26.25
1399710039|26.25
1399710061|26.126
1399710084|26.126
1399710106|26.25
1399710129|26.376
1399710151|26.376
1399710174|26.376
1399710196|26.25
1399710219|26.25
1399710241|26.25
1399710264|26.25
1399710286|26.126
1399710309|26.0
1399710331|26.126
1399710353|26.126
1399710376|26.25
1399710398|26.25
1399710421|26.376
1399710443|26.376
1399710466|26.376
1399710488|26.25
1399710511|26.25
1399710533|26.376
1399710556|26.25
1399710578|26.126
1399710601|26.0
1399710623|25.75
1399710646|25.75
1399710668|25.626
1399710690|25.376
1399710713|25.376
1399710735|25.126
1399710758|25.25
1399710780|25.376
1399710803|25.376
1399710825|25.5
1399710848|25.626
1399710870|25.75
1399710893|25.75
1399710915|25.75
1399710938|25.626
1399710960|25.5
1399710983|25.5
1399711005|25.376
1399711027|25.376
1399711050|25.25
1399711072|25.0
1399711095|25.0
1399711117|25.0
1399711140|25.126
1399711162|25.0
1399711185|24.876
1399711207|24.75
1399711230|24.75
1399711252|24.876
1399711275|24.876
1399711297|25.0
1399711320|24.876
1399711342|24.75
1399711364|24.626
1399711387|24.626
1399711409|24.876
1399711432|24.876
1399711454|24.876
1399711477|24.626
1399711499|24.5
1399711522|24.5
1399711544|24.626
1399711567|24.75
1399711589|24.876
1399711612|24.876
1399711634|25.0
1399711657|24.876
1399711679|24.75
1399711701|24.75
1399711724|25.0
1399711746|24.876
1399711769|25.0
1399711791|24.876
1399711814|24.75
1399711836|24.626
1399711859|24.376
1399711881|24.25
1399711904|23.876
1399711926|23.75
1399711949|23.5
1399711971|23.126
1399711994|23.126
1399712016|23.126
1399712039|23.126
1399712061|22.876
1399712084|22.75
1399712106|22.75
1399712128|22.376
1399712151|22.376
1399712173|22.25
1399712196|22.25
1399712218|22.126
1399712241|21.876
1399712263|21.75
1399712286|21.75
1399712308|22.0
1399712331|21.876
1399712353|21.75
1399712376|21.75
1399712398|21.5
1399712421|21.5
1399712443|21.376
1399712465|21.126
1399712488|21.0
1399712510|20.876
1399712533|20.876
1399712555|21.126
1399712578|21.126
1399712600|20.876
1399712623|20.75
1399712645|20.626
1399712668|20.376
1399712690|20.5
1399712713|20.626
1399712735|20.626
1399712758|20.626
1399712780|20.25
1399712802|20
1399712825|20
1399712847|20
1399712870|20
1399712892|20.126
1399712915|20
1399712937|20
1399712960|20
1399712982|20
1399713005|20
1399713027|20
1399713050|20
1399713072|20
1399713095|20
1399713117|20
1399713139|20
1399713162|20
1399713184|20
1399713207|20
1399713229|20
1399713252|20
1399713274|20
1399713297|20
1399713319|20
1399713342|20
1399713364|20
1399713387|20
1399713409|20
1399713432|20
1399713454|20
1399713476|20
1399713499|20
1399713521|20
1399713544|20
1399713566|20
1399713589|20
1399713611|20
1399713634|20
1399713656|20
1399713679|20
1399713701|20
1399713724|20
1399713746|20
1399713769|20.376
1399713791|20.376
1399713814|20.5
1399713836|20.5
1399713858|20.376
1399713881|20.5
1399713903|20.5
1399713926|20.376
1399713948|20.25
1399713971|20.376
1399713993|20.5
1399714016|20.5
1399714038|20.25
1399714061|20.626
1399714083|20.626
1399714106|20.75
1399714128|20.5
1399714151|20.376
1399714173|20.5
1399714195|20.5
1399714218|20.626
1399714240|20.626
1399714263|20.5
1399714285|20.5
1399714308|20.376
1399714330|20.5
1399714353|20.5
1399714375|20.876
1399714398|21.126
1399714420|21.25
1399714443|21.376
1399714465|21.376
1399714488|21.25
1399714510|21.25
1399714532|21.25
1399714555|21.25
1399714577|21.75
1399714600|21.876
1399714622|22.126
1399714645|22.126
1399714667|22.0
1399714690|21.876
1399714712|22.126
1399714735|22.126
1399714757|22.126
1399714780|22.25
1399714802|22.126
1399714825|22.0
1399714847|21.876
1399714869|21.626
1399714892|21.75
1399714914|21.626
1399714937|21.75
1399714959|21.876
1399714982|21.876
1399715004|22.0
1399715027|21.876
1399715049|21.876
1399715072|21.876
1399715094|21.75
1399715117|21.75
1399715139|21.626
1399715162|21.5
1399715184|21.5
1399715206|21.5
1399715229|21.5
1399715251|21.376
1399715274|21.376
1399715296|21.5
1399715319|21.626
1399715341|21.626
1399715364|21.626
1399715386|21.626
1399715409|21.75
1399715431|21.75
1399715454|21.626
1399715476|21.75
1399715499|21.75
1399715521|21.75
1399715544|21.626
1399715566|21.626
1399715588|21.626
1399715611|21.75
1399715633|21.75
1399715656|21.75
1399715678|21.75
1399715701|21.876
1399715723|21.75
1399715746|21.75
1399715768|21.75
1399715791|21.876
1399715813|21.75
1399715836|21.5
1399715858|21.5
1399715881|21.75
1399715903|21.626
1399715926|21.5
1399715948|21.376
1399715970|21.25
1399715993|21.25
1399716015|21.25
1399716038|21.5
1399716060|21.376
1399716083|21.626
1399716105|21.626
1399716128|21.75
1399716150|21.75
1399716173|21.626
1399716195|21.5
1399716218|21.5
1399716240|21.376
1399716263|21.126
1399716285|21.0
1399716307|21.126
1399716330|21.126
1399716352|21.0
1399716375|21.0
1399716397|21.0
1399716420|21.0
1399716442|21.126
1399716465|21.376
1399716487|21.5
1399716510|21.5
1399716532|21.626
1399716555|21.626
1399716577|21.75
1399716600|21.75
1399716622|21.75
1399716644|21.75
1399716667|21.626
1399716689|21.75
1399716712|21.5
1399716734|21.5
1399716757|21.376
1399716779|21.126
1399716802|21.126
1399716824|21.25
1399716847|21.25
1399716869|21.126
1399716892|21.0
1399716914|20.75
1399716937|20.75
1399716959|20.626
1399716982|20.5
1399717004|20.25
1399717027|20
1399717049|20.126
1399717071|20.25
1399717094|20.376
1399717116|20.25
1399717139|20
1399717161|20
1399717184|20
1399717206|20
1399717229|20
1399717251|20
1399717274|20
1399717296|20
1399717319|20
1399717341|20
1399717364|20
1399717386|20
1399717408|20
1399717431|20
1399717453|20
1399717476|20
1399717498|20
1399717521|20
1399717543|20
1399717566|20
1399717588|20
1399717611|20
1399717633|20
1399717656|20
1399717678|20
1399717701|20
1399717723|20
1399717746|20
1399717768|20
1399717790|20
1399717813|20
1399717835|20
1399717858|20
1399717880|20
1399717903|20
1399717925|20
1399717948|20
1399717970|20
1399717993|20
1399718015|20
1399718038|20
1399718060|20
1399718083|20
1399718105|20
1399718127|20
1399718150|20
1399718172|20
1399718195|20
1399718217|20
1399718240|20
1399718262|20
1399718285|20
1399718307|20
1399718330|20
1399718352|20
1399718375|20
1399718397|20
1399718420|20
1399718442|20
1399718464|20
1399718487|20
1399718509|20
1399718532|20
1399718554|20
1399718577|20
1399718599|20
1399718622|20
1399718644|20
1399718667|20
1399718690|20
1399718712|20
1399718735|20
1399718757|20
1399718779|20
1399718802|20
1399718824|20
1399718847|20
1399718869|20
1399718892|20
1399718914|20
1399718937|20
1399718959|20
1399718982|20
1399719004|20
1399719027|20
1399719049|20
1399719072|20
1399719094|20
1399719117|20
1399719139|20
1399719162|20
1399719184|20
1399719206|20
1399719229|20
1399719251|20
1399719274|20
1399719296|20
1399719319|20
1399719341|20
1399719364|20
1399719386|20
1399719409|20
1399719431|20
1399719454|20
1399719476|20
1399719499|20
1399719521|20
1399719543|20
1399719566|20
1399719588|20
1399719611|20
1399719633|20
1399719656|20
1399719678|20
1399719701|20
1399719723|20
1399719746|20
1399719768|20
1399719791|20
1399719813|20
1399719836|20
1399719858|20
1399719880|20
1399719903|20
1399719925|20
1399719948|20
1399719970|20
1399719993|20
1399720015|20
1399720038|20
1399720060|20
1399720083|20
1399720105|20
1399720128|20
1399720150|20
1399720173|20
1399720195|20
1399720218|20
1399720240|20
1399720263|20
1399720285|20
1399720307|20
1399720330|20
1399720352|20
1399720375|20
1399720397|20
1399720420|20
1399720442|20
1399720465|20
1399720487|20
1399720510|20
1399720532|20
1399720555|20
1399720577|20
1399720600|20
1399720622|20
1399720644|20
1399720667|20
1399720689|20
1399720712|20
1399720734|20
1399720757|20
1399720779|20
1399720802|20
1399720824|20
1399720847|20
1399720869|20
1399720892|20
1399720914|20
1399720937|20
1399720959|20
1399720981|20
1399721004|20
1399721026|20
1399721049|20
1399721071|20
1399721094|20
1399721116|20
1399721139|20
1399721161|20
1399721184|20
1399721206|20
1399721229|20
1399721251|20
1399721274|20
1399721296|20
1399721319|20
1399721341|20
1399721363|20
1399721386|20
1399721408|20
1399721431|20
1399721453|20
1399721476|20
1399721498|20
1399721521|20
1399721543|20
1399721566|20
1399721588|20
1399721611|20
1399721633|20
1399721656|20
1399721678|20
1399721700|20
1399721723|20
1399721745|20
1399721768|20
1399721790|20
1399721813|20
1399721835|20
1399721858|20
1399721880|20
1399721903|20
1399721925|20
1399721948|20
1399721970|20
1399721993|20
1399722015|20
1399722038|20
1399722060|20
1399722082|20
1399722105|20
1399722127|20
1399722150|20
1399722172|20
1399722195|20
1399722217|20
1399722240|20
1399722262|20
1399722285|20
1399722307|20
1399722330|20
1399722352|20
1399722375|20
1399722397|20
1399722420|20
1399722442|20
1399722464|20
1399722487|20
1399722509|20
1399722532|20
1399722554|20
1399722577|20
1399722599|20
1399722622|20
1399722644|20
1399722667|20
1399722689|20
1399722712|20
1399722734|20
1399722757|20
1399722779|20
1399722801|20
1399722824|20
1399722846|20
1399722869|20
1399722891|20
1399722914|20
1399722936|20
1399722959|20
1399722981|20
1399723004|20
1399723026|20
1399723049|20
1399723071|20
1399723094|20
1399723116|20
1399723138|20
1399723161|20
1399723183|20
1399723206|20
1399723228|20
1399723251|20
1399723273|20
1399723296|20
1399723318|20
1399723341|20
1399723363|20
1399723386|20
1399723408|20
1399723431|20
1399723453|20
1399723475|20
1399723498|20
1399723520|20
1399723543|20
1399723565|20
1399723588|20
1399723610|20
1399723633|20
1399723655|20
1399723678|20
1399723700|20
1399723723|20
1399723745|20
1399723768|20
1399723790|20
1399723813|20
1399723835|20
1399723858|20
1399723880|20
1399723902|20
1399723925|20
1399723947|20
1399723970|20
1399723992|20
1399724015|20
1399724037|20
1399724060|20
1399724082|20
1399724105|20
1399724127|20
1399724150|20
1399724172|20
1399724195|20
1399724217|20
1399724239|20
1399724262|20
1399724284|20
1399724307|20
1399724329|20
1399724352|20
1399724374|20
1399724397|20
1399724419|20
1399724442|20
1399724464|20
1399724487|20
1399724509|20
1399724532|20
1399724554|20
1399724576|20
1399724599|20
1399724621|20
1399724644|20
1399724666|20
1399724689|20
1399724711|20
1399724734|20
1399724756|20
1399724779|20
1399724801|20
1399724824|20
1399724846|20
1399724869|20
1399724891|20
1399724913|20
1399724936|20
1399724958|20
1399724981|20
1399725003|20
1399725026|20
1399725048|20
1399725071|20
1399725093|20
1399725116|20
1399725138|20
1399725161|20
1399725183|20
1399725206|20
1399725228|20
1399725250|20
1399725273|20.5
1399725295|20.75
1399725318|21.126
1399725340|21.75
1399725363|21.876
1399725385|22.25
1399725408|22.626
1399725430|22.75
1399725453|22.876
1399725475|23.126
1399725498|23.5
1399725520|23.5
1399725543|23.876
1399725565|23.876
1399725588|23.876
1399725610|23.876
1399725632|24.0
1399725655|24.25
1399725677|24.126
1399725700|24.126
1399725722|24.5
1399725745|24.5
1399725767|24.376
1399725790|24.5
1399725812|24.5
1399725835|24.5
1399725857|24.5
1399725880|24.626
1399725902|24.75
1399725925|24.75
1399725947|24.876
1399725969|25.0
1399725992|25.0
1399726014|24.876
1399726037|25.0
1399726059|25.0
1399726082|24.876
1399726104|25.0
1399726127|25.0
1399726149|24.876
1399726172|24.876
1399726194|24.75
1399726217|24.626
1399726239|24.626
1399726262|24.5
1399726284|24.25
1399726306|24.25
1399726329|24.0
1399726351|24.126
1399726374|24.0
1399726396|23.876
1399726419|24.0
1399726441|23.876
1399726464|24.0
1399726486|23.876
1399726509|24.0
1399726531|24.0
1399726554|24.0
1399726576|24.0
1399726599|23.876
1399726621|23.626
1399726643|23.626
1399726666|23.376
1399726688|23.376
1399726711|23.376
1399726733|23.25
1399726756|23.376
1399726778|23.376
1399726801|23.376
1399726823|23.376
1399726846|23.376
1399726868|23.25
1399726891|23.126
1399726913|23.126
1399726936|23.0
1399726958|23.0
1399726981|23.0
1399727003|23.0
1399727026|23.0
1399727048|23.0
1399727070|23.0
1399727093|23.0
1399727115|22.876
1399727138|22.876
1399727160|22.876
1399727183|22.626
1399727205|22.5
1399727228|22.5
1399727250|22.25
1399727273|22.25
1399727295|22.25
1399727318|22.376
1399727340|22.25
1399727363|22.25
1399727385|22.25
1399727407|22.376
1399727430|22.376
1399727452|22.126
1399727475|21.876
1399727497|22.0
1399727520|21.876
1399727542|22.0
1399727565|22.0
1399727587|22.0
1399727610|22.0
1399727632|22.126
1399727655|22.126
1399727677|22.0
1399727700|22.0
1399727722|22.0
1399727744|22.0
1399727767|22.126
1399727789|22.126
1399727812|22.0
1399727834|21.876
1399727857|21.75
1399727879|21.376
1399727902|21.126
1399727924|21.126
1399727947|21.0
1399727969|20.876
1399727992|20.626
1399728014|20.5
1399728037|20.5
1399728059|20.626
1399728081|20.626
1399728104|20.5
1399728126|20.5
1399728149|20.376
1399728171|20.25
1399728194|20.126
1399728216|20
1399728239|20
1399728261|20
1399728284|20
1399728306|20
1399728329|20
1399728351|20
1399728374|20
1399728396|20
1399728418|20
1399728441|20
1399728463|20
1399728486|20
1399728508|20
1399728531|20
1399728553|20
1399728576|20
1399728598|20
1399728621|20
1399728643|20
1399728666|20
1399728688|20
1399728711|20
1399728733|20
1399728756|20
1399728778|20
1399728801|20
1399728823|20
1399728845|20
1399728868|20
1399728890|20
1399728913|20
1399728935|20
1399728958|20
1399728980|20
1399729003|20
1399729025|20
1399729048|20
1399729070|20
1399729093|20
1399729115|20
1399729138|20
1399729160|20
1399729182|20
1399729205|20
1399729227|20
1399729250|20
1399729272|20
1399729295|20
1399729317|20
1399729340|20
1399729362|20
1399729385|20
1399729407|20
1399729430|20
1399729452|20
1399729475|20
1399729497|20
1399729519|20
1399729542|20
1399729564|20
1399729587|20
1399729609|20
1399729632|20
1399729654|20
1399729677|20
1399729699|20
1399729722|20
1399729744|20
1399729767|20
1399729789|20
1399729812|20
1399729834|20
1399729856|20
1399729879|20
1399729901|20
1399729924|20
1399729946|20
1399729969|20
1399729991|20
1399730014|20
1399730036|20
1399730059|20
1399730081|20
1399730104|20
1399730126|20
1399730149|20
1399730171|20
1399730194|20
1399730216|20
1399730238|20
1399730261|20
1399730283|20
1399730306|20
1399730328|20
1399730351|20
1399730373|20
1399730396|20
1399730418|20
1399730441|20
1399730463|20
1399730486|20
1399730508|20
1399730531|20
1399730553|20
1399730575|20
1399730598|20
1399730620|20
1399730643|20
1399730665|20
1399730688|20
1399730710|20
1399730733|20
1399730755|20
1399730778|20
1399730800|20
1399730823|20
1399730845|20
1399730868|20
1399730890|20
1399730912|20
1399730935|20
1399730957|20
1399730980|20
1399731002|20
1399731025|20
1399731047|20
1399731070|20
1399731092|20
1399731115|20
1399731137|20
1399731160|20
1399731182|20
1399731205|20
1399731227|20
1399731250|20
1399731272|20.126
1399731294|20
1399731317|20
1399731339|20
1399731362|20
1399731384|20
1399731407|20
1399731429|20
1399731452|20
1399731474|20
1399731497|20
1399731519|20
1399731542|20
1399731564|20
1399731587|20
1399731609|20
1399731632|20
1399731654|20
1399731676|20
1399731699|20
1399731721|20
1399731744|20
1399731766|20
1399731789|20
1399731811|20
1399731834|20
1399731856|20
1399731879|20
1399731901|20
1399731924|20
1399731946|20
1399731969|20
1399731991|20
1399732013|20
1399732036|20
1399732059|20
1399732081|20
1399732103|20
1399732126|20
1399732148|20
1399732171|20
1399732193|20
1399732216|20
1399732238|20
1399732261|20
1399732283|20
1399732306|20
1399732328|20
1399732351|20
1399732373|20
1399732396|20
1399732418|20
1399732440|20
1399732463|20
1399732485|20
1399732508|20
1399732530|20
1399732553|20
1399732575|20
1399732598|20
1399732620|20
1399732643|20
1399732665|20
1399732688|20
1399732710|20
1399732733|20
1399732755|20
1399732777|20
1399732800|20
1399732822|20
1399732845|20
1399732867|20
1399732890|20
1399732912|20
1399732935|20
1399732957|20
1399732980|20
1399733002|20
1399733025|20
1399733047|20
1399733070|20
1399733092|20
1399733115|20
1399733137|20
1399733159|20
1399733182|20
1399733204|20
1399733227|20
1399733249|20
1399733272|20
1399733294|20
1399733317|20
1399733339|20
1399733362|20
1399733384|20
1399733407|20
1399733429|20
1399733452|20
1399733474|20
1399733496|20
1399733519|20
1399733541|20
1399733564|20
1399733586|20
1399733609|20
1399733631|20
1399733654|20
1399733676|20
1399733699|20
1399733721|20
1399733744|20
1399733767|20
1399733789|20
1399733812|20
1399733834|20
1399733857|20
1399733879|20
1399733902|20
1399733924|20
1399733947|20
1399733969|20
1399733992|20
1399734014|20
1399734036|20
1399734059|20
1399734081|20
1399734104|20
1399734126|20
1399734149|20
1399734171|20
1399734194|20
1399734216|20
1399734239|20
1399734261|20
1399734284|20
1399734306|20
1399734329|20
1399734351|20
1399734374|20
1399734396|20
1399734419|20
1399734441|20
1399734463|20
1399734486|20
1399734508|20
1399734531|20
1399734553|20
1399734576|20
1399734598|20
1399734621|20
1399734643|20
1399734666|20
1399734688|20
1399734711|20
1399734733|20
1399734756|20
1399734778|20
1399734800|20
1399734823|20
1399734845|20
1399734868|20
1399734890|20
1399734913|20
1399734935|20
1399734958|20
1399734980|20
1399735003|20
1399735025|20
1399735048|20
1399735070|20
1399735093|20
1399735115|20
1399735137|20
1399735160|20
1399735182|20
1399735205|20
1399735227|20
1399735250|20
1399735272|20
1399735295|20
1399735317|20
1399735340|20
1399735362|20
1399735385|20
1399735407|20
1399735430|20
1399735452|20
1399735474|20
1399735497|20
1399735519|20
1399735542|20
1399735564|20
1399735587|20
1399735609|20
1399735632|20
1399735654|20
1399735677|20
1399735699|20
1399735722|20
1399735744|20
1399735767|20
1399735789|20
1399735812|20
1399735834|20
1399735856|20
1399735879|20
1399735901|20
1399735924|20
1399735946|20
1399735969|20
1399735991|20
1399736014|20
1399736036|20
1399736059|20
1399736081|20
1399736104|20
1399736126|20
1399736149|20
1399736171|20
1399736194|20
1399736216|20
1399736238|20
1399736261|20
1399736283|20
1399736306|20
1399736328|20
1399736351|20
1399736373|20
1399736396|20
1399736418|20
1399736441|20
1399736463|20
1399736486|20
1399736508|20
1399736531|20
1399736553|20
1399736575|20
1399736598|20
1399736620|20
1399736643|20
1399736665|20
1399736688|20
1399736710|20
1399736733|20
1399736755|20
1399736778|20
1399736800|20
1399736823|20
1399736845|20
1399736868|20
1399736890|20
1399736912|20
1399736935|20
1399736957|20
1399736980|20
1399737002|20
1399737025|20
1399737047|20
1399737070|20
1399737092|20
1399737115|20
1399737137|20
1399737160|20
1399737182|20
1399737205|20
1399737227|20
1399737249|20
1399737272|20
1399737294|20
1399737317|20
1399737339|20
1399737362|20
1399737384|20
1399737407|20
1399737429|20
1399737452|20
1399737474|20
1399737497|20
1399737519|20
1399737542|20
1399737564|20
1399737587|20
1399737609|20
1399737631|20
1399737654|20
1399737676|20
1399737699|20
1399737721|20
1399737744|20
1399737766|20
1399737789|20
1399737811|20
1399737834|20
1399737856|20
1399737879|20
1399737901|20
1399737924|20
1399737946|20
1399737968|20
1399737991|20
1399738013|20
1399738036|20
1399738058|20
1399738081|20
1399738103|20
1399738126|20
1399738148|20
1399738171|20
1399738193|20
1399738216|20
1399738238|20
1399738261|20
1399738283|20
1399738305|20
1399738328|20
1399738350|20
1399738373|20
1399738395|20
1399738418|20
1399738440|20
1399738463|20
1399738485|20
1399738508|20
1399738530|20
1399738553|20
1399738575|20
1399738598|20
1399738620|20
1399738643|20
1399738665|20
1399738687|20.126
1399738710|20.126
1399738732|20.25
1399738755|20.25
1399738777|20.626
1399738800|20.626
1399738822|20.75
1399738845|20.876
1399738867|20.876
1399738890|20.75
1399738912|20.626
1399738935|20.75
1399738957|20.75
1399738980|20.5
1399739002|20.5
1399739025|20.126
1399739047|20
1399739069|20.126
1399739092|20.25
1399739114|20.376
1399739137|20.376
1399739159|20
1399739182|20
1399739204|20
1399739227|20
1399739249|20
1399739272|20
1399739294|20
1399739317|20
1399739339|20
1399739362|20
1399739384|20
1399739406|20
1399739429|20
1399739451|20
1399739474|20
1399739496|20
1399739519|20
1399739541|20
1399739564|20
1399739586|20
1399739609|20
1399739631|20
1399739654|20
1399739676|20
1399739699|20
1399739721|20
1399739743|20
1399739766|20
1399739788|20
1399739811|20
1399739833|20
1399739856|20
1399739878|20
1399739901|20
1399739923|20
1399739946|20.126
1399739968|20.126
1399739991|20.25
1399740013|20.5
1399740036|20.5
1399740058|20.75
1399740081|20.75
1399740103|20.626
1399740126|20.626
1399740148|20
1399740170|20
1399740193|20
1399740215|20
1399740238|20
1399740260|20
1399740283|20
1399740305|20
1399740328|20
1399740350|20
1399740373|20
1399740395|20
1399740418|20
1399740440|20
1399740463|20
1399740485|20
1399740507|20
1399740530|20
1399740552|20
1399740575|20
1399740597|20
1399740620|20
1399740642|20
1399740665|20
1399740687|20
1399740710|20
1399740732|20
1399740755|20
1399740777|20
1399740800|20
1399740822|20
1399740844|20
1399740867|20
1399740889|20
1399740912|20
1399740934|20
1399740957|20
1399740979|20
1399741002|20
1399741024|20
1399741047|20
1399741069|20
1399741092|20
1399741114|20
1399741137|20
1399741159|20
1399741182|20
1399741204|20
1399741226|20
1399741249|20
1399741271|20
1399741294|20
1399741316|20
1399741339|20
1399741362|20
1399741385|20
1399741407|20
1399741429|20
1399741452|20
1399741474|20
1399741497|20
1399741519|20
1399741542|20
1399741564|20
1399741587|20
1399741609|20
1399741632|20
1399741654|20
1399741677|20
1399741699|20
1399741722|20
1399741744|20
1399741766|20
1399741789|20
1399741811|20
1399741834|20
1399741856|20
1399741879|20
1399741901|20
1399741924|20
1399741946|20
1399741969|20
1399741991|20
1399742014|20
1399742036|20
1399742059|20
1399742081|20
1399742103|20.25
1399742126|20.376
1399742148|20.376
1399742171|20.5
1399742193|20.5
1399742216|20.376
1399742238|20.376
1399742261|20.5
1399742283|20.5
1399742306|20.5
1399742328|20.5
1399742351|20.626
1399742373|20.5
1399742396|20.626
1399742418|20.876
1399742440|21.0
1399742463|20.876
1399742485|20.75
1399742508|20.626
1399742530|20.876
1399742553|20.75
1399742575|20.75
1399742598|21.0
1399742620|20.876
1399742643|20.876
1399742665|21.0
1399742688|21.126
1399742710|21.0
1399742733|21.126
1399742755|21.25
1399742778|21.25
1399742800|21.25
1399742823|21.25
1399742845|21.5
1399742867|21.626
1399742890|21.626
1399742912|21.626
1399742935|21.75
1399742957|21.626
1399742980|21.876
1399743002|22.0
1399743025|22.126
1399743047|22.0
1399743070|22.0
1399743092|21.876
1399743115|21.876
1399743137|21.75
1399743160|21.75
1399743182|21.75
1399743204|21.75
1399743227|21.75
1399743249|21.876
1399743272|21.876
1399743294|21.876
1399743317|22.0
1399743339|22.0
1399743362|22.126
1399743384|22.126
1399743407|22.25
1399743429|22.25
1399743452|22.25
1399743474|22.25
1399743497|22.25
1399743519|22.25
1399743541|22.25
1399743564|22.25
1399743586|22.25
1399743609|22.376
1399743631|22.25
1399743654|22.25
1399743676|22.25
1399743699|22.376
1399743721|22.25
1399743744|22.25
1399743766|22.25
1399743789|22.25
1399743811|22.126
1399743834|22.126
1399743856|22.25
1399743878|22.25
1399743901|22.25
1399743923|22.376
1399743946|22.376
1399743968|22.376
1399743991|22.376
1399744013|22.5
1399744036|22.5
1399744058|22.5
1399744081|22.626
1399744103|22.5
1399744126|22.5
1399744148|22.626
1399744171|22.626
1399744193|22.626
1399744216|22.5
1399744238|22.5
1399744260|22.626
1399744283|22.75
1399744305|22.626
1399744328|22.626
1399744350|22.626
1399744373|22.626
1399744395|22.626
1399744418|22.5
1399744440|22.5
1399744463|22.5
1399744485|22.376
1399744508|22.25
1399744530|22.126
1399744553|22.25
1399744575|22.126
1399744598|22.126
1399744620|22.0
1399744642|22.0
1399744665|22.0
1399744687|21.75
1399744710|21.75
1399744732|21.626
1399744755|21.5
1399744777|21.626
1399744800|21.626
1399744822|21.5
1399744845|21.376
1399744867|21.5
1399744890|21.376
1399744912|21.376
1399744935|21.376
1399744957|21.376
1399744979|21.25
1399745002|21.25
1399745024|21.25
1399745047|21.25
1399745069|21.376
1399745092|21.25
1399745114|21.376
1399745137|21.25
1399745159|21.25
1399745182|21.376
1399745204|21.5
1399745227|21.75
1399745249|21.75
