1400523045|20
1400523067|20
1400523090|20
1400523112|20
1400523135|20
1400523157|20
1400523180|20
1400523202|20
1400523225|20
1400523247|20
1400523270|20
1400523292|20
1400523315|20
1400523337|20
1400523360|20
1400523382|20
1400523404|20
1400523427|20
1400523450|20
1400523472|20
1400523494|20
1400523517|20
1400523539|20
1400523562|20
1400523584|20
1400523607|20
1400523629|20
1400523652|20
1400523674|20
1400523697|20
1400523719|20
1400523742|20
1400523764|20
1400523787|20
1400523809|20
1400523832|20
1400523854|20
1400523876|20
1400523899|20
1400523921|20
1400523944|20
1400523966|20
1400523989|20
1400524011|20
1400524034|20
1400524056|20
1400524079|20
1400524101|20
1400524124|20
1400524146|20
1400524169|20
1400524191|20
1400524214|20
1400524236|20
1400524258|20
1400524281|20
1400524303|20
1400524326|20
1400524348|20
1400524371|20
1400524393|20
1400524416|20
1400524438|20
1400524461|20
1400524483|20
1400524506|20
1400524528|20
1400524551|20
1400524573|20
1400524595|20
1400524618|20
1400524640|20
1400524663|20
1400524685|20
1400524708|20
1400524730|20
1400524753|20.126
1400524775|20.25
1400524798|20.25
1400524820|20.25
1400524843|20.376
1400524865|20.376
1400524888|20.376
1400524910|20.5
1400524932|20.5
1400524955|20.5
1400524977|20.626
1400525000|20.626
1400525022|20.75
1400525045|20.75
1400525067|20.75
1400525090|20.75
1400525112|20.75
1400525135|20.75
1400525157|20.75
1400525180|20.876
1400525202|20.876
1400525225|20.876
1400525247|20.876
1400525269|20.876
1400525292|20.876
1400525314|21.0
1400525337|21.0
1400525359|21.126
1400525382|21.126
1400525404|21.25
1400525427|21.25
1400525449|21.25
1400525472|21.25
1400525494|21.376
1400525517|21.376
1400525539|21.376
1400525562|21.376
1400525584|21.5
1400525607|21.5
1400525629|21.626
1400525651|21.626
1400525674|21.626
1400525696|21.626
1400525719|21.626
1400525741|21.75
1400525764|21.75
1400525786|21.876
1400525809|21.876
1400525831|21.876
1400525854|21.876
1400525876|21.876
1400525899|21.876
1400525921|21.75
1400525944|21.75
1400525966|21.876
1400525988|21.876
1400526011|22.0
1400526033|22.0
1400526056|22.0
1400526078|22.0
1400526101|22.0
1400526123|22.0
1400526146|22.0
1400526168|22.0
1400526191|22.0
1400526213|22.0
1400526236|22.0
1400526258|22.126
1400526281|22.126
1400526303|22.126
1400526325|22.126
1400526348|22.126
1400526370|22.126
1400526393|22.25
1400526415|22.126
1400526438|22.126
1400526460|22.126
1400526483|22.126
1400526505|22.25
1400526528|22.25
1400526550|22.126
1400526573|22.126
1400526595|22.126
1400526618|22.126
1400526640|22.25
1400526663|22.25
1400526685|22.25
1400526707|22.25
1400526730|22.376
1400526752|22.376
1400526775|22.376
1400526797|22.376
1400526820|22.376
1400526842|22.376
1400526865|22.376
1400526887|22.376
1400526910|22.376
1400526932|22.5
1400526955|22.5
1400526977|22.5
1400527000|22.5
1400527022|22.376
1400527045|22.5
1400527067|22.5
1400527089|22.5
1400527112|22.5
1400527134|22.626
1400527157|22.626
1400527179|22.626
1400527202|22.626
1400527224|22.626
1400527247|22.626
1400527269|22.626
1400527292|22.626
1400527314|22.75
1400527337|22.75
1400527359|22.75
1400527382|22.876
1400527404|22.876
1400527426|22.876
1400527449|22.876
1400527471|23.0
1400527494|22.876
1400527516|22.876
1400527539|22.876
1400527561|22.876
1400527584|22.876
1400527606|22.876
1400527629|22.876
1400527651|23.0
1400527674|23.0
1400527696|23.126
1400527719|23.126
1400527741|23.25
1400527764|23.25
1400527786|23.25
1400527809|23.25
1400527831|23.25
1400527853|23.25
1400527876|23.25
1400527898|23.25
1400527921|23.25
1400527943|23.25
1400527966|23.25
1400527988|23.25
1400528011|23.25
1400528033|23.25
1400528056|23.25
1400528078|23.25
1400528101|23.25
1400528123|23.25
1400528146|23.25
1400528168|23.25
1400528190|23.25
1400528213|23.25
1400528235|23.25
1400528258|23.25
1400528280|23.25
1400528303|23.25
1400528325|23.25
1400528348|23.25
1400528370|23.25
1400528393|23.376
1400528415|23.376
1400528438|23.5
1400528460|23.5
1400528483|23.5
1400528505|23.5
1400528528|23.376
1400528550|23.5
1400528572|23.376
1400528595|23.5
1400528617|23.5
1400528640|23.376
1400528662|23.5
1400528685|23.5
1400528707|23.376
1400528730|23.25
1400528752|23.376
1400528775|23.25
1400528797|23.25
1400528820|23.25
1400528842|23.25
1400528865|23.376
1400528887|23.376
1400528909|23.376
1400528932|23.376
1400528954|23.376
1400528977|23.376
1400528999|23.376
1400529022|23.376
1400529044|23.376
1400529067|23.5
1400529089|23.5
1400529112|23.5
1400529134|23.5
1400529157|23.626
1400529179|23.626
1400529202|23.626
1400529224|23.626
1400529246|23.626
1400529269|23.75
1400529291|23.75
1400529314|23.75
1400529336|23.75
1400529359|23.75
1400529381|23.876
1400529404|23.876
1400529426|23.876
1400529449|23.876
1400529471|23.876
1400529494|24.0
1400529516|24.0
1400529539|24.0
1400529561|24.0
1400529583|24.0
1400529606|24.0
1400529628|24.0
1400529651|24.0
1400529673|24.0
1400529696|24.0
1400529718|24.0
1400529741|24.0
1400529763|24.0
1400529786|24.0
1400529808|24.126
1400529831|24.126
1400529853|24.126
1400529876|24.126
1400529898|24.126
1400529921|24.126
1400529943|24.126
1400529966|24.126
1400529988|24.126
1400530010|24.126
1400530033|24.126
1400530055|24.126
1400530078|24.0
1400530100|24.0
1400530123|24.0
1400530145|24.0
1400530168|24.0
1400530190|24.0
1400530213|23.876
1400530235|23.876
1400530258|23.876
1400530280|23.876
1400530303|23.876
1400530325|23.876
1400530347|23.75
1400530370|23.75
1400530392|23.75
1400530415|23.75
1400530437|23.75
1400530460|23.75
1400530482|23.75
1400530505|23.75
1400530527|23.75
1400530550|23.75
1400530572|23.75
1400530595|23.75
1400530617|23.75
1400530640|23.75
1400530662|23.876
1400530684|23.876
1400530707|23.876
1400530729|23.876
1400530752|23.876
1400530774|23.876
1400530797|23.876
1400530819|24.0
1400530842|23.876
1400530864|24.0
1400530887|24.0
1400530909|24.0
1400530932|24.0
1400530954|24.126
1400530977|24.126
1400530999|24.126
1400531021|24.126
1400531044|24.126
1400531066|24.126
1400531089|24.25
1400531111|24.25
1400531134|24.25
1400531156|24.25
1400531179|24.376
1400531201|24.25
1400531224|24.25
1400531246|24.25
1400531269|24.376
1400531291|24.376
1400531314|24.376
1400531336|24.376
1400531358|24.376
1400531381|24.376
1400531403|24.376
1400531426|24.376
1400531448|24.376
1400531471|24.25
1400531493|24.376
1400531516|24.376
1400531538|24.376
1400531561|24.5
1400531583|24.5
1400531606|24.5
1400531628|24.5
1400531651|24.5
1400531673|24.5
1400531695|24.5
1400531718|24.5
1400531740|24.626
1400531763|24.626
1400531785|24.626
1400531808|24.5
1400531830|24.5
1400531853|24.5
1400531875|24.5
1400531898|24.5
1400531920|24.5
1400531943|24.5
1400531965|24.5
1400531988|24.5
1400532010|24.626
1400532033|24.626
1400532055|24.626
1400532078|24.626
1400532100|24.626
1400532122|24.626
1400532145|24.626
1400532167|24.5
1400532190|24.5
1400532212|24.626
1400532235|24.626
1400532257|24.5
1400532280|24.5
1400532302|24.5
1400532325|24.5
1400532347|24.5
1400532370|24.5
1400532392|24.5
1400532415|24.376
1400532437|24.376
1400532459|24.376
1400532482|24.25
1400532504|24.376
1400532527|24.376
1400532550|24.376
1400532572|24.376
1400532595|24.376
1400532617|24.5
1400532640|24.5
1400532662|24.5
1400532685|24.5
1400532707|24.5
1400532730|24.626
1400532752|24.5
1400532775|24.626
1400532797|24.626
1400532819|24.626
1400532842|24.626
1400532864|24.626
1400532887|24.626
1400532909|24.626
1400532932|24.626
1400532954|24.5
1400532977|24.626
1400532999|24.5
1400533022|24.5
1400533044|24.626
1400533067|24.626
1400533089|24.626
1400533112|24.626
1400533134|24.626
1400533157|24.626
1400533179|24.626
1400533202|24.5
1400533224|24.5
1400533246|24.5
1400533269|24.5
1400533291|24.5
1400533314|24.5
1400533336|24.5
1400533359|24.5
1400533381|24.5
1400533404|24.626
1400533426|24.626
1400533449|24.75
1400533471|24.75
1400533494|24.75
1400533516|24.75
1400533539|24.75
1400533561|24.75
1400533583|24.75
1400533606|24.75
1400533628|24.75
1400533651|24.75
1400533673|24.876
1400533696|24.876
1400533718|24.876
1400533741|24.876
1400533763|24.876
1400533786|24.876
1400533808|25.0
1400533831|24.876
1400533853|24.876
1400533876|25.0
1400533898|24.876
1400533920|25.0
1400533943|25.0
1400533965|25.0
1400533988|25.0
1400534010|25.0
1400534033|25.0
1400534055|25.0
1400534078|25.0
1400534100|25.0
1400534123|25.0
1400534145|25.0
1400534168|25.0
1400534190|25.0
1400534213|25.0
1400534235|25.0
1400534258|25.0
1400534281|25.126
1400534303|25.126
1400534326|25.126
1400534348|25.126
1400534371|25.126
1400534393|25.0
1400534416|25.0
1400534438|25.126
1400534461|25.126
1400534483|25.126
1400534506|25.126
1400534528|25.126
1400534550|25.126
1400534573|25.126
1400534595|25.126
1400534618|25.126
1400534640|25.0
1400534663|25.126
1400534685|25.0
1400534708|25.126
1400534730|25.0
1400534753|25.126
1400534775|25.126
1400534798|25.126
1400534820|25.126
1400534843|25.126
1400534865|25.126
1400534887|25.25
1400534910|25.25
1400534932|25.25
1400534955|25.25
1400534977|25.376
1400535000|25.376
1400535022|25.376
1400535045|25.5
1400535067|25.5
1400535090|25.5
1400535112|25.5
1400535135|25.5
1400535157|25.376
1400535180|25.376
1400535202|25.376
1400535225|25.376
1400535247|25.376
1400535269|25.376
1400535292|25.376
1400535314|25.376
1400535337|25.376
1400535359|25.5
1400535382|25.5
1400535404|25.5
1400535427|25.5
1400535449|25.5
1400535472|25.5
1400535494|25.5
1400535517|25.5
1400535539|25.5
1400535562|25.5
1400535584|25.5
1400535606|25.5
1400535629|25.5
1400535651|25.626
1400535674|25.5
1400535696|25.5
1400535719|25.5
1400535741|25.5
1400535764|25.5
1400535786|25.376
1400535809|25.376
1400535831|25.376
1400535854|25.376
1400535876|25.376
1400535899|25.376
1400535921|25.376
1400535943|25.376
1400535966|25.376
1400535988|25.376
1400536011|25.376
1400536033|25.376
1400536056|25.376
1400536078|25.25
1400536101|25.376
1400536123|25.376
1400536146|25.376
1400536168|25.376
1400536191|25.376
1400536213|25.376
1400536236|25.376
1400536258|25.25
1400536280|25.25
1400536303|25.376
1400536325|25.376
1400536348|25.25
1400536370|25.376
1400536393|25.376
1400536415|25.376
1400536438|25.25
1400536460|25.25
1400536483|25.25
1400536505|25.25
1400536528|25.25
1400536550|25.25
1400536573|25.25
1400536595|25.25
1400536617|25.25
1400536640|25.25
1400536662|25.25
1400536685|25.25
1400536707|25.25
1400536730|25.126
1400536752|25.126
1400536775|25.126
1400536797|25.126
1400536820|25.25
1400536842|25.25
1400536865|25.25
1400536887|25.25
1400536910|25.25
1400536932|25.376
1400536955|25.376
1400536977|25.376
1400537000|25.376
1400537022|25.376
1400537044|25.376
1400537067|25.376
1400537089|25.376
1400537112|25.376
1400537134|25.376
1400537157|25.376
1400537179|25.376
1400537202|25.376
1400537224|25.376
1400537247|25.376
1400537269|25.376
1400537292|25.376
1400537314|25.376
1400537337|25.376
1400537359|25.376
1400537381|25.376
1400537404|25.376
1400537426|25.376
1400537449|25.376
1400537471|25.376
1400537494|25.376
1400537516|25.5
1400537539|25.376
1400537561|25.376
1400537584|25.376
1400537606|25.376
1400537629|25.376
1400537651|25.376
1400537674|25.376
1400537696|25.376
1400537718|25.376
1400537741|25.376
1400537763|25.376
1400537786|25.376
1400537808|25.376
1400537831|25.376
1400537853|25.376
1400537876|25.376
1400537898|25.376
1400537921|25.376
1400537943|25.5
1400537966|25.5
1400537988|25.5
1400538011|25.5
1400538033|25.5
1400538055|25.5
1400538078|25.5
1400538100|25.5
1400538123|25.5
1400538145|25.5
1400538168|25.5
1400538190|25.5
1400538213|25.5
1400538235|25.5
1400538258|25.5
1400538280|25.5
1400538303|25.5
1400538325|25.5
1400538348|25.5
1400538370|25.5
1400538392|25.5
1400538415|25.5
1400538437|25.5
1400538460|25.5
1400538482|25.5
1400538505|25.5
1400538527|25.5
1400538550|25.5
1400538572|25.376
1400538595|25.376
1400538617|25.376
1400538640|25.5
1400538662|25.376
1400538685|25.5
1400538707|25.5
1400538730|25.376
1400538752|25.376
1400538775|25.376
1400538797|25.376
1400538819|25.376
1400538842|25.5
1400538864|25.5
1400538887|25.5
1400538909|25.376
1400538932|25.376
1400538954|25.5
1400538977|25.5
1400538999|25.5
1400539022|25.5
1400539044|25.5
1400539067|25.5
1400539089|25.5
1400539112|25.626
1400539134|25.626
1400539156|25.5
1400539179|25.5
1400539201|25.5
1400539224|25.5
1400539246|25.5
1400539269|25.5
1400539291|25.5
1400539314|25.626
1400539336|25.626
1400539359|25.5
1400539381|25.626
1400539404|25.5
1400539426|25.626
1400539449|25.5
1400539471|25.626
1400539493|25.626
1400539516|25.626
1400539538|25.626
1400539561|25.626
1400539583|25.626
1400539606|25.5
1400539628|25.626
1400539651|25.626
1400539673|25.5
1400539696|25.5
1400539718|25.5
1400539741|25.5
1400539763|25.5
1400539786|25.376
1400539808|25.376
1400539831|25.5
1400539853|25.5
1400539875|25.376
1400539898|25.5
1400539920|25.5
1400539943|25.5
1400539965|25.5
1400539988|25.5
1400540010|25.5
1400540033|25.5
1400540055|25.5
1400540078|25.5
1400540100|25.5
1400540123|25.5
1400540145|25.5
1400540168|25.5
1400540190|25.5
1400540212|25.626
1400540235|25.626
1400540257|25.626
1400540280|25.626
1400540302|25.626
1400540325|25.626
1400540347|25.75
1400540370|25.626
1400540392|25.75
1400540415|25.75
1400540437|25.75
1400540460|25.75
1400540482|25.75
1400540505|25.876
1400540527|25.876
1400540550|25.876
1400540572|25.876
1400540594|25.876
1400540617|26.0
1400540639|26.0
1400540662|26.0
1400540684|26.0
1400540707|26.0
1400540729|26.0
1400540752|26.0
1400540774|26.0
1400540797|26.0
1400540819|26.126
1400540842|26.126
1400540864|26.126
1400540887|26.126
1400540909|26.126
1400540932|26.126
1400540954|26.126
1400540976|26.126
1400540999|26.126
1400541021|26.126
1400541044|26.25
1400541066|26.25
1400541089|26.25
1400541111|26.25
1400541134|26.25
1400541156|26.25
1400541179|26.25
1400541201|26.25
1400541224|26.25
1400541246|26.25
1400541269|26.25
1400541291|26.25
1400541313|26.25
1400541336|26.25
1400541358|26.25
1400541381|26.25
1400541403|26.25
1400541426|26.25
1400541448|26.25
1400541471|26.376
1400541493|26.376
1400541516|26.376
1400541538|26.376
1400541561|26.376
1400541583|26.376
1400541606|26.5
1400541628|26.5
1400541650|26.5
1400541673|26.5
1400541695|26.5
1400541718|26.5
1400541740|26.626
1400541763|26.626
1400541785|26.626
1400541808|26.626
1400541830|26.626
1400541853|26.75
1400541875|26.75
1400541898|26.626
1400541920|26.75
1400541943|26.75
1400541965|26.876
1400541987|26.75
1400542010|26.876
1400542032|26.876
1400542055|26.876
1400542077|27.0
1400542100|26.876
1400542122|26.876
1400542145|27.0
1400542167|27.0
1400542190|27.0
1400542212|27.126
1400542235|27.126
1400542257|27.126
1400542280|27.126
1400542302|27.126
1400542324|27.126
1400542347|27.126
1400542369|27.126
1400542392|27.25
1400542414|27.25
1400542437|27.25
1400542459|27.25
1400542482|27.376
1400542504|27.376
1400542527|27.376
1400542549|27.376
1400542572|27.376
1400542594|27.376
1400542617|27.376
1400542639|27.5
1400542662|27.5
1400542684|27.5
1400542707|27.5
1400542729|27.626
1400542751|27.626
1400542774|27.626
1400542796|27.626
1400542819|27.626
1400542841|27.75
1400542864|27.75
1400542886|27.75
1400542909|27.75
1400542931|27.876
1400542954|27.876
1400542976|27.876
1400542999|27.876
1400543021|27.876
1400543044|27.876
1400543066|27.876
1400543088|28.0
1400543111|28.0
1400543133|28.0
1400543156|28.0
1400543178|28.0
1400543201|28.126
1400543223|28.126
1400543246|28.126
1400543268|28.126
1400543291|28.126
1400543313|28.126
1400543336|28.126
1400543358|28.25
1400543381|28.25
1400543403|28.25
1400543425|28.25
1400543448|28.25
1400543470|28.25
1400543493|28.376
1400543515|28.376
1400543538|28.376
1400543560|28.376
1400543583|28.376
1400543605|28.376
1400543628|28.5
1400543650|28.5
1400543673|28.626
1400543695|28.626
1400543718|28.626
1400543740|28.75
1400543762|28.75
1400543785|28.876
1400543807|28.876
1400543830|29.0
1400543852|29.126
1400543875|29.126
1400543897|29.25
1400543920|29.25
1400543943|29.25
1400543965|29.25
1400543988|29.25
1400544010|29.376
1400544033|29.376
1400544055|29.376
1400544078|29.376
1400544100|29.376
1400544123|29.376
1400544145|29.376
1400544168|29.376
1400544190|29.376
1400544213|29.376
1400544235|29.376
1400544258|29.376
1400544280|29.376
1400544303|29.376
1400544325|29.25
1400544347|29.25
1400544370|29.25
1400544392|29.25
1400544415|29.25
1400544437|29.25
1400544460|29.25
1400544482|29.25
1400544505|29.25
1400544527|29.25
1400544550|29.25
1400544572|29.25
1400544595|29.376
1400544617|29.376
1400544640|29.376
1400544662|29.376
1400544684|29.5
1400544707|29.5
1400544729|29.626
1400544752|29.626
1400544774|29.75
1400544797|29.75
1400544819|29.75
1400544842|29.876
1400544864|29.876
1400544887|29.876
1400544909|30.0
1400544932|30.0
1400544954|30.0
1400544977|30.0
1400544999|30.0
1400545021|30.0
1400545044|30.0
1400545066|30.0
1400545089|25.063
1400545111|30.0
1400545134|30.0
1400545156|30.0
1400545179|30.0
1400545201|30.0
1400545224|25.063
1400545246|25.063
1400545269|25.063
1400545291|25.125
1400545314|25.063
1400545336|25.125
1400545359|25.125
1400545381|25.063
1400545403|25.125
1400545426|25.125
1400545448|25.125
1400545471|25.125
1400545493|25.188
1400545516|25.25
1400545538|25.313
1400545561|25.313
1400545583|25.375
1400545606|25.375
1400545628|25.438
1400545651|25.5
1400545673|25.5
1400545696|25.5
1400545718|25.5
1400545741|25.5
1400545763|25.438
1400545785|25.438
1400545808|25.375
1400545830|25.375
1400545853|25.375
1400545875|25.375
1400545898|25.375
1400545920|25.375
1400545943|25.375
1400545965|25.313
1400545988|25.313
1400546010|25.313
1400546033|25.375
1400546055|25.375
1400546078|25.375
1400546100|25.375
1400546122|25.438
1400546145|25.438
1400546167|25.438
1400546190|25.438
1400546212|25.438
1400546235|25.438
1400546257|25.438
1400546280|25.375
1400546302|25.438
1400546325|25.438
1400546347|25.438
1400546370|25.438
1400546392|25.375
1400546415|25.375
1400546437|25.375
1400546460|25.313
1400546482|25.313
1400546504|25.313
1400546527|25.375
1400546549|25.375
1400546572|25.438
1400546594|25.5
1400546617|25.5
1400546639|25.563
1400546662|25.625
1400546684|25.625
1400546707|25.625
1400546729|25.625
1400546752|25.625
1400546774|25.625
1400546797|25.625
1400546819|25.625
1400546841|25.625
1400546864|25.625
1400546886|25.625
1400546909|25.625
1400546931|25.625
1400546954|25.688
1400546976|25.688
1400546999|25.75
1400547021|25.75
1400547044|25.75
1400547066|25.75
1400547089|25.75
1400547111|25.813
1400547134|25.875
1400547156|25.875
1400547178|25.875
1400547201|25.875
1400547223|25.938
1400547246|25.938
1400547268|25.938
1400547291|25.938
1400547313|25.938
1400547336|25.938
1400547358|25.938
1400547381|25.938
1400547403|25.938
1400547426|25.938
1400547448|25.938
1400547471|25.938
1400547493|25.938
1400547515|25.875
1400547538|25.938
1400547560|25.938
1400547583|25.938
1400547605|25.938
1400547628|25.938
1400547650|25.938
1400547673|25.938
1400547695|25.938
1400547718|26.0
1400547740|26.0
1400547763|26.0
1400547785|26.0
1400547808|26.0
1400547830|26.0
1400547852|26.0
1400547875|26.0
1400547897|25.938
1400547920|25.938
1400547942|25.938
1400547965|25.938
1400547987|25.938
1400548010|25.938
1400548032|25.938
1400548055|25.938
1400548077|25.938
1400548100|25.938
1400548122|25.938
1400548145|25.938
1400548167|26.0
1400548190|25.938
1400548213|26.0
1400548235|25.938
1400548258|25.938
1400548280|25.938
1400548303|26.0
1400548325|26.0
1400548348|26.0
1400548370|26.0
1400548393|26.0
1400548415|26.0
1400548438|26.0
1400548460|26.0
1400548482|26.0
1400548505|26.0
1400548527|26.0
1400548550|26.0
1400548572|26.063
1400548595|26.0
1400548617|26.063
1400548640|26.0
1400548662|26.0
1400548685|26.063
1400548707|26.0
1400548730|26.063
1400548752|26.063
1400548775|26.125
1400548797|26.125
1400548819|26.188
1400548842|26.188
1400548864|26.188
1400548887|26.188
1400548909|26.188
1400548932|26.188
1400548954|26.188
1400548977|26.188
1400548999|26.188
1400549022|26.188
1400549044|26.188
1400549067|26.188
1400549089|26.188
1400549112|26.188
1400549134|26.188
1400549157|26.25
1400549179|26.313
1400549202|26.313
1400549224|26.313
1400549246|26.375
1400549269|26.375
1400549291|26.375
1400549314|26.438
1400549336|26.438
1400549359|26.438
1400549381|26.438
1400549404|26.438
1400549426|26.375
1400549449|26.438
1400549471|26.438
1400549494|26.438
1400549516|26.438
1400549539|26.5
1400549561|26.563
1400549583|26.563
1400549606|26.563
1400549628|26.625
1400549651|26.625
1400549673|26.625
1400549696|26.625
1400549718|26.625
1400549741|26.625
1400549763|26.625
1400549786|26.625
1400549808|26.625
1400549831|26.625
1400549853|26.625
1400549876|26.563
1400549898|26.625
1400549920|26.563
1400549943|26.563
1400549965|26.5
1400549988|26.5
1400550010|26.5
1400550033|26.5
1400550055|26.5
1400550078|26.5
1400550100|26.5
1400550123|26.438
1400550145|26.438
1400550168|26.438
1400550190|26.438
1400550213|26.5
1400550235|26.438
1400550258|26.5
1400550280|26.438
1400550302|26.5
1400550325|26.5
1400550347|26.5
1400550370|26.5
1400550392|26.563
1400550415|26.563
1400550437|26.5
1400550460|26.5
1400550482|26.563
1400550505|26.563
1400550527|26.563
1400550550|26.5
1400550572|26.5
1400550595|26.5
1400550617|26.5
1400550639|26.5
1400550662|26.5
1400550684|26.5
1400550707|26.5
1400550729|26.5
1400550752|26.5
1400550774|26.563
1400550797|26.563
1400550819|26.625
1400550842|26.625
1400550864|26.625
1400550887|26.688
1400550909|26.688
1400550932|26.75
1400550954|26.75
1400550976|26.75
1400550999|26.75
1400551021|26.75
1400551044|26.75
1400551066|26.75
1400551089|26.813
1400551111|26.813
1400551134|26.813
1400551156|26.813
1400551179|26.875
1400551201|26.813
1400551224|26.813
1400551246|26.813
1400551269|26.875
1400551291|26.875
1400551314|26.875
1400551336|26.875
1400551359|26.813
1400551381|26.875
1400551403|26.875
1400551426|26.875
1400551448|26.875
1400551471|26.875
1400551493|26.875
1400551516|26.875
1400551538|26.875
1400551561|26.875
1400551583|26.875
1400551606|26.875
1400551628|26.938
1400551651|26.938
1400551673|26.938
1400551696|26.938
1400551718|27.0
1400551740|27.0
1400551763|27.0
1400551785|27.0
1400551808|27.0
1400551830|27.063
1400551853|27.063
1400551875|27.125
1400551898|27.125
1400551920|27.125
1400551943|27.125
1400551965|27.125
1400551988|27.125
1400552010|27.125
1400552033|27.125
1400552055|27.125
1400552077|27.125
1400552100|27.125
1400552122|27.125
1400552145|27.125
1400552167|27.125
1400552190|27.125
1400552212|27.125
1400552235|27.125
1400552257|27.188
1400552280|27.188
1400552302|27.25
1400552325|27.25
1400552347|27.25
1400552370|27.25
1400552392|27.25
1400552414|27.25
1400552437|27.25
1400552459|27.25
1400552482|27.25
1400552504|27.25
1400552527|27.25
1400552549|27.25
1400552572|27.25
1400552594|27.25
1400552617|27.25
1400552639|27.25
1400552662|27.25
1400552684|27.25
1400552707|27.25
1400552729|27.25
1400552752|27.25
1400552774|27.188
1400552797|27.25
1400552819|27.188
1400552841|27.188
1400552864|27.188
1400552886|27.188
1400552909|27.188
1400552931|27.188
1400552954|27.188
1400552976|27.188
1400552999|27.25
1400553021|27.188
1400553044|27.25
1400553066|27.25
1400553089|27.25
1400553111|27.25
1400553134|27.25
1400553156|27.25
1400553178|27.25
1400553201|27.313
1400553223|27.313
1400553246|27.313
1400553268|27.313
1400553291|27.313
1400553313|27.375
1400553336|27.313
1400553358|27.313
1400553381|27.313
1400553403|27.313
1400553426|27.313
1400553448|27.313
1400553471|27.313
1400553493|27.313
1400553515|27.313
1400553538|27.313
1400553560|27.313
1400553583|27.313
1400553605|27.313
1400553628|27.313
1400553650|27.313
1400553673|27.313
1400553695|27.313
1400553718|27.313
1400553740|27.313
1400553763|27.313
1400553785|27.375
1400553808|27.375
1400553830|27.375
1400553852|27.375
1400553875|27.375
1400553897|27.375
1400553920|27.313
1400553942|27.313
1400553965|27.313
1400553987|27.313
1400554010|27.313
1400554032|27.375
1400554055|27.375
1400554077|27.375
1400554100|27.375
1400554122|27.438
1400554145|27.438
1400554167|27.438
1400554190|27.5
1400554212|27.438
1400554234|27.438
1400554257|27.438
1400554279|27.5
1400554302|27.5
1400554324|27.5
1400554347|27.5
1400554369|27.5
1400554392|27.5
1400554414|27.5
1400554437|27.5
1400554459|27.563
1400554482|27.563
1400554504|27.5
1400554527|27.563
1400554549|27.563
1400554571|27.5
1400554594|27.563
1400554616|27.563
1400554639|27.563
1400554661|27.563
1400554684|27.563
1400554706|27.563
1400554729|27.563
1400554751|27.5
1400554774|27.5
1400554796|27.5
1400554819|27.5
1400554841|27.5
1400554864|27.5
1400554886|27.5
1400554908|27.5
1400554931|27.5
1400554954|27.5
1400554976|27.438
1400554998|27.438
1400555021|27.375
1400555043|27.375
1400555066|27.375
1400555088|27.438
1400555111|27.375
1400555133|27.375
1400555156|27.375
1400555178|27.313
1400555201|27.375
1400555223|27.313
1400555246|27.313
1400555268|27.313
1400555291|27.313
1400555313|27.25
1400555335|27.25
1400555358|27.25
1400555380|27.25
1400555403|27.25
1400555425|27.188
1400555448|27.188
1400555470|27.188
1400555493|27.188
1400555515|27.125
1400555538|27.188
1400555560|27.125
1400555583|27.125
1400555605|27.125
1400555628|27.125
1400555650|27.125
1400555672|27.125
1400555695|27.063
1400555717|27.063
1400555740|27.063
1400555762|27.063
1400555785|27.063
1400555807|27.063
1400555830|27.0
1400555852|27.0
1400555875|27.0
1400555897|27.0
1400555920|27.0
1400555942|27.0
1400555965|27.0
1400555987|27.0
1400556010|27.0
1400556032|27.0
1400556055|27.0
1400556077|27.0
1400556099|27.0
1400556122|27.0
1400556144|27.0
1400556167|27.0
1400556189|27.0
1400556212|27.0
1400556234|26.938
1400556257|27.0
1400556279|27.0
1400556302|26.938
1400556324|27.0
1400556347|27.0
1400556369|27.0
1400556392|27.0
1400556414|26.938
1400556436|26.938
1400556459|26.938
1400556481|26.938
1400556504|26.938
1400556526|26.938
1400556549|26.938
1400556571|27.0
1400556594|26.938
1400556616|26.938
1400556639|26.938
1400556661|26.938
1400556684|26.938
1400556706|26.938
1400556729|26.938
1400556751|26.938
1400556773|26.938
1400556796|26.875
1400556818|26.938
1400556841|26.875
1400556863|26.875
1400556886|26.875
1400556908|26.875
1400556931|26.938
1400556953|26.875
1400556976|26.875
1400556998|26.938
1400557021|26.875
1400557043|26.875
1400557066|26.875
1400557088|26.938
1400557111|26.875
1400557133|26.875
1400557155|26.875
1400557178|26.938
1400557200|26.938
1400557223|26.938
1400557245|26.938
1400557268|26.938
1400557290|26.938
1400557313|26.938
1400557335|26.875
1400557358|26.938
1400557380|26.938
1400557403|26.875
1400557425|26.875
1400557448|26.875
1400557470|26.813
1400557492|26.813
1400557515|26.813
1400557537|26.813
1400557560|26.813
1400557582|26.813
1400557605|26.813
1400557627|26.75
1400557650|26.75
1400557672|26.75
1400557695|26.75
1400557717|26.75
1400557740|26.688
1400557762|26.75
1400557785|26.688
1400557807|26.688
1400557829|26.688
1400557852|26.688
1400557874|26.688
1400557897|26.625
1400557919|26.625
1400557942|26.625
1400557964|26.625
1400557987|26.688
1400558009|26.688
1400558032|26.625
1400558054|26.625
1400558077|26.625
1400558099|26.625
1400558122|26.625
1400558144|26.625
1400558166|26.563
1400558189|26.563
1400558211|26.563
1400558234|26.563
1400558256|26.563
1400558279|26.563
1400558301|26.563
1400558324|26.5
1400558346|26.5
1400558369|26.5
1400558391|26.5
1400558414|26.5
1400558436|26.438
1400558459|26.438
1400558481|26.438
1400558503|26.438
1400558526|26.375
1400558548|26.375
1400558571|26.375
1400558593|26.313
1400558616|26.313
1400558638|26.313
1400558661|26.313
1400558683|26.313
1400558706|26.313
1400558728|26.313
1400558751|26.313
1400558773|26.313
1400558796|26.313
1400558818|26.25
1400558841|26.25
1400558863|26.25
1400558886|26.188
1400558908|26.188
1400558930|26.125
1400558953|26.125
1400558975|26.125
1400558998|26.063
1400559020|26.0
1400559043|26.0
1400559065|25.938
1400559088|26.0
1400559110|25.938
1400559133|25.938
1400559155|25.938
1400559178|25.938
1400559200|25.875
1400559223|25.938
1400559245|25.875
1400559267|25.875
1400559290|25.875
1400559312|25.938
1400559335|25.938
1400559357|25.938
1400559380|25.938
1400559402|26.0
1400559425|25.938
1400559447|25.938
1400559470|25.875
1400559492|25.938
1400559515|25.875
1400559537|25.875
1400559560|25.875
1400559582|25.875
1400559604|25.875
1400559627|25.813
1400559649|25.813
1400559672|25.813
1400559694|25.75
1400559717|25.75
1400559739|25.688
1400559762|25.688
1400559784|25.688
1400559807|25.688
1400559829|25.625
1400559852|25.688
1400559874|25.688
1400559897|25.625
1400559919|25.625
1400559942|25.625
1400559964|25.625
1400559987|25.625
1400560009|25.625
1400560031|25.563
1400560054|25.563
1400560076|25.625
1400560099|25.563
1400560121|25.563
1400560144|25.563
1400560166|25.563
1400560189|25.563
1400560211|25.5
1400560234|25.5
1400560256|25.5
1400560279|25.438
1400560301|25.438
1400560324|25.438
1400560346|25.438
1400560368|25.375
1400560391|25.375
1400560413|25.375
1400560436|25.375
1400560458|25.313
1400560481|25.313
1400560503|25.313
1400560526|25.25
1400560548|25.313
1400560571|25.313
1400560593|25.313
1400560616|25.313
1400560638|25.313
1400560661|25.375
1400560683|25.375
1400560705|25.375
1400560728|25.375
1400560750|25.375
1400560773|25.438
1400560795|25.438
1400560818|25.375
1400560840|25.438
1400560863|25.5
1400560885|25.438
1400560908|25.438
1400560930|25.438
1400560953|25.438
1400560975|25.5
1400560998|25.438
1400561020|25.438
1400561042|25.375
1400561065|25.375
1400561087|25.313
1400561110|25.313
1400561132|25.313
1400561155|25.25
1400561177|25.25
1400561200|25.25
1400561222|25.188
1400561245|25.125
1400561267|25.125
1400561290|25.063
1400561312|25.063
1400561335|25.125
1400561357|25.125
1400561380|25.125
1400561402|25.063
1400561424|30.0
1400561447|30.0
1400561469|29.876
1400561492|29.876
1400561514|29.75
1400561537|29.626
1400561559|29.5
1400561582|29.5
1400561604|29.5
1400561627|29.5
1400561649|29.376
1400561672|29.376
1400561694|29.5
1400561717|29.376
1400561739|29.376
1400561761|29.376
1400561784|29.25
1400561806|29.25
1400561829|29.25
1400561851|29.126
1400561874|29.126
1400561896|29.126
1400561919|28.876
1400561941|29.0
1400561964|29.0
1400561986|28.876
1400562009|28.876
1400562031|28.75
1400562054|28.75
1400562076|28.75
1400562098|28.75
1400562121|28.75
1400562143|28.75
1400562166|28.876
1400562188|28.75
1400562211|28.626
1400562233|28.5
1400562256|28.5
1400562278|28.25
1400562301|28.25
1400562323|28.126
1400562346|28.126
1400562368|28.126
1400562391|28.0
1400562413|28.0
1400562435|28.0
1400562458|27.876
1400562480|28.0
1400562503|28.0
1400562525|28.0
1400562548|28.0
1400562570|28.0
1400562593|27.876
1400562615|27.876
1400562638|27.876
1400562660|27.876
1400562683|27.876
1400562705|27.75
1400562728|27.75
1400562750|27.75
1400562772|27.876
1400562795|27.876
1400562817|27.876
1400562840|28.0
1400562862|28.0
1400562885|28.0
1400562907|27.876
1400562930|27.876
1400562952|27.876
1400562975|27.876
1400562997|27.75
1400563020|27.75
1400563042|27.75
1400563065|27.626
1400563087|27.626
1400563110|27.75
1400563132|27.75
1400563154|27.626
1400563177|27.626
1400563199|27.75
1400563222|27.75
1400563244|27.626
1400563267|27.5
1400563289|27.5
1400563312|27.376
1400563334|27.5
1400563357|27.5
1400563379|27.5
1400563402|27.5
1400563424|27.5
1400563447|27.5
1400563469|27.376
1400563492|27.5
1400563514|27.5
1400563536|27.376
1400563559|27.25
1400563581|27.25
1400563604|27.126
1400563626|27.126
1400563649|27.0
1400563671|27.0
1400563694|26.876
1400563716|26.75
1400563739|26.75
1400563761|26.876
1400563784|26.876
1400563806|26.876
1400563829|26.75
1400563851|26.75
1400563873|26.626
1400563896|26.626
1400563918|26.75
1400563941|26.75
1400563964|26.75
1400563987|26.75
1400564009|26.876
1400564032|26.75
1400564054|26.75
1400564076|26.876
1400564099|26.876
1400564121|26.75
1400564144|26.75
1400564166|26.75
1400564189|26.876
1400564211|26.75
1400564234|26.626
1400564256|26.626
1400564279|26.626
1400564301|26.5
1400564324|26.5
1400564346|26.5
1400564369|26.5
1400564391|26.5
1400564414|26.5
1400564436|26.626
1400564459|26.5
1400564481|26.5
1400564503|26.5
1400564526|26.376
1400564548|26.126
1400564571|26.126
1400564593|26.0
1400564616|26.0
1400564638|26.25
1400564661|26.25
1400564683|26.126
1400564706|26.25
1400564728|26.25
1400564751|26.25
1400564773|26.25
1400564796|26.376
1400564818|26.376
1400564840|26.25
1400564863|26.126
1400564885|26.126
1400564908|26.126
1400564930|26.0
1400564953|26.0
1400564975|25.876
1400564998|25.876
1400565020|25.75
1400565043|25.876
1400565065|25.876
1400565088|26.0
1400565110|25.876
1400565133|25.876
1400565155|25.876
1400565177|25.876
1400565200|25.876
1400565222|25.876
1400565245|26.0
1400565267|26.0
1400565290|25.876
1400565312|25.876
1400565335|25.75
1400565357|25.75
1400565380|25.876
1400565402|25.876
1400565425|25.876
1400565447|25.876
1400565470|25.75
1400565492|25.876
1400565514|25.75
1400565537|25.626
1400565559|25.626
1400565582|25.626
1400565604|25.626
1400565627|25.376
1400565649|25.376
1400565672|25.376
1400565694|25.376
1400565717|25.25
1400565739|25.126
1400565762|25.0
1400565784|24.876
1400565807|25.0
1400565829|25.0
1400565852|25.126
1400565874|25.126
1400565896|25.126
1400565919|25.25
1400565941|25.376
1400565964|25.25
1400565986|25.126
1400566009|25.0
1400566031|24.876
1400566054|24.876
1400566076|24.876
1400566099|24.75
1400566121|24.75
1400566144|24.376
1400566166|24.25
1400566189|24.25
1400566211|24.0
1400566233|23.876
1400566256|23.75
1400566278|23.75
1400566301|23.75
1400566323|23.75
1400566346|23.626
1400566368|23.626
1400566391|23.5
1400566413|23.25
1400566436|23.126
1400566458|23.126
1400566481|23.126
1400566503|22.876
1400566526|22.75
1400566548|22.75
1400566571|22.75
1400566593|22.626
1400566615|22.626
1400566638|22.5
1400566660|22.626
1400566683|22.626
1400566705|22.5
1400566728|22.5
1400566750|22.376
1400566773|22.25
1400566795|22.0
1400566818|22.126
1400566840|22.126
1400566863|22.126
1400566885|22.0
1400566908|22.0
1400566930|21.75
1400566953|21.75
1400566975|21.626
1400566997|21.5
1400567020|21.376
1400567042|21.376
1400567065|21.126
1400567087|21.126
1400567110|21.126
1400567132|21.376
1400567155|21.626
1400567177|21.75
1400567200|21.876
1400567222|21.75
1400567245|21.75
1400567267|21.5
1400567290|21.376
1400567312|21.376
1400567334|21.376
1400567357|21.376
1400567379|21.25
1400567402|21.126
1400567424|21.0
1400567447|21.0
1400567469|20.876
1400567492|20.876
1400567514|20.75
1400567537|20.75
1400567559|20.876
1400567582|20.75
1400567604|20.75
1400567627|20.75
1400567649|20.626
1400567671|20.626
1400567694|20.5
1400567716|20.5
1400567739|20.5
1400567761|20.5
1400567784|20.5
1400567806|20.626
1400567829|20.626
1400567851|20.626
1400567874|20.876
1400567896|20.75
1400567919|21.0
1400567941|21.126
1400567964|21.25
1400567986|21.25
1400568009|21.25
1400568031|21.376
1400568053|21.376
1400568076|21.5
1400568098|21.376
1400568121|21.376
1400568143|21.5
1400568166|21.376
1400568188|21.626
1400568211|21.626
1400568233|21.626
1400568256|21.626
1400568278|21.626
1400568301|21.75
1400568323|21.626
1400568346|21.75
1400568368|21.75
1400568391|21.75
1400568413|21.876
1400568435|21.876
1400568458|22.0
1400568480|22.0
1400568503|21.75
1400568525|21.75
1400568548|21.626
1400568570|21.626
1400568593|21.626
1400568615|21.626
1400568638|21.626
1400568660|21.626
1400568683|21.5
1400568705|21.5
1400568728|21.376
1400568750|21.376
1400568772|21.25
1400568795|21.25
1400568817|21.126
1400568840|21.126
1400568862|21.126
1400568885|21.126
1400568907|21.25
1400568930|21.25
1400568952|21.25
1400568975|21.25
1400568997|21.25
1400569020|21.376
1400569042|21.25
1400569065|21.0
1400569087|21.0
1400569109|20.876
1400569132|20.876
1400569154|20.75
1400569177|20.626
1400569199|20.626
1400569222|20.5
1400569244|20.5
1400569267|20.626
1400569289|20.5
1400569312|20.376
1400569334|20.376
1400569357|20.376
1400569379|20.376
1400569402|20.376
1400569424|20.376
1400569447|20.25
1400569469|20.25
1400569491|20.25
1400569514|20.376
1400569536|20.376
1400569559|20.5
1400569581|20.5
1400569604|20.376
1400569626|20.25
1400569649|20.25
1400569671|20.25
1400569694|20.25
1400569716|20.25
1400569739|20.126
1400569761|20.126
1400569784|20.126
1400569806|20.25
1400569828|20.25
1400569851|20.25
1400569873|20.25
1400569896|20.25
1400569918|20.25
1400569941|20.25
1400569963|20.126
1400569986|20.126
1400570008|20
1400570031|20.126
1400570053|20.126
1400570076|20
1400570098|20
1400570121|20
1400570143|20
1400570165|20
1400570188|20
1400570210|20
1400570233|20
1400570255|20
1400570278|20
1400570300|20
1400570323|20
1400570345|20
1400570368|20
1400570390|20
1400570413|20
1400570435|20
1400570458|20
1400570480|20
1400570503|20
1400570525|20
1400570548|20
1400570570|20
1400570592|20
1400570615|20
1400570637|20
1400570660|20
1400570682|20
1400570705|20
1400570727|20
1400570750|20
1400570772|20
1400570795|20
1400570817|20
1400570840|20
1400570862|20
1400570885|20
1400570907|20
1400570929|20
1400570952|20
1400570974|20
1400570997|20
1400571019|20
1400571042|20
1400571064|20
1400571087|20
1400571109|20
1400571132|20
1400571154|20
1400571177|20
1400571199|20
1400571222|20
1400571244|20
1400571266|20
1400571289|20
1400571311|20
1400571334|20
1400571356|20
1400571379|20
1400571401|20
1400571424|20
1400571446|20
1400571469|20
1400571491|20
1400571514|20
1400571536|20
1400571559|20
1400571581|20
1400571603|20
1400571626|20
1400571648|20
1400571671|20
1400571693|20
1400571716|20
1400571738|20
1400571761|20
1400571783|20
1400571806|20
1400571828|20
1400571851|20
1400571873|20
1400571896|20
1400571918|20
1400571941|20
1400571963|20
1400571985|20
1400572008|20
1400572030|20
1400572053|20
1400572075|20
1400572098|20
1400572120|20
1400572143|20
1400572165|20
1400572188|20
1400572210|20
1400572233|20
1400572255|20
1400572278|20
1400572300|20
1400572323|20
1400572345|20
1400572367|20
1400572390|20
1400572412|20
1400572435|20
1400572457|20
1400572480|20
1400572502|20
1400572525|20
1400572547|20
1400572570|20
1400572592|20
1400572615|20
1400572637|20
1400572660|20
1400572682|20
1400572704|20
1400572727|20
1400572749|20
1400572772|20
1400572794|20
1400572817|20
1400572839|20
1400572862|20
1400572884|20
1400572907|20
1400572929|20
1400572952|20
1400572974|20
1400572997|20
1400573019|20
1400573041|20
1400573064|20
1400573086|20
1400573109|20
1400573131|20
1400573154|20
1400573176|20
1400573199|20
1400573221|20
1400573244|20
1400573266|20
1400573289|20
1400573311|20
1400573334|20
1400573356|20
1400573378|20
1400573401|20
1400573423|20
1400573446|20
1400573468|20
1400573491|20
1400573513|20
1400573536|20
1400573558|20
1400573581|20
1400573603|20
1400573626|20
1400573648|20
1400573671|20
1400573693|20
1400573715|20
1400573738|20
1400573760|20
1400573783|20
1400573805|20
1400573828|20
1400573850|20
1400573873|20
1400573895|20
1400573918|20
1400573940|20
1400573963|20
1400573985|20
1400574008|20
1400574030|20
1400574053|20
1400574075|20
1400574097|20
1400574120|20
1400574142|20
1400574165|20
1400574187|20
1400574210|20
1400574232|20
1400574255|20
1400574277|20
1400574300|20
1400574322|20
1400574345|20
1400574367|20
1400574390|20
1400574412|20
1400574434|20
1400574457|20
1400574479|20
1400574502|20
1400574524|20
1400574547|20
1400574569|20
1400574592|20
1400574614|20
1400574637|20
1400574659|20
1400574682|20
1400574704|20
1400574727|20
1400574749|20
1400574771|20
1400574794|20
1400574816|20
1400574839|20
1400574861|20
1400574884|20
1400574906|20
1400574929|20
1400574951|20
1400574974|20
1400574996|20
1400575019|20
1400575041|20
1400575064|20
1400575086|20
1400575108|20
1400575131|20
1400575153|20
1400575176|20
1400575198|20
1400575221|20
1400575243|20
1400575266|20
1400575288|20
1400575311|20
1400575333|20
1400575356|20
1400575378|20
1400575401|20
1400575423|20
1400575446|20
1400575468|20
1400575490|20
1400575513|20
1400575535|20
1400575558|20
1400575580|20
1400575603|20
1400575625|20
1400575648|20
1400575670|20
1400575693|20
1400575715|20
1400575738|20
1400575760|20
1400575783|20
1400575805|20
1400575828|20
1400575850|20
1400575872|20
1400575895|20
1400575917|20
1400575940|20
1400575962|20
1400575985|20
1400576007|20
1400576030|20
1400576052|20
1400576075|20
1400576097|20
1400576120|20
1400576142|20
1400576165|20
1400576187|20
1400576209|20
1400576232|20
1400576254|20
1400576277|20
1400576299|20
1400576322|20
1400576344|20
1400576367|20
1400576389|20
1400576412|20
1400576434|20
1400576457|20
1400576479|20
1400576502|20
1400576524|20
1400576546|20
1400576569|20
1400576591|20
1400576614|20
1400576636|20
1400576659|20
1400576681|20
1400576704|20
1400576726|20
1400576749|20
1400576771|20
1400576794|20
1400576816|20
1400576839|20
1400576861|20
1400576884|20
1400576906|20
1400576929|20
1400576951|20
1400576973|20
1400576996|20
1400577018|20
1400577041|20
1400577063|20
1400577086|20
1400577108|20
1400577131|20
1400577153|20
1400577176|20
1400577198|20
1400577221|20
1400577243|20
1400577266|20
1400577288|20
1400577310|20
1400577333|20
1400577355|20
1400577378|20
1400577400|20
1400577423|20
1400577445|20
1400577468|20
1400577490|20
1400577513|20
1400577535|20
1400577558|20
1400577580|20
1400577603|20
1400577625|20
1400577647|20
1400577670|20
1400577692|20
1400577715|20
1400577737|20
1400577760|20
1400577782|20
1400577805|20
1400577827|20
1400577850|20
1400577872|20
1400577895|20
1400577917|20
1400577940|20
1400577962|20
1400577984|20
1400578007|20
1400578029|20
1400578052|20
1400578074|20
1400578097|20
1400578119|20
1400578142|20
1400578164|20
1400578187|20
1400578209|20
1400578232|20
1400578254|20
1400578277|20
1400578299|20
1400578321|20
1400578344|20
1400578366|20
1400578389|20
1400578411|20
1400578434|20
1400578456|20
1400578479|20
1400578501|20
1400578524|20
1400578546|20
1400578569|20
1400578591|20
1400578614|20
1400578636|20
1400578659|20
1400578681|20
1400578703|20
1400578726|20
1400578748|20
1400578771|20
1400578793|20
1400578816|20
1400578838|20
1400578861|20
1400578883|20
1400578906|20
1400578928|20
1400578951|20
1400578973|20
1400578996|20
1400579018|20
1400579040|20
1400579063|20
1400579085|20
1400579108|20
1400579130|20
1400579153|20
1400579175|20
1400579198|20
1400579220|20
1400579243|20
1400579265|20
1400579288|20
1400579310|20
1400579333|20
1400579355|20
1400579377|20
1400579400|20
1400579422|20
1400579445|20
1400579467|20
1400579490|20
1400579512|20
1400579535|20
1400579557|20
1400579580|20
1400579602|20
1400579625|20
1400579647|20
1400579670|20
1400579692|20
1400579715|20
1400579737|20
1400579760|20
1400579782|20
1400579804|20
1400579827|20
1400579849|20
1400579872|20
1400579894|20
1400579917|20
1400579939|20
1400579962|20
1400579984|20
1400580007|20
1400580029|20
1400580052|20
1400580074|20
1400580097|20
1400580119|20
1400580141|20
1400580164|20
1400580186|20
1400580209|20
1400580231|20
1400580254|20
1400580276|20
1400580299|20
1400580321|20
1400580344|20
1400580366|20
1400580389|20
1400580411|20
1400580434|20
1400580456|20
1400580478|20
1400580501|20
1400580523|20
1400580546|20
1400580568|20
1400580591|20
1400580613|20
1400580636|20
1400580658|20
1400580681|20
1400580703|20
1400580726|20
1400580748|20
1400580771|20
1400580793|20
1400580815|20
1400580838|20
1400580860|20
1400580883|20
1400580905|20
1400580928|20
1400580950|20
1400580973|20
1400580995|20
1400581018|20
1400581040|20
1400581063|20
1400581085|20
1400581108|20
1400581130|20
1400581152|20
1400581175|20
1400581197|20
1400581220|20
1400581242|20
1400581265|20
1400581287|20
1400581310|20
1400581332|20
1400581355|20
1400581377|20
1400581400|20
1400581422|20
1400581445|20
1400581467|20
1400581490|20
1400581512|20
1400581534|20
1400581557|20
1400581579|20
1400581602|20
1400581624|20
1400581647|20
1400581669|20
1400581692|20
1400581714|20
1400581737|20
1400581759|20
1400581782|20
1400581804|20
1400581827|20
1400581849|20
1400581872|20
1400581894|20
1400581916|20
1400581939|20
1400581961|20
1400581984|20
1400582006|20
1400582029|20
1400582051|20
1400582074|20
1400582096|20
1400582119|20
1400582141|20
1400582164|20
1400582186|20
1400582209|20
1400582231|20
1400582253|20
1400582276|20
1400582298|20
1400582321|20
1400582343|20
1400582366|20
1400582388|20
1400582411|20
1400582433|20
1400582456|20
1400582478|20
1400582501|20
1400582523|20
1400582546|20
1400582568|20
1400582590|20
1400582613|20
1400582635|20
1400582658|20
1400582680|20
1400582703|20
1400582725|20
1400582748|20
1400582770|20
1400582793|20
1400582815|20
1400582838|20
1400582860|20
1400582883|20
1400582905|20
1400582928|20
1400582950|20
1400582972|20
1400582995|20
1400583017|20
1400583040|20
1400583062|20
1400583085|20
1400583107|20
1400583130|20
1400583152|20
1400583175|20
1400583197|20
1400583220|20
1400583242|20
1400583265|20
1400583287|20
1400583309|20
1400583332|20
1400583354|20
1400583377|20
1400583399|20
1400583422|20
1400583444|20
1400583467|20
1400583489|20
1400583512|20
1400583534|20
1400583557|20
1400583579|20
1400583602|20
1400583624|20
1400583647|20
1400583669|20
1400583691|20
1400583714|20
1400583736|20
1400583759|20
1400583781|20
1400583804|20
1400583826|20
1400583849|20
1400583871|20
1400583894|20
1400583916|20
1400583939|20
1400583961|20
1400583984|20
1400584006|20
1400584028|20
1400584051|20
1400584073|20
1400584096|20
1400584118|20
1400584141|20
1400584163|20
1400584186|20
1400584208|20
1400584231|20
1400584253|20
1400584276|20
1400584298|20
1400584321|20
1400584343|20
1400584366|20
1400584388|20
1400584410|20
1400584433|20
1400584455|20
1400584478|20
1400584500|20
1400584523|20
1400584545|20
1400584568|20
1400584590|20
1400584613|20
1400584635|20
1400584658|20
1400584680|20
1400584703|20
1400584725|20
1400584747|20
1400584770|20
1400584792|20
1400584815|20
1400584837|20
1400584860|20
1400584882|20
1400584905|20
1400584927|20
1400584950|20
1400584972|20
1400584995|20
1400585017|20
1400585040|20
1400585062|20
1400585084|20
1400585107|20
1400585129|20
1400585152|20
1400585174|20
1400585197|20
1400585219|20
1400585242|20
1400585264|20
1400585287|20
1400585309|20
1400585332|20
1400585354|20
1400585377|20
1400585399|20
1400585422|20
1400585444|20
1400585467|20
1400585489|20
1400585511|20
1400585534|20
1400585556|20
1400585579|20
1400585601|20
1400585624|20
1400585646|20
1400585669|20
1400585691|20
1400585714|20
1400585736|20
1400585759|20
1400585781|20
1400585804|20
1400585826|20
1400585848|20
1400585871|20
1400585893|20
1400585916|20
1400585938|20
1400585961|20
1400585983|20
1400586006|20
1400586028|20
1400586051|20
1400586073|20
1400586096|20
1400586118|20
1400586141|20
1400586163|20
1400586185|20
1400586208|20
1400586230|20
1400586253|20
1400586275|20
1400586298|20
1400586320|20
1400586343|20
1400586365|20
1400586388|20
1400586410|20
1400586433|20
1400586455|20
1400586478|20
1400586500|20
1400586523|20
1400586545|20
1400586567|20
1400586590|20
1400586612|20
1400586635|20
1400586657|20
1400586680|20
1400586702|20
1400586725|20
1400586747|20
1400586770|20
1400586792|20
1400586815|20
1400586837|20
1400586860|20
1400586882|20
1400586904|20
1400586927|20
1400586949|20
1400586972|20
1400586994|20
1400587017|20
1400587039|20
1400587062|20
1400587084|20
1400587107|20
1400587129|20
1400587152|20
1400587174|20
1400587197|20
1400587219|20
1400587241|20
1400587264|20
1400587286|20
1400587309|20
1400587331|20
1400587354|20
1400587376|20
1400587399|20
1400587421|20
1400587444|20
1400587466|20
1400587489|20
1400587511|20
1400587534|20
1400587556|20
1400587578|20
1400587601|20
1400587623|20
1400587646|20
1400587668|20
1400587691|20
1400587713|20
1400587736|20
1400587758|20
1400587781|20
1400587803|20
1400587826|20
1400587848|20
1400587871|20
1400587893|20
1400587915|20
1400587938|20
1400587960|20
1400587983|20
1400588005|20
1400588028|20
1400588050|20
1400588073|20
1400588095|20
1400588118|20
1400588140|20
1400588163|20
1400588185|20
1400588208|20
1400588230|20
1400588253|20
1400588275|20
1400588298|20
1400588320|20
1400588342|20
1400588365|20
1400588387|20
1400588410|20
1400588432|20
1400588455|20
1400588477|20
1400588500|20
1400588522|20
1400588545|20
1400588567|20
1400588590|20
1400588612|20
1400588635|20
1400588657|20
1400588679|20
1400588702|20
1400588724|20
1400588747|20
1400588769|20
1400588792|20
1400588814|20
1400588837|20
1400588859|20
1400588882|20
1400588904|20
1400588927|20
1400588949|20
1400588972|20
1400588994|20
1400589016|20
1400589039|20
1400589061|20
1400589084|20
1400589106|20
1400589129|20
1400589151|20
1400589174|20
1400589196|20
1400589219|20
1400589241|20
1400589264|20
1400589286|20
1400589309|20
1400589331|20
1400589354|20
1400589376|20
1400589398|20
1400589421|20
1400589443|20
1400589466|20
1400589488|20
1400589511|20
1400589533|20
1400589556|20
1400589578|20
1400589601|20
1400589623|20
1400589646|20
1400589668|20
1400589691|20
1400589713|20
1400589736|20
1400589758|20
1400589780|20
1400589803|20
1400589825|20
1400589848|20
1400589870|20
1400589893|20
1400589915|20
1400589938|20
1400589960|20
1400589983|20
1400590005|20
1400590028|20
1400590050|20
1400590073|20
1400590095|20
1400590117|20
1400590140|20
1400590162|20
1400590185|20
1400590207|20
1400590230|20
1400590252|20
1400590275|20
1400590297|20
1400590320|20
1400590342|20
1400590365|20
1400590387|20
1400590410|20
1400590432|20
1400590454|20
1400590477|20
1400590499|20
1400590522|20
1400590544|20
1400590567|20
1400590589|20
1400590612|20
1400590634|20
1400590657|20
1400590679|20
1400590702|20
1400590724|20
1400590747|20
1400590769|20
1400590791|20
1400590814|20
1400590836|20
1400590859|20
1400590881|20
1400590904|20
1400590926|20
1400590949|20
1400590971|20
1400590994|20
1400591016|20
1400591039|20
1400591061|20
1400591084|20
1400591106|20
1400591129|20
1400591151|20
1400591173|20
1400591196|20
1400591218|20
1400591241|20
1400591263|20
1400591286|20
1400591308|20
1400591331|20
1400591353|20
1400591376|20
1400591398|20
1400591421|20
1400591443|20
1400591466|20
1400591488|20
1400591510|20
1400591533|20
1400591555|20
1400591578|20
1400591600|20
1400591623|20
1400591645|20
1400591668|20
1400591690|20
1400591713|20
1400591735|20
1400591758|20
1400591780|20
1400591803|20
1400591825|20
1400591847|20
1400591870|20
1400591892|20
1400591915|20
1400591937|20
1400591960|20
1400591982|20
1400592005|20
1400592027|20
1400592050|20
1400592072|20
1400592095|20
1400592117|20
1400592140|20
1400592162|20
1400592184|20
1400592207|20
1400592229|20
1400592252|20
1400592274|20
1400592297|20
1400592319|20
1400592342|20
1400592364|20
1400592387|20
1400592409|20
1400592432|20
1400592454|20
1400592477|20
1400592499|20
1400592522|20
1400592544|20
1400592566|20
1400592589|20
1400592611|20
1400592634|20
1400592656|20
1400592679|20
1400592701|20
1400592724|20
1400592746|20
1400592769|20
1400592791|20
1400592814|20
1400592836|20
1400592859|20
1400592881|20
1400592904|20
1400592926|20
1400592948|20
1400592971|20
1400592993|20
1400593016|20
1400593038|20
1400593061|20
1400593083|20
1400593106|20
1400593128|20
1400593151|20
1400593173|20
1400593196|20
1400593218|20
1400593241|20
1400593263|20
1400593285|20
1400593308|20
1400593330|20
1400593353|20
1400593375|20
1400593398|20
1400593420|20
1400593443|20
1400593465|20
1400593488|20
1400593510|20
1400593533|20
1400593555|20
1400593578|20
1400593600|20
1400593622|20
1400593645|20
1400593667|20
1400593690|20
1400593712|20
1400593735|20
1400593757|20
1400593780|20
1400593802|20
1400593825|20
1400593847|20
1400593870|20
1400593892|20
1400593915|20
1400593937|20
1400593960|20
1400593982|20
1400594005|20
1400594027|20
1400594049|20
1400594072|20
1400594094|20
1400594117|20
1400594139|20
1400594162|20
1400594184|20
1400594207|20
1400594229|20
1400594252|20
1400594274|20
1400594297|20
1400594319|20
1400594342|20
1400594364|20
1400594387|20
1400594409|20
1400594432|20
1400594454|20
1400594477|20
1400594499|20
1400594522|20
1400594544|20
1400594567|20
1400594589|20
1400594612|20
1400594634|20
1400594657|20
1400594679|20
1400594701|20
1400594724|20
1400594746|20
1400594769|20
1400594791|20
1400594814|20
1400594836|20
1400594859|20
1400594881|20
1400594904|20
1400594926|20
1400594949|20
1400594971|20
1400594994|20
1400595016|20
1400595038|20
1400595061|20
1400595083|20
1400595106|20
1400595128|20
1400595151|20
1400595173|20
1400595196|20
1400595218|20
1400595241|20
1400595263|20
1400595286|20
1400595308|20
1400595331|20
1400595353|20
1400595375|20
1400595398|20
1400595420|20
1400595443|20
1400595465|20
1400595488|20
1400595510|20
1400595533|20
1400595555|20
1400595578|20
1400595600|20
1400595623|20
1400595645|20
1400595668|20
1400595690|20
1400595712|20
1400595735|20
1400595757|20
1400595780|20
1400595802|20
1400595825|20
1400595847|20
1400595870|20
1400595892|20
1400595915|20
1400595937|20
1400595960|20
1400595982|20
1400596005|20
1400596027|20
1400596050|20
1400596072|20
1400596094|20
1400596117|20
1400596139|20
1400596162|20
1400596184|20
1400596207|20
1400596229|20
1400596252|20
1400596274|20
1400596297|20
1400596319|20
1400596342|20
1400596364|20
1400596387|20
1400596409|20
1400596431|20
1400596454|20
1400596476|20
1400596499|20
1400596521|20
1400596544|20
1400596566|20
1400596589|20
1400596611|20
1400596634|20
1400596656|20
1400596679|20
1400596701|20
1400596724|20
1400596746|20
1400596768|20
1400596791|20
1400596813|20
1400596836|20
1400596858|20
1400596881|20
1400596903|20
1400596926|20
1400596948|20
1400596971|20
1400596993|20
1400597016|20
1400597038|20
1400597061|20
1400597083|20
1400597105|20
1400597128|20
1400597150|20
1400597173|20
1400597195|20
1400597218|20
1400597240|20
1400597263|20
1400597285|20
1400597308|20
1400597330|20
1400597353|20
1400597375|20
1400597398|20
1400597420|20
1400597442|20
1400597465|20
1400597487|20
1400597511|20
1400597533|20
1400597556|20
1400597578|20
1400597601|20
1400597623|20
1400597646|20
1400597668|20
1400597691|20
1400597713|20
1400597735|20
1400597758|20
1400597780|20
1400597803|20
1400597825|20
1400597848|20
1400597870|20
1400597893|20
1400597915|20
1400597938|20
1400597960|20
1400597983|20
1400598005|20
1400598028|20
1400598050|20
1400598072|20
1400598095|20
1400598117|20
1400598140|20
1400598162|20
1400598185|20
1400598207|20
1400598230|20
1400598252|20
1400598275|20
1400598297|20
1400598320|20
1400598342|20
1400598365|20
1400598387|20
1400598409|20
1400598432|20
1400598454|20
1400598477|20
1400598499|20
1400598522|20
1400598544|20
1400598567|20
1400598589|20
1400598612|20
1400598634|20
1400598657|20
1400598679|20
1400598702|20
1400598724|20
1400598746|20
1400598769|20
1400598791|20
1400598814|20
1400598836|20
1400598859|20
1400598881|20
1400598904|20
1400598926|20
1400598949|20
1400598971|20
1400598994|20
1400599016|20
1400599039|20
1400599061|20
1400599083|20
1400599106|20
1400599128|20
1400599151|20
1400599173|20
1400599196|20
1400599218|20
1400599241|20
1400599263|20
1400599286|20
1400599308|20
1400599331|20
1400599353|20
1400599376|20
1400599398|20
1400599421|20
1400599443|20
1400599466|20
1400599488|20
1400599510|20
1400599533|20
1400599555|20
1400599578|20
1400599600|20
1400599623|20
1400599645|20
1400599668|20
1400599690|20
1400599713|20
1400599735|20
1400599758|20
1400599780|20
1400599803|20
1400599825|20
1400599847|20
1400599870|20
1400599892|20
1400599915|20
1400599937|20
1400599960|20
1400599982|20
1400600005|20
1400600027|20
1400600050|20
1400600072|20
1400600095|20
1400600117|20
1400600140|20
1400600162|20
1400600184|20
1400600207|20
1400600229|20
1400600252|20
1400600274|20
1400600297|20
1400600319|20
1400600342|20
1400600364|20
1400600387|20
1400600409|20
1400600432|20
1400600454|20
1400600477|20
1400600499|20
1400600521|20
1400600544|20
1400600566|20
1400600589|20
1400600611|20
1400600635|20
1400600657|20
1400600680|20
1400600702|20
1400600724|20
1400600747|20
1400600769|20
1400600792|20
1400600814|20
1400600837|20
1400600859|20
1400600882|20
1400600904|20
1400600927|20
1400600949|20
1400600972|20
1400600994|20
1400601017|20
1400601039|20
1400601062|20
1400601084|20
1400601106|20
1400601129|20
1400601151|20
1400601174|20
1400601196|20
1400601219|20
1400601241|20
1400601264|20
1400601286|20
1400601309|20
1400601331|20
1400601354|20
1400601376|20
1400601399|20
1400601421|20
1400601443|20
1400601466|20
1400601488|20
1400601511|20
1400601533|20
1400601556|20
1400601578|20
1400601601|20
1400601623|20
1400601646|20
1400601668|20
1400601691|20
1400601713|20
1400601736|20
1400601758|20
1400601780|20
1400601803|20
1400601825|20
1400601848|20
1400601870|20
1400601893|20
1400601915|20
1400601938|20
1400601960|20
1400601983|20
1400602005|20
1400602028|20
1400602050|20
1400602073|20
1400602095|20
1400602117|20
1400602140|20
1400602162|20
1400602185|20
1400602207|20
1400602230|20
1400602252|20
1400602275|20
1400602297|20
1400602320|20
1400602342|20
1400602365|20
1400602387|20
1400602410|20
1400602432|20
1400602454|20
1400602477|20
1400602499|20
1400602522|20
1400602544|20
1400602567|20
1400602589|20
1400602612|20
1400602634|20
1400602657|20
1400602679|20
1400602702|20
1400602724|20
1400602747|20
1400602769|20
1400602792|20
1400602814|20
1400602837|20
1400602859|20
1400602881|20
1400602904|20
1400602926|20
1400602949|20
1400602971|20
1400602994|20
1400603016|20
1400603039|20
1400603061|20
1400603084|20
1400603106|20
1400603129|20
1400603151|20
1400603174|20
1400603196|20
1400603218|20
1400603241|20
1400603263|20
1400603286|20
1400603308|20
1400603331|20
1400603353|20
1400603376|20
1400603398|20
1400603421|20
1400603443|20
1400603466|20
1400603488|20
1400603511|20
1400603533|20
1400603555|20
1400603578|20
1400603600|20
1400603623|20
1400603645|20
1400603668|20
1400603690|20
1400603713|20
1400603735|20
1400603758|20
1400603780|20
1400603803|20
1400603825|20
1400603848|20
1400603870|20
1400603892|20
1400603915|20
1400603938|20
1400603960|20
1400603982|20
1400604005|20
1400604027|20
1400604050|20
1400604072|20
1400604095|20
1400604117|20
1400604140|20
1400604162|20
1400604185|20
1400604207|20
1400604230|20
1400604252|20
1400604275|20
1400604297|20
1400604319|20
1400604342|20
1400604364|20
1400604387|20
1400604409|20
1400604432|20
1400604454|20
1400604477|20
1400604499|20
1400604522|20
1400604544|20
1400604567|20
1400604589|20
1400604612|20
1400604634|20
1400604656|20
1400604679|20
1400604701|20
1400604724|20
1400604746|20
1400604769|20
1400604791|20
1400604814|20
1400604836|20
1400604859|20
1400604881|20
1400604904|20
1400604926|20
1400604949|20
1400604971|20
1400604994|20
1400605016|20
1400605038|20
1400605061|20
1400605083|20
1400605106|20
1400605128|20
1400605151|20
1400605173|20
1400605196|20
1400605218|20
1400605241|20
1400605263|20
1400605286|20
1400605308|20
1400605331|20
1400605353|20
1400605375|20
1400605398|20
1400605420|20
1400605443|20
1400605465|20
1400605488|20
1400605510|20
1400605533|20
1400605555|20
1400605578|20
1400605600|20
1400605623|20
1400605645|20
1400605668|20
1400605690|20
1400605712|20
1400605735|20
1400605757|20
1400605780|20
1400605802|20
1400605825|20
1400605847|20
1400605870|20
1400605892|20
1400605915|20
1400605937|20
1400605960|20
1400605982|20
1400606005|20
1400606027|20
1400606049|20
1400606072|20
1400606094|20
1400606117|20
1400606139|20
1400606162|20
1400606184|20
1400606207|20
1400606229|20
1400606252|20
1400606274|20
1400606297|20
1400606319|20
1400606342|20
1400606364|20
1400606386|20
1400606409|20
1400606431|20
1400606454|20
1400606476|20
1400606499|20
1400606521|20
1400606544|20
1400606566|20
1400606589|20
1400606611|20
1400606634|20
1400606656|20
1400606679|20
1400606701|20
1400606724|20
1400606746|20
1400606768|20
1400606791|20
1400606813|20
1400606836|20
1400606858|20
1400606881|20
1400606903|20
1400606926|20
1400606948|20
1400606971|20
1400606993|20
1400607016|20
1400607038|20
1400607061|20
1400607083|20
1400607106|20
1400607128|20
1400607150|20
1400607173|20
1400607195|20
1400607218|20
1400607240|20
1400607263|20
1400607285|20
1400607308|20
1400607330|20
1400607353|20
1400607375|20
1400607398|20
1400607420|20
1400607443|20
1400607465|20
1400607487|20
1400607510|20
1400607532|20
1400607555|20
1400607577|20
1400607600|20
1400607622|20
1400607645|20
1400607667|20
1400607690|20
1400607712|20
1400607735|20
1400607757|20
1400607780|20
1400607802|20
1400607824|20
1400607847|20
1400607869|20
1400607892|20
1400607914|20
1400607937|20
1400607959|20
1400607982|20
1400608004|20
1400608027|20
1400608049|20
1400608072|20
1400608094|20
1400608117|20
1400608139|20
1400608161|20
1400608184|20
1400608206|20
1400608229|20
1400608251|20
1400608274|20
1400608296|20
1400608319|20
1400608341|20
1400608364|20
1400608386|20
1400608409|20
1400608431|20
1400608454|20
1400608476|20
1400608498|20
1400608521|20
1400608543|20
1400608566|20
1400608588|20
1400608611|20
1400608633|20
1400608656|20
1400608678|20
1400608701|20
1400608723|20
1400608746|20
1400608768|20
1400608791|20
1400608813|20
1400608835|20
1400608858|20
1400608881|20
1400608903|20
1400608925|20
1400608948|20
1400608970|20
1400608993|20
1400609015|20
1400609038|20
1400609060|20
1400609083|20
1400609105|20
1400609128|20
1400609150|20
1400609173|20
1400609195|20
1400609218|20
1400609240|20
1400609262|20
1400609285|20
1400609307|20
1400609330|20
1400609352|20
1400609375|20
1400609397|20
1400609420|20
1400609442|20
