1401647297|20
1401647319|20
1401647342|20
1401647362|20
1401647385|20
1401647407|20
1401647430|20
1401647452|20
1401647475|20
1401647497|20
1401647520|20
1401647542|20
1401647565|20
1401647587|20
1401647609|20
1401647632|20
1401647654|20
1401647677|20
1401647699|20
1401647722|20
1401647745|20
1401647767|20
1401647790|20
1401647812|20
1401647834|20
1401647857|20
1401647879|20
1401647902|20
1401647924|20
1401647947|20
1401647969|20
1401647992|20
1401648014|20
1401648037|20
1401648059|20
1401648082|20
1401648104|20
1401648127|20
1401648149|20
1401648172|20
1401648194|20
1401648217|20
1401648239|20
1401648261|20
1401648284|20
1401648306|20
1401648329|20
1401648351|20
1401648374|20
1401648396|20
1401648419|20
1401648441|20
1401648464|20
1401648486|20
1401648509|20
1401648531|20
1401648554|20
1401648576|20
1401648598|20
1401648621|20
1401648643|20
1401648666|20
1401648688|20
1401648711|20
1401648733|20
1401648756|20
1401648778|20
1401648801|20
1401648823|20
1401648846|20
1401648868|20
1401648891|20
1401648913|20
1401648935|20
1401648958|20
1401648980|20
1401649003|20
1401649025|20
1401649048|20
1401649070|20
1401649093|20
1401649115|20
1401649138|20
1401649160|20
1401649183|20
1401649205|20
1401649228|20
1401649250|20
1401649272|20
1401649295|20
1401649317|20
1401649340|20
1401649362|20
1401649385|20
1401649407|20
1401649430|20
1401649452|20
1401649475|20
1401649497|20
1401649520|20
1401649542|20
1401649565|20
1401649587|20
1401649610|20
1401649632|20
1401649654|20
1401649677|20
1401649699|20
1401649722|20
1401649744|20
1401649767|20
1401649789|20
1401649812|20
1401649834|20
1401649857|20
1401649879|20
1401649902|20
1401649924|20
1401649947|20
1401649969|20
1401649992|20
1401650014|20
1401650036|20
1401650059|20
1401650081|20
1401650104|20
1401650126|20
1401650149|20
1401650171|20
1401650194|20
1401650216|20
1401650239|20
1401650261|20
1401650284|20
1401650306|20
1401650329|20
1401650351|20
1401650373|20
1401650396|20
1401650418|20
1401650441|20
1401650463|20
1401650486|20
1401650508|20
1401650531|20
1401650553|20
1401650576|20
1401650598|20
1401650621|20
1401650643|20
1401650666|20
1401650688|20
1401650710|20
1401650733|20
1401650755|20
1401650778|20
1401650800|20
1401650823|20
1401650845|20
1401650868|20
1401650890|20
1401650913|20
1401650935|20
1401650958|20
1401650980|20
1401651003|20
1401651025|20
1401651047|20
1401651070|20
1401651092|20
1401651115|20
1401651137|20
1401651160|20
1401651182|20
1401651205|20
1401651227|20
1401651250|20
1401651272|20
1401651295|20
1401651317|20
1401651340|20
1401651362|20
1401651385|20
1401651407|20
1401651429|20
1401651452|20
1401651474|20
1401651497|20
1401651519|20
1401651542|20
1401651564|20
1401651587|20
1401651609|20
1401651632|20
1401651654|20
1401651677|20
1401651699|20
1401651722|20
1401651744|20
1401651766|20
1401651789|20
1401651811|20
1401651834|20
1401651856|20
1401651879|20
1401651901|20
1401651924|20
1401651946|20
1401651969|20
1401651991|20
1401652014|20
1401652036|20
1401652059|20
1401652081|20
1401652104|20
1401652126|20
1401652149|20
1401652171|20
1401652193|20
1401652216|20
1401652238|20
1401652261|20
1401652283|20
1401652306|20
1401652328|20
1401652351|20
1401652373|20
1401652396|20
1401652418|20
1401652441|20
1401652463|20.126
1401652486|20.25
1401652508|20.376
1401652530|20.376
1401652553|20.5
1401652575|20.5
1401652598|20.626
1401652620|20.626
1401652643|20.75
1401652665|20.75
1401652688|20.75
1401652710|20.876
1401652733|21.0
1401652755|21.0
1401652778|21.126
1401652800|21.126
1401652823|21.126
1401652845|21.25
1401652867|21.376
1401652890|21.25
1401652912|21.376
1401652935|21.376
1401652957|21.376
1401652980|21.376
1401653002|21.5
1401653025|21.376
1401653047|21.5
1401653070|21.5
1401653092|21.376
1401653115|21.376
1401653137|21.376
1401653160|21.376
1401653182|21.376
1401653204|21.376
1401653227|21.5
1401653249|21.5
1401653272|21.5
1401653294|21.626
1401653317|21.626
1401653339|21.75
1401653362|22.0
1401653384|22.0
1401653407|22.126
1401653429|22.126
1401653452|22.25
1401653474|22.25
1401653497|22.25
1401653519|22.25
1401653541|22.25
1401653564|22.126
1401653586|22.126
1401653609|22.126
1401653631|22.25
1401653654|22.126
1401653676|22.126
1401653699|22.25
1401653721|22.25
1401653744|22.126
1401653766|22.126
1401653789|22.126
1401653811|22.126
1401653834|22.0
1401653856|22.0
1401653879|22.126
1401653901|22.126
1401653924|22.25
1401653946|22.376
1401653968|22.25
1401653991|22.25
1401654013|22.126
1401654036|22.126
1401654058|22.126
1401654081|22.25
1401654103|22.376
1401654126|22.5
1401654148|22.5
1401654171|22.5
1401654193|22.626
1401654216|22.626
1401654238|22.626
1401654261|22.626
1401654283|22.75
1401654305|22.75
1401654328|22.75
1401654350|22.75
1401654373|22.876
1401654395|22.876
1401654418|23.0
1401654440|23.0
1401654463|23.126
1401654485|23.126
1401654508|23.25
1401654530|23.376
1401654553|23.376
1401654575|23.376
1401654598|23.376
1401654620|23.5
1401654642|23.5
1401654665|23.5
1401654687|23.5
1401654710|23.5
1401654732|23.5
1401654755|23.626
1401654777|23.626
1401654800|23.626
1401654822|23.626
1401654845|23.876
1401654867|23.876
1401654890|23.876
1401654912|24.126
1401654935|24.126
1401654957|24.126
1401654979|24.25
1401655002|24.126
1401655024|24.0
1401655047|23.876
1401655069|23.876
1401655092|24.0
1401655114|24.126
1401655137|24.25
1401655159|24.376
1401655182|24.5
1401655204|24.626
1401655227|24.5
1401655249|24.5
1401655272|24.5
1401655294|24.5
1401655317|24.626
1401655339|24.626
1401655361|24.5
1401655384|24.5
1401655406|24.5
1401655429|24.626
1401655451|24.626
1401655474|24.626
1401655496|24.626
1401655519|24.626
1401655541|24.5
1401655564|24.376
1401655586|24.5
1401655609|24.5
1401655631|24.626
1401655654|24.5
1401655676|24.376
1401655698|24.376
1401655721|24.376
1401655743|24.25
1401655766|24.25
1401655788|24.25
1401655811|24.25
1401655833|24.25
1401655856|24.25
1401655878|24.376
1401655901|24.376
1401655923|24.376
1401655946|24.376
1401655968|24.626
1401655991|24.626
1401656013|24.626
1401656035|24.626
1401656058|24.75
1401656080|24.75
1401656103|24.876
1401656125|24.876
1401656148|25.0
1401656170|25.126
1401656193|25.126
1401656215|25.25
1401656238|25.25
1401656260|25.376
1401656283|25.376
1401656305|25.376
1401656328|25.5
1401656350|25.5
1401656373|25.5
1401656395|25.5
1401656418|25.5
1401656440|25.5
1401656462|25.626
1401656485|25.75
1401656507|25.876
1401656530|26.0
1401656552|26.126
1401656575|26.126
1401656597|26.126
1401656620|26.25
1401656642|26.25
1401656665|26.376
1401656687|26.376
1401656710|26.376
1401656732|26.5
1401656755|26.5
1401656777|26.626
1401656799|26.5
1401656822|26.5
1401656844|26.5
1401656867|26.626
1401656889|26.626
1401656912|26.5
1401656934|26.626
1401656957|26.626
1401656979|26.626
1401657002|26.626
1401657024|26.5
1401657047|26.5
1401657069|26.5
1401657092|26.5
1401657114|26.5
1401657136|26.5
1401657159|26.5
1401657181|26.626
1401657204|26.626
1401657226|26.626
1401657249|26.626
1401657271|26.626
1401657294|26.626
1401657316|26.5
1401657339|26.5
1401657361|26.5
1401657384|26.5
1401657406|26.5
1401657429|26.626
1401657451|26.75
1401657474|26.75
1401657496|26.75
1401657519|26.876
1401657541|26.876
1401657563|27.0
1401657586|27.0
1401657608|27.0
1401657631|27.126
1401657653|27.126
1401657676|27.126
1401657698|27.25
1401657721|27.25
1401657743|27.25
1401657766|27.25
1401657788|27.25
1401657811|27.376
1401657833|27.376
1401657856|27.376
1401657878|27.5
1401657900|27.5
1401657923|27.5
1401657945|27.5
1401657968|27.5
1401657990|27.5
1401658013|27.5
1401658035|27.376
1401658058|27.25
1401658080|27.126
1401658103|27.126
1401658125|27.126
1401658148|27.126
1401658170|27.126
1401658193|27.126
1401658215|27.25
1401658238|27.376
1401658260|27.5
1401658282|27.5
1401658305|27.626
1401658327|27.626
1401658350|27.626
1401658372|27.876
1401658395|28.0
1401658417|28.126
1401658440|28.126
1401658462|28.126
1401658485|28.25
1401658507|28.25
1401658530|28.376
1401658552|28.376
1401658575|28.376
1401658597|28.376
1401658619|28.5
1401658642|28.5
1401658664|28.376
1401658687|28.376
1401658709|28.376
1401658732|28.25
1401658754|28.126
1401658777|28.126
1401658799|28.126
1401658822|28.126
1401658844|28.126
1401658867|28.126
1401658889|28.126
1401658912|28.126
1401658934|28.126
1401658956|28.126
1401658979|28.25
1401659001|28.25
1401659024|28.376
1401659046|28.376
1401659069|28.376
1401659091|28.376
1401659114|28.5
1401659136|28.5
1401659159|28.5
1401659181|28.5
1401659204|28.626
1401659226|28.626
1401659249|28.626
1401659271|28.626
1401659293|28.5
1401659316|28.5
1401659338|28.5
1401659361|28.376
1401659383|28.376
1401659406|28.376
1401659428|28.376
1401659451|28.376
1401659473|28.376
1401659496|28.376
1401659518|28.376
1401659541|28.376
1401659563|28.5
1401659586|28.5
1401659608|28.376
1401659630|28.376
1401659653|28.376
1401659675|28.376
1401659698|28.5
1401659720|28.5
1401659743|28.5
1401659765|28.626
1401659788|28.626
1401659810|28.626
1401659833|28.626
1401659855|28.626
1401659878|28.626
1401659900|28.626
1401659923|28.876
1401659945|28.876
1401659968|28.876
1401659990|29.0
1401660013|29.0
1401660035|29.0
1401660057|29.0
1401660080|29.126
1401660102|29.0
1401660125|29.0
1401660147|29.0
1401660170|29.0
1401660192|29.0
1401660215|28.876
1401660237|28.876
1401660260|28.75
1401660282|28.75
1401660305|28.75
1401660327|28.876
1401660350|28.75
1401660372|28.75
1401660394|28.75
1401660417|28.75
1401660439|28.626
1401660462|28.75
1401660484|28.876
1401660507|28.876
1401660529|29.0
1401660552|29.0
1401660574|29.0
1401660597|29.25
1401660619|29.25
1401660642|29.25
1401660664|29.376
1401660687|29.376
1401660709|29.376
1401660731|29.376
1401660754|29.376
1401660776|29.5
1401660799|29.5
1401660821|29.626
1401660844|29.75
1401660866|29.75
1401660889|29.75
1401660911|29.876
1401660934|29.876
1401660956|29.75
1401660979|29.75
1401661001|29.75
1401661024|29.75
1401661046|29.75
1401661069|29.626
1401661091|29.5
1401661114|29.5
1401661136|29.376
1401661158|29.376
1401661181|29.376
1401661203|29.376
1401661226|29.25
1401661248|29.25
1401661271|29.25
1401661293|29.376
1401661316|29.5
1401661338|29.5
1401661361|29.626
1401661383|29.75
1401661406|29.626
1401661428|29.75
1401661451|29.75
1401661473|29.75
1401661495|29.75
1401661518|29.876
1401661540|29.876
1401661563|29.876
1401661585|30.0
1401661608|30.0
1401661630|30.0
1401661653|30.0
1401661675|25.063
1401661698|25.063
1401661720|25.125
1401661743|25.125
1401661765|25.125
1401661788|25.188
1401661810|25.188
1401661833|25.188
1401661855|25.188
1401661878|25.188
1401661900|25.25
1401661923|25.25
1401661945|25.25
1401661967|25.25
1401661990|25.313
1401662012|25.313
1401662035|25.25
1401662057|25.25
1401662080|25.25
1401662102|25.188
1401662125|25.125
1401662147|25.25
1401662170|25.188
1401662192|25.125
1401662215|25.125
1401662237|25.125
1401662260|25.125
1401662282|25.063
1401662304|25.125
1401662327|25.125
1401662349|25.188
1401662372|25.125
1401662394|25.188
1401662417|25.188
1401662439|25.25
1401662462|25.25
1401662484|25.25
1401662507|25.25
1401662529|25.25
1401662552|25.313
1401662574|25.313
1401662597|25.313
1401662619|25.313
1401662641|25.313
1401662664|25.375
1401662686|25.438
1401662709|25.438
1401662731|25.5
1401662754|25.5
1401662776|25.5
1401662799|25.5
1401662821|25.563
1401662844|25.5
1401662866|25.563
1401662889|25.5
1401662911|25.5
1401662934|25.5
1401662956|25.5
1401662979|25.5
1401663001|25.438
1401663023|25.438
1401663046|25.438
1401663068|25.438
1401663091|25.375
1401663113|25.375
1401663136|25.375
1401663158|25.375
1401663181|25.375
1401663203|25.375
1401663226|25.375
1401663248|25.438
1401663271|25.438
1401663293|25.438
1401663316|25.5
1401663338|25.438
1401663361|25.438
1401663383|25.438
1401663405|25.375
1401663428|25.438
1401663450|25.438
1401663473|25.5
1401663495|25.563
1401663518|25.563
1401663540|25.625
1401663563|25.625
1401663585|25.625
1401663608|25.625
1401663630|25.625
1401663653|25.625
1401663675|25.625
1401663698|25.625
1401663720|25.688
1401663742|25.688
1401663765|25.688
1401663787|25.688
1401663810|25.75
1401663832|25.813
1401663855|25.813
1401663877|25.813
1401663900|25.813
1401663922|25.813
1401663945|25.813
1401663967|25.875
1401663990|25.875
1401664012|25.875
1401664035|25.938
1401664057|25.938
1401664079|25.938
1401664102|25.938
1401664124|25.938
1401664147|26.0
1401664169|26.0
1401664192|26.0
1401664214|26.0
1401664237|26.0
1401664259|26.063
1401664282|26.063
1401664304|26.125
1401664327|26.125
1401664349|26.125
1401664372|26.125
1401664394|26.188
1401664416|26.188
1401664439|26.188
1401664461|26.188
1401664484|26.188
1401664506|26.188
1401664529|26.188
1401664551|26.188
1401664574|26.25
1401664596|26.188
1401664619|26.25
1401664641|26.25
1401664664|26.25
1401664686|26.313
1401664709|26.313
1401664731|26.313
1401664753|26.313
1401664776|26.313
1401664798|26.375
1401664821|26.375
1401664843|26.375
1401664866|26.438
1401664888|26.375
1401664911|26.375
1401664933|26.375
1401664956|26.375
1401664978|26.375
1401665001|26.375
1401665023|26.375
1401665046|26.313
1401665068|26.313
1401665091|26.25
1401665113|26.25
1401665135|26.25
1401665158|26.25
1401665180|26.25
1401665203|26.25
1401665225|26.25
1401665248|26.25
1401665270|26.25
1401665293|26.25
1401665315|26.313
1401665338|26.25
1401665360|26.313
1401665383|26.313
1401665405|26.313
1401665428|26.313
1401665450|26.313
1401665473|26.375
1401665495|26.375
1401665517|26.375
1401665540|26.438
1401665562|26.438
1401665585|26.438
1401665607|26.438
1401665630|26.438
1401665652|26.438
1401665675|26.438
1401665697|26.438
1401665720|26.438
1401665742|26.438
1401665765|26.438
1401665787|26.438
1401665810|26.438
1401665832|26.438
1401665854|26.375
1401665877|26.375
1401665899|26.375
1401665922|26.375
1401665944|26.313
1401665967|26.375
1401665989|26.375
1401666012|26.313
1401666034|26.375
1401666057|26.375
1401666079|26.438
1401666102|26.438
1401666124|26.375
1401666147|26.438
1401666169|26.438
1401666191|26.438
1401666214|26.438
1401666236|26.5
1401666259|26.5
1401666281|26.438
1401666304|26.438
1401666326|26.5
1401666349|26.438
1401666371|26.438
1401666394|26.5
1401666416|26.5
1401666439|26.5
1401666461|26.563
1401666484|26.563
1401666506|26.563
1401666528|26.625
1401666551|26.625
1401666573|26.688
1401666596|26.688
1401666618|26.688
1401666641|26.75
1401666663|26.75
1401666686|26.813
1401666708|26.813
1401666731|26.813
1401666753|26.813
1401666776|26.875
1401666798|26.938
1401666821|26.938
1401666843|26.938
1401666865|26.938
1401666888|26.938
1401666910|26.938
1401666933|26.938
1401666955|27.0
1401666978|26.938
1401667000|26.938
1401667023|27.0
1401667045|27.0
1401667068|27.0
1401667090|26.938
1401667113|27.0
1401667135|27.0
1401667158|27.0
1401667180|27.0
1401667203|26.938
1401667225|26.938
1401667247|26.938
1401667270|26.938
1401667292|26.938
1401667315|26.938
1401667337|26.875
1401667360|26.875
1401667382|26.875
1401667405|26.875
1401667427|26.813
1401667450|26.813
1401667472|26.813
1401667495|26.813
1401667517|26.75
1401667540|26.75
1401667562|26.75
1401667584|26.75
1401667607|26.75
1401667629|26.75
1401667652|26.75
1401667674|26.75
1401667697|26.75
1401667719|26.75
1401667742|26.75
1401667764|26.813
1401667787|26.813
1401667809|26.813
1401667832|26.813
1401667854|26.75
1401667877|26.75
1401667899|26.75
1401667921|26.75
1401667944|26.688
1401667966|26.688
1401667989|26.688
1401668011|26.688
1401668034|26.688
1401668056|26.625
1401668079|26.625
1401668101|26.625
1401668124|26.625
1401668146|26.563
1401668169|26.563
1401668191|26.563
1401668214|26.563
1401668236|26.563
1401668258|26.563
1401668281|26.563
1401668303|26.563
1401668326|26.563
1401668348|26.563
1401668371|26.563
1401668393|26.563
1401668416|26.563
1401668438|26.5
1401668461|26.5
1401668483|26.5
1401668506|26.5
1401668528|26.563
1401668551|26.563
1401668573|26.5
1401668595|26.5
1401668618|26.5
1401668640|26.5
1401668663|26.563
1401668685|26.563
1401668708|26.563
1401668730|26.563
1401668753|26.563
1401668775|26.563
1401668798|26.563
1401668820|26.563
1401668843|26.563
1401668865|26.563
1401668888|26.563
1401668910|26.563
1401668932|26.563
1401668955|26.5
1401668977|26.5
1401669000|26.438
1401669022|26.438
1401669045|26.438
1401669067|26.375
1401669090|26.375
1401669112|26.375
1401669135|26.375
1401669157|26.438
1401669180|26.438
1401669202|26.438
1401669225|26.438
1401669247|26.5
1401669270|26.5
1401669292|26.563
1401669315|26.563
1401669337|26.625
1401669359|26.625
1401669382|26.625
1401669404|26.688
1401669427|26.625
1401669449|26.625
1401669472|26.688
1401669494|26.688
1401669517|26.688
1401669539|26.688
1401669562|26.688
1401669584|26.688
1401669607|26.688
1401669629|26.688
1401669652|26.688
1401669674|26.688
1401669696|26.625
1401669719|26.625
1401669741|26.625
1401669764|26.688
1401669786|26.688
1401669809|26.688
1401669831|26.688
1401669854|26.75
1401669876|26.75
1401669899|26.813
1401669921|26.813
1401669944|26.875
1401669966|26.875
1401669989|26.875
1401670011|26.875
1401670033|26.875
1401670056|26.875
1401670078|26.813
1401670101|26.875
1401670123|26.813
1401670146|26.813
1401670168|26.813
1401670191|26.813
1401670213|26.813
1401670236|26.813
1401670258|26.813
1401670281|26.813
1401670303|26.813
1401670326|26.813
1401670348|26.875
1401670370|26.813
1401670393|26.813
1401670415|26.813
1401670438|26.813
1401670460|26.813
1401670483|26.813
1401670505|26.813
1401670528|26.813
1401670550|26.813
1401670573|26.813
1401670595|26.813
1401670618|26.813
1401670640|26.813
1401670663|26.813
1401670685|26.813
1401670707|26.813
1401670730|26.813
1401670752|26.813
1401670775|26.813
1401670797|26.875
1401670820|26.875
1401670842|26.875
1401670865|26.938
1401670887|26.938
1401670910|26.938
1401670932|26.938
1401670955|26.938
1401670977|26.938
1401671000|26.875
1401671022|26.875
1401671044|26.875
1401671067|26.875
1401671090|26.938
1401671113|26.875
1401671135|26.938
1401671158|26.938
1401671180|26.938
1401671203|26.938
1401671225|27.0
1401671248|27.0
1401671270|27.0
1401671292|27.0
1401671315|27.0
1401671337|26.938
1401671360|26.938
1401671382|26.938
1401671405|27.0
1401671427|26.938
1401671450|26.938
1401671472|26.938
1401671495|26.938
1401671517|26.938
1401671540|26.938
1401671562|26.938
1401671585|26.938
1401671607|26.938
1401671629|26.938
1401671652|26.938
1401671674|27.0
1401671697|27.0
1401671719|27.0
1401671742|27.0
1401671764|27.0
1401671787|27.0
1401671809|27.0
1401671832|27.063
1401671854|27.0
1401671877|27.0
1401671899|26.938
1401671922|27.0
1401671944|27.0
1401671966|27.0
1401671989|27.0
1401672011|27.0
1401672034|27.0
1401672056|27.063
1401672079|27.063
1401672101|27.063
1401672124|27.063
1401672146|27.063
1401672169|27.063
1401672191|27.063
1401672214|27.063
1401672236|27.0
1401672259|27.0
1401672281|27.0
1401672304|26.938
1401672326|26.938
1401672349|26.875
1401672371|26.938
1401672393|26.938
1401672416|26.875
1401672438|26.875
1401672461|26.875
1401672483|26.875
1401672506|26.813
1401672528|26.813
1401672551|26.75
1401672573|26.75
1401672596|26.75
1401672618|26.688
1401672641|26.688
1401672663|26.688
1401672686|26.688
1401672708|26.688
1401672730|26.688
1401672753|26.625
1401672775|26.625
1401672798|26.625
1401672820|26.625
1401672843|26.625
1401672865|26.563
1401672888|26.563
1401672910|26.625
1401672933|26.625
1401672955|26.563
1401672978|26.625
1401673000|26.625
1401673023|26.625
1401673045|26.625
1401673067|26.625
1401673090|26.625
1401673112|26.625
1401673135|26.625
1401673157|26.688
1401673180|26.688
1401673202|26.688
1401673225|26.688
1401673247|26.688
1401673270|26.688
1401673292|26.688
1401673315|26.688
1401673337|26.688
1401673360|26.688
1401673382|26.688
1401673404|26.688
1401673427|26.625
1401673449|26.625
1401673472|26.688
1401673494|26.688
1401673517|26.688
1401673539|26.688
1401673562|26.688
1401673584|26.688
1401673607|26.688
1401673629|26.688
1401673652|26.75
1401673674|26.75
1401673697|26.688
1401673719|26.75
1401673741|26.75
1401673764|26.688
1401673786|26.688
1401673809|26.688
1401673831|26.688
1401673854|26.688
1401673876|26.688
1401673899|26.75
1401673921|26.75
1401673944|26.813
1401673966|26.813
1401673989|26.813
1401674011|26.813
1401674034|26.875
1401674056|26.875
1401674078|26.875
1401674101|26.875
1401674123|26.938
1401674146|26.875
1401674168|26.875
1401674191|26.875
1401674213|26.938
1401674236|26.938
1401674258|26.938
1401674281|26.938
1401674303|26.938
1401674326|26.938
1401674348|27.0
1401674371|27.0
1401674393|27.0
1401674416|27.063
1401674438|27.063
1401674461|27.063
1401674483|27.063
1401674505|27.063
1401674528|27.063
1401674550|27.125
1401674573|27.063
1401674595|27.125
1401674618|27.125
1401674640|27.125
1401674663|27.125
1401674685|27.125
1401674708|27.125
1401674730|27.125
1401674753|27.125
1401674775|27.188
1401674798|27.188
1401674820|27.188
1401674842|27.188
1401674865|27.188
1401674887|27.188
1401674910|27.25
1401674932|27.25
1401674955|27.25
1401674977|27.25
1401675000|27.25
1401675022|27.25
1401675045|27.25
1401675067|27.188
1401675090|27.25
1401675112|27.188
1401675135|27.188
1401675157|27.188
1401675179|27.188
1401675202|27.188
1401675224|27.188
1401675247|27.188
1401675269|27.125
1401675292|27.125
1401675314|27.188
1401675337|27.125
1401675359|27.125
1401675382|27.125
1401675404|27.125
1401675427|27.188
1401675449|27.188
1401675472|27.188
1401675494|27.188
1401675517|27.188
1401675539|27.188
1401675561|27.188
1401675584|27.188
1401675606|27.188
1401675629|27.188
1401675651|27.188
1401675674|27.25
1401675696|27.25
1401675719|27.313
1401675741|27.25
1401675764|27.313
1401675786|27.313
1401675809|27.313
1401675831|27.313
1401675854|27.313
1401675876|27.313
1401675898|27.313
1401675921|27.313
1401675943|27.375
1401675966|27.375
1401675988|27.313
1401676011|27.313
1401676033|27.313
1401676056|27.313
1401676078|27.313
1401676101|27.313
1401676123|27.313
1401676146|27.313
1401676169|27.313
1401676191|27.313
1401676214|27.313
1401676236|27.313
1401676259|27.313
1401676281|27.313
1401676304|27.313
1401676326|27.313
1401676349|27.313
1401676371|27.313
1401676393|27.313
1401676416|27.313
1401676438|27.313
1401676461|27.313
1401676483|27.25
1401676506|27.313
1401676528|27.313
1401676551|27.313
1401676573|27.313
1401676596|27.313
1401676618|27.313
1401676641|27.313
1401676663|27.313
1401676686|27.313
1401676708|27.313
1401676730|27.313
1401676753|27.25
1401676775|27.313
1401676798|27.313
1401676820|27.313
1401676843|27.25
1401676865|27.25
1401676888|27.25
1401676910|27.25
1401676933|27.25
1401676955|27.313
1401676978|27.25
1401677000|27.25
1401677023|27.25
1401677045|27.25
1401677068|27.25
1401677090|27.25
1401677112|27.25
1401677135|27.25
1401677157|27.25
1401677180|27.25
1401677202|27.25
1401677225|27.25
1401677247|27.25
1401677270|27.188
1401677292|27.188
1401677315|27.188
1401677337|27.188
1401677360|27.125
1401677382|27.125
1401677405|27.125
1401677427|27.125
1401677449|27.125
1401677472|27.188
1401677494|27.125
1401677517|27.125
1401677539|27.125
1401677562|27.188
1401677584|27.125
1401677607|27.125
1401677629|27.125
1401677652|27.125
1401677674|27.125
1401677697|27.125
1401677719|27.125
1401677742|27.063
1401677764|27.125
1401677786|27.063
1401677809|27.063
1401677831|27.063
1401677854|27.063
1401677876|27.063
1401677899|27.125
1401677921|27.125
1401677944|27.063
1401677966|27.063
1401677989|27.063
1401678011|27.063
1401678034|27.063
1401678056|27.0
1401678079|27.0
1401678101|27.0
1401678123|27.063
1401678146|27.0
1401678168|27.0
1401678191|27.0
1401678213|27.0
1401678236|26.938
1401678258|26.938
1401678281|26.938
1401678303|26.938
1401678326|26.938
1401678348|26.938
1401678371|26.938
1401678393|26.938
1401678416|26.938
1401678438|26.875
1401678461|26.875
1401678483|26.875
1401678506|26.875
1401678528|26.875
1401678550|26.875
1401678573|26.875
1401678595|26.813
1401678618|26.813
1401678640|26.813
1401678663|26.813
1401678685|26.813
1401678708|26.75
1401678730|26.75
1401678753|26.75
1401678775|26.75
1401678798|26.75
1401678820|26.75
1401678843|26.75
1401678865|26.75
1401678887|26.75
1401678910|26.688
1401678932|26.688
1401678955|26.688
1401678977|26.688
1401679000|26.688
1401679022|26.688
1401679045|26.688
1401679067|26.688
1401679090|26.688
1401679112|26.625
1401679135|26.625
1401679157|26.625
1401679180|26.625
1401679202|26.625
1401679224|26.625
1401679247|26.625
1401679269|26.625
1401679292|26.625
1401679314|26.625
1401679337|26.688
1401679359|26.688
1401679382|26.688
1401679404|26.688
1401679427|26.688
1401679449|26.625
1401679472|26.625
1401679494|26.625
1401679517|26.625
1401679539|26.625
1401679561|26.625
1401679584|26.625
1401679606|26.563
1401679629|26.625
1401679651|26.563
1401679674|26.563
1401679696|26.563
1401679719|26.563
1401679741|26.5
1401679764|26.5
1401679786|26.5
1401679809|26.5
1401679831|26.5
1401679854|26.438
1401679876|26.438
1401679899|26.375
1401679921|26.375
1401679944|26.375
1401679966|26.313
1401679988|26.313
1401680011|26.313
1401680033|26.25
1401680056|26.25
1401680078|26.25
1401680101|26.25
1401680123|26.25
1401680146|26.25
1401680168|26.25
1401680191|26.25
1401680213|26.188
1401680236|26.188
1401680258|26.188
1401680281|26.188
1401680303|26.188
1401680325|26.188
1401680348|26.188
1401680370|26.188
1401680393|26.188
1401680415|26.188
1401680438|26.188
1401680460|26.188
1401680483|26.188
1401680505|26.188
1401680528|26.125
1401680550|26.125
1401680573|26.125
1401680595|26.063
1401680618|26.063
1401680640|26.0
1401680662|26.0
1401680685|25.938
1401680707|25.938
1401680730|25.938
1401680752|25.938
1401680775|25.875
1401680797|25.875
1401680820|25.813
1401680842|25.813
1401680865|25.75
1401680887|25.75
1401680910|25.688
1401680932|25.688
1401680955|25.625
1401680977|25.625
1401680999|25.625
1401681022|25.625
1401681044|25.563
1401681067|25.563
1401681089|25.563
1401681112|25.5
1401681134|25.5
1401681157|25.5
1401681179|25.5
1401681202|25.5
1401681224|25.438
1401681247|25.438
1401681269|25.438
1401681292|25.438
1401681314|25.438
1401681337|25.375
1401681359|25.375
1401681381|25.375
1401681404|25.375
1401681426|25.375
1401681449|25.313
1401681471|25.313
1401681494|25.25
1401681516|25.25
1401681539|25.188
1401681561|25.188
1401681584|25.188
1401681606|25.125
1401681629|25.125
1401681651|25.063
1401681674|25.125
1401681696|25.063
1401681718|25.063
1401681741|25.063
1401681764|30.0
1401681786|29.876
1401681808|30.0
1401681831|29.876
1401681853|29.876
1401681876|29.876
1401681898|29.876
1401681921|29.75
1401681943|29.75
1401681966|29.75
1401681988|29.75
1401682011|29.626
1401682033|29.626
1401682056|29.626
1401682078|29.626
1401682101|29.5
1401682123|29.5
1401682145|29.376
1401682168|29.376
1401682190|29.376
1401682213|29.376
1401682235|29.376
1401682258|29.376
1401682280|29.376
1401682303|29.25
1401682325|29.25
1401682348|29.25
1401682370|29.25
1401682393|29.25
1401682415|29.25
1401682438|29.126
1401682460|29.126
1401682482|29.126
1401682505|29.126
1401682527|29.126
1401682550|29.0
1401682572|29.0
1401682595|29.0
1401682617|28.876
1401682640|28.876
1401682662|28.876
1401682685|28.876
1401682707|28.876
1401682730|28.876
1401682752|28.75
1401682775|28.75
1401682797|28.75
1401682820|28.75
1401682842|28.626
1401682864|28.626
1401682887|28.626
1401682909|28.5
1401682932|28.5
1401682954|28.5
1401682977|28.5
1401682999|28.376
1401683022|28.376
1401683044|28.25
1401683067|28.25
1401683089|28.25
1401683112|28.25
1401683134|28.126
1401683157|28.25
1401683179|28.25
1401683202|28.126
1401683224|28.126
1401683246|28.126
1401683269|28.126
1401683291|28.126
1401683314|28.0
1401683336|28.0
1401683359|28.0
1401683381|27.876
1401683404|27.876
1401683426|27.876
1401683449|27.876
1401683471|27.75
1401683494|27.75
1401683516|27.75
1401683539|27.75
1401683561|27.626
1401683583|27.626
1401683606|27.626
1401683628|27.5
1401683651|27.626
1401683673|27.5
1401683696|27.5
1401683718|27.5
1401683741|27.5
1401683763|27.5
1401683786|27.5
1401683808|27.376
1401683831|27.376
1401683853|27.376
1401683876|27.376
1401683898|27.376
1401683920|27.25
1401683943|27.25
1401683965|27.25
1401683988|27.25
1401684010|27.25
1401684033|27.126
1401684055|27.126
1401684078|27.126
1401684100|27.126
1401684123|27.126
1401684145|27.126
1401684168|27.0
1401684190|27.0
1401684213|27.0
1401684235|27.0
1401684258|27.0
1401684280|27.0
1401684302|26.876
1401684325|26.876
1401684347|26.876
1401684370|26.876
1401684392|26.876
1401684415|26.75
1401684437|26.75
1401684460|26.75
1401684482|26.626
1401684505|26.626
1401684527|26.626
1401684550|26.626
1401684572|26.626
1401684595|26.626
1401684617|26.5
1401684639|26.5
1401684662|26.5
1401684684|26.5
1401684707|26.376
1401684729|26.5
1401684752|26.376
1401684774|26.376
1401684797|26.376
1401684819|26.376
1401684842|26.376
1401684864|26.376
1401684887|26.25
1401684909|26.25
1401684932|26.126
1401684954|26.126
1401684976|26.126
1401684999|26.126
1401685021|26.126
1401685044|26.126
1401685066|26.0
1401685089|26.0
1401685111|26.0
1401685134|26.0
1401685156|26.0
1401685179|26.0
1401685201|26.0
1401685224|26.0
1401685246|26.0
1401685269|25.876
1401685291|26.0
1401685313|26.0
1401685336|26.0
1401685358|26.0
1401685381|26.0
1401685403|26.0
1401685426|26.0
1401685448|26.0
1401685471|26.0
1401685493|26.0
1401685516|26.126
1401685538|26.0
1401685561|26.0
1401685583|25.876
1401685606|26.0
1401685628|26.0
1401685651|25.876
1401685673|25.75
1401685696|25.75
1401685718|25.75
1401685740|25.75
1401685763|25.75
1401685785|25.626
1401685808|25.626
1401685830|25.626
1401685853|25.5
1401685875|25.376
1401685898|25.5
1401685920|25.376
1401685943|25.376
1401685965|25.376
1401685988|25.376
1401686010|25.25
1401686033|25.25
1401686055|25.25
1401686077|25.25
1401686100|25.126
1401686122|25.126
1401686145|25.0
1401686167|25.0
1401686190|25.0
1401686212|24.876
1401686235|24.876
1401686257|24.876
1401686280|24.75
1401686302|24.75
1401686325|24.75
1401686347|24.75
1401686370|24.626
1401686392|24.626
1401686414|24.626
1401686437|24.626
1401686459|24.626
1401686482|24.5
1401686504|24.5
1401686527|24.5
1401686549|24.376
1401686572|24.376
1401686594|24.25
1401686617|24.25
1401686639|24.25
1401686662|24.126
1401686684|24.126
1401686707|24.126
1401686729|24.126
1401686751|24.126
1401686774|24.0
1401686796|24.126
1401686819|24.0
1401686841|23.876
1401686864|23.876
1401686886|23.876
1401686909|24.0
1401686931|24.0
1401686954|23.876
1401686976|23.876
1401686999|23.876
1401687021|23.75
1401687044|23.75
1401687066|23.75
1401687088|23.75
1401687111|23.75
1401687133|23.626
1401687156|23.626
1401687178|23.626
1401687201|23.5
1401687223|23.5
1401687246|23.5
1401687268|23.376
1401687291|23.376
1401687313|23.25
1401687336|23.376
1401687358|23.376
1401687381|23.126
1401687403|23.126
1401687426|23.126
1401687448|23.126
1401687471|23.0
1401687493|23.0
1401687515|23.0
1401687538|23.126
1401687560|23.126
1401687583|23.0
1401687605|23.0
1401687628|23.0
1401687650|22.876
1401687673|23.0
1401687695|23.0
1401687718|23.0
1401687740|23.0
1401687763|23.0
1401687785|22.876
1401687808|22.876
1401687830|22.75
1401687852|22.75
1401687875|22.5
1401687897|22.5
1401687920|22.5
1401687942|22.5
1401687965|22.5
1401687987|22.376
1401688010|22.376
1401688032|22.25
1401688055|22.25
1401688077|22.126
1401688100|22.126
1401688122|22.0
1401688145|22.0
1401688167|21.876
1401688189|21.75
1401688212|21.626
1401688234|21.5
1401688257|21.5
1401688279|21.5
1401688302|21.376
1401688324|21.376
1401688347|21.376
1401688369|21.25
1401688392|21.25
1401688414|21.25
1401688437|21.126
1401688459|21.126
1401688482|21.126
1401688504|21.126
1401688527|21.0
1401688549|21.0
1401688571|21.0
1401688594|21.0
1401688616|20.876
1401688639|20.75
1401688661|20.75
1401688684|20.626
1401688706|20.626
1401688729|20.626
1401688751|20.5
1401688774|20.5
1401688796|20.376
1401688819|20.376
1401688841|20.376
1401688864|20.376
1401688886|20.376
1401688908|20.376
1401688931|20.376
1401688953|20.25
1401688976|20.25
1401688998|20.25
1401689021|20.25
1401689043|20.126
1401689066|20.126
1401689088|20
1401689111|20
1401689133|20
1401689156|20
1401689178|20
1401689201|20
1401689223|20
1401689245|20
1401689268|20
1401689290|20
1401689313|20
1401689335|20
1401689358|20
1401689380|20
1401689403|20
1401689425|20
1401689448|20
1401689470|20
1401689493|20
1401689515|20
1401689538|20
1401689560|20
1401689582|20
1401689605|20
1401689628|20
1401689650|20
1401689672|20
1401689695|20
1401689717|20
1401689740|20
1401689762|20
1401689785|20
1401689807|20
1401689830|20
1401689852|20
1401689875|20
1401689897|20
1401689920|20
1401689942|20
1401689965|20
1401689987|20
1401690009|20
1401690032|20
1401690054|20
1401690077|20
1401690099|20
1401690122|20
1401690144|20
1401690167|20
1401690189|20
1401690212|20
1401690234|20
1401690257|20
1401690279|20
1401690302|20
1401690324|20
1401690346|20
1401690369|20
1401690391|20
1401690414|20
1401690436|20
1401690459|20
1401690481|20
1401690504|20
1401690526|20
1401690549|20
1401690571|20
1401690594|20
1401690616|20
1401690639|20
1401690661|20
1401690684|20
1401690706|20
1401690729|20
1401690751|20
1401690774|20
1401690796|20
1401690819|20
1401690841|20
1401690864|20
1401690886|20
1401690908|20
1401690931|20
1401690953|20
1401690976|20
1401690998|20
1401691021|20
1401691043|20
1401691066|20
1401691088|20
1401691111|20
1401691133|20
1401691156|20
1401691178|20
1401691201|20
1401691223|20
1401691245|20
1401691268|20
1401691290|20
1401691313|20
1401691335|20
1401691358|20
1401691380|20
1401691403|20
1401691425|20
1401691448|20
1401691470|20
1401691493|20
1401691515|20
1401691538|20
1401691560|20
1401691582|20
1401691605|20
1401691627|20
1401691650|20
1401691672|20
1401691695|20
1401691717|20
1401691740|20
1401691762|20
1401691785|20
1401691807|20
1401691830|20
1401691852|20
1401691875|20
1401691897|20
1401691919|20
1401691942|20
1401691965|20
1401691987|20
1401692009|20
1401692032|20
1401692054|20
1401692077|20
1401692099|20
1401692122|20
1401692144|20
1401692167|20
1401692189|20
1401692212|20
1401692234|20
1401692257|20
1401692279|20
1401692302|20
1401692324|20
1401692346|20
1401692369|20
1401692391|20
1401692414|20
1401692436|20
1401692459|20
1401692481|20
1401692504|20
1401692526|20
1401692549|20
1401692571|20
1401692594|20
1401692616|20
1401692639|20
1401692661|20
1401692683|20
1401692706|20
1401692728|20
1401692751|20
1401692773|20
1401692796|20
1401692818|20
1401692841|20
1401692863|20
1401692886|20
1401692908|20
1401692931|20
1401692953|20
1401692976|20
1401692998|20
1401693021|20
1401693043|20
1401693066|20
1401693088|20
1401693110|20
1401693133|20
1401693155|20
1401693178|20
1401693200|20
1401693223|20
1401693245|20
1401693268|20
1401693290|20
1401693313|20
1401693335|20
1401693358|20
1401693380|20
1401693403|20
1401693425|20
1401693447|20
1401693470|20
1401693492|20
1401693515|20
1401693537|20
1401693560|20
1401693582|20
1401693605|20
1401693627|20
1401693650|20
1401693672|20
1401693695|20
1401693717|20
1401693740|20
1401693762|20
1401693784|20
1401693807|20
1401693829|20
1401693852|20
1401693874|20
1401693897|20
1401693919|20
1401693942|20
1401693964|20
1401693987|20
1401694009|20
1401694032|20
1401694054|20
1401694077|20
1401694099|20
1401694121|20
1401694144|20
1401694166|20
1401694189|20
1401694211|20
1401694234|20
1401694256|20
1401694279|20
1401694301|20
1401694324|20
1401694346|20
1401694369|20
1401694391|20
1401694414|20
1401694436|20
1401694459|20
1401694481|20
1401694503|20
1401694526|20
1401694548|20
1401694571|20
1401694593|20
1401694616|20
1401694638|20
1401694661|20
1401694683|20
1401694706|20
1401694728|20
1401694751|20
1401694773|20
1401694796|20
1401694818|20
1401694840|20
1401694863|20
1401694885|20
1401694908|20
1401694930|20
1401694953|20
1401694975|20
1401694998|20
1401695020|20
1401695043|20
1401695065|20
1401695088|20
1401695110|20
1401695133|20
1401695155|20
1401695177|20
1401695200|20
1401695222|20
1401695245|20
1401695267|20
1401695290|20
1401695312|20
1401695335|20
1401695357|20
1401695380|20
1401695402|20
1401695425|20
1401695447|20
1401695470|20
1401695492|20
1401695514|20
1401695537|20
1401695559|20
1401695582|20
1401695604|20
1401695627|20
1401695649|20
1401695672|20
1401695694|20
1401695717|20
1401695739|20
1401695762|20
1401695784|20
1401695807|20
1401695829|20
1401695852|20
1401695874|20
1401695897|20
1401695919|20
1401695941|20
1401695964|20
1401695986|20
1401696009|20
1401696031|20
1401696054|20
1401696076|20
1401696099|20
1401696121|20
1401696144|20
1401696166|20
1401696189|20
1401696212|20
1401696234|20
1401696257|20
1401696279|20
1401696302|20
1401696324|20
1401696347|20
1401696369|20
1401696392|20
1401696414|20
1401696437|20
1401696459|20
1401696481|20
1401696504|20
1401696526|20
1401696549|20
1401696571|20
1401696594|20
1401696616|20
1401696639|20
1401696661|20
1401696684|20
1401696706|20
1401696729|20
1401696751|20
1401696774|20
1401696796|20
1401696819|20
1401696841|20
1401696864|20
1401696886|20
1401696908|20
1401696931|20
1401696953|20
1401696976|20
1401696998|20
1401697021|20
1401697043|20
1401697066|20
1401697088|20
1401697111|20
1401697133|20
1401697156|20
1401697178|20
1401697200|20
1401697223|20
1401697245|20
1401697268|20
1401697290|20
1401697313|20
1401697335|20
1401697358|20
1401697380|20
1401697403|20
1401697425|20
1401697448|20
1401697470|20
1401697493|20
1401697515|20
1401697538|20
1401697560|20
1401697582|20
1401697605|20
1401697627|20
1401697650|20
1401697672|20
1401697695|20
1401697717|20
1401697740|20
1401697762|20
1401697785|20
1401697807|20
1401697830|20
1401697852|20
1401697875|20
1401697897|20
1401697919|20
1401697942|20
1401697964|20
1401697987|20
1401698009|20
1401698032|20
1401698054|20
1401698077|20
1401698099|20
1401698122|20
1401698144|20
1401698167|20
1401698189|20
1401698212|20
1401698234|20
1401698256|20
1401698279|20
1401698301|20
1401698324|20
1401698346|20
1401698369|20
1401698391|20
1401698414|20
1401698436|20
1401698459|20
1401698481|20
1401698504|20
1401698526|20
1401698549|20
1401698571|20
1401698593|20
1401698616|20
1401698638|20
1401698661|20
1401698683|20
1401698706|20
1401698728|20
1401698751|20
1401698773|20
1401698796|20
1401698818|20
1401698841|20
1401698863|20
1401698886|20
1401698908|20
1401698931|20
1401698953|20
1401698975|20
1401698998|20
1401699020|20
1401699043|20
1401699065|20
1401699088|20
1401699110|20
1401699133|20
1401699155|20
1401699178|20
1401699200|20
1401699223|20
1401699245|20
1401699268|20
1401699290|20
1401699312|20
1401699335|20
1401699357|20
1401699380|20
1401699402|20
1401699425|20
1401699447|20
1401699470|20
1401699492|20
1401699515|20
1401699537|20
1401699560|20
1401699582|20
1401699605|20
1401699627|20
1401699649|20
1401699672|20
1401699695|20
1401699717|20
1401699739|20
1401699762|20
1401699784|20
1401699807|20
1401699829|20
1401699852|20
1401699874|20
1401699897|20
1401699919|20
1401699942|20
1401699964|20
1401699987|20
1401700009|20
1401700032|20
1401700054|20
1401700076|20
1401700099|20
1401700121|20
1401700144|20
1401700166|20
1401700189|20
1401700211|20
1401700234|20
1401700256|20
1401700279|20
1401700301|20
1401700324|20
1401700346|20
1401700369|20
1401700391|20
1401700413|20
1401700436|20
1401700458|20
1401700481|20
1401700503|20
1401700526|20
1401700548|20
1401700571|20
1401700593|20
1401700616|20
1401700638|20
1401700661|20
1401700683|20
1401700706|20
1401700728|20
1401700750|20
1401700773|20
1401700795|20
1401700818|20
1401700840|20
1401700863|20
1401700885|20
1401700908|20
1401700930|20
1401700953|20
1401700975|20
1401700998|20
1401701020|20
1401701043|20
1401701065|20
1401701087|20
1401701110|20
1401701132|20
1401701155|20
1401701177|20
1401701200|20
1401701222|20
1401701245|20
1401701267|20
1401701290|20
1401701312|20
1401701335|20
1401701357|20
1401701380|20
1401701402|20
1401701424|20
1401701447|20
1401701469|20
1401701492|20
1401701514|20
1401701537|20
1401701559|20
1401701582|20
1401701604|20
1401701627|20
1401701649|20
1401701672|20
1401701694|20
1401701717|20
1401701739|20
1401701762|20
1401701784|20
1401701807|20
1401701829|20
1401701851|20
1401701874|20
1401701896|20
1401701919|20
1401701941|20
1401701964|20
1401701986|20
1401702009|20
1401702031|20
1401702054|20
1401702076|20
1401702099|20
1401702121|20
1401702144|20
1401702166|20
1401702188|20
1401702211|20
1401702233|20
1401702256|20
1401702278|20
1401702301|20
1401702323|20
1401702346|20
1401702368|20
1401702391|20
1401702413|20
1401702436|20
1401702458|20
1401702481|20
1401702503|20
1401702525|20
1401702548|20
1401702570|20
1401702593|20
1401702615|20
1401702638|20
1401702660|20
1401702683|20
1401702705|20
1401702728|20
1401702750|20
1401702773|20
1401702795|20
1401702818|20
1401702840|20
1401702863|20
1401702885|20
1401702907|20
1401702930|20
1401702952|20
1401702975|20
1401702997|20
1401703020|20
1401703042|20
1401703065|20
1401703087|20
1401703110|20
1401703132|20
1401703155|20
1401703177|20
1401703200|20
1401703222|20
1401703244|20
1401703267|20
1401703289|20
1401703312|20
1401703334|20
1401703357|20
1401703379|20
1401703402|20
1401703424|20
1401703447|20
1401703469|20
1401703492|20
1401703514|20
1401703537|20
1401703559|20
1401703582|20
1401703604|20
1401703626|20
1401703649|20
1401703671|20
1401703694|20
1401703716|20
1401703739|20
1401703761|20
1401703784|20
1401703806|20
1401703829|20
1401703851|20
1401703874|20
1401703896|20
1401703919|20
1401703941|20
1401703964|20
1401703986|20
1401704008|20
1401704031|20
1401704053|20
1401704076|20
1401704098|20
1401704121|20
1401704143|20
1401704166|20
1401704188|20
1401704211|20
1401704233|20
1401704256|20
1401704278|20
1401704301|20
1401704323|20
1401704345|20
1401704368|20
1401704390|20
1401704413|20
1401704435|20
1401704458|20
1401704480|20
1401704503|20
1401704525|20
1401704548|20
1401704570|20
1401704593|20
1401704615|20
1401704638|20
1401704660|20
1401704682|20
1401704705|20
1401704727|20
1401704750|20
1401704772|20
1401704795|20
1401704817|20
1401704840|20
1401704862|20
1401704885|20
1401704907|20
1401704930|20
1401704952|20
1401704975|20
1401704998|20
1401705020|20
1401705043|20
1401705065|20
1401705088|20
1401705110|20
1401705132|20
1401705155|20
1401705177|20
1401705200|20
1401705222|20
1401705245|20
1401705267|20
1401705290|20
1401705312|20
1401705335|20
1401705357|20
1401705380|20
1401705402|20
1401705425|20
1401705447|20
1401705469|20
1401705492|20
1401705514|20
1401705537|20
1401705559|20
1401705582|20
1401705604|20
1401705627|20
1401705649|20
1401705672|20
1401705694|20
1401705717|20
1401705739|20
1401705762|20
1401705784|20
1401705806|20
1401705829|20
1401705851|20
1401705874|20
1401705896|20
1401705919|20
1401705941|20
1401705964|20
1401705986|20
1401706009|20
1401706031|20
1401706054|20
1401706077|20
1401706099|20
1401706122|20
1401706144|20
1401706167|20
1401706189|20
1401706212|20
1401706234|20
1401706257|20
1401706279|20
1401706302|20
1401706324|20
1401706347|20
1401706369|20
1401706392|20
1401706414|20
1401706436|20
1401706459|20
1401706481|20
1401706504|20
1401706526|20
1401706549|20
1401706571|20
1401706594|20
1401706616|20
1401706639|20
1401706661|20
1401706684|20
1401706706|20
1401706729|20
1401706751|20
1401706773|20
1401706796|20
1401706818|20
1401706841|20
1401706863|20
1401706886|20
1401706908|20
1401706931|20
1401706953|20
1401706976|20
1401706998|20
1401707021|20
1401707043|20
1401707066|20
1401707088|20
1401707110|20
1401707133|20
1401707155|20
1401707178|20
1401707200|20
1401707223|20
1401707245|20
1401707268|20
1401707290|20
1401707313|20
1401707335|20
1401707358|20
1401707380|20
1401707403|20
1401707425|20
1401707448|20
1401707470|20
1401707492|20
1401707515|20
1401707537|20
1401707560|20
1401707582|20
1401707605|20
1401707627|20
1401707650|20
1401707672|20
1401707695|20
1401707717|20
1401707740|20
1401707762|20
1401707785|20
1401707808|20
1401707830|20
1401707853|20
1401707875|20
1401707898|20
1401707920|20
1401707943|20
1401707965|20
1401707988|20
1401708010|20
1401708033|20
1401708055|20
1401708077|20
1401708100|20
1401708122|20
1401708145|20
1401708167|20
1401708190|20
1401708212|20
1401708235|20
1401708257|20
1401708280|20
1401708303|20
1401708325|20
1401708348|20
1401708370|20
1401708393|20
1401708415|20
1401708438|20
1401708460|20
1401708483|20
1401708505|20
1401708528|20
1401708550|20
1401708573|20
1401708595|20
1401708618|20
1401708640|20
1401708662|20
1401708685|20
1401708707|20
1401708730|20
1401708752|20
1401708775|20
1401708797|20
1401708820|20
1401708842|20
1401708865|20
1401708887|20
1401708910|20
1401708932|20
1401708955|20
1401708977|20
1401708999|20
1401709022|20
1401709044|20
1401709067|20
1401709089|20
1401709112|20
1401709134|20
1401709157|20
1401709179|20
1401709202|20
1401709224|20
1401709247|20
1401709269|20
1401709292|20
1401709314|20
1401709337|20
1401709359|20
1401709381|20
1401709404|20
1401709426|20
1401709449|20
1401709471|20
1401709494|20
1401709516|20
1401709539|20
1401709561|20
1401709584|20
1401709606|20
1401709629|20
1401709651|20
1401709674|20
1401709696|20
1401709719|20
1401709741|20
1401709763|20
1401709786|20
1401709808|20
1401709831|20
1401709853|20
1401709876|20
1401709898|20
1401709921|20
1401709943|20
1401709966|20
1401709988|20
1401710011|20
1401710033|20
1401710056|20
1401710078|20
1401710100|20
1401710123|20
1401710145|20
1401710168|20
1401710190|20
1401710213|20
1401710235|20
1401710258|20
1401710280|20
1401710303|20
1401710325|20
1401710348|20
1401710370|20
1401710393|20
1401710415|20
1401710437|20
1401710460|20
1401710482|20
1401710505|20
1401710527|20
1401710550|20
1401710572|20
1401710595|20
1401710617|20
1401710640|20
1401710662|20
1401710685|20
1401710707|20
1401710730|20
1401710752|20
1401710774|20
1401710797|20
1401710819|20
1401710842|20
1401710864|20
1401710887|20
1401710909|20
1401710932|20
1401710954|20
1401710977|20
1401710999|20
1401711022|20
1401711044|20
1401711067|20
1401711089|20
1401711112|20
1401711134|20
1401711156|20
1401711179|20
1401711201|20
1401711224|20
1401711246|20
1401711269|20
1401711291|20
1401711314|20
1401711336|20
1401711359|20
1401711381|20
1401711404|20
1401711427|20
1401711449|20
1401711472|20
1401711494|20
1401711516|20
1401711539|20
1401711561|20
1401711584|20
1401711606|20
1401711629|20
1401711651|20
1401711674|20
1401711696|20
1401711719|20
1401711741|20
1401711764|20
1401711786|20
1401711809|20
1401711831|20
1401711854|20
1401711876|20
1401711898|20
1401711921|20
1401711943|20
1401711966|20
1401711988|20
1401712011|20
1401712033|20
1401712056|20
1401712078|20
1401712101|20
1401712123|20
1401712146|20
1401712168|20
1401712191|20
1401712213|20
1401712235|20
1401712258|20
1401712280|20
1401712303|20
1401712325|20
1401712348|20
1401712370|20
1401712393|20
1401712415|20
1401712438|20
1401712460|20
1401712483|20
1401712505|20
1401712528|20
1401712550|20
1401712572|20
1401712595|20
1401712617|20
1401712640|20
1401712662|20
1401712685|20
1401712707|20
1401712730|20
1401712752|20
1401712775|20
1401712797|20
1401712820|20
1401712842|20
1401712865|20
1401712887|20
1401712909|20
1401712932|20
1401712954|20
1401712977|20
1401712999|20
1401713022|20
1401713044|20
1401713067|20
1401713089|20
1401713112|20
1401713134|20
1401713157|20
1401713179|20
1401713202|20
1401713224|20
1401713246|20
1401713269|20
1401713291|20
1401713314|20
1401713336|20
1401713359|20
1401713381|20
1401713404|20
1401713426|20
1401713449|20
1401713471|20
1401713494|20
1401713516|20
1401713539|20
1401713561|20
1401713583|20
1401713606|20
1401713628|20
1401713651|20
1401713673|20
1401713696|20
1401713718|20
1401713741|20
1401713763|20
1401713786|20
1401713808|20
1401713831|20
1401713853|20
1401713876|20
1401713898|20
1401713921|20
1401713943|20
1401713966|20
1401713988|20
1401714010|20
1401714033|20
1401714055|20
1401714078|20
1401714100|20
1401714123|20
1401714145|20
1401714168|20
1401714190|20
1401714213|20
1401714235|20
1401714258|20
1401714280|20
1401714303|20
1401714325|20
1401714347|20
1401714370|20
1401714392|20
1401714415|20
1401714437|20
1401714460|20
1401714482|20
1401714505|20
1401714527|20
1401714550|20
1401714572|20
1401714595|20
1401714617|20
1401714640|20
1401714662|20
1401714684|20
1401714707|20
1401714729|20
1401714752|20
1401714774|20
1401714797|20
1401714819|20
1401714842|20
1401714864|20
1401714887|20
1401714909|20
1401714932|20
1401714954|20
1401714977|20
1401714999|20
1401715021|20
1401715044|20
1401715066|20
1401715089|20
1401715111|20
1401715134|20
1401715156|20
1401715179|20
1401715201|20
1401715224|20
1401715246|20
1401715269|20
1401715291|20
1401715314|20
1401715336|20
1401715358|20
1401715381|20
1401715403|20
1401715426|20
1401715448|20
1401715471|20
1401715493|20
1401715516|20
1401715538|20
1401715561|20
1401715583|20
1401715606|20
1401715628|20
1401715651|20
1401715673|20
1401715696|20
1401715718|20
1401715740|20
1401715763|20
1401715785|20
1401715808|20
1401715830|20
1401715853|20
1401715875|20
1401715898|20
1401715920|20
1401715943|20
1401715965|20
1401715988|20
1401716010|20
1401716033|20
1401716055|20
1401716078|20
1401716100|20
1401716122|20
1401716145|20
1401716168|20
1401716191|20
1401716213|20
1401716236|20
1401716258|20
1401716280|20
1401716303|20
1401716325|20
1401716348|20
1401716370|20
1401716393|20
1401716415|20
1401716438|20
1401716460|20
1401716483|20
1401716505|20
1401716528|20
1401716550|20
1401716573|20
1401716595|20
1401716617|20
1401716640|20
1401716662|20
1401716686|20
1401716708|20
1401716731|20
1401716753|20
1401716776|20
1401716798|20
1401716821|20
1401716843|20
1401716866|20
1401716888|20
1401716910|20
1401716933|20
1401716955|20
1401716978|20
1401717000|20
1401717023|20
1401717045|20
1401717068|20
1401717090|20
1401717113|20
1401717135|20
1401717158|20
1401717180|20
1401717203|20
1401717225|20
1401717247|20
1401717270|20
1401717292|20
1401717315|20
1401717337|20
1401717360|20
1401717382|20
1401717405|20
1401717427|20
1401717450|20
1401717472|20
1401717495|20
1401717517|20
1401717540|20
1401717562|20
1401717584|20
1401717607|20
1401717629|20
1401717652|20
1401717674|20
1401717697|20
1401717719|20
1401717742|20
1401717764|20
1401717787|20
1401717809|20
1401717832|20
1401717854|20
1401717877|20
1401717899|20
1401717922|20
1401717944|20
1401717967|20
1401717989|20
1401718011|20
1401718034|20
1401718056|20
1401718079|20
1401718101|20
1401718124|20
1401718146|20
1401718169|20
1401718191|20
1401718214|20
1401718236|20
1401718259|20
1401718281|20
1401718304|20
1401718326|20
1401718348|20
1401718371|20
1401718393|20
1401718416|20
1401718438|20
1401718461|20
1401718483|20
1401718506|20
1401718528|20
1401718551|20
1401718573|20
1401718596|20
1401718618|20
1401718641|20
1401718663|20
1401718685|20
1401718708|20
1401718730|20
1401718753|20
1401718775|20
1401718798|20
1401718820|20
1401718843|20
1401718865|20
1401718888|20
1401718910|20
1401718933|20
1401718955|20
1401718978|20
1401719000|20
1401719023|20
1401719045|20
1401719067|20
1401719090|20
1401719112|20
1401719135|20
1401719157|20
1401719180|20
1401719202|20
1401719225|20
1401719247|20
1401719270|20
1401719292|20
1401719315|20
1401719337|20
1401719360|20
1401719383|20
1401719405|20
1401719428|20
1401719450|20
1401719472|20
1401719495|20
1401719517|20
1401719540|20
1401719562|20
1401719585|20
1401719607|20
1401719630|20
1401719652|20
1401719675|20
1401719697|20
1401719720|20
1401719742|20
1401719765|20
1401719787|20
1401719809|20
1401719832|20
1401719854|20
1401719877|20
1401719899|20
1401719922|20
1401719944|20
1401719967|20
1401719989|20
1401720012|20
1401720034|20
1401720057|20
1401720079|20
1401720102|20
1401720124|20
1401720147|20
1401720169|20
1401720192|20
1401720214|20
1401720236|20
1401720259|20
1401720281|20
1401720304|20
1401720326|20
1401720349|20
1401720371|20
1401720394|20
1401720416|20
1401720439|20
1401720461|20
1401720484|20
1401720506|20
1401720529|20
1401720551|20
1401720573|20
1401720596|20
1401720618|20
1401720641|20
1401720663|20
1401720686|20
1401720708|20
1401720731|20
1401720753|20
1401720776|20
1401720798|20
1401720821|20
1401720843|20
1401720866|20
1401720888|20
1401720910|20
1401720933|20
1401720955|20
1401720978|20
1401721000|20
1401721023|20
1401721045|20
1401721068|20
1401721090|20
1401721113|20
1401721135|20
1401721158|20
1401721180|20
1401721203|20
1401721225|20
1401721247|20
1401721270|20
1401721292|20
1401721315|20
1401721337|20
1401721360|20
1401721382|20
1401721405|20
1401721427|20
1401721450|20
1401721472|20
1401721495|20
1401721517|20
1401721540|20
1401721562|20
1401721585|20
1401721607|20
1401721629|20
1401721652|20
1401721674|20
1401721697|20
1401721719|20
1401721742|20
1401721764|20
1401721787|20
1401721809|20
1401721832|20
1401721854|20
1401721877|20
1401721899|20
1401721922|20
1401721944|20
1401721966|20
1401721989|20
1401722011|20
1401722034|20
1401722056|20
1401722079|20
1401722101|20
1401722124|20
1401722146|20
1401722169|20
1401722191|20
1401722214|20
1401722236|20
1401722259|20
1401722281|20
1401722303|20
1401722326|20
1401722348|20
1401722371|20
1401722393|20
1401722416|20
1401722438|20
1401722461|20
1401722483|20
1401722506|20
1401722528|20
1401722551|20
1401722573|20
1401722596|20
1401722618|20
1401722640|20
1401722663|20
1401722685|20
1401722708|20
1401722730|20
1401722753|20
1401722775|20
1401722798|20
1401722820|20
1401722843|20
1401722865|20
1401722888|20
1401722910|20
1401722933|20
1401722955|20
1401722978|20
1401723000|20
1401723023|20
1401723045|20
1401723067|20
1401723090|20
1401723112|20
1401723135|20
1401723157|20
1401723180|20
1401723202|20
1401723225|20
1401723247|20
1401723270|20
1401723292|20
1401723315|20
1401723337|20
1401723360|20
1401723382|20
1401723404|20
1401723427|20
1401723449|20
1401723472|20
1401723494|20
1401723517|20
1401723539|20
1401723562|20
1401723584|20
1401723607|20
1401723629|20
1401723652|20
1401723674|20
1401723697|20
1401723719|20
1401723741|20
1401723764|20
1401723786|20
1401723809|20
1401723831|20
1401723854|20
1401723876|20
1401723899|20
1401723921|20
1401723944|20
1401723966|20
1401723989|20
1401724011|20
1401724034|20
1401724056|20
1401724078|20
1401724101|20
1401724123|20
1401724146|20
1401724168|20
1401724191|20
1401724213|20
1401724236|20
1401724258|20
1401724281|20
1401724303|20
1401724326|20
1401724348|20
1401724371|20
1401724393|20
1401724416|20
1401724438|20
1401724461|20
1401724483|20
1401724505|20
1401724528|20
1401724550|20
1401724573|20
1401724595|20
1401724618|20
1401724640|20
1401724663|20
1401724685|20
1401724708|20
1401724730|20
1401724753|20
1401724775|20
1401724798|20
1401724820|20
1401724842|20
1401724865|20
1401724887|20
1401724910|20
1401724932|20
1401724955|20
1401724977|20
1401725000|20
1401725022|20
1401725045|20
1401725067|20
1401725090|20
1401725113|20
1401725135|20
1401725157|20
1401725180|20
1401725202|20
1401725225|20
1401725247|20
1401725270|20
1401725292|20
1401725315|20
1401725337|20
1401725360|20
1401725382|20
1401725405|20
1401725427|20
1401725450|20
1401725472|20
1401725494|20
1401725517|20
1401725539|20
1401725562|20
1401725584|20
1401725607|20
1401725629|20
1401725652|20
1401725674|20
1401725697|20
1401725719|20
1401725742|20
1401725764|20
1401725787|20
1401725809|20
1401725831|20
1401725854|20
1401725876|20
1401725899|20
1401725921|20
1401725944|20
1401725966|20
1401725989|20
1401726011|20
1401726034|20
1401726056|20
1401726079|20
1401726101|20
1401726124|20
1401726146|20
1401726169|20
1401726191|20
1401726213|20
1401726236|20
1401726258|20
1401726281|20
1401726303|20
1401726326|20
1401726348|20
1401726371|20
1401726393|20
1401726416|20
1401726438|20
1401726461|20
1401726483|20
1401726506|20
1401726528|20
1401726550|20
1401726573|20
1401726595|20
1401726618|20
1401726640|20
1401726663|20
1401726685|20
1401726708|20
1401726730|20
1401726753|20
1401726775|20
1401726798|20
1401726820|20
1401726843|20
1401726865|20
1401726887|20
1401726910|20
1401726932|20
1401726955|20
1401726977|20
1401727000|20
1401727022|20
1401727045|20
1401727067|20
1401727090|20
1401727112|20
1401727135|20
1401727157|20
1401727180|20
1401727202|20
1401727224|20
1401727247|20
1401727269|20
1401727292|20
1401727314|20
1401727337|20
1401727359|20
1401727382|20
1401727404|20
1401727427|20
1401727449|20
1401727472|20
1401727494|20
1401727517|20
1401727539|20
1401727561|20
1401727584|20
1401727606|20
1401727629|20
1401727651|20
1401727674|20
1401727696|20
1401727719|20
1401727741|20
1401727764|20
1401727786|20
1401727809|20
1401727831|20
1401727854|20
1401727876|20
1401727899|20
1401727921|20
1401727944|20
1401727966|20
1401727988|20
1401728011|20
1401728033|20
1401728056|20
1401728078|20
1401728101|20
1401728123|20
1401728146|20
1401728168|20
1401728191|20
1401728213|20
1401728236|20
1401728258|20
1401728281|20
1401728303|20
1401728326|20
1401728348|20
1401728370|20
1401728393|20
1401728415|20
1401728438|20
1401728460|20
1401728483|20
1401728505|20
1401728528|20
1401728550|20
1401728573|20
1401728595|20
1401728618|20
1401728640|20
1401728663|20
1401728685|20
1401728708|20
1401728730|20
1401728752|20
1401728775|20
1401728797|20
1401728820|20
1401728842|20
1401728865|20
1401728887|20
1401728910|20
1401728932|20
1401728955|20
1401728977|20
1401729000|20
1401729022|20
1401729045|20
1401729067|20
1401729089|20
1401729112|20
1401729134|20
1401729157|20
1401729179|20
1401729202|20
1401729224|20
1401729247|20
1401729269|20
1401729292|20
1401729314|20
1401729337|20
1401729359|20
1401729382|20
1401729404|20
1401729426|20
1401729449|20
1401729471|20
1401729494|20
1401729516|20
1401729539|20
1401729561|20
1401729584|20
1401729606|20
1401729629|20
1401729651|20
1401729674|20
1401729696|20
1401729719|20
1401729741|20
1401729763|20
1401729786|20
1401729808|20
1401729831|20
1401729853|20
1401729876|20
1401729898|20
1401729921|20
1401729943|20
1401729966|20
1401729988|20
1401730011|20
1401730033|20
1401730056|20
1401730078|20
1401730100|20
1401730123|20
1401730145|20
1401730168|20
1401730190|20
1401730213|20
1401730235|20
1401730258|20
1401730280|20
1401730303|20
1401730325|20
1401730348|20
1401730370|20
1401730393|20
1401730415|20
1401730438|20
1401730460|20
1401730482|20
1401730505|20
1401730527|20
1401730550|20
1401730572|20
1401730595|20
1401730617|20
1401730640|20
1401730662|20
1401730685|20
1401730707|20
1401730730|20
1401730752|20
1401730775|20
1401730797|20
1401730819|20
1401730842|20
1401730864|20
1401730887|20
1401730909|20
1401730932|20
1401730954|20
1401730977|20
1401730999|20
1401731022|20
1401731044|20
1401731067|20
1401731089|20
1401731112|20
1401731134|20
1401731156|20
1401731179|20
1401731201|20
1401731224|20
1401731246|20
1401731269|20
1401731291|20
1401731314|20
1401731336|20
1401731359|20
1401731381|20
1401731404|20
1401731426|20
1401731449|20
1401731471|20
1401731493|20
1401731516|20
1401731538|20
1401731561|20
1401731583|20
1401731606|20
1401731628|20
1401731651|20
1401731673|20
1401731696|20
1401731718|20
1401731741|20
1401731763|20
1401731786|20
1401731808|20
1401731831|20
1401731853|20
1401731875|20
1401731898|20
1401731920|20
1401731943|20
1401731965|20
1401731988|20
1401732010|20
1401732033|20
1401732055|20
1401732078|20
1401732100|20
1401732123|20
1401732145|20
1401732168|20
1401732190|20
1401732213|20
1401732235|20
1401732257|20
1401732280|20
1401732302|20
1401732325|20
1401732347|20
1401732370|20
1401732392|20
1401732415|20
1401732437|20
1401732460|20
1401732482|20
1401732505|20
1401732527|20
1401732550|20
1401732572|20
1401732594|20
1401732617|20
1401732639|20
1401732662|20
1401732684|20
1401732707|20
1401732729|20
1401732752|20
1401732774|20
1401732797|20
1401732819|20
1401732842|20
1401732864|20
1401732887|20
1401732909|20
1401732931|20
1401732954|20
1401732976|20
1401732999|20
1401733021|20
1401733044|20
1401733066|20
1401733089|20
1401733111|20
1401733134|20
1401733156|20
1401733179|20
1401733201|20
1401733224|20
1401733246|20
1401733269|20
1401733291|20
1401733314|20
1401733336|20
1401733358|20
1401733381|20
1401733403|20
1401733426|20
1401733448|20
1401733471|20
1401733493|20
1401733516|20
1401733538|20
1401733561|20
1401733583|20
1401733606|20
1401733628|20
1401733651|20
1401733673|20
1401733695|20
