1402511404|20
1402511427|20
1402511449|20
1402511472|20
1402511494|20
1402511517|20
1402511540|20
1402511562|20
1402511585|20
1402511607|20
1402511630|20
1402511652|20
1402511674|20
1402511697|20
1402511719|20
1402511742|20
1402511764|20
1402511788|20
1402511810|20
1402511833|20
1402511855|20
1402511877|20
1402511900|20
1402511922|20
1402511945|20
1402511967|20
1402511990|20
1402512012|20
1402512035|20
1402512057|20
1402512080|20
1402512102|20
1402512125|20
1402512147|20
1402512170|20
1402512192|20
1402512214|20
1402512237|20
1402512259|20
1402512282|20
1402512304|20
1402512327|20
1402512349|20
1402512372|20
1402512394|20
1402512417|20
1402512439|20
1402512462|20
1402512484|20
1402512507|20
1402512529|20
1402512551|20
1402512574|20
1402512596|20
1402512619|20
1402512641|20
1402512664|20
1402512686|20
1402512709|20
1402512731|20
1402512754|20
1402512776|20
1402512799|20
1402512821|20
1402512844|20
1402512866|20
1402512889|20
1402512911|20
1402512933|20
1402512956|20
1402512978|20
1402513001|20
1402513023|20
1402513046|20
1402513068|20
1402513091|20
1402513113|20
1402513136|20
1402513158|20
1402513181|20
1402513203|20
1402513226|20
1402513248|20
1402513270|20
1402513293|20
1402513315|20
1402513338|20
1402513360|20
1402513383|20
1402513405|20
1402513428|20
1402513450|20
1402513473|20
1402513495|20
1402513518|20
1402513540|20
1402513563|20
1402513585|20
1402513607|20
1402513630|20
1402513652|20
1402513675|20
1402513697|20
1402513720|20
1402513742|20
1402513765|20
1402513787|20
1402513810|20
1402513832|20
1402513855|20
1402513877|20
1402513900|20
1402513922|20
1402513944|20
1402513967|20
1402513989|20
1402514012|20
1402514034|20
1402514057|20
1402514079|20
1402514102|20
1402514124|20
1402514147|20
1402514169|20
1402514192|20
1402514214|20
1402514237|20
1402514259|20
1402514281|20
1402514304|20
1402514326|20
1402514349|20
1402514371|20
1402514394|20
1402514416|20
1402514439|20
1402514461|20
1402514484|20
1402514506|20
1402514529|20
1402514551|20
1402514574|20
1402514596|20
1402514619|20
1402514641|20
1402514663|20
1402514686|20
1402514708|20
1402514731|20
1402514753|20
1402514776|20
1402514798|20
1402514821|20
1402514843|20
1402514866|20
1402514888|20
1402514911|20
1402514933|20
1402514956|20
1402514978|20
1402515001|20
1402515023|20
1402515045|20
1402515068|20
1402515090|20
1402515113|20
1402515135|20
1402515158|20
1402515180|20
1402515203|20
1402515225|20
1402515248|20
1402515270|20
1402515293|20
1402515315|20
1402515338|20
1402515360|20
1402515382|20
1402515405|20
1402515427|20
1402515450|20
1402515472|20
1402515495|20
1402515517|20
1402515540|20
1402515562|20
1402515585|20
1402515607|20
1402515630|20
1402515652|20
1402515675|20
1402515697|20
1402515719|20
1402515742|20
1402515764|20
1402515787|20
1402515809|20
1402515832|20
1402515854|20
1402515877|20
1402515899|20
1402515922|20
1402515944|20
1402515967|20
1402515989|20
1402516012|20
1402516034|20
1402516057|20
1402516079|20
1402516101|20
1402516124|20
1402516146|20
1402516169|20
1402516191|20
1402516214|20
1402516236|20
1402516259|20
1402516281|20
1402516304|20
1402516326|20
1402516349|20
1402516371|20
1402516394|20
1402516416|20
1402516439|20
1402516461|20
1402516483|20
1402516506|20
1402516528|20
1402516551|20
1402516573|20
1402516596|20
1402516618|20
1402516641|20
1402516663|20
1402516686|20
1402516708|20
1402516731|20
1402516753|20
1402516776|20
1402516798|20
1402516820|20
1402516843|20
1402516865|20
1402516888|20
1402516910|20
1402516933|20
1402516955|20
1402516978|20
1402517000|20
1402517023|20
1402517045|20
1402517068|20
1402517090|20
1402517113|20
1402517135|20
1402517157|20
1402517180|20
1402517202|20
1402517225|20
1402517247|20
1402517270|20
1402517292|20
1402517315|20
1402517337|20
1402517360|20
1402517382|20
1402517405|20
1402517427|20
1402517450|20
1402517472|20
1402517495|20
1402517517|20
1402517539|20
1402517562|20
1402517584|20
1402517607|20
1402517629|20
1402517652|20
1402517674|20
1402517697|20
1402517719|20
1402517742|20
1402517764|20
1402517787|20
1402517809|20
1402517832|20
1402517854|20
1402517876|20
1402517899|20
1402517921|20
1402517944|20
1402517966|20
1402517989|20
1402518011|20
1402518034|20
1402518056|20
1402518079|20
1402518101|20
1402518124|20
1402518146|20
1402518169|20
1402518191|20
1402518214|20
1402518236|20
1402518259|20
1402518281|20
1402518303|20
1402518326|20
1402518348|20
1402518371|20
1402518393|20
1402518416|20
1402518438|20
1402518461|20
1402518483|20
1402518506|20
1402518528|20
1402518551|20
1402518573|20
1402518596|20
1402518618|20
1402518640|20
1402518663|20
1402518685|20
1402518708|20
1402518730|20
1402518753|20
1402518775|20
1402518798|20
1402518820|20
1402518843|20
1402518865|20
1402518888|20
1402518910|20
1402518933|20
1402518955|20
1402518978|20
1402519000|20
1402519023|20
1402519045|20
1402519067|20
1402519090|20
1402519112|20
1402519135|20
1402519157|20
1402519180|20
1402519202|20
1402519225|20
1402519247|20
1402519270|20
1402519292|20
1402519315|20
1402519337|20
1402519360|20
1402519382|20
1402519404|20
1402519427|20
1402519449|20
1402519472|20
1402519494|20
1402519517|20
1402519539|20
1402519562|20
1402519584|20
1402519607|20
1402519629|20
1402519652|20
1402519674|20
1402519697|20
1402519719|20
1402519741|20
1402519764|20
1402519786|20
1402519809|20
1402519831|20
1402519854|20
1402519876|20
1402519899|20
1402519921|20
1402519944|20
1402519966|20
1402519989|20
1402520011|20
1402520034|20
1402520056|20
1402520079|20
1402520101|20
1402520123|20
1402520146|20
1402520168|20
1402520191|20
1402520213|20
1402520236|20
1402520258|20
1402520281|20
1402520303|20
1402520326|20
1402520348|20
1402520371|20
1402520393|20
1402520416|20
1402520438|20
1402520460|20
1402520483|20
1402520505|20
1402520528|20
1402520550|20
1402520573|20
1402520595|20
1402520618|20
1402520640|20
1402520663|20
1402520685|20
1402520708|20
1402520730|20
1402520753|20
1402520775|20
1402520798|20
1402520820|20
1402520843|20
1402520865|20
1402520887|20
1402520910|20
1402520932|20
1402520955|20
1402520977|20
1402521000|20
1402521022|20
1402521045|20
1402521067|20
1402521090|20
1402521112|20
1402521135|20
1402521157|20
1402521180|20
1402521202|20
1402521224|20
1402521247|20
1402521269|20
1402521292|20
1402521314|20
1402521337|20
1402521359|20
1402521382|20
1402521404|20
1402521427|20
1402521449|20
1402521472|20
1402521494|20
1402521517|20
1402521539|20
1402521561|20
1402521584|20
1402521606|20
1402521629|20
1402521651|20
1402521674|20
1402521696|20
1402521719|20
1402521741|20
1402521764|20
1402521786|20
1402521809|20
1402521831|20
1402521854|20
1402521876|20
1402521899|20
1402521921|20
1402521943|20
1402521966|20
1402521988|20
1402522011|20
1402522033|20
1402522056|20
1402522078|20
1402522101|20
1402522123|20
1402522146|20
1402522168|20
1402522191|20
1402522213|20
1402522236|20
1402522258|20
1402522281|20
1402522303|20
1402522325|20
1402522348|20
1402522370|20
1402522393|20
1402522415|20
1402522438|20
1402522460|20
1402522483|20
1402522505|20
1402522528|20
1402522550|20
1402522573|20
1402522595|20
1402522618|20
1402522640|20
1402522662|20
1402522685|20
1402522707|20
1402522730|20
1402522752|20
1402522775|20
1402522797|20
1402522820|20
1402522842|20
1402522865|20
1402522887|20
1402522910|20
1402522932|20
1402522955|20
1402522977|20
1402522999|20
1402523022|20
1402523044|20
1402523067|20
1402523089|20
1402523112|20
1402523134|20
1402523157|20
1402523179|20
1402523202|20
1402523224|20
1402523247|20
1402523269|20
1402523292|20
1402523314|20
1402523336|20
1402523359|20
1402523381|20
1402523404|20
1402523426|20
1402523449|20
1402523471|20
1402523494|20
1402523516|20
1402523539|20
1402523561|20
1402523584|20
1402523606|20
1402523629|20
1402523651|20
1402523674|20
1402523696|20
1402523718|20
1402523741|20
1402523763|20
1402523786|20
1402523808|20
1402523831|20
1402523853|20
1402523876|20
1402523898|20
1402523921|20
1402523943|20.126
1402523966|20.126
1402523988|20.126
1402524011|20.25
1402524033|20.25
1402524055|20.25
1402524078|20.376
1402524100|20.376
1402524123|20.376
1402524145|20.376
1402524168|20.376
1402524190|20.376
1402524213|20.376
1402524235|20.25
1402524258|20.376
1402524280|20.5
1402524303|20.5
1402524325|20.376
1402524348|20.376
1402524370|20.376
1402524392|20.376
1402524415|20.376
1402524437|20.376
1402524460|20.376
1402524482|20.376
1402524505|20.376
1402524527|20.376
1402524550|20.376
1402524572|20.376
1402524595|20.25
1402524617|20.25
1402524640|20.376
1402524662|20.25
1402524685|20.376
1402524707|20.376
1402524729|20.376
1402524752|20.25
1402524774|20.376
1402524797|20.25
1402524819|20.25
1402524842|20.376
1402524864|20.376
1402524887|20.376
1402524909|20.376
1402524932|20.5
1402524954|20.5
1402524977|20.626
1402524999|20.5
1402525022|20.5
1402525044|20.5
1402525067|20.5
1402525089|20.5
1402525112|20.5
1402525134|20.5
1402525156|20.5
1402525179|20.5
1402525201|20.5
1402525224|20.626
1402525246|20.5
1402525269|20.626
1402525291|20.626
1402525314|20.5
1402525336|20.5
1402525359|20.5
1402525381|20.626
1402525404|20.626
1402525426|20.626
1402525449|20.626
1402525471|20.626
1402525493|20.626
1402525516|20.626
1402525538|20.75
1402525561|20.75
1402525583|20.75
1402525606|20.75
1402525628|20.75
1402525651|20.75
1402525673|20.876
1402525696|20.75
1402525718|20.75
1402525741|20.876
1402525763|20.876
1402525786|20.75
1402525808|20.876
1402525831|20.876
1402525853|20.75
1402525876|20.75
1402525898|20.876
1402525920|20.876
1402525944|20.876
1402525966|20.75
1402525989|20.75
1402526011|20.75
1402526034|20.75
1402526056|20.75
1402526079|20.626
1402526101|20.626
1402526123|20.75
1402526146|20.75
1402526168|20.75
1402526191|20.75
1402526213|20.75
1402526236|20.75
1402526258|20.626
1402526281|20.626
1402526303|20.75
1402526326|20.75
1402526348|20.75
1402526371|20.75
1402526393|20.75
1402526416|20.75
1402526438|20.626
1402526461|20.626
1402526483|20.626
1402526505|20.626
1402526528|20.626
1402526550|20.626
1402526573|20.626
1402526595|20.5
1402526618|20.626
1402526640|20.5
1402526663|20.5
1402526685|20.5
1402526708|20.376
1402526730|20.5
1402526753|20.5
1402526775|20.376
1402526798|20.376
1402526820|20.376
1402526842|20.5
1402526865|20.376
1402526887|20.376
1402526910|20.376
1402526932|20.376
1402526955|20.376
1402526977|20.5
1402527000|20.5
1402527022|20.5
1402527045|20.5
1402527067|20.5
1402527090|20.5
1402527112|20.376
1402527135|20.5
1402527157|20.5
1402527179|20.5
1402527202|20.5
1402527224|20.5
1402527247|20.5
1402527269|20.5
1402527292|20.5
1402527314|20.5
1402527337|20.5
1402527359|20.5
1402527382|20.5
1402527404|20.626
1402527427|20.626
1402527449|20.626
1402527472|20.626
1402527494|20.626
1402527517|20.626
1402527539|20.626
1402527561|20.626
1402527584|20.626
1402527606|20.5
1402527629|20.5
1402527651|20.626
1402527674|20.5
1402527696|20.626
1402527719|20.626
1402527741|20.626
1402527764|20.626
1402527786|20.626
1402527809|20.626
1402527831|20.626
1402527854|20.626
1402527876|20.626
1402527899|20.626
1402527921|20.5
1402527943|20.5
1402527966|20.626
1402527988|20.626
1402528011|20.626
1402528033|20.626
1402528056|20.626
1402528078|20.75
1402528101|20.75
1402528123|20.626
1402528146|20.75
1402528168|20.626
1402528191|20.75
1402528213|20.626
1402528236|20.75
1402528258|20.75
1402528280|20.75
1402528303|20.75
1402528325|20.75
1402528348|20.75
1402528370|20.626
1402528393|20.626
1402528415|20.626
1402528438|20.626
1402528460|20.626
1402528483|20.626
1402528505|20.626
1402528528|20.626
1402528550|20.626
1402528573|20.626
1402528595|20.626
1402528617|20.626
1402528641|20.626
1402528663|20.626
1402528686|20.626
1402528708|20.626
1402528731|20.75
1402528753|20.75
1402528776|20.75
1402528798|20.626
1402528820|20.626
1402528843|20.626
1402528865|20.626
1402528888|20.626
1402528910|20.626
1402528933|20.626
1402528955|20.626
1402528978|20.626
1402529000|20.626
1402529023|20.626
1402529045|20.626
1402529068|20.626
1402529090|20.5
1402529113|20.626
1402529135|20.626
1402529158|20.626
1402529180|20.5
1402529202|20.5
1402529225|20.5
1402529247|20.5
1402529270|20.5
1402529292|20.5
1402529315|20.5
1402529337|20.376
1402529360|20.376
1402529382|20.376
1402529405|20.376
1402529427|20.5
1402529450|20.376
1402529472|20.376
1402529495|20.5
1402529517|20.376
1402529539|20.376
1402529562|20.376
1402529584|20.376
1402529607|20.376
1402529629|20.376
1402529652|20.5
1402529674|20.5
1402529697|20.5
1402529719|20.5
1402529742|20.5
1402529764|20.376
1402529787|20.5
1402529809|20.5
1402529832|20.5
1402529854|20.626
1402529876|20.626
1402529899|20.75
1402529921|20.626
1402529944|20.626
1402529966|20.626
1402529989|20.626
1402530011|20.75
1402530034|20.626
1402530056|20.626
1402530079|20.626
1402530101|20.75
1402530124|20.75
1402530146|20.75
1402530169|20.75
1402530191|20.75
1402530213|20.75
1402530236|20.75
1402530258|20.75
1402530281|20.75
1402530303|20.75
1402530326|20.75
1402530348|20.75
1402530371|20.75
1402530393|20.75
1402530416|20.75
1402530438|20.75
1402530461|20.876
1402530483|20.75
1402530506|20.75
1402530528|20.75
1402530550|20.75
1402530573|20.75
1402530595|20.876
1402530618|20.75
1402530640|20.75
1402530663|20.75
1402530685|20.75
1402530708|20.75
1402530730|20.75
1402530753|20.75
1402530775|20.75
1402530798|20.75
1402530820|20.75
1402530843|20.75
1402530865|20.75
1402530888|20.626
1402530910|20.626
1402530933|20.626
1402530955|20.626
1402530977|20.626
1402531000|20.626
1402531022|20.626
1402531045|20.626
1402531067|20.75
1402531090|20.626
1402531112|20.75
1402531135|20.75
1402531157|20.626
1402531180|20.626
1402531202|20.626
1402531225|20.626
1402531247|20.626
1402531270|20.626
1402531292|20.626
1402531314|20.626
1402531337|20.626
1402531359|20.626
1402531382|20.626
1402531404|20.626
1402531427|20.626
1402531449|20.626
1402531472|20.626
1402531494|20.626
1402531517|20.626
1402531539|20.626
1402531562|20.75
1402531584|20.626
1402531607|20.75
1402531629|20.75
1402531651|20.626
1402531674|20.626
1402531696|20.626
1402531719|20.75
1402531741|20.75
1402531764|20.75
1402531786|20.75
1402531809|20.75
1402531831|20.75
1402531854|20.75
1402531876|20.626
1402531899|20.626
1402531921|20.626
1402531944|20.626
1402531966|20.626
1402531988|20.5
1402532011|20.626
1402532033|20.626
1402532056|20.626
1402532078|20.626
1402532101|20.626
1402532123|20.626
1402532146|20.626
1402532168|20.626
1402532191|20.626
1402532213|20.626
1402532236|20.626
1402532258|20.626
1402532281|20.626
1402532303|20.626
1402532326|20.626
1402532348|20.626
1402532370|20.626
1402532393|20.626
1402532415|20.626
1402532438|20.626
1402532460|20.626
1402532483|20.626
1402532505|20.626
1402532528|20.626
1402532550|20.626
1402532573|20.626
1402532595|20.626
1402532618|20.626
1402532640|20.626
1402532663|20.626
1402532685|20.626
1402532708|20.626
1402532730|20.626
1402532752|20.626
1402532775|20.626
1402532797|20.626
1402532820|20.626
1402532842|20.626
1402532865|20.626
1402532887|20.626
1402532910|20.626
1402532932|20.626
1402532955|20.626
1402532977|20.626
1402533000|20.5
1402533022|20.626
1402533045|20.626
1402533067|20.5
1402533089|20.626
1402533112|20.5
1402533134|20.5
1402533157|20.5
1402533179|20.5
1402533202|20.5
1402533224|20.5
1402533247|20.5
1402533269|20.5
1402533292|20.626
1402533314|20.5
1402533337|20.5
1402533359|20.5
1402533382|20.5
1402533404|20.5
1402533426|20.5
1402533449|20.5
1402533471|20.5
1402533494|20.5
1402533516|20.5
1402533539|20.5
1402533561|20.5
1402533584|20.5
1402533606|20.5
1402533629|20.5
1402533651|20.5
1402533674|20.5
1402533696|20.5
1402533719|20.5
1402533741|20.5
1402533764|20.5
1402533786|20.626
1402533808|20.5
1402533831|20.5
1402533853|20.5
1402533876|20.5
1402533898|20.5
1402533921|20.5
1402533943|20.5
1402533966|20.5
1402533988|20.5
1402534011|20.5
1402534033|20.5
1402534056|20.5
1402534078|20.5
1402534101|20.5
1402534123|20.5
1402534145|20.5
1402534168|20.5
1402534190|20.626
1402534213|20.5
1402534235|20.5
1402534258|20.5
1402534280|20.5
1402534303|20.5
1402534325|20.5
1402534348|20.5
1402534370|20.5
1402534393|20.5
1402534415|20.5
1402534438|20.5
1402534460|20.5
1402534482|20.5
1402534505|20.5
1402534527|20.5
1402534550|20.5
1402534572|20.5
1402534595|20.376
1402534617|20.5
1402534640|20.376
1402534662|20.5
1402534685|20.376
1402534707|20.376
1402534730|20.5
1402534752|20.5
1402534775|20.5
1402534797|20.5
1402534819|20.5
1402534842|20.626
1402534864|20.5
1402534887|20.5
1402534909|20.626
1402534932|20.626
1402534954|20.626
1402534977|20.626
1402534999|20.626
1402535022|20.626
1402535044|20.75
1402535067|20.75
1402535089|20.75
1402535112|20.75
1402535134|20.75
1402535156|20.876
1402535179|20.876
1402535201|20.876
1402535224|21.0
1402535246|21.0
1402535269|21.0
1402535291|21.0
1402535314|21.0
1402535336|21.0
1402535359|21.126
1402535381|21.126
1402535404|21.126
1402535426|21.126
1402535449|21.126
1402535471|21.126
1402535494|21.126
1402535516|21.126
1402535539|21.25
1402535561|21.126
1402535583|21.25
1402535606|21.25
1402535628|21.25
1402535651|21.25
1402535673|21.376
1402535696|21.376
1402535718|21.376
1402535741|21.376
1402535763|21.376
1402535786|21.376
1402535808|21.376
1402535831|21.376
1402535853|21.376
1402535876|21.376
1402535898|21.376
1402535920|21.5
1402535943|21.5
1402535965|21.5
1402535988|21.5
1402536010|21.5
1402536033|21.626
1402536055|21.5
1402536078|21.5
1402536100|21.626
1402536123|21.626
1402536145|21.626
1402536168|21.626
1402536190|21.626
1402536213|21.626
1402536235|21.626
1402536257|21.75
1402536280|21.75
1402536302|21.75
1402536325|21.75
1402536347|21.626
1402536370|21.75
1402536392|21.75
1402536415|21.75
1402536437|21.75
1402536460|21.75
1402536482|21.75
1402536505|21.75
1402536527|21.876
1402536550|21.876
1402536572|21.876
1402536594|21.876
1402536617|21.876
1402536639|21.876
1402536662|21.876
1402536684|22.0
1402536707|21.876
1402536729|22.0
1402536752|22.0
1402536774|22.0
1402536797|22.0
1402536819|22.0
1402536842|22.0
1402536864|22.126
1402536887|22.126
1402536909|22.126
1402536932|22.126
1402536954|22.126
1402536976|22.126
1402536999|22.126
1402537021|22.25
1402537044|22.25
1402537066|22.126
1402537089|22.25
1402537111|22.25
1402537134|22.25
1402537156|22.25
1402537179|22.25
1402537201|22.25
1402537224|22.25
1402537246|22.25
1402537269|22.25
1402537291|22.25
1402537314|22.25
1402537336|22.25
1402537358|22.25
1402537381|22.25
1402537403|22.25
1402537426|22.25
1402537448|22.25
1402537471|22.25
1402537493|22.25
1402537516|22.376
1402537538|22.376
1402537561|22.376
1402537583|22.376
1402537606|22.376
1402537628|22.376
1402537651|22.376
1402537673|22.376
1402537695|22.376
1402537718|22.25
1402537740|22.376
1402537763|22.25
1402537785|22.25
1402537808|22.25
1402537830|22.25
1402537853|22.25
1402537875|22.25
1402537898|22.25
1402537920|22.376
1402537943|22.376
1402537965|22.25
1402537988|22.376
1402538010|22.376
1402538032|22.376
1402538055|22.376
1402538077|22.25
1402538100|22.376
1402538122|22.376
1402538145|22.376
1402538167|22.376
1402538190|22.376
1402538212|22.376
1402538235|22.25
1402538257|22.376
1402538280|22.376
1402538302|22.376
1402538325|22.376
1402538347|22.5
1402538370|22.376
1402538392|22.5
1402538414|22.376
1402538437|22.376
1402538459|22.376
1402538482|22.376
1402538504|22.5
1402538527|22.5
1402538549|22.5
1402538572|22.5
1402538594|22.626
1402538617|22.5
1402538639|22.5
1402538662|22.5
1402538684|22.626
1402538707|22.626
1402538729|22.626
1402538752|22.626
1402538774|22.626
1402538797|22.626
1402538819|22.626
1402538841|22.626
1402538864|22.626
1402538886|22.626
1402538909|22.626
1402538931|22.626
1402538954|22.75
1402538976|22.75
1402538999|22.75
1402539021|22.75
1402539044|22.75
1402539066|22.75
1402539089|22.75
1402539111|22.75
1402539134|22.626
1402539156|22.75
1402539178|22.75
1402539201|22.75
1402539223|22.626
1402539246|22.75
1402539268|22.75
1402539291|22.75
1402539313|22.75
1402539336|22.75
1402539358|22.75
1402539381|22.75
1402539403|22.75
1402539426|22.75
1402539448|22.75
1402539471|22.75
1402539493|22.75
1402539515|22.75
1402539538|22.75
1402539560|22.75
1402539583|22.75
1402539605|22.876
1402539628|22.876
1402539650|22.876
1402539673|22.876
1402539695|22.876
1402539718|22.876
1402539740|22.876
1402539763|22.876
1402539785|22.876
1402539808|22.876
1402539830|22.876
1402539853|22.876
1402539875|22.876
1402539898|22.876
1402539920|22.876
1402539943|23.0
1402539965|23.0
1402539988|23.0
1402540010|23.0
1402540033|23.0
1402540055|23.0
1402540078|23.0
1402540100|23.0
1402540123|23.0
1402540145|23.0
1402540167|23.0
1402540190|23.0
1402540212|23.0
1402540235|23.0
1402540257|23.0
1402540280|23.0
1402540302|23.0
1402540325|23.0
1402540348|23.0
1402540370|23.0
1402540393|23.0
1402540415|23.0
1402540438|23.0
1402540460|23.0
1402540483|23.0
1402540505|23.0
1402540528|23.0
1402540550|23.0
1402540572|23.0
1402540595|23.0
1402540617|23.0
1402540640|23.0
1402540662|23.0
1402540685|23.0
1402540707|23.0
1402540730|23.0
1402540752|23.0
1402540775|23.0
1402540797|23.0
1402540820|23.0
1402540842|23.0
1402540865|23.0
1402540887|23.0
1402540909|23.0
1402540932|23.0
1402540954|23.0
1402540977|23.0
1402540999|23.0
1402541022|22.876
1402541044|23.0
1402541067|22.876
1402541089|23.0
1402541112|23.0
1402541134|23.0
1402541157|23.0
1402541179|23.0
1402541202|23.0
1402541224|22.876
1402541247|22.876
1402541269|22.876
1402541291|22.876
1402541314|22.876
1402541336|22.876
1402541359|22.876
1402541381|22.876
1402541404|22.876
1402541426|22.876
1402541449|22.876
1402541471|22.876
1402541494|22.876
1402541516|22.876
1402541539|22.876
1402541561|22.876
1402541584|22.876
1402541606|22.876
1402541628|22.876
1402541651|22.876
1402541673|22.876
1402541696|23.0
1402541718|22.876
1402541741|23.0
1402541763|23.0
1402541786|23.0
1402541808|23.0
1402541831|23.0
1402541853|23.0
1402541876|23.0
1402541898|23.0
1402541921|23.0
1402541943|23.0
1402541965|23.0
1402541988|23.126
1402542010|23.0
1402542033|23.126
1402542055|23.126
1402542078|23.126
1402542100|23.126
1402542123|23.126
1402542145|23.126
1402542168|23.126
1402542190|23.126
1402542213|23.126
1402542235|23.126
1402542258|23.126
1402542280|23.126
1402542302|23.126
1402542325|23.126
1402542347|23.126
1402542370|23.126
1402542392|23.0
1402542415|23.126
1402542437|23.0
1402542460|23.0
1402542482|23.0
1402542505|23.0
1402542527|22.876
1402542550|22.876
1402542572|23.0
1402542595|22.876
1402542617|22.876
1402542640|22.876
1402542662|22.876
1402542684|22.876
1402542707|22.876
1402542729|22.876
1402542752|22.75
1402542774|22.75
1402542797|22.75
1402542819|22.75
1402542842|22.75
1402542864|22.75
1402542887|22.75
1402542909|22.75
1402542932|22.75
1402542954|22.75
1402542977|22.75
1402542999|22.75
1402543022|22.75
1402543044|22.75
1402543066|22.626
1402543089|22.626
1402543111|22.626
1402543134|22.626
1402543156|22.626
1402543179|22.626
1402543201|22.626
1402543224|22.626
1402543246|22.626
1402543269|22.626
1402543291|22.626
1402543314|22.626
1402543336|22.5
1402543359|22.626
1402543381|22.5
1402543403|22.5
1402543426|22.5
1402543448|22.5
1402543471|22.5
1402543493|22.376
1402543516|22.376
1402543538|22.376
1402543561|22.5
1402543583|22.376
1402543606|22.376
1402543628|22.376
1402543651|22.376
1402543673|22.25
1402543696|22.25
1402543718|22.25
1402543740|22.25
1402543763|22.376
1402543785|22.376
1402543808|22.25
1402543830|22.25
1402543853|22.25
1402543875|22.25
1402543898|22.25
1402543920|22.25
1402543943|22.126
1402543965|22.126
1402543988|22.126
1402544010|22.126
1402544033|22.0
1402544055|22.0
1402544077|22.0
1402544100|22.0
1402544122|22.0
1402544145|22.0
1402544167|22.0
1402544190|21.876
1402544212|21.876
1402544235|21.876
1402544257|21.876
1402544280|21.75
1402544302|21.75
1402544325|21.75
1402544347|21.75
1402544370|21.75
1402544392|21.75
1402544415|21.75
1402544437|21.75
1402544460|21.75
1402544482|21.75
1402544504|21.626
1402544527|21.626
1402544549|21.626
1402544572|21.626
1402544594|21.626
1402544617|21.626
1402544639|21.626
1402544662|21.5
1402544684|21.5
1402544707|21.5
1402544729|21.5
1402544752|21.5
1402544774|21.5
1402544797|21.376
1402544819|21.376
1402544842|21.376
1402544864|21.25
1402544886|21.25
1402544909|21.25
1402544931|21.25
1402544954|21.126
1402544976|21.126
1402544999|21.25
1402545021|21.126
1402545044|21.126
1402545066|21.126
1402545089|21.126
1402545111|21.126
1402545134|21.0
1402545156|21.0
1402545179|21.0
1402545201|21.0
1402545223|21.0
1402545246|21.0
1402545268|21.0
1402545291|20.876
1402545313|20.876
1402545336|20.876
1402545358|20.876
1402545381|20.876
1402545403|20.876
1402545426|20.876
1402545448|20.75
1402545471|20.75
1402545493|20.75
1402545516|20.75
1402545538|20.75
1402545560|20.75
1402545583|20.626
1402545605|20.75
1402545628|20.626
1402545650|20.626
1402545673|20.626
1402545695|20.626
1402545718|20.626
1402545740|20.626
1402545763|20.626
1402545785|20.626
1402545808|20.5
1402545830|20.5
1402545853|20.5
1402545875|20.5
1402545898|20.5
1402545920|20.5
1402545942|20.5
1402545965|20.5
1402545987|20.5
1402546010|20.5
1402546032|20.5
1402546055|20.376
1402546077|20.376
1402546100|20.376
1402546122|20.376
1402546145|20.25
1402546167|20.376
1402546190|20.376
1402546213|20.376
1402546235|20.25
1402546258|20.25
1402546280|20.25
1402546303|20.25
1402546325|20.25
1402546348|20.25
1402546370|20.126
1402546393|20.126
1402546415|20.126
1402546438|20.126
1402546460|20.126
1402546483|20.126
1402546505|20.126
1402546527|20.126
1402546550|20.126
1402546572|20
1402546595|20
1402546617|20
1402546640|20.126
1402546662|20
1402546685|20
1402546707|20
1402546730|20
1402546752|20
1402546775|20
1402546797|20
1402546820|20
1402546842|20
1402546864|20
1402546887|20
1402546909|20
1402546932|20
1402546954|20
1402546977|20
1402546999|20
1402547022|20
1402547044|20
1402547067|20
1402547089|20
1402547112|20
1402547134|20
1402547157|20
1402547179|20
1402547202|20
1402547224|20
1402547246|20
1402547269|20
1402547291|20
1402547314|20
1402547336|20
1402547359|20
1402547381|20
1402547404|20
1402547426|20
1402547449|20
1402547471|20
1402547494|20
1402547516|20
1402547539|20
1402547561|20
1402547584|20
1402547606|20
1402547628|20
1402547651|20
1402547673|20
1402547696|20
1402547718|20
1402547741|20
1402547763|20
1402547786|20
1402547808|20
1402547831|20
1402547853|20
1402547876|20
1402547898|20
1402547921|20
1402547943|20
1402547965|20
1402547988|20
1402548010|20
1402548033|20
1402548055|20
1402548078|20
1402548100|20
1402548123|20
1402548145|20
1402548168|20
1402548190|20
1402548213|20
1402548235|20
1402548258|20
1402548280|20
1402548302|20
1402548325|20
1402548347|20
1402548370|20
1402548392|20
1402548415|20
1402548437|20
1402548460|20
1402548482|20
1402548505|20
1402548527|20
1402548550|20
1402548572|20
1402548595|20
1402548617|20
1402548639|20
1402548662|20
1402548684|20
1402548707|20
1402548729|20
1402548752|20
1402548774|20
1402548797|20
1402548819|20
1402548842|20
1402548864|20
1402548887|20
1402548909|20
1402548932|20
1402548954|20
1402548977|20
1402548999|20
1402549021|20
1402549044|20
1402549066|20
1402549089|20
1402549111|20
1402549134|20
1402549156|20
1402549179|20
1402549202|20
1402549225|20
1402549247|20
1402549270|20
1402549292|20
1402549315|20
1402549337|20
1402549360|20
1402549382|20
1402549404|20
1402549427|20
1402549449|20
1402549472|20
1402549494|20
1402549517|20
1402549539|20
1402549562|20
1402549584|20
1402549607|20
1402549629|20
1402549652|20
1402549674|20
1402549697|20
1402549719|20
1402549741|20
1402549764|20
1402549786|20
1402549809|20
1402549831|20
1402549854|20
1402549876|20
1402549899|20
1402549921|20
1402549944|20
1402549966|20
1402549989|20
1402550011|20
1402550034|20
1402550056|20
1402550079|20
1402550101|20
1402550123|20
1402550146|20
1402550168|20
1402550191|20
1402550213|20
1402550236|20
1402550258|20
1402550281|20
1402550303|20
1402550326|20
1402550348|20
1402550371|20
1402550393|20
1402550416|20
1402550438|20
1402550460|20
1402550483|20
1402550505|20
1402550528|20
1402550550|20
1402550573|20
1402550595|20
1402550618|20
1402550640|20
1402550663|20
1402550685|20
1402550708|20
1402550730|20
1402550753|20
1402550775|20
1402550797|20
1402550820|20
1402550842|20
1402550865|20
1402550887|20
1402550910|20
1402550932|20
1402550955|20
1402550977|20
1402551000|20
1402551022|20
1402551045|20
1402551067|20
1402551090|20
1402551112|20
1402551135|20
1402551157|20
1402551179|20
1402551202|20
1402551224|20
1402551247|20
1402551269|20
1402551292|20
1402551314|20
1402551337|20
1402551359|20
1402551382|20
1402551404|20
1402551427|20
1402551449|20
1402551472|20
1402551494|20
1402551517|20
1402551539|20
1402551561|20
1402551584|20
1402551606|20
1402551629|20
1402551651|20
1402551674|20
1402551696|20
1402551719|20
1402551741|20
1402551764|20
1402551786|20
1402551809|20
1402551831|20
1402551854|20
1402551876|20
1402551899|20
1402551921|20
1402551944|20
1402551966|20
1402551988|20
1402552011|20
1402552033|20
1402552056|20
1402552078|20
1402552101|20
1402552123|20
1402552146|20
1402552168|20
1402552191|20
1402552213|20
1402552236|20
1402552258|20
1402552281|20
1402552303|20
1402552325|20
1402552348|20
1402552370|20
1402552393|20
1402552415|20
1402552438|20
1402552460|20
1402552483|20
1402552505|20
1402552528|20
1402552550|20
1402552573|20
1402552595|20
1402552618|20
1402552640|20
1402552662|20
1402552685|20
1402552707|20
1402552730|20
1402552752|20
1402552775|20
1402552797|20
1402552820|20
1402552842|20
1402552865|20
1402552887|20
1402552910|20
1402552932|20
1402552955|20
1402552977|20
1402552999|20
1402553022|20
1402553044|20
1402553067|20
1402553089|20
1402553112|20
1402553134|20
1402553157|20
1402553179|20
1402553202|20
1402553224|20
1402553247|20
1402553269|20
1402553292|20
1402553314|20
1402553337|20
1402553359|20
1402553381|20
1402553404|20
1402553426|20
1402553449|20
1402553471|20
1402553494|20
1402553516|20
1402553539|20
1402553561|20
1402553584|20
1402553606|20
1402553629|20
1402553651|20
1402553674|20
1402553696|20
1402553718|20
1402553741|20
1402553763|20
1402553786|20
1402553808|20
1402553831|20
1402553853|20
1402553876|20
1402553898|20
1402553921|20
1402553943|20
1402553966|20
1402553988|20
1402554011|20
1402554033|20
1402554055|20
1402554078|20
1402554100|20
1402554123|20
1402554145|20
1402554168|20
1402554190|20
1402554213|20
1402554235|20
1402554258|20
1402554280|20
1402554303|20
1402554325|20
1402554348|20
1402554370|20
1402554393|20
1402554415|20
1402554438|20
1402554460|20
1402554483|20
1402554505|20
1402554528|20
1402554550|20
1402554572|20
1402554595|20
1402554617|20
1402554640|20
1402554662|20
1402554685|20
1402554707|20
1402554730|20
1402554753|20
1402554775|20
1402554798|20
1402554820|20
1402554843|20
1402554865|20
1402554887|20
1402554910|20
1402554932|20
1402554955|20
1402554977|20
1402555000|20
1402555022|20
1402555045|20
1402555067|20
1402555090|20
1402555112|20
1402555135|20
1402555157|20
1402555180|20
1402555202|20
1402555224|20
1402555247|20
1402555269|20
1402555292|20
1402555314|20
1402555337|20
1402555359|20
1402555382|20
1402555404|20
1402555427|20
1402555449|20
1402555472|20
1402555494|20
1402555517|20
1402555539|20
1402555561|20
1402555584|20
1402555606|20
1402555629|20
1402555651|20
1402555674|20
1402555696|20
1402555719|20
1402555741|20
1402555764|20
1402555786|20
1402555809|20
1402555831|20
1402555854|20
1402555876|20
1402555898|20
1402555921|20
1402555943|20
1402555966|20
1402555988|20
1402556011|20
1402556033|20
1402556056|20
1402556078|20
1402556101|20
1402556123|20
1402556146|20
1402556168|20
1402556191|20
1402556213|20
1402556235|20
1402556258|20
1402556280|20
1402556303|20
1402556325|20
1402556348|20
1402556370|20
1402556393|20
1402556415|20
1402556438|20
1402556460|20
1402556483|20
1402556505|20
1402556528|20
1402556550|20
1402556572|20
1402556595|20
1402556617|20
1402556640|20
1402556662|20
1402556685|20
1402556707|20
1402556730|20
1402556752|20
1402556775|20
1402556797|20
1402556820|20
1402556842|20
1402556865|20
1402556887|20
1402556910|20
1402556932|20
1402556954|20
1402556977|20
1402556999|20
1402557022|20
1402557044|20
1402557067|20
1402557089|20
1402557112|20
1402557134|20
1402557157|20
1402557179|20
1402557202|20
1402557224|20
1402557247|20
1402557269|20
1402557291|20
1402557314|20
1402557336|20
1402557359|20
1402557381|20
1402557404|20
1402557426|20
1402557449|20
1402557471|20
1402557494|20
1402557516|20
1402557539|20
1402557561|20
1402557584|20
1402557606|20
1402557628|20
1402557651|20
1402557673|20
1402557696|20
1402557718|20
1402557741|20
1402557763|20
1402557786|20
1402557808|20
1402557831|20
1402557853|20
1402557876|20
1402557898|20
1402557921|20
1402557943|20
1402557966|20
1402557988|20
1402558011|20
1402558033|20
1402558055|20
1402558078|20
1402558100|20
1402558123|20
1402558145|20
1402558168|20
1402558190|20
1402558213|20
1402558235|20
1402558258|20
1402558280|20
1402558303|20
1402558325|20
1402558348|20
1402558370|20
1402558393|20
1402558415|20
1402558438|20
1402558460|20
1402558482|20
1402558505|20
1402558527|20
1402558550|20
1402558572|20
1402558595|20
1402558617|20
1402558640|20
1402558662|20
1402558685|20
1402558707|20
1402558730|20
1402558752|20
1402558775|20
1402558797|20
1402558819|20
1402558842|20
1402558864|20
1402558887|20
1402558909|20
1402558932|20
1402558954|20
1402558977|20
1402558999|20
1402559022|20
1402559044|20
1402559067|20
1402559089|20
1402559112|20
1402559134|20
1402559156|20
1402559179|20
1402559201|20
1402559224|20
1402559246|20
1402559269|20
1402559291|20
1402559314|20
1402559336|20
1402559359|20
1402559381|20
1402559404|20
1402559426|20
1402559449|20
1402559471|20
1402559493|20
1402559516|20
1402559538|20
1402559561|20
1402559583|20
1402559606|20
1402559628|20
1402559651|20
1402559673|20
1402559696|20
1402559718|20
1402559741|20
1402559763|20
1402559786|20
1402559808|20
1402559830|20
1402559853|20
1402559875|20
1402559898|20
1402559920|20
1402559943|20
1402559965|20
1402559988|20
1402560010|20
1402560033|20
1402560055|20
1402560078|20
1402560100|20
1402560123|20
1402560145|20
1402560167|20
1402560190|20
1402560212|20
1402560235|20
1402560257|20
1402560280|20
1402560302|20
1402560325|20
1402560347|20
1402560370|20
1402560392|20
1402560415|20
1402560437|20
1402560460|20
1402560482|20
1402560504|20
1402560527|20
1402560549|20
1402560572|20
1402560594|20
1402560617|20
1402560639|20
1402560662|20
1402560684|20
1402560707|20
1402560729|20
1402560752|20
1402560774|20
1402560797|20
1402560819|20
1402560842|20
1402560864|20
1402560886|20
1402560909|20
1402560931|20
1402560954|20
1402560976|20
1402560999|20
1402561021|20
1402561044|20
1402561066|20
1402561089|20
1402561111|20
1402561134|20
1402561156|20
1402561179|20
1402561201|20
1402561223|20
1402561246|20
1402561268|20
1402561291|20
1402561313|20
1402561336|20
1402561358|20
1402561381|20
1402561403|20
1402561426|20
1402561448|20
1402561471|20
1402561493|20
1402561516|20
1402561538|20
1402561560|20
1402561583|20
1402561605|20
1402561628|20
1402561650|20
1402561673|20
1402561695|20
1402561718|20
1402561740|20
1402561763|20
1402561785|20
1402561808|20
1402561830|20
1402561853|20
1402561875|20
1402561897|20
1402561920|20
1402561942|20
1402561965|20
1402561987|20
1402562010|20
1402562032|20
1402562055|20
1402562077|20
1402562100|20
1402562122|20
1402562145|20
1402562167|20
1402562190|20
1402562212|20
1402562234|20
1402562257|20
1402562279|20
1402562302|20
1402562324|20
1402562347|20
1402562369|20
1402562392|20
1402562414|20
1402562437|20
1402562459|20
1402562482|20
1402562504|20
1402562527|20
1402562549|20
1402562571|20
1402562594|20
1402562616|20
1402562639|20
1402562661|20
1402562684|20
1402562706|20
1402562729|20
1402562751|20
1402562774|20
1402562796|20
1402562819|20
1402562841|20
1402562864|20
1402562886|20
1402562909|20
1402562931|20
1402562954|20
1402562976|20
1402562998|20
1402563021|20
1402563043|20
1402563066|20
1402563088|20
1402563111|20
1402563133|20
1402563156|20
1402563178|20
1402563201|20
1402563223|20
1402563246|20
1402563268|20
1402563291|20
1402563313|20
1402563335|20
1402563358|20
1402563380|20
1402563403|20
1402563425|20
1402563448|20
1402563470|20
1402563493|20
1402563515|20
1402563538|20
1402563560|20
1402563583|20
1402563605|20
1402563628|20
1402563650|20
1402563672|20
1402563695|20
1402563717|20
1402563740|20
1402563762|20
1402563785|20
1402563807|20
1402563830|20
1402563852|20
1402563875|20
1402563897|20
1402563920|20
1402563942|20
1402563965|20
1402563987|20
1402564009|20
1402564032|20
1402564054|20
1402564077|20
1402564099|20
1402564122|20
1402564144|20
1402564167|20
1402564189|20
1402564212|20
1402564234|20
1402564257|20
1402564279|20
1402564302|20
1402564324|20
1402564346|20
1402564369|20
1402564391|20
1402564414|20
1402564436|20
1402564459|20
1402564481|20
1402564504|20
1402564526|20
1402564549|20
1402564571|20
1402564594|20
1402564616|20
1402564639|20
1402564662|20
1402564684|20
1402564707|20
1402564729|20
1402564752|20
1402564774|20
1402564796|20
1402564819|20
1402564841|20
1402564864|20
1402564886|20
1402564909|20
1402564931|20
1402564954|20
1402564976|20
1402564999|20
1402565021|20
1402565044|20
1402565066|20
1402565089|20
1402565111|20
1402565134|20
1402565156|20
1402565179|20
1402565201|20
1402565223|20
1402565246|20
1402565268|20
1402565291|20
1402565313|20
1402565336|20
1402565358|20
1402565381|20
1402565403|20
1402565426|20
1402565448|20
1402565471|20
1402565493|20
1402565516|20
1402565538|20
1402565560|20
1402565583|20
1402565605|20
1402565628|20
1402565650|20
1402565673|20
1402565695|20
1402565718|20
1402565740|20
1402565763|20
1402565785|20
1402565808|20
1402565830|20
1402565853|20
1402565875|20
1402565898|20
1402565920|20
1402565943|20
1402565965|20
1402565987|20
1402566010|20
1402566032|20
1402566055|20
1402566077|20
1402566100|20
1402566122|20
1402566145|20
1402566167|20
1402566190|20
1402566212|20
1402566235|20
1402566257|20
1402566280|20
1402566302|20
1402566324|20
1402566347|20
1402566369|20
1402566392|20
1402566414|20
1402566437|20
1402566459|20
1402566482|20
1402566504|20
1402566527|20
1402566549|20
1402566572|20
1402566594|20
1402566617|20
1402566639|20
1402566661|20
1402566684|20
1402566706|20
1402566729|20
1402566751|20
1402566774|20
1402566796|20
1402566819|20
1402566841|20
1402566864|20
1402566886|20
1402566909|20
1402566931|20
1402566954|20
1402566976|20
1402566998|20
1402567021|20
1402567043|20
1402567066|20
1402567088|20
1402567111|20
1402567133|20
1402567156|20
1402567178|20
1402567201|20
1402567223|20
1402567246|20
1402567268|20
1402567291|20
1402567313|20
1402567336|20
1402567358|20
1402567380|20
1402567403|20
1402567425|20
1402567448|20
1402567470|20
1402567493|20
1402567515|20
1402567538|20
1402567560|20
1402567583|20
1402567605|20
1402567628|20
1402567650|20
1402567673|20
1402567695|20
1402567717|20
1402567740|20
1402567762|20
1402567785|20
1402567807|20
1402567830|20
1402567852|20
1402567875|20
1402567897|20
1402567920|20
1402567942|20
1402567965|20
1402567987|20
1402568010|20
1402568032|20
1402568054|20
1402568077|20
1402568099|20
1402568122|20
1402568144|20
1402568167|20
1402568189|20
1402568212|20
1402568234|20
1402568257|20
1402568279|20
1402568302|20
1402568324|20
1402568347|20
1402568369|20
1402568392|20
1402568414|20
1402568436|20
1402568459|20
1402568481|20
1402568504|20
1402568526|20
1402568549|20
1402568571|20
1402568594|20
1402568616|20
1402568639|20
1402568661|20
1402568684|20
1402568706|20
1402568729|20
1402568751|20
1402568774|20
1402568796|20
1402568818|20
1402568841|20
1402568863|20
1402568886|20
1402568908|20
1402568931|20
1402568953|20
1402568976|20
1402568998|20
1402569021|20
1402569043|20
1402569066|20
1402569088|20
1402569111|20
1402569133|20
1402569156|20
1402569179|20
1402569201|20
1402569224|20
1402569246|20
1402569268|20
1402569291|20
1402569313|20
1402569336|20
1402569358|20
1402569381|20
1402569403|20
1402569426|20
1402569448|20
1402569471|20
1402569493|20
1402569516|20
1402569538|20
1402569561|20
1402569583|20
1402569606|20
1402569628|20
1402569650|20
1402569673|20
1402569695|20
1402569718|20
1402569740|20
1402569763|20
1402569785|20
1402569808|20
1402569830|20
1402569853|20
1402569875|20
1402569898|20
1402569920|20
1402569943|20
1402569965|20
1402569988|20
1402570010|20
1402570032|20
1402570055|20
1402570077|20
1402570100|20
1402570122|20
1402570145|20
1402570167|20
1402570190|20
1402570212|20
1402570235|20
1402570257|20
1402570280|20
1402570302|20
1402570325|20
1402570347|20
1402570369|20
1402570392|20
1402570414|20
1402570437|20
1402570459|20
1402570482|20
1402570504|20
1402570527|20
1402570549|20
1402570572|20
1402570594|20
1402570617|20
1402570639|20
1402570662|20
1402570684|20
1402570706|20
1402570729|20
1402570751|20
1402570774|20
1402570796|20
1402570819|20
1402570841|20
1402570864|20
1402570886|20
1402570909|20
1402570931|20
1402570954|20
1402570976|20
1402570999|20
1402571021|20
1402571044|20
1402571066|20
1402571089|20
1402571111|20
1402571133|20
1402571156|20
1402571178|20
1402571201|20
1402571223|20
1402571246|20
1402571268|20
1402571291|20
1402571313|20
1402571336|20
1402571359|20
1402571381|20
1402571404|20
1402571426|20
1402571449|20
1402571471|20
1402571494|20
1402571516|20
1402571539|20
1402571561|20
1402571584|20
1402571606|20
1402571629|20
1402571651|20
1402571673|20
1402571696|20
1402571718|20
1402571741|20
1402571763|20
1402571786|20
1402571808|20
1402571831|20
1402571853|20
1402571876|20
1402571898|20
1402571921|20
1402571943|20
1402571966|20
1402571988|20
1402572011|20
1402572033|20
1402572055|20
1402572078|20
1402572100|20
1402572123|20
1402572145|20
1402572168|20
1402572190|20
1402572213|20
1402572235|20
1402572258|20
1402572280|20
1402572303|20
1402572325|20
1402572348|20
1402572370|20
1402572392|20
1402572415|20
1402572437|20
1402572460|20
1402572482|20
1402572505|20
1402572527|20
1402572550|20
1402572572|20
1402572595|20
1402572617|20
1402572640|20
1402572662|20
1402572685|20
1402572707|20
1402572729|20
1402572752|20
1402572774|20
1402572797|20
1402572819|20
1402572842|20
1402572864|20
1402572887|20
1402572909|20
1402572932|20
1402572954|20
1402572977|20
1402572999|20
1402573022|20
1402573044|20
1402573066|20
1402573089|20
1402573111|20
1402573134|20
1402573156|20
1402573179|20
1402573201|20
1402573224|20
1402573246|20
1402573269|20
1402573291|20
1402573314|20
1402573336|20
1402573359|20
1402573381|20
1402573403|20
1402573426|20
1402573448|20
1402573471|20
1402573493|20
1402573516|20
1402573538|20
1402573561|20
1402573583|20
1402573606|20
1402573628|20
1402573651|20
1402573673|20
1402573696|20
1402573718|20
1402573740|20
1402573763|20
1402573785|20
1402573808|20
1402573830|20
1402573853|20
1402573875|20
1402573898|20
1402573920|20
1402573943|20
1402573965|20
1402573988|20
1402574010|20
1402574033|20
1402574055|20
1402574078|20
1402574100|20
1402574122|20
1402574145|20
1402574167|20
1402574190|20
1402574212|20
1402574235|20
1402574257|20
1402574280|20
1402574302|20
1402574325|20
1402574347|20
1402574370|20
1402574392|20
1402574415|20
1402574437|20
1402574460|20
1402574482|20
1402574504|20
1402574527|20
1402574549|20
1402574572|20
1402574594|20
1402574617|20
1402574639|20
1402574662|20
1402574684|20
1402574707|20
1402574729|20
1402574752|20
1402574774|20
1402574797|20
1402574819|20
1402574841|20
1402574864|20
1402574886|20
1402574909|20
1402574931|20
1402574954|20
1402574976|20
1402574999|20
1402575021|20
1402575044|20
1402575066|20
1402575089|20
1402575111|20
1402575134|20
1402575156|20
1402575178|20
1402575201|20
1402575223|20
1402575246|20
1402575268|20
1402575291|20
1402575313|20
1402575336|20
1402575358|20
1402575381|20
1402575403|20
1402575426|20
1402575448|20
1402575471|20
1402575493|20
1402575515|20
1402575538|20
1402575560|20
1402575583|20
1402575605|20
1402575628|20
1402575650|20
1402575673|20
1402575695|20
1402575718|20
1402575740|20
1402575763|20
1402575785|20
1402575808|20
1402575830|20
1402575852|20
1402575875|20
1402575897|20
1402575920|20
1402575942|20
1402575965|20
1402575987|20
1402576010|20
1402576032|20
1402576055|20
1402576077|20
1402576100|20
1402576122|20
1402576145|20
1402576167|20
1402576190|20
1402576212|20
1402576235|20
1402576257|20
1402576279|20
1402576302|20
1402576324|20
1402576347|20
1402576369|20
1402576392|20
1402576414|20
1402576437|20
1402576459|20
1402576482|20
1402576504|20
1402576527|20
1402576549|20
1402576572|20
1402576594|20
1402576616|20
1402576639|20
1402576661|20
1402576684|20
1402576706|20
1402576729|20
1402576751|20
1402576774|20
1402576796|20
1402576819|20
1402576841|20
1402576864|20
1402576886|20
1402576909|20
1402576931|20
1402576953|20
1402576976|20
1402576998|20
1402577021|20
1402577043|20
1402577066|20
1402577088|20
1402577111|20
1402577133|20
1402577156|20
1402577178|20
1402577201|20
1402577223|20
1402577246|20
1402577268|20
1402577291|20
1402577313|20
1402577335|20
1402577358|20
1402577380|20
1402577403|20
1402577425|20
1402577448|20
1402577470|20
1402577493|20
1402577515|20
1402577538|20
1402577560|20
1402577583|20
1402577605|20
1402577628|20
1402577650|20
1402577672|20
1402577695|20
1402577717|20
1402577740|20
1402577762|20
1402577785|20
1402577807|20
1402577830|20
1402577852|20
1402577875|20
1402577897|20
1402577920|20
1402577942|20
1402577965|20
1402577987|20
1402578009|20
1402578032|20
1402578054|20
1402578077|20
1402578099|20
1402578122|20
1402578144|20
1402578167|20
1402578189|20
1402578212|20
1402578234|20
1402578257|20
1402578279|20
1402578302|20
1402578324|20
1402578346|20
1402578369|20
1402578392|20
1402578414|20
1402578437|20
1402578459|20
1402578482|20
1402578504|20
1402578527|20
1402578549|20
1402578572|20
1402578594|20
1402578617|20
1402578639|20
1402578661|20
1402578684|20
1402578706|20
1402578729|20
1402578751|20
1402578774|20
1402578796|20
1402578819|20
1402578841|20
1402578864|20
1402578886|20
1402578909|20
1402578931|20
1402578954|20
1402578976|20
1402578998|20
1402579021|20
1402579043|20
1402579066|20
1402579088|20
1402579111|20
1402579133|20
1402579156|20
1402579178|20
1402579201|20
1402579223|20
1402579246|20
1402579268|20
1402579291|20
1402579313|20
1402579336|20
1402579358|20
1402579381|20
1402579403|20
1402579425|20
1402579448|20
1402579470|20
1402579493|20
1402579515|20
1402579538|20
1402579560|20
1402579583|20
1402579605|20
1402579628|20
1402579650|20
1402579673|20
1402579695|20
1402579718|20
1402579740|20
1402579762|20
1402579785|20
1402579807|20
1402579830|20
1402579852|20
1402579875|20
1402579897|20
1402579920|20
1402579942|20
1402579965|20
1402579987|20
1402580010|20
1402580032|20
1402580055|20
1402580077|20
1402580099|20
1402580122|20
1402580144|20
1402580167|20
1402580189|20
1402580212|20
1402580234|20
1402580257|20
1402580279|20
1402580302|20
1402580324|20
1402580347|20
1402580369|20
1402580392|20
1402580414|20
1402580436|20
1402580459|20
1402580481|20
1402580504|20
1402580526|20
1402580549|20
1402580571|20
1402580594|20
1402580616|20
1402580639|20
1402580661|20
1402580684|20
1402580706|20
1402580729|20
1402580751|20
1402580774|20
1402580796|20
1402580819|20
1402580841|20
1402580863|20
1402580886|20
1402580908|20
1402580931|20
1402580953|20
1402580976|20
1402580998|20
1402581021|20
1402581043|20
1402581066|20
1402581088|20
1402581111|20
1402581133|20
1402581156|20
1402581178|20
1402581200|20
1402581223|20
1402581245|20
1402581268|20
1402581290|20
1402581313|20
1402581335|20
1402581358|20
1402581380|20
1402581403|20
1402581425|20
1402581448|20
1402581470|20
1402581493|20
1402581515|20
1402581537|20
1402581560|20
1402581582|20
1402581605|20
1402581627|20
1402581650|20
1402581672|20
1402581695|20
1402581717|20
1402581740|20
1402581762|20
1402581785|20
1402581807|20
1402581830|20
1402581852|20
1402581874|20
1402581897|20
1402581919|20
1402581942|20
1402581964|20
1402581987|20
1402582009|20
1402582032|20
1402582054|20
1402582077|20
1402582099|20
1402582122|20
1402582144|20
1402582167|20
1402582189|20
1402582212|20
1402582234|20
1402582256|20
1402582279|20
1402582301|20
1402582324|20
1402582346|20
1402582369|20
1402582391|20
1402582414|20
1402582436|20
1402582459|20
1402582481|20
1402582504|20
1402582526|20
1402582549|20
1402582571|20
1402582593|20
1402582616|20
1402582638|20
1402582661|20
1402582683|20
1402582706|20
1402582728|20
1402582751|20
1402582773|20
1402582796|20
1402582818|20
1402582841|20
1402582863|20
1402582886|20
1402582908|20
1402582930|20
1402582953|20
1402582975|20
1402582998|20
1402583020|20
1402583043|20
1402583065|20
1402583088|20
1402583110|20
1402583133|20
1402583155|20
1402583178|20
1402583200|20
1402583223|20
1402583245|20
1402583267|20
1402583290|20
1402583312|20
1402583335|20
1402583357|20
1402583380|20
1402583402|20
1402583425|20
1402583447|20
1402583470|20
1402583492|20
1402583515|20
1402583537|20
1402583560|20
1402583583|20
1402583605|20
1402583628|20
1402583650|20
1402583673|20
1402583695|20
1402583718|20
1402583740|20
1402583762|20
1402583785|20
1402583807|20
1402583830|20
1402583852|20
1402583875|20
1402583897|20
1402583920|20
1402583942|20
1402583965|20
1402583987|20
1402584010|20
1402584032|20
1402584055|20
1402584077|20
1402584099|20
1402584122|20
1402584144|20
1402584167|20
1402584189|20
1402584212|20
1402584234|20
1402584257|20
1402584279|20
1402584302|20
1402584324|20
1402584347|20
1402584369|20
1402584392|20
1402584414|20
1402584436|20
1402584459|20
1402584481|20
1402584504|20
1402584526|20
1402584549|20
1402584571|20
1402584594|20
1402584616|20
1402584639|20
1402584661|20
1402584684|20
1402584706|20
1402584729|20
1402584751|20
1402584774|20
1402584796|20
1402584818|20
1402584841|20
1402584863|20
1402584886|20
1402584908|20
1402584931|20
1402584953|20
1402584976|20
1402584998|20
1402585021|20
1402585043|20
1402585066|20
1402585088|20
1402585111|20
1402585133|20
1402585155|20
1402585178|20
1402585200|20
1402585223|20
1402585245|20
1402585268|20
1402585290|20
1402585313|20
1402585335|20
1402585358|20
1402585380|20
1402585403|20
1402585425|20
1402585448|20
1402585470|20
1402585493|20
1402585515|20
1402585538|20
1402585560|20
1402585582|20
1402585605|20
1402585627|20
1402585650|20
1402585672|20
1402585695|20
1402585717|20
1402585740|20
1402585762|20
1402585785|20
1402585807|20
1402585830|20
1402585852|20
1402585875|20
1402585897|20
1402585919|20
1402585942|20
1402585964|20
1402585987|20
1402586009|20
1402586032|20
1402586054|20
1402586077|20
1402586099|20
1402586122|20
1402586144|20
1402586167|20
1402586189|20
1402586212|20
1402586234|20
1402586256|20
1402586279|20
1402586301|20
1402586324|20
1402586346|20
1402586369|20
1402586391|20
1402586414|20
1402586436|20
1402586459|20
1402586481|20
1402586504|20
1402586526|20
1402586549|20
1402586571|20
1402586593|20
1402586616|20
1402586638|20
1402586661|20
1402586683|20
1402586706|20
1402586728|20
1402586751|20
1402586773|20
1402586796|20
1402586818|20
1402586841|20
1402586863|20
1402586886|20
1402586908|20
1402586931|20
1402586953|20
1402586975|20
1402586998|20
1402587020|20
1402587043|20
1402587065|20
1402587088|20
1402587110|20
1402587133|20
1402587155|20
1402587178|20
1402587200|20
1402587223|20
1402587245|20
1402587268|20
1402587290|20
1402587313|20
1402587335|20
1402587357|20
1402587380|20
1402587402|20
1402587425|20
1402587447|20
1402587470|20
1402587492|20
1402587515|20
1402587537|20
1402587560|20
1402587582|20
1402587605|20
1402587627|20
1402587650|20
1402587672|20
1402587694|20
1402587717|20
1402587739|20
1402587762|20
1402587784|20
1402587807|20
1402587829|20
1402587852|20
1402587874|20
1402587897|20
1402587919|20
1402587942|20
1402587964|20
1402587987|20
1402588009|20
1402588031|20
1402588054|20
1402588076|20
1402588099|20
1402588121|20
1402588144|20
1402588166|20
1402588189|20
1402588211|20
1402588234|20
1402588256|20
1402588279|20
1402588301|20
1402588324|20
1402588346|20
1402588369|20
1402588391|20
1402588413|20
1402588436|20
1402588458|20
1402588481|20
1402588503|20
1402588526|20
1402588548|20
1402588571|20
1402588593|20
1402588616|20
1402588638|20
1402588661|20
1402588683|20
1402588706|20
1402588728|20
1402588750|20
1402588773|20
1402588795|20
1402588818|20
1402588840|20
1402588863|20
1402588885|20
1402588908|20
1402588930|20
1402588953|20
1402588975|20
1402588998|20
1402589020|20
1402589043|20
1402589065|20
1402589087|20
1402589110|20
1402589132|20
1402589155|20
1402589177|20
1402589200|20
1402589222|20
1402589245|20
1402589267|20
1402589290|20
1402589312|20
1402589335|20
1402589357|20
1402589380|20
1402589402|20
1402589425|20
1402589447|20
1402589470|20
1402589492|20
1402589514|20
1402589537|20
1402589559|20
1402589582|20
1402589604|20
1402589627|20
1402589649|20
1402589672|20
1402589694|20
1402589717|20
1402589739|20
1402589762|20
1402589784|20
1402589807|20
1402589829|20
1402589851|20
1402589874|20
1402589896|20
1402589919|20
1402589941|20
1402589964|20
1402589986|20
1402590009|20
1402590031|20
1402590054|20
1402590076|20
1402590099|20
1402590121|20
1402590144|20
1402590166|20
1402590188|20
1402590211|20
1402590233|20
1402590256|20
1402590278|20
1402590301|20
1402590323|20
1402590346|20
1402590368|20
1402590391|20
1402590413|20
1402590436|20
1402590458|20
1402590481|20
1402590503|20
1402590525|20
1402590548|20
1402590570|20
1402590593|20
1402590615|20
1402590638|20
1402590660|20
1402590683|20
1402590705|20
1402590728|20
1402590750|20
1402590773|20
1402590795|20
1402590818|20
1402590840|20
1402590862|20
1402590885|20
1402590907|20
1402590930|20
1402590952|20
1402590975|20
1402590997|20
1402591020|20
1402591042|20
1402591065|20
1402591087|20
1402591110|20
1402591132|20
1402591155|20
1402591177|20
1402591200|20
1402591222|20
1402591244|20
1402591267|20
1402591289|20
1402591312|20
1402591334|20
1402591357|20
1402591379|20
1402591402|20
1402591424|20
1402591447|20
1402591469|20
1402591492|20
1402591514|20
1402591537|20
1402591559|20
1402591582|20
1402591604|20
1402591626|20
1402591649|20
1402591671|20
1402591694|20
1402591716|20
1402591739|20
1402591761|20
1402591784|20
1402591806|20
1402591829|20
1402591851|20
1402591874|20
1402591896|20
1402591919|20
1402591941|20
1402591963|20
1402591986|20
1402592008|20
1402592031|20
1402592053|20
1402592076|20
1402592098|20
1402592121|20
1402592143|20
1402592166|20
1402592188|20
1402592211|20
1402592233|20
1402592256|20
1402592278|20
1402592300|20
1402592323|20
1402592345|20
1402592368|20
1402592390|20
1402592413|20
1402592435|20
1402592458|20
1402592480|20
1402592503|20
1402592525|20
1402592548|20
1402592570|20
1402592593|20
1402592615|20
1402592638|20
1402592660|20
1402592682|20
1402592705|20
1402592727|20
1402592750|20
1402592772|20
1402592795|20
1402592817|20
1402592840|20
1402592862|20
1402592885|20
1402592907|20
1402592930|20
1402592952|20
1402592975|20
1402592997|20
1402593019|20
1402593042|20
1402593064|20
1402593087|20
1402593109|20
1402593132|20
1402593154|20
1402593177|20
1402593199|20
1402593222|20
1402593244|20
1402593267|20
1402593289|20
1402593312|20
1402593334|20
1402593356|20
1402593379|20
1402593401|20
1402593424|20
1402593446|20
1402593469|20
1402593491|20
1402593514|20
1402593536|20
1402593559|20
1402593581|20
1402593604|20
1402593626|20
1402593649|20
1402593671|20
1402593693|20
1402593716|20
1402593738|20
1402593761|20
1402593783|20
1402593806|20
1402593828|20
1402593851|20
1402593873|20
1402593896|20
1402593918|20
1402593941|20
1402593963|20
1402593986|20
1402594008|20
1402594031|20
1402594053|20
1402594076|20
1402594098|20
1402594120|20
1402594143|20
1402594165|20
1402594188|20
1402594210|20
1402594233|20
1402594255|20
1402594278|20
1402594300|20
1402594323|20
1402594345|20
1402594368|20
1402594390|20
1402594413|20
1402594435|20
1402594457|20
1402594480|20
1402594502|20
1402594525|20
1402594547|20
1402594570|20
1402594592|20
1402594615|20
1402594637|20
1402594660|20
1402594682|20
1402594705|20
1402594727|20
1402594750|20
1402594772|20
1402594794|20
1402594817|20
1402594839|20
1402594862|20
1402594884|20
1402594907|20
1402594929|20
1402594952|20
1402594974|20
1402594997|20
1402595019|20
1402595042|20
1402595064|20
1402595087|20
1402595109|20
1402595131|20
1402595154|20
1402595176|20
1402595199|20
1402595221|20
1402595244|20
1402595266|20
1402595289|20
1402595311|20
1402595334|20
1402595356|20
1402595379|20
1402595401|20
1402595424|20
1402595446|20
1402595468|20
1402595491|20
1402595513|20
1402595536|20
1402595558|20
1402595581|20
1402595603|20
1402595626|20
1402595648|20
1402595671|20
1402595693|20
1402595716|20
1402595738|20
1402595761|20
1402595783|20
1402595806|20
1402595828|20
1402595851|20
1402595873|20
1402595895|20
1402595918|20
1402595940|20
1402595963|20
1402595985|20
1402596009|20
1402596031|20
1402596054|20
1402596076|20
1402596098|20
1402596121|20
1402596143|20
1402596166|20
1402596188|20
1402596211|20
1402596233|20
1402596256|20
1402596278|20
1402596301|20
1402596323|20
1402596346|20
1402596368|20
1402596391|20
1402596413|20
1402596435|20
1402596458|20
1402596480|20
1402596503|20
1402596525|20
1402596548|20
1402596570|20
1402596593|20
1402596615|20
1402596638|20
1402596660|20
1402596683|20
1402596705|20
1402596728|20
1402596750|20
1402596773|20
1402596795|20
1402596817|20
1402596840|20
1402596862|20
1402596885|20
1402596907|20
1402596930|20
1402596952|20
1402596975|20
1402596997|20
1402597020|20
1402597042|20
1402597065|20
1402597087|20
1402597110|20
1402597132|20
1402597154|20
1402597177|20
1402597199|20
1402597222|20
1402597244|20
1402597267|20
1402597289|20
1402597312|20
1402597334|20
1402597357|20
1402597379|20
1402597402|20
1402597424|20
1402597447|20
1402597469|20
1402597491|20
1402597514|20
1402597536|20
1402597559|20
1402597581|20
1402597604|20
1402597626|20
1402597649|20
1402597671|20
1402597694|20
1402597716|20
1402597739|20
1402597761|20
1402597784|20
