1408553031|20
1408553051|20
1408553071|20
1408553092|20
1408553112|20
1408553132|20
1408553152|20
1408553172|20
1408553192|20
1408553212|20
1408553233|20
1408553253|20
1408553273|20
1408553293|20
1408553313|20
1408553333|20
1408553354|20
1408553374|20
1408553394|20
1408553414|20
1408553434|20
1408553454|20
1408553474|20
1408553494|20
1408553514|20
1408553534|20
1408553554|20
1408553575|20
1408553595|20
1408553615|20
1408553635|20
1408553655|20
1408553675|20
1408553695|20
1408553715|20
1408553735|20
1408553755|20
1408553776|20
1408553796|20
1408553816|20
1408553836|20
1408553856|20
1408553876|20
1408553897|20
1408553917|20
1408553937|20
1408553957|20
1408553977|20
1408553997|20
1408554017|20
1408554038|20
1408554058|20
1408554078|20
1408554098|20
1408554118|20
1408554139|20
1408554159|20
1408554179|20
1408554199|20
1408554219|20
1408554239|20
1408554259|20
1408554280|20
1408554300|20
1408554320|20
1408554340|20
1408554360|20
1408554380|20
1408554400|20
1408554420|20
1408554440|20
1408554460|20
1408554480|20
1408554501|20
1408554521|20
1408554541|20
1408554561|20
1408554581|20
1408554601|20
1408554622|20
1408554642|20
1408554662|20
1408554682|20
1408554702|20
1408554722|20
1408554742|20
1408554762|20
1408554783|20
1408554803|20
1408554823|20
1408554843|20
1408554863|20
1408554883|20
1408554903|20
1408554923|20
1408554944|20
1408554964|20
1408554984|20
1408555005|20
1408555025|20
1408555045|20
1408555065|20
1408555085|20
1408555105|20
1408555125|20
1408555145|20
1408555165|20
1408555185|20
1408555206|20
1408555226|20
1408555246|20
1408555266|20
1408555286|20
1408555306|20
1408555327|20
1408555347|20
1408555367|20
1408555387|20
1408555407|20
1408555427|20
1408555447|20
1408555468|20
1408555488|20
1408555508|20
1408555528|20
1408555548|20
1408555568|20
1408555588|20
1408555608|20
1408555628|20
1408555648|20
1408555668|20
1408555689|20
1408555709|20
1408555729|20
1408555749|20
1408555769|20
1408555789|20
1408555809|20
1408555829|20
1408555849|20
1408555869|20
1408555890|20
1408555910|20
1408555930|20
1408555950|20
1408555970|20
1408555991|20
1408556011|20
1408556031|20
1408556051|20
1408556071|20
1408556091|20
1408556111|20
1408556131|20
1408556151|20
1408556172|20
1408556192|20
1408556212|20
1408556232|20
1408556252|20
1408556272|20
1408556292|20
1408556312|20
1408556332|20
1408556352|20
1408556373|20
1408556393|20
1408556413|20
1408556433|20
1408556453|20
1408556473|20
1408556493|20
1408556513|20
1408556533|20
1408556554|20
1408556574|20
1408556594|20
1408556614|20
1408556635|20
1408556655|20
1408556675|20
1408556695|20
1408556715|20
1408556735|20
1408556755|20
1408556775|20
1408556795|20
1408556815|20
1408556835|20
1408556856|20
1408556876|20
1408556896|20
1408556916|20
1408556936|20
1408556956|20
1408556976|20
1408556996|20
1408557016|20
1408557036|20
1408557057|20
1408557077|20
1408557097|20
1408557117|20
1408557137|20
1408557157|20
1408557177|20
1408557197|20
1408557218|20
1408557238|20
1408557258|20
1408557279|20
1408557299|20
1408557319|20
1408557339|20
1408557359|20
1408557380|20
1408557400|20
1408557420|20
1408557440|20
1408557460|20.126
1408557480|20.126
1408557500|20.126
1408557520|20
1408557540|20
1408557560|20
1408557580|20.126
1408557601|20
1408557621|20
1408557641|20.126
1408557661|20.126
1408557681|20
1408557701|20.126
1408557721|20.126
1408557741|20.126
1408557762|20.126
1408557782|20.126
1408557802|20.126
1408557823|20.126
1408557843|20.126
1408557863|20.126
1408557883|20.126
1408557904|20.126
1408557925|20.126
1408557945|20.126
1408557965|20.126
1408557985|20.126
1408558005|20.126
1408558025|20.126
1408558045|20.126
1408558065|20.25
1408558085|20.25
1408558106|20.25
1408558126|20.25
1408558147|20.376
1408558167|20.376
1408558188|20.5
1408558208|20.5
1408558228|20.5
1408558248|20.5
1408558268|20.5
1408558288|20.626
1408558309|20.5
1408558329|20.5
1408558349|20.5
1408558370|20.5
1408558391|20.5
1408558411|20.626
1408558431|20.626
1408558451|20.75
1408558471|20.876
1408558491|20.876
1408558511|20.876
1408558531|20.876
1408558552|20.876
1408558572|20.876
1408558592|21.0
1408558612|21.0
1408558632|21.126
1408558652|21.0
1408558672|21.126
1408558692|21.25
1408558712|21.25
1408558732|21.25
1408558752|21.25
1408558773|21.25
1408558793|21.376
1408558813|21.25
1408558833|21.376
1408558853|21.376
1408558873|21.376
1408558893|21.376
1408558913|21.376
1408558933|21.5
1408558954|21.5
1408558974|21.5
1408558994|21.5
1408559014|21.5
1408559034|21.5
1408559055|21.5
1408559075|21.5
1408559095|21.5
1408559115|21.626
1408559135|21.626
1408559155|21.626
1408559175|21.626
1408559195|21.5
1408559215|21.5
1408559235|21.626
1408559256|21.5
1408559276|21.5
1408559296|21.5
1408559316|21.5
1408559336|21.376
1408559356|21.5
1408559376|21.376
1408559396|21.376
1408559416|21.376
1408559436|21.376
1408559456|21.376
1408559477|21.376
1408559497|21.5
1408559517|21.5
1408559537|21.5
1408559557|21.376
1408559577|21.376
1408559598|21.376
1408559618|21.376
1408559638|21.5
1408559658|21.5
1408559678|21.376
1408559698|21.5
1408559718|21.5
1408559738|21.5
1408559759|21.5
1408559779|21.5
1408559799|21.5
1408559819|21.5
1408559839|21.5
1408559859|21.5
1408559879|21.5
1408559899|21.5
1408559919|21.5
1408559939|21.5
1408559960|21.5
1408559980|21.5
1408560000|21.5
1408560020|21.5
1408560040|21.5
1408560060|21.626
1408560080|21.5
1408560100|21.626
1408560120|21.626
1408560140|21.626
1408560160|21.75
1408560181|21.626
1408560201|21.75
1408560221|21.75
1408560241|21.75
1408560262|21.75
1408560282|21.75
1408560302|21.876
1408560322|21.75
1408560342|21.75
1408560362|21.75
1408560382|21.876
1408560402|21.876
1408560422|21.876
1408560442|21.876
1408560462|21.876
1408560483|21.876
1408560503|21.876
1408560523|21.876
1408560543|22.0
1408560563|22.0
1408560583|22.0
1408560603|22.0
1408560623|22.0
1408560643|22.0
1408560663|22.0
1408560683|21.876
1408560704|21.876
1408560724|21.876
1408560744|21.876
1408560764|21.876
1408560784|22.0
1408560804|22.0
1408560824|22.0
1408560845|22.0
1408560865|22.0
1408560886|22.0
1408560906|22.0
1408560926|22.0
1408560946|22.0
1408560966|21.876
1408560986|21.876
1408561006|22.0
1408561027|22.0
1408561048|21.876
1408561068|21.876
1408561089|22.0
1408561109|21.876
1408561129|21.876
1408561149|21.876
1408561169|21.876
1408561189|21.876
1408561209|21.876
1408561229|21.876
1408561250|22.0
1408561270|22.0
1408561290|22.0
1408561310|22.0
1408561330|22.0
1408561350|22.0
1408561370|22.0
1408561390|22.0
1408561410|22.0
1408561430|22.0
1408561451|22.0
1408561471|22.126
1408561491|22.0
1408561511|22.0
1408561531|22.126
1408561551|22.0
1408561571|22.0
1408561591|22.0
1408561611|22.0
1408561632|22.0
1408561652|22.0
1408561672|22.0
1408561692|21.876
1408561712|21.876
1408561733|21.876
1408561753|21.876
1408561773|22.0
1408561793|21.876
1408561814|22.0
1408561834|22.0
1408561854|22.0
1408561874|22.0
1408561894|22.0
1408561914|22.126
1408561934|22.126
1408561954|22.126
1408561974|22.126
1408561994|22.126
1408562014|22.126
1408562035|22.126
1408562055|22.25
1408562075|22.25
1408562095|22.25
1408562115|22.376
1408562135|22.376
1408562155|22.376
1408562175|22.376
1408562195|22.376
1408562215|22.376
1408562235|22.376
1408562256|22.376
1408562276|22.376
1408562296|22.376
1408562316|22.376
1408562336|22.25
1408562357|22.376
1408562377|22.25
1408562397|22.25
1408562417|22.25
1408562437|22.376
1408562457|22.376
1408562477|22.376
1408562497|22.376
1408562518|22.5
1408562538|22.5
1408562558|22.5
1408562578|22.626
1408562598|22.626
1408562618|22.626
1408562638|22.75
1408562659|22.626
1408562679|22.75
1408562699|22.75
1408562719|22.75
1408562739|22.75
1408562759|22.75
1408562779|22.75
1408562799|22.626
1408562819|22.75
1408562839|22.75
1408562859|22.626
1408562880|22.75
1408562900|22.626
1408562920|22.75
1408562940|22.626
1408562960|22.626
1408562980|22.626
1408563000|22.626
1408563021|22.626
1408563041|22.626
1408563061|22.626
1408563081|22.626
1408563101|22.626
1408563121|22.626
1408563142|22.626
1408563162|22.626
1408563182|22.75
1408563202|22.75
1408563222|22.75
1408563242|22.75
1408563262|22.75
1408563282|22.75
1408563303|22.75
1408563323|22.75
1408563343|22.876
1408563363|22.876
1408563383|22.876
1408563403|23.0
1408563423|23.0
1408563444|23.0
1408563464|23.0
1408563484|23.0
1408563504|23.0
1408563524|23.0
1408563544|23.126
1408563564|23.126
1408563584|23.126
1408563604|23.126
1408563624|23.126
1408563645|23.126
1408563665|23.126
1408563685|23.126
1408563705|23.25
1408563726|23.126
1408563746|23.25
1408563766|23.25
1408563786|23.25
1408563806|23.25
1408563826|23.25
1408563846|23.25
1408563866|23.25
1408563886|23.25
1408563906|23.25
1408563927|23.25
1408563947|23.25
1408563967|23.25
1408563987|23.25
1408564007|23.376
1408564027|23.376
1408564047|23.5
1408564067|23.5
1408564087|23.5
1408564107|23.5
1408564127|23.5
1408564148|23.5
1408564168|23.626
1408564188|23.626
1408564208|23.626
1408564228|23.626
1408564248|23.626
1408564268|23.75
1408564289|23.75
1408564309|23.75
1408564329|23.75
1408564349|23.75
1408564369|23.75
1408564390|23.876
1408564410|23.876
1408564430|23.876
1408564450|23.876
1408564470|23.876
1408564490|23.876
1408564510|24.0
1408564530|24.0
1408564550|24.0
1408564570|24.0
1408564591|24.0
1408564611|24.0
1408564631|24.126
1408564651|24.126
1408564671|24.126
1408564691|24.126
1408564711|24.126
1408564731|24.126
1408564751|24.126
1408564771|24.126
1408564791|24.25
1408564812|24.25
1408564832|24.126
1408564852|24.25
1408564872|24.25
1408564892|24.25
1408564912|24.376
1408564932|24.376
1408564953|24.376
1408564973|24.376
1408564993|24.376
1408565013|24.376
1408565033|24.376
1408565053|24.376
1408565074|24.376
1408565094|24.5
1408565114|24.376
1408565134|24.5
1408565155|24.376
1408565175|24.5
1408565195|24.5
1408565215|24.5
1408565235|24.5
1408565255|24.376
1408565275|24.5
1408565295|24.5
1408565315|24.5
1408565335|24.5
1408565355|24.5
1408565376|24.5
1408565396|24.5
1408565416|24.5
1408565436|24.5
1408565456|24.5
1408565476|24.5
1408565496|24.5
1408565517|24.5
1408565537|24.5
1408565557|24.626
1408565577|24.5
1408565597|24.626
1408565617|24.626
1408565637|24.626
1408565658|24.626
1408565678|24.626
1408565698|24.626
1408565718|24.626
1408565738|24.626
1408565758|24.626
1408565779|24.626
1408565799|24.626
1408565819|24.626
1408565839|24.626
1408565859|24.626
1408565880|24.626
1408565900|24.626
1408565920|24.626
1408565940|24.626
1408565960|24.626
1408565980|24.626
1408566000|24.626
1408566020|24.75
1408566040|24.626
1408566060|24.626
1408566081|24.626
1408566101|24.626
1408566121|24.626
1408566141|24.626
1408566161|24.626
1408566181|24.626
1408566201|24.75
1408566221|24.626
1408566241|24.75
1408566261|24.626
1408566281|24.75
1408566302|24.75
1408566322|24.75
1408566342|24.75
1408566363|24.75
1408566383|24.75
1408566403|24.75
1408566423|24.75
1408566443|24.75
1408566463|24.75
1408566483|24.75
1408566503|24.75
1408566523|24.876
1408566543|24.75
1408566564|24.876
1408566584|24.876
1408566604|24.876
1408566624|24.876
1408566644|24.876
1408566664|24.876
1408566684|24.876
1408566704|24.876
1408566724|24.876
1408566744|24.876
1408566764|24.876
1408566785|25.0
1408566805|24.876
1408566825|25.0
1408566845|25.0
1408566865|25.0
1408566885|25.0
1408566905|25.0
1408566925|25.0
1408566946|25.0
1408566966|25.126
1408566986|25.0
1408567006|25.126
1408567027|25.126
1408567047|25.126
1408567067|25.126
1408567087|25.126
1408567107|25.25
1408567127|25.25
1408567147|25.126
1408567167|25.126
1408567187|25.25
1408567207|25.25
1408567227|25.25
1408567248|25.25
1408567268|25.25
1408567288|25.25
1408567308|25.25
1408567328|25.25
1408567348|25.25
1408567368|25.25
1408567388|25.25
1408567410|25.25
1408567430|25.25
1408567450|25.25
1408567471|25.376
1408567491|25.376
1408567511|25.376
1408567532|25.376
1408567552|25.376
1408567572|25.376
1408567592|25.376
1408567612|25.376
1408567632|25.376
1408567652|25.376
1408567672|25.5
1408567692|25.5
1408567712|25.5
1408567732|25.5
1408567753|25.5
1408567773|25.5
1408567793|25.5
1408567815|25.5
1408567835|25.626
1408567855|25.5
1408567875|25.5
1408567895|25.626
1408567915|25.626
1408567935|25.626
1408567955|25.626
1408567975|25.626
1408567996|25.626
1408568016|25.626
1408568036|25.626
1408568056|25.626
1408568077|25.626
1408568097|25.626
1408568117|25.626
1408568137|25.626
1408568157|25.626
1408568177|25.626
1408568197|25.626
1408568217|25.626
1408568237|25.626
1408568257|25.626
1408568278|25.626
1408568298|25.626
1408568318|25.626
1408568338|25.626
1408568358|25.626
1408568379|25.626
1408568399|25.626
1408568419|25.75
1408568439|25.626
1408568459|25.626
1408568479|25.75
1408568499|25.75
1408568519|25.75
1408568539|25.75
1408568559|25.75
1408568580|25.75
1408568600|25.75
1408568620|25.75
1408568640|25.75
1408568660|25.75
1408568680|25.75
1408568700|25.876
1408568721|25.876
1408568741|25.876
1408568761|25.876
1408568781|25.876
1408568801|25.876
1408568821|25.876
1408568841|26.0
1408568861|25.876
1408568882|25.876
1408568902|25.876
1408568922|25.876
1408568942|25.876
1408568962|26.0
1408568982|26.0
1408569002|26.0
1408569022|26.0
1408569042|26.0
1408569062|26.0
1408569083|26.0
1408569103|26.0
1408569123|26.0
1408569143|26.0
1408569163|26.0
1408569183|26.0
1408569203|26.0
1408569223|26.0
1408569243|26.0
1408569263|26.0
1408569283|26.0
1408569303|26.0
1408569324|26.0
1408569344|26.0
1408569364|26.126
1408569384|26.0
1408569405|26.126
1408569425|26.126
1408569445|26.126
1408569465|26.126
1408569485|26.126
1408569505|26.126
1408569525|26.126
1408569545|26.126
1408569565|26.126
1408569586|26.126
1408569606|26.126
1408569626|26.126
1408569646|26.126
1408569666|26.126
1408569686|26.126
1408569706|26.126
1408569726|26.25
1408569746|26.25
1408569766|26.25
1408569787|26.25
1408569807|26.25
1408569827|26.25
1408569847|26.25
1408569867|26.25
1408569887|26.25
1408569907|26.25
1408569927|26.25
1408569947|26.25
1408569968|26.25
1408569988|26.25
1408570008|26.25
1408570028|26.25
1408570048|26.25
1408570069|26.376
1408570089|26.376
1408570109|26.376
1408570129|26.376
1408570149|26.376
1408570169|26.376
1408570189|26.376
1408570209|26.376
1408570229|26.376
1408570249|26.376
1408570269|26.376
1408570290|26.376
1408570310|26.376
1408570330|26.5
1408570350|26.5
1408570370|26.376
1408570390|26.376
1408570410|26.376
1408570430|26.376
1408570450|26.5
1408570470|26.376
1408570491|26.376
1408570511|26.5
1408570531|26.5
1408570551|26.5
1408570571|26.376
1408570591|26.5
1408570611|26.5
1408570632|26.5
1408570652|26.5
1408570672|26.5
1408570692|26.5
1408570712|26.376
1408570732|26.5
1408570753|26.5
1408570773|26.5
1408570793|26.5
1408570813|26.5
1408570833|26.5
1408570853|26.5
1408570875|26.5
1408570895|26.5
1408570915|26.5
1408570935|26.5
1408570955|26.5
1408570975|26.5
1408570995|26.5
1408571015|26.5
1408571035|26.5
1408571056|26.5
1408571076|26.5
1408571096|26.5
1408571116|26.5
1408571136|26.5
1408571156|26.5
1408571176|26.5
1408571196|26.5
1408571216|26.626
1408571236|26.5
1408571256|26.5
1408571277|26.5
1408571297|26.5
1408571317|26.5
1408571337|26.5
1408571357|26.5
1408571377|26.5
1408571398|26.5
1408571418|26.5
1408571438|26.5
1408571458|26.5
1408571478|26.5
1408571498|26.5
1408571519|26.5
1408571539|26.5
1408571561|26.5
1408571581|26.5
1408571601|26.5
1408571621|26.5
1408571641|26.5
1408571661|26.5
1408571681|26.5
1408571701|26.5
1408571721|26.5
1408571741|26.5
1408571761|26.5
1408571782|26.5
1408571802|26.5
1408571822|26.5
1408571842|26.5
1408571862|26.5
1408571882|26.5
1408571902|26.376
1408571922|26.5
1408571942|26.5
1408571962|26.5
1408571983|26.376
1408572003|26.376
1408572023|26.376
1408572043|26.376
1408572063|26.376
1408572083|26.376
1408572103|26.376
1408572124|26.376
1408572144|26.376
1408572164|26.376
1408572184|26.376
1408572204|26.376
1408572224|26.376
1408572245|26.376
1408572265|26.376
1408572285|26.376
1408572305|26.376
1408572325|26.376
1408572345|26.376
1408572366|26.376
1408572386|26.5
1408572406|26.376
1408572426|26.5
1408572446|26.376
1408572466|26.5
1408572486|26.376
1408572506|26.376
1408572526|26.376
1408572546|26.376
1408572566|26.376
1408572587|26.376
1408572607|26.376
1408572627|26.5
1408572647|26.5
1408572667|26.376
1408572687|26.376
1408572707|26.376
1408572727|26.376
1408572747|26.376
1408572768|26.376
1408572788|26.376
1408572808|26.376
1408572828|26.376
1408572849|26.376
1408572869|26.376
1408572889|26.376
1408572909|26.376
1408572929|26.376
1408572949|26.376
1408572969|26.376
1408572989|26.25
1408573009|26.25
1408573029|26.25
1408573050|26.376
1408573070|26.376
1408573090|26.376
1408573110|26.376
1408573130|26.25
1408573150|26.376
1408573171|26.25
1408573191|26.376
1408573211|26.25
1408573231|26.25
1408573251|26.376
1408573271|26.376
1408573291|26.376
1408573311|26.376
1408573331|26.376
1408573351|26.376
1408573371|26.376
1408573392|26.376
1408573412|26.376
1408573432|26.376
1408573452|26.376
1408573473|26.376
1408573493|26.376
1408573513|26.376
1408573533|26.376
1408573553|26.376
1408573573|26.376
1408573594|26.376
1408573614|26.376
1408573634|26.376
1408573654|26.25
1408573674|26.376
1408573694|26.376
1408573714|26.25
1408573734|26.25
1408573754|26.25
1408573774|26.376
1408573795|26.25
1408573815|26.376
1408573835|26.376
1408573855|26.376
1408573875|26.376
1408573895|26.376
1408573915|26.376
1408573935|26.376
1408573955|26.376
1408573975|26.376
1408573995|26.376
1408574016|26.376
1408574036|26.376
1408574056|26.376
1408574076|26.376
1408574096|26.376
1408574117|26.376
1408574137|26.376
1408574157|26.5
1408574177|26.5
1408574197|26.376
1408574217|26.376
1408574237|26.376
1408574258|26.376
1408574278|26.5
1408574298|26.376
1408574318|26.5
1408574338|26.5
1408574358|26.5
1408574378|26.5
1408574398|26.5
1408574418|26.5
1408574438|26.5
1408574458|26.5
1408574479|26.5
1408574499|26.5
1408574519|26.5
1408574539|26.5
1408574559|26.5
1408574579|26.5
1408574599|26.5
1408574619|26.5
1408574640|26.5
1408574660|26.5
1408574680|26.5
1408574700|26.5
1408574720|26.5
1408574740|26.376
1408574761|26.376
1408574781|26.376
1408574801|26.5
1408574822|26.376
1408574842|26.5
1408574862|26.376
1408574882|26.5
1408574902|26.376
1408574922|26.376
1408574942|26.376
1408574962|26.376
1408574982|26.376
1408575002|26.376
1408575022|26.376
1408575043|26.376
1408575063|26.376
1408575083|26.376
1408575103|26.376
1408575123|26.376
1408575143|26.376
1408575163|26.376
1408575183|26.376
1408575203|26.376
1408575223|26.25
1408575243|26.376
1408575264|26.376
1408575284|26.376
1408575304|26.376
1408575324|26.25
1408575344|26.376
1408575364|26.376
1408575384|26.376
1408575405|26.376
1408575425|26.376
1408575445|26.376
1408575465|26.376
1408575485|26.376
1408575505|26.376
1408575525|26.376
1408575546|26.376
1408575566|26.376
1408575586|26.376
1408575606|26.376
1408575626|26.5
1408575646|26.376
1408575666|26.5
1408575686|26.5
1408575706|26.5
1408575726|26.5
1408575746|26.5
1408575767|26.5
1408575787|26.5
1408575807|26.5
1408575827|26.5
1408575847|26.5
1408575867|26.5
1408575887|26.5
1408575907|26.5
1408575927|26.5
1408575947|26.5
1408575968|26.5
1408575988|26.5
1408576008|26.5
1408576028|26.626
1408576049|26.5
1408576069|26.5
1408576089|26.626
1408576109|26.626
1408576130|26.626
1408576150|26.5
1408576170|26.626
1408576190|26.626
1408576210|26.626
1408576230|26.626
1408576250|26.626
1408576270|26.626
1408576290|26.626
1408576310|26.75
1408576331|26.626
1408576351|26.75
1408576371|26.75
1408576391|26.75
1408576411|26.75
1408576431|26.75
1408576451|26.75
1408576471|26.75
1408576491|26.75
1408576511|26.876
1408576532|26.876
1408576552|26.876
1408576572|26.876
1408576592|26.876
1408576612|26.876
1408576632|26.876
1408576652|26.876
1408576672|26.876
1408576693|26.876
1408576713|26.876
1408576734|26.876
1408576755|26.876
1408576775|26.876
1408576795|26.876
1408576815|26.876
1408576835|26.876
1408576855|27.0
1408576875|27.0
1408576895|27.0
1408576915|27.0
1408576935|27.0
1408576956|27.0
1408576976|27.0
1408576996|27.0
1408577016|27.0
1408577036|27.0
1408577056|27.0
1408577076|27.0
1408577096|27.0
1408577116|27.0
1408577136|27.0
1408577156|27.126
1408577177|27.126
1408577197|27.126
1408577217|27.126
1408577237|27.126
1408577257|27.126
1408577277|27.126
1408577297|27.126
1408577318|27.126
1408577338|27.126
1408577358|27.126
1408577380|27.126
1408577401|27.126
1408577421|27.25
1408577441|27.25
1408577461|27.126
1408577481|27.126
1408577501|27.25
1408577521|27.25
1408577541|27.25
1408577562|27.25
1408577582|27.25
1408577602|27.25
1408577622|27.25
1408577642|27.25
1408577662|27.25
1408577682|27.25
1408577702|27.25
1408577722|27.25
1408577742|27.25
1408577762|27.25
1408577783|27.25
1408577803|27.25
1408577823|27.25
1408577843|27.376
1408577865|27.376
1408577885|27.376
1408577905|27.376
1408577925|27.376
1408577945|27.376
1408577965|27.376
1408577986|27.376
1408578006|27.376
1408578026|27.376
1408578046|27.376
1408578066|27.25
1408578086|27.376
1408578106|27.25
1408578126|27.25
1408578146|27.376
1408578166|27.25
1408578187|27.25
1408578207|27.376
1408578227|27.25
1408578247|27.25
1408578268|27.25
1408578288|27.376
1408578308|27.25
1408578328|27.25
1408578348|27.376
1408578368|27.25
1408578388|27.25
1408578408|27.25
1408578429|27.376
1408578449|27.376
1408578470|27.25
1408578490|27.376
1408578510|27.25
1408578530|27.25
1408578550|27.25
1408578570|27.25
1408578590|27.25
1408578610|27.25
1408578631|27.376
1408578651|27.376
1408578671|27.376
1408578691|27.25
1408578711|27.376
1408578731|27.376
1408578751|27.376
1408578771|27.376
1408578791|27.376
1408578811|27.376
1408578831|27.376
1408578852|27.376
1408578872|27.376
1408578892|27.376
1408578912|27.376
1408578932|27.376
1408578952|27.376
1408578972|27.376
1408578993|27.376
1408579013|27.376
1408579033|27.376
1408579053|27.376
1408579074|27.376
1408579094|27.376
1408579114|27.376
1408579134|27.25
1408579154|27.376
1408579174|27.376
1408579195|27.376
1408579215|27.376
1408579235|27.376
1408579255|27.376
1408579275|27.376
1408579295|27.376
1408579315|27.376
1408579335|27.376
1408579355|27.376
1408579375|27.376
1408579396|27.376
1408579416|27.376
1408579436|27.376
1408579456|27.376
1408579476|27.5
1408579496|27.376
1408579516|27.376
1408579536|27.376
1408579556|27.376
1408579576|27.376
1408579596|27.376
1408579617|27.376
1408579637|27.376
1408579657|27.5
1408579677|27.376
1408579698|27.5
1408579718|27.5
1408579738|27.5
1408579758|27.5
1408579778|27.5
1408579798|27.376
1408579818|27.5
1408579838|27.5
1408579858|27.5
1408579878|27.5
1408579899|27.5
1408579919|27.5
1408579939|27.5
1408579959|27.5
1408579979|27.5
1408579999|27.5
1408580019|27.5
1408580040|27.5
1408580060|27.5
1408580080|27.5
1408580100|27.5
1408580120|27.5
1408580140|27.626
1408580160|27.5
1408580180|27.626
1408580200|27.5
1408580220|27.626
1408580240|27.5
1408580261|27.626
1408580281|27.626
1408580301|27.626
1408580321|27.626
1408580342|27.626
1408580362|27.626
1408580382|27.626
1408580402|27.626
1408580422|27.5
1408580442|27.626
1408580462|27.5
1408580482|27.626
1408580502|27.626
1408580523|27.626
1408580543|27.5
1408580563|27.626
1408580583|27.626
1408580603|27.626
1408580623|27.626
1408580643|27.626
1408580663|27.626
1408580683|27.626
1408580703|27.626
1408580723|27.626
1408580744|27.75
1408580764|27.626
1408580784|27.75
1408580804|27.75
1408580824|27.75
1408580844|27.75
1408580864|27.75
1408580884|27.75
1408580905|27.75
1408580925|27.75
1408580945|27.75
1408580965|27.75
1408580985|27.876
1408581005|27.876
1408581026|27.876
1408581046|27.876
1408581066|27.876
1408581086|27.876
1408581106|27.876
1408581126|27.876
1408581146|27.876
1408581166|27.876
1408581186|27.876
1408581206|27.876
1408581227|28.0
1408581247|28.0
1408581267|27.876
1408581287|27.876
1408581307|28.0
1408581327|28.0
1408581347|28.0
1408581367|28.0
1408581387|28.0
1408581407|28.0
1408581427|28.0
1408581448|28.0
1408581468|28.0
1408581488|28.0
1408581508|28.0
1408581528|28.0
1408581549|28.126
1408581569|28.126
1408581589|28.126
1408581609|28.0
1408581630|28.126
1408581650|28.0
1408581670|28.0
1408581690|28.126
1408581710|28.126
1408581730|28.126
1408581750|28.126
1408581770|28.126
1408581790|28.126
1408581810|28.126
1408581831|28.126
1408581851|28.126
1408581871|28.126
1408581891|28.126
1408581912|28.126
1408581932|28.126
1408581952|28.126
1408581972|28.126
1408581992|28.126
1408582012|28.126
1408582032|28.126
1408582052|28.25
1408582072|28.126
1408582092|28.25
1408582112|28.25
1408582133|28.25
1408582153|28.25
1408582173|28.25
1408582193|28.25
1408582213|28.25
1408582234|28.25
1408582254|28.25
1408582274|28.25
1408582295|28.25
1408582315|28.25
1408582335|28.25
1408582355|28.376
1408582375|28.25
1408582395|28.25
1408582415|28.25
1408582435|28.376
1408582455|28.25
1408582475|28.25
1408582496|28.25
1408582516|28.25
1408582536|28.376
1408582556|28.25
1408582576|28.376
1408582596|28.25
1408582616|28.25
1408582636|28.25
1408582656|28.25
1408582676|28.25
1408582696|28.25
1408582717|28.25
1408582737|28.25
1408582757|28.25
1408582777|28.376
1408582797|28.25
1408582817|28.25
1408582837|28.25
1408582857|28.376
1408582878|28.25
1408582898|28.376
1408582918|28.25
1408582938|28.25
1408582958|28.376
1408582978|28.376
1408582999|28.376
1408583019|28.376
1408583039|28.376
1408583059|28.376
1408583079|28.376
1408583099|28.376
1408583119|28.376
1408583139|28.376
1408583160|28.376
1408583180|28.376
1408583200|28.376
1408583220|28.376
1408583240|28.376
1408583260|28.376
1408583280|28.376
1408583300|28.376
1408583320|28.376
1408583340|28.376
1408583360|28.25
1408583381|28.376
1408583401|28.376
1408583421|28.376
1408583441|28.376
1408583461|28.376
1408583481|28.376
1408583501|28.376
1408583522|28.376
1408583542|28.376
1408583562|28.376
1408583582|28.376
1408583602|28.376
1408583622|28.5
1408583642|28.5
1408583662|28.5
1408583683|28.5
1408583703|28.5
1408583723|28.5
1408583743|28.5
1408583763|28.5
1408583783|28.5
1408583803|28.5
1408583823|28.5
1408583845|28.5
1408583865|28.5
1408583885|28.5
1408583905|28.5
1408583925|28.5
1408583945|28.5
1408583965|28.5
1408583986|28.5
1408584006|28.5
1408584026|28.5
1408584046|28.5
1408584066|28.5
1408584087|28.5
1408584107|28.5
1408584127|28.5
1408584147|28.5
1408584167|28.5
1408584188|28.5
1408584208|28.5
1408584228|28.5
1408584248|28.626
1408584268|28.5
1408584288|28.5
1408584308|28.5
1408584328|28.5
1408584349|28.5
1408584369|28.5
1408584389|28.5
1408584409|28.5
1408584429|28.5
1408584449|28.5
1408584470|28.5
1408584490|28.5
1408584510|28.626
1408584531|28.5
1408584551|28.5
1408584571|28.5
1408584591|28.626
1408584611|28.626
1408584631|28.626
1408584652|28.626
1408584672|28.626
1408584692|28.626
1408584712|28.626
1408584732|28.626
1408584752|28.626
1408584772|28.626
1408584792|28.626
1408584812|28.626
1408584832|28.626
1408584852|28.626
1408584873|28.626
1408584893|28.75
1408584913|28.626
1408584933|28.626
1408584953|28.626
1408584973|28.626
1408584993|28.75
1408585013|28.75
1408585033|28.75
1408585055|28.75
1408585075|28.75
1408585095|28.75
1408585115|28.75
1408585135|28.75
1408585155|28.75
1408585176|28.75
1408585196|28.75
1408585216|28.75
1408585236|28.75
1408585256|28.75
1408585277|28.75
1408585297|28.75
1408585317|28.75
1408585337|28.75
1408585357|28.75
1408585377|28.75
1408585397|28.75
1408585417|28.75
1408585437|28.75
1408585457|28.75
1408585477|28.75
1408585498|28.75
1408585518|28.75
1408585538|28.75
1408585558|28.876
1408585578|28.876
1408585598|28.876
1408585618|28.876
1408585638|28.876
1408585658|28.876
1408585678|28.876
1408585698|28.876
1408585719|28.876
1408585739|28.876
1408585759|28.876
1408585779|28.876
1408585799|28.876
1408585819|28.876
1408585839|28.876
1408585860|29.0
1408585880|29.0
1408585900|29.0
1408585920|29.0
1408585940|29.0
1408585960|29.0
1408585981|29.126
1408586001|29.0
1408586021|29.0
1408586041|29.0
1408586061|29.0
1408586081|29.0
1408586101|29.0
1408586121|29.0
1408586141|29.0
1408586161|29.0
1408586181|29.126
1408586202|29.126
1408586222|29.126
1408586242|29.126
1408586262|29.126
1408586282|29.126
1408586302|29.126
1408586322|29.126
1408586342|29.126
1408586362|29.126
1408586382|29.126
1408586403|29.126
1408586423|29.126
1408586443|29.126
1408586463|29.126
1408586483|29.126
1408586504|29.25
1408586524|29.25
1408586544|29.25
1408586564|29.25
1408586584|29.25
1408586604|29.25
1408586624|29.25
1408586644|29.25
1408586664|29.25
1408586685|29.25
1408586705|29.376
1408586725|29.25
1408586745|29.25
1408586765|29.25
1408586785|29.25
1408586805|29.25
1408586825|29.376
1408586845|29.25
1408586865|29.25
1408586885|29.376
1408586906|29.376
1408586926|29.376
1408586946|29.376
1408586966|29.376
1408586986|29.376
1408587006|29.376
1408587026|29.376
1408587046|29.376
1408587066|29.376
1408587087|29.376
1408587107|29.376
1408587127|29.376
1408587147|29.376
1408587167|29.376
1408587188|29.376
1408587208|29.376
1408587228|29.25
1408587248|29.376
1408587268|29.376
1408587288|29.376
1408587308|29.25
1408587328|29.376
1408587348|29.376
1408587368|29.376
1408587389|29.376
1408587409|29.376
1408587429|29.376
1408587449|29.376
1408587469|29.376
1408587490|29.376
1408587510|29.376
1408587530|29.376
1408587550|29.376
1408587570|29.25
1408587590|29.376
1408587610|29.376
1408587630|29.376
1408587650|29.376
1408587670|29.376
1408587690|29.376
1408587711|29.376
1408587731|29.376
1408587751|29.376
1408587771|29.376
1408587791|29.376
1408587811|29.376
1408587832|29.376
1408587852|29.376
1408587872|29.376
1408587892|29.376
1408587912|29.376
1408587932|29.376
1408587952|29.376
1408587972|29.376
1408587993|29.376
1408588013|29.376
1408588033|29.376
1408588053|29.376
1408588073|29.376
1408588093|29.5
1408588113|29.376
1408588133|29.376
1408588153|29.376
1408588173|29.5
1408588193|29.5
1408588214|29.376
1408588234|29.5
1408588254|29.5
1408588274|29.5
1408588294|29.5
1408588314|29.5
1408588334|29.5
1408588354|29.5
1408588374|29.5
1408588394|29.5
1408588415|29.5
1408588435|29.5
1408588455|29.5
1408588476|29.626
1408588496|29.626
1408588516|29.626
1408588536|29.626
1408588556|29.626
1408588576|29.626
1408588596|29.5
1408588616|29.626
1408588636|29.626
1408588656|29.626
1408588676|29.626
1408588697|29.626
1408588717|29.626
1408588737|29.626
1408588757|29.626
1408588777|29.626
1408588797|29.626
1408588817|29.626
1408588837|29.626
1408588857|29.626
1408588877|29.626
1408588898|29.626
1408588918|29.626
1408588938|29.626
1408588958|29.626
1408588978|29.626
1408588998|29.626
1408589018|29.626
1408589038|29.626
1408589059|29.626
1408589079|29.626
1408589099|29.626
1408589119|29.626
1408589139|29.626
1408589159|29.626
1408589179|29.626
1408589200|29.626
1408589220|29.626
1408589240|29.626
1408589260|29.626
1408589280|29.626
1408589300|29.626
1408589320|29.626
1408589340|29.626
1408589360|29.626
1408589380|29.626
1408589400|29.75
1408589421|29.75
1408589441|29.75
1408589461|29.75
1408589481|29.75
1408589501|29.75
1408589521|29.75
1408589541|29.75
1408589561|29.75
1408589581|29.75
1408589601|29.876
1408589622|29.75
1408589642|29.75
1408589662|29.876
1408589682|29.876
1408589703|29.75
1408589723|29.75
1408589743|29.75
1408589763|29.876
1408589783|29.75
1408589804|29.876
1408589824|29.876
1408589844|29.876
1408589864|29.876
1408589884|29.876
1408589904|29.876
1408589924|29.876
1408589944|29.876
1408589964|29.876
1408589984|29.876
1408590005|29.876
1408590025|29.876
1408590045|29.876
1408590065|29.876
1408590085|30.0
1408590105|29.876
1408590126|29.876
1408590146|29.876
1408590166|29.876
1408590186|29.876
1408590206|29.876
1408590226|29.876
1408590246|29.876
1408590267|30.0
1408590287|30.0
1408590307|29.876
1408590327|30.0
1408590347|29.876
1408590367|30.0
1408590387|30.0
1408590408|30.0
1408590428|30.0
1408590449|30.0
1408590469|30.0
1408590489|30.0
1408590509|30.0
1408590529|30.0
1408590550|30.0
1408590570|30.0
1408590590|30.0
1408590610|30.0
1408590630|30.0
1408590650|30.0
1408590670|30.0
1408590690|30.0
1408590710|30.0
1408590730|30.0
1408590750|30.0
1408590771|30.0
1408590791|30.0
1408590811|30.0
1408590831|30.0
1408590851|30.0
1408590871|30.0
1408590891|29.876
1408590911|29.876
1408590931|29.876
1408590951|29.876
1408590972|29.876
1408590992|29.876
1408591012|29.876
1408591032|29.876
1408591052|29.876
1408591073|29.876
1408591093|29.876
1408591113|29.876
1408591133|29.876
1408591153|29.876
1408591173|29.876
1408591193|30.0
1408591213|29.876
1408591234|30.0
1408591254|29.876
1408591274|29.876
1408591294|29.876
1408591314|29.876
1408591334|29.876
1408591354|29.876
1408591374|29.876
1408591394|29.876
1408591414|29.876
1408591434|29.876
1408591455|29.876
1408591475|29.876
1408591495|29.876
1408591515|29.876
1408591535|30.0
1408591555|30.0
1408591575|30.0
1408591595|30.0
1408591615|30.0
1408591635|29.876
1408591656|30.0
1408591676|29.876
1408591696|29.876
1408591716|29.876
1408591737|29.876
1408591757|29.876
1408591780|29.876
1408591800|29.876
1408591820|29.876
1408591840|29.876
1408591860|29.876
1408591880|29.75
1408591900|29.75
1408591920|29.75
1408591941|29.75
1408591961|29.75
1408591981|29.75
1408592001|29.75
1408592021|29.75
1408592041|29.75
1408592061|29.626
1408592081|29.626
1408592101|29.626
1408592121|29.626
1408592141|29.626
1408592162|29.75
1408592182|29.626
1408592202|29.626
1408592222|29.626
1408592242|29.626
1408592262|29.626
1408592282|29.626
1408592302|29.626
1408592322|29.626
1408592342|29.626
1408592363|29.75
1408592383|29.626
1408592403|29.626
1408592423|29.626
1408592443|29.626
1408592464|29.626
1408592484|29.626
1408592504|29.626
1408592524|29.626
1408592544|29.626
1408592564|29.5
1408592584|29.5
1408592604|29.5
1408592624|29.5
1408592644|29.5
1408592665|29.5
1408592685|29.5
1408592705|29.376
1408592725|29.376
1408592745|29.376
1408592765|29.376
1408592785|29.376
1408592805|29.376
1408592825|29.376
1408592845|29.376
1408592865|29.25
1408592885|29.25
1408592906|29.25
1408592926|29.25
1408592946|29.25
1408592966|29.25
1408592986|29.25
1408593006|29.25
1408593027|29.25
1408593047|29.25
1408593067|29.25
1408593087|29.25
1408593107|29.126
1408593127|29.126
1408593147|29.126
1408593167|29.126
1408593187|29.126
1408593208|29.126
1408593228|29.126
1408593248|29.126
1408593268|29.126
1408593288|29.126
1408593308|29.126
1408593328|29.0
1408593348|29.0
1408593368|29.126
1408593388|29.0
1408593409|29.0
1408593429|29.0
1408593449|29.0
1408593469|29.0
1408593489|29.0
1408593511|29.0
1408593531|29.0
1408593551|29.0
1408593571|29.0
1408593591|29.0
1408593611|28.876
1408593631|29.0
1408593651|29.0
1408593672|28.876
1408593692|28.876
1408593712|28.876
1408593732|28.876
1408593752|28.876
1408593772|28.876
1408593793|28.75
1408593813|28.876
1408593833|28.876
1408593853|28.876
1408593873|28.75
1408593893|28.75
1408593913|28.75
1408593933|28.75
1408593953|28.75
1408593974|28.75
1408593994|28.75
1408594014|28.626
1408594035|28.75
1408594055|28.626
1408594076|28.626
1408594096|28.626
1408594116|28.626
1408594136|28.626
1408594156|28.626
1408594176|28.626
1408594196|28.5
1408594216|28.5
1408594237|28.5
1408594257|28.5
1408594277|28.5
1408594297|28.5
1408594317|28.5
1408594337|28.5
1408594357|28.5
1408594377|28.376
1408594397|28.376
1408594417|28.376
1408594437|28.376
1408594458|28.25
1408594478|28.376
1408594498|28.25
1408594519|28.25
1408594539|28.25
1408594559|28.25
1408594579|28.25
1408594599|28.25
1408594620|28.25
1408594640|28.25
1408594660|28.25
1408594680|28.25
1408594701|28.25
1408594721|28.126
1408594741|28.126
1408594761|28.126
1408594781|28.126
1408594803|28.126
1408594823|28.126
1408594843|28.126
1408594863|28.126
1408594883|28.126
1408594903|28.126
1408594923|28.0
1408594943|28.0
1408594963|28.0
1408594984|28.0
1408595004|28.0
1408595024|28.0
1408595044|28.0
1408595064|28.0
1408595084|27.876
1408595104|27.876
1408595124|28.0
1408595144|27.876
1408595164|27.876
1408595184|27.876
1408595205|27.876
1408595225|27.876
1408595245|27.876
1408595265|27.876
1408595285|27.75
1408595305|27.75
1408595325|27.75
1408595345|27.75
1408595366|27.75
1408595386|27.626
1408595406|27.75
1408595426|27.626
1408595447|27.626
1408595467|27.626
1408595487|27.626
1408595507|27.626
1408595528|27.5
1408595548|27.5
1408595568|27.5
1408595589|27.5
1408595609|27.5
1408595629|27.5
1408595649|27.5
1408595669|27.5
1408595689|27.5
1408595709|27.376
1408595729|27.376
1408595749|27.376
1408595769|27.376
1408595790|27.376
1408595810|27.376
1408595830|27.25
1408595850|27.25
1408595870|27.25
1408595890|27.25
1408595910|27.25
1408595930|27.126
1408595950|27.126
1408595970|27.126
1408595990|27.0
1408596011|27.0
1408596031|27.0
1408596051|27.0
1408596071|27.0
1408596091|27.0
1408596111|27.0
1408596131|27.0
1408596152|27.0
1408596172|27.0
1408596192|26.876
1408596213|26.876
1408596233|26.876
1408596253|26.876
1408596274|26.876
1408596294|26.75
1408596314|26.75
1408596334|26.75
1408596354|26.75
1408596374|26.75
1408596394|26.626
1408596414|26.626
1408596434|26.626
1408596454|26.626
1408596474|26.626
1408596495|26.626
1408596515|26.626
1408596535|26.626
1408596555|26.5
1408596575|26.5
1408596595|26.5
1408596615|26.5
1408596635|26.376
1408596655|26.376
1408596675|26.5
1408596696|26.5
1408596716|26.5
1408596736|26.376
1408596756|26.376
1408596776|26.25
1408596796|26.376
1408596816|26.25
1408596836|26.376
1408596857|26.25
1408596877|26.25
1408596897|26.25
1408596917|26.25
1408596937|26.25
1408596958|26.126
1408596978|26.126
1408596998|26.126
1408597018|26.126
1408597038|26.126
1408597058|26.126
1408597078|26.126
1408597098|26.0
1408597118|26.0
1408597138|26.0
1408597158|26.0
1408597179|26.0
1408597199|26.0
1408597219|26.0
1408597239|25.876
1408597259|26.0
1408597279|26.0
1408597299|25.876
1408597319|25.876
1408597339|25.876
1408597359|25.876
1408597379|25.876
1408597400|25.876
1408597420|25.876
1408597440|25.75
1408597460|25.876
1408597480|25.75
1408597500|25.75
1408597521|25.75
1408597541|25.75
1408597561|25.75
1408597581|25.626
1408597601|25.626
1408597621|25.626
1408597641|25.626
1408597662|25.626
1408597682|25.626
1408597702|25.626
1408597722|25.626
1408597742|25.626
1408597762|25.5
1408597782|25.5
1408597803|25.5
1408597823|25.5
1408597843|25.5
1408597863|25.376
1408597883|25.376
1408597903|25.376
1408597923|25.376
1408597943|25.376
1408597963|25.376
1408597983|25.376
1408598003|25.25
1408598024|25.25
1408598044|25.25
1408598064|25.25
1408598084|25.25
1408598104|25.126
1408598124|25.126
1408598144|25.25
1408598165|25.25
1408598185|25.25
1408598205|25.126
1408598226|25.126
1408598246|25.126
1408598266|25.126
1408598286|25.126
1408598306|25.126
1408598326|25.126
1408598346|25.126
1408598366|25.126
1408598387|25.0
1408598407|25.0
1408598427|25.0
1408598447|25.0
1408598467|25.0
1408598487|24.876
1408598507|24.876
1408598527|24.876
1408598547|24.876
1408598567|24.876
1408598587|24.876
1408598608|24.876
1408598628|24.876
1408598648|24.876
1408598668|24.75
1408598688|24.75
1408598708|24.75
1408598728|24.75
1408598748|24.75
1408598768|24.75
1408598789|24.75
1408598809|24.626
1408598829|24.626
1408598849|24.626
1408598869|24.626
1408598890|24.626
1408598910|24.5
1408598930|24.5
1408598950|24.5
1408598970|24.5
1408598990|24.5
1408599010|24.376
1408599030|24.5
1408599050|24.376
1408599070|24.376
1408599091|24.376
1408599111|24.376
1408599132|24.376
1408599152|24.376
1408599172|24.376
1408599193|24.376
1408599213|24.376
1408599233|24.376
1408599253|24.376
1408599273|24.376
1408599293|24.25
1408599313|24.25
1408599333|24.25
1408599353|24.25
1408599373|24.126
1408599393|24.126
1408599414|24.126
1408599434|24.126
1408599454|24.126
1408599474|24.126
1408599494|24.0
1408599514|24.0
1408599534|24.0
1408599555|24.0
1408599575|24.0
1408599595|24.0
1408599615|24.0
1408599635|24.0
1408599655|24.0
1408599676|24.0
1408599696|23.876
1408599716|23.876
1408599736|23.876
1408599756|23.876
1408599776|23.876
1408599796|23.876
1408599816|23.876
1408599836|23.75
1408599856|23.75
1408599876|23.75
1408599897|23.75
1408599917|23.75
1408599937|23.75
1408599957|23.75
1408599977|23.75
1408599997|23.75
1408600017|23.626
1408600037|23.75
1408600057|23.626
1408600077|23.626
1408600097|23.626
1408600118|23.626
1408600138|23.626
1408600158|23.626
1408600178|23.626
1408600198|23.626
1408600219|23.5
1408600239|23.5
1408600259|23.5
1408600279|23.5
1408600299|23.5
1408600319|23.5
1408600339|23.5
1408600359|23.5
1408600380|23.376
1408600400|23.376
1408600420|23.376
1408600440|23.376
1408600460|23.376
1408600480|23.25
1408600500|23.25
1408600520|23.25
1408600540|23.25
1408600560|23.25
1408600580|23.25
1408600601|23.126
1408600621|23.126
1408600641|23.126
1408600663|23.126
1408600683|23.126
1408600703|23.0
1408600723|23.0
1408600743|23.0
1408600763|23.0
1408600783|23.0
1408600803|22.876
1408600823|22.876
1408600844|22.876
1408600864|22.876
1408600884|22.75
1408600904|22.75
1408600924|22.75
1408600944|22.75
1408600964|22.75
1408600984|22.75
1408601005|22.75
1408601025|22.75
1408601045|22.626
1408601065|22.626
1408601085|22.626
1408601105|22.626
1408601126|22.5
1408601146|22.5
1408601166|22.5
1408601186|22.5
1408601206|22.376
1408601226|22.376
1408601246|22.376
1408601266|22.376
1408601286|22.376
1408601306|22.376
1408601326|22.376
1408601347|22.5
1408601367|22.5
1408601387|22.5
1408601407|22.5
1408601427|22.5
1408601447|22.376
1408601467|22.376
1408601487|22.376
1408601508|22.5
1408601528|22.376
1408601548|22.376
1408601568|22.376
1408601588|22.376
1408601608|22.376
1408601628|22.376
1408601648|22.25
1408601669|22.25
1408601689|22.25
1408601709|22.25
1408601729|22.25
1408601749|22.25
1408601769|22.25
1408601789|22.25
1408601810|22.25
1408601830|22.126
1408601852|22.25
1408601873|22.126
1408601893|22.126
1408601913|22.25
1408601933|22.25
1408601953|22.126
1408601973|22.126
1408601993|22.126
1408602013|22.126
1408602033|22.126
1408602053|22.126
1408602073|22.126
1408602094|22.126
1408602114|22.0
1408602134|22.0
1408602154|22.0
1408602174|21.876
1408602194|21.876
1408602214|21.75
1408602234|21.75
1408602254|21.626
1408602274|21.5
1408602295|21.5
1408602315|21.376
1408602335|21.376
1408602355|21.25
1408602375|21.25
1408602395|21.126
1408602415|21.126
1408602436|21.0
1408602456|20.876
1408602476|20.75
1408602496|20.75
1408602516|20.75
1408602537|20.626
1408602557|20.626
1408602577|20.626
1408602597|20.5
1408602617|20.376
1408602637|20.376
1408602657|20.376
1408602677|20.25
1408602697|20.25
1408602717|20.126
1408602737|20.126
1408602758|20
1408602778|20
1408602798|20
1408602818|20
1408602838|20
1408602858|20
1408602878|20
1408602898|20
1408602918|20
1408602938|20
1408602958|20
1408602979|20
1408602999|20
1408603019|20
1408603039|20
1408603059|20
1408603079|20
1408603100|20
1408603120|20
1408603140|20
1408603160|20
1408603180|20
1408603200|20
1408603220|20
1408603240|20
1408603261|20
1408603281|20
1408603301|20
1408603321|20
1408603341|20
1408603361|20
1408603381|20
1408603401|20
1408603421|20
1408603441|20
1408603461|20
1408603482|20
1408603502|20
1408603522|20
1408603542|20
1408603562|20
1408603582|20
1408603602|20
1408603622|20
1408603642|20
1408603662|20
1408603683|20
1408603703|20
1408603723|20
1408603743|20
1408603764|20
1408603784|20
1408603804|20
1408603824|20
1408603844|20
1408603864|20
1408603884|20
1408603904|20
1408603924|20
1408603945|20
1408603965|20
1408603985|20
1408604005|20
1408604025|20
1408604045|20
1408604065|20
1408604085|20
1408604105|20
1408604125|20
1408604146|20
1408604166|20
1408604187|20
1408604207|20
1408604227|20
1408604247|20
1408604267|20
1408604287|20
1408604307|20
1408604327|20
1408604348|20
1408604368|20
1408604388|20
1408604408|20
1408604428|20
1408604448|20
1408604469|20
1408604489|20
1408604509|20
1408604529|20
1408604549|20
1408604569|20
1408604589|20
1408604610|20
1408604630|20
1408604650|20
1408604670|20
1408604690|20
1408604710|20
1408604730|20
1408604750|20
1408604770|20
1408604790|20
1408604810|20
1408604830|20
1408604851|20
1408604871|20
1408604891|20
1408604911|20
1408604931|20
1408604951|20
1408604971|20
1408604991|20
1408605011|20
1408605031|20
1408605052|20
1408605072|20
1408605092|20
1408605112|20
1408605133|20
1408605153|20
1408605173|20
1408605193|20
1408605213|20
1408605233|20
1408605253|20
1408605273|20
1408605293|20
1408605314|20
1408605334|20
1408605354|20
1408605374|20
1408605394|20
1408605414|20
1408605434|20
1408605454|20
1408605474|20
1408605494|20
1408605515|20
1408605535|20
1408605555|20
1408605575|20
1408605595|20
1408605615|20
1408605635|20
1408605655|20
1408605675|20
1408605696|20
1408605716|20
1408605736|20
1408605756|20
1408605776|20
1408605797|20
1408605817|20
1408605837|20
1408605857|20
1408605877|20
1408605897|20
1408605917|20
1408605938|20
1408605958|20
1408605978|20
1408605998|20
1408606018|20
1408606038|20
1408606058|20
1408606078|20
1408606098|20
1408606118|20
1408606139|20
1408606159|20
1408606179|20
1408606199|20
1408606219|20
1408606239|20
1408606259|20
1408606279|20
1408606299|20
1408606319|20
1408606340|20
1408606360|20
1408606380|20
1408606400|20
1408606421|20
1408606441|20
1408606461|20
1408606481|20
1408606501|20
1408606521|20
1408606541|20
1408606561|20
1408606581|20
1408606601|20
1408606622|20
1408606642|20
1408606662|20
1408606682|20
1408606702|20
1408606722|20
1408606742|20
1408606762|20
1408606782|20
1408606802|20
1408606822|20
1408606843|20
1408606863|20
1408606883|20
1408606903|20
1408606923|20
1408606943|20
1408606963|20
1408606983|20
1408607004|20
1408607024|20
1408607044|20
1408607064|20
1408607084|20
1408607104|20
1408607124|20
1408607145|20
1408607165|20
1408607185|20
1408607205|20
1408607225|20
1408607245|20
1408607265|20
1408607285|20
1408607305|20
1408607325|20
1408607345|20
1408607366|20
1408607386|20
1408607406|20
1408607426|20
1408607448|20
1408607468|20
1408607489|20
1408607509|20
1408607529|20
1408607549|20
1408607569|20
1408607589|20
1408607609|20
1408607629|20
1408607649|20
1408607669|20
1408607689|20
1408607710|20
1408607730|20
1408607750|20
1408607770|20
1408607790|20
1408607810|20
1408607830|20
1408607851|20
1408607871|20
1408607891|20
1408607911|20
1408607931|20
1408607951|20
1408607971|20
1408607991|20
1408608012|20
1408608032|20
1408608052|20
1408608072|20
1408608092|20
1408608112|20
1408608132|20
1408608152|20
1408608172|20
1408608192|20
1408608213|20
1408608233|20
1408608253|20
1408608273|20
1408608293|20
1408608313|20
1408608334|20
1408608354|20
1408608374|20
1408608394|20
1408608414|20
1408608434|20
1408608454|20
1408608474|20
1408608495|20
1408608515|20
1408608536|20
1408608556|20
1408608576|20
1408608596|20
1408608617|20
1408608637|20
1408608657|20
1408608680|20
1408608700|20
1408608720|20
1408608740|20
1408608760|20
1408608780|20
1408608800|20
1408608820|20
1408608841|20
1408608861|20
1408608881|20
1408608901|20
1408608921|20
1408608941|20
1408608961|20
1408608981|20
1408609001|20
1408609021|20
1408609041|20
1408609062|20
1408609082|20
1408609102|20
1408609122|20
1408609142|20
1408609162|20
1408609182|20
1408609202|20
1408609223|20
1408609244|20
1408609264|20
1408609284|20
1408609304|20
1408609324|20
1408609344|20
1408609365|20
1408609385|20
1408609405|20
1408609425|20
1408609445|20
1408609465|20
1408609485|20
1408609506|20
1408609526|20
1408609546|20
1408609566|20
1408609586|20
1408609606|20
1408609626|20
1408609646|20
1408609666|20
1408609686|20
1408609707|20
1408609727|20
1408609747|20
1408609767|20
1408609787|20
1408609807|20
1408609827|20
1408609847|20
1408609867|20
1408609887|20
1408609907|20
1408609928|20
1408609948|20
1408609968|20
1408609988|20
1408610009|20
1408610029|20
1408610049|20
1408610069|20
1408610089|20
1408610109|20
1408610129|20
1408610149|20
1408610169|20
1408610190|20
1408610210|20
1408610230|20
1408610250|20
1408610270|20
1408610290|20
1408610310|20
1408610330|20
1408610350|20
1408610370|20
1408610390|20
1408610411|20
1408610431|20
1408610451|20
1408610471|20
1408610491|20
1408610511|20
1408610531|20
1408610551|20
1408610571|20
1408610592|20
1408610612|20
1408610632|20
1408610653|20
1408610674|20
1408610694|20
1408610714|20
1408610734|20
1408610754|20
1408610774|20
1408610795|20
1408610815|20
1408610835|20
1408610855|20
1408610875|20
1408610895|20
1408610915|20
1408610935|20
1408610955|20
1408610975|20
1408610996|20
1408611016|20
1408611036|20
1408611056|20
1408611076|20
1408611096|20
1408611116|20
1408611136|20
1408611156|20
1408611176|20
1408611196|20
1408611217|20
1408611237|20
1408611257|20
1408611277|20
1408611298|20
1408611318|20
1408611338|20
1408611358|20
1408611378|20
1408611398|20
1408611418|20
1408611438|20
1408611458|20
1408611478|20
1408611499|20
1408611520|20
1408611540|20
1408611560|20
1408611581|20
1408611601|20
1408611621|20
1408611641|20
1408611661|20
1408611681|20
1408611701|20
1408611721|20
1408611741|20
1408611762|20
1408611782|20
1408611802|20
1408611822|20
1408611842|20
1408611862|20
1408611882|20
1408611902|20
1408611922|20
1408611942|20
1408611963|20
1408611983|20
1408612003|20
1408612023|20
1408612044|20
1408612064|20
1408612084|20
1408612104|20
1408612124|20
1408612145|20
1408612165|20
1408612185|20
1408612205|20
1408612225|20
1408612245|20
1408612265|20
1408612285|20
1408612305|20
1408612325|20
1408612346|20
1408612366|20
1408612386|20
1408612406|20
1408612426|20
1408612446|20
1408612466|20
1408612486|20
1408612506|20
1408612527|20
1408612547|20
1408612567|20
1408612587|20
1408612610|20
1408612630|20
1408612650|20
1408612670|20
1408612690|20
1408612710|20
1408612730|20
1408612750|20
1408612770|20
1408612790|20
1408612811|20
1408612831|20
1408612851|20
1408612871|20
1408612891|20
1408612912|20
1408612932|20
1408612952|20
1408612972|20
1408612992|20
1408613012|20
1408613032|20
1408613052|20
1408613073|20
1408613093|20
1408613113|20
1408613133|20
1408613153|20
1408613173|20
1408613193|20
1408613213|20
1408613233|20
1408613253|20
1408613274|20
1408613294|20
1408613314|20
1408613334|20
1408613354|20
1408613374|20
1408613394|20
1408613414|20
1408613434|20
1408613454|20
1408613475|20
1408613495|20
1408613516|20
1408613536|20
1408613556|20
1408613576|20
1408613597|20
1408613617|20
1408613637|20
1408613657|20
1408613677|20
1408613697|20
1408613717|20
1408613737|20
1408613757|20
1408613777|20
1408613798|20
1408613818|20
1408613838|20
1408613858|20
1408613878|20
1408613898|20
1408613918|20
1408613938|20
1408613958|20
1408613978|20
1408613998|20
1408614019|20
1408614039|20
1408614059|20
1408614079|20
1408614099|20
1408614119|20
1408614140|20
1408614160|20
1408614180|20
1408614200|20
1408614220|20
1408614240|20
1408614260|20
1408614280|20
1408614301|20
1408614321|20
1408614341|20
1408614361|20
1408614381|20
1408614401|20
1408614421|20
1408614441|20
1408614461|20
1408614482|20
1408614502|20
1408614522|20
1408614542|20
1408614562|20
1408614582|20
1408614602|20
1408614622|20
1408614642|20
1408614662|20
1408614682|20
1408614703|20
1408614723|20
1408614743|20
1408614763|20
1408614784|20
1408614804|20
1408614824|20
1408614844|20
1408614864|20
1408614884|20
1408614904|20
1408614925|20
1408614945|20
1408614965|20
1408614985|20
1408615006|20
1408615026|20
1408615046|20
1408615066|20
1408615086|20
1408615106|20
1408615126|20
1408615146|20
1408615166|20
1408615186|20
1408615207|20
1408615227|20
1408615247|20
1408615267|20
1408615287|20
1408615307|20
1408615327|20
1408615347|20
1408615367|20
1408615387|20
1408615408|20
1408615428|20
1408615448|20
1408615468|20
1408615489|20
1408615509|20
1408615529|20
1408615549|20
1408615569|20
1408615589|20
1408615609|20
1408615629|20
1408615649|20
1408615669|20
1408615689|20
1408615710|20
1408615730|20
1408615750|20
1408615771|20
1408615791|20
1408615811|20
1408615831|20
1408615851|20
1408615871|20
1408615891|20
1408615911|20
1408615931|20
1408615951|20
1408615972|20
1408615992|20
1408616012|20
1408616032|20
1408616052|20
1408616072|20
1408616092|20
1408616112|20
1408616133|20
1408616153|20
1408616173|20
1408616193|20
1408616213|20
1408616233|20
1408616253|20
1408616274|20
1408616294|20
1408616314|20
1408616334|20
1408616354|20
1408616374|20
1408616394|20
1408616414|20
1408616434|20
1408616454|20
1408616475|20
1408616495|20
1408616515|20
1408616535|20
1408616555|20
1408616575|20
1408616595|20
1408616615|20
1408616635|20
1408616656|20
1408616676|20
1408616696|20
1408616716|20
1408616736|20
1408616756|20
1408616777|20
1408616797|20
1408616817|20
1408616837|20
1408616858|20
1408616878|20
1408616898|20
1408616918|20
1408616938|20
1408616958|20
1408616978|20
1408616998|20
1408617018|20
1408617038|20
1408617058|20
1408617079|20
1408617099|20
1408617119|20
1408617139|20
1408617159|20
1408617179|20
1408617199|20
1408617219|20
1408617239|20
1408617259|20
1408617280|20
1408617300|20
1408617320|20
1408617340|20
1408617360|20
1408617381|20
1408617401|20
1408617421|20
1408617441|20
1408617461|20
1408617481|20
1408617502|20
1408617522|20
1408617542|20
1408617562|20
1408617582|20
1408617602|20
1408617622|20
1408617642|20
1408617662|20
1408617683|20
1408617703|20
1408617723|20
1408617743|20
1408617763|20
1408617783|20
1408617803|20
1408617823|20
1408617843|20
1408617863|20
1408617884|20
1408617904|20
1408617924|20
1408617944|20
1408617964|20
1408617984|20
1408618004|20
1408618024|20
1408618045|20
1408618065|20
1408618085|20
1408618105|20
1408618125|20
1408618146|20
1408618166|20
1408618186|20
1408618206|20
1408618226|20
1408618246|20
1408618266|20
1408618286|20
1408618306|20
1408618326|20
1408618347|20
1408618367|20
1408618387|20
1408618407|20
1408618427|20
1408618447|20
1408618467|20
1408618487|20
1408618507|20
1408618527|20
1408618547|20
1408618568|20
1408618588|20
1408618608|20
1408618628|20
1408618648|20
1408618668|20
1408618688|20
1408618709|20
1408618729|20
1408618749|20
1408618769|20
1408618789|20
1408618809|20
1408618830|20
1408618850|20
1408618870|20
1408618890|20
1408618910|20
1408618930|20
1408618950|20
1408618970|20
1408618990|20
1408619010|20
1408619031|20
1408619051|20
1408619071|20
1408619091|20
1408619111|20
1408619131|20
1408619151|20
1408619171|20
1408619192|20
1408619212|20
1408619232|20
1408619252|20
1408619272|20
1408619292|20
1408619312|20
1408619332|20
1408619353|20
1408619373|20
1408619393|20
1408619413|20
1408619433|20
1408619453|20
1408619474|20
1408619494|20
1408619514|20
1408619534|20
1408619554|20
1408619574|20
1408619594|20
1408619614|20
1408619634|20
1408619654|20
1408619675|20
1408619695|20
1408619715|20
1408619735|20
1408619756|20
1408619776|20
1408619796|20
1408619816|20
1408619836|20
1408619856|20
1408619876|20
1408619898|20
1408619918|20
1408619938|20
1408619958|20
1408619978|20
1408619998|20
1408620018|20
1408620039|20
1408620059|20
1408620079|20
1408620099|20
1408620119|20
1408620139|20
1408620160|20
1408620180|20
1408620200|20
1408620220|20
1408620240|20
1408620260|20
1408620280|20
1408620302|20
1408620322|20
1408620342|20
1408620362|20
1408620382|20
1408620402|20
1408620422|20
1408620442|20
1408620462|20
1408620483|20
1408620503|20
1408620523|20
1408620543|20
1408620563|20
1408620584|20
1408620604|20
1408620624|20
1408620644|20
1408620665|20
1408620685|20
1408620705|20
1408620725|20
1408620745|20
1408620765|20
1408620785|20
1408620805|20
1408620825|20
1408620845|20
1408620867|20
1408620887|20
1408620907|20
1408620927|20
1408620947|20
1408620967|20
1408620987|20
1408621008|20
1408621028|20
1408621048|20
1408621068|20
1408621088|20
1408621108|20
1408621129|20
1408621149|20
1408621169|20
1408621189|20
1408621209|20
1408621229|20
1408621249|20
1408621269|20
1408621289|20
1408621311|20
1408621331|20
1408621353|20
1408621373|20
1408621393|20
1408621413|20
1408621433|20
1408621453|20
1408621473|20
1408621493|20
1408621513|20
1408621534|20
1408621554|20
1408621574|20
1408621594|20
1408621614|20
1408621634|20
1408621654|20
1408621675|20
1408621695|20
1408621715|20
1408621735|20
1408621755|20
1408621775|20
1408621795|20
1408621815|20
1408621835|20
1408621855|20
1408621876|20
1408621896|20
1408621916|20
1408621936|20
1408621957|20
1408621977|20
1408621997|20
1408622017|20
1408622037|20
1408622057|20
1408622077|20
1408622097|20
1408622117|20
1408622137|20
1408622158|20
1408622178|20
1408622198|20
1408622218|20
1408622238|20
1408622258|20
1408622278|20
1408622298|20
1408622318|20
1408622338|20
1408622359|20
1408622379|20
1408622399|20
1408622419|20
1408622439|20
1408622459|20
1408622479|20
1408622499|20
1408622520|20
1408622540|20
1408622560|20
1408622580|20
1408622601|20
1408622621|20
1408622641|20
1408622661|20
1408622681|20
1408622701|20
1408622721|20
1408622741|20
1408622761|20
1408622781|20
1408622802|20
1408622822|20
1408622842|20
1408622862|20
1408622882|20
1408622902|20
1408622922|20
1408622942|20
1408622962|20
1408622982|20
1408623003|20
1408623023|20
1408623043|20
1408623063|20
1408623083|20
1408623103|20
1408623123|20
1408623143|20
1408623164|20
1408623184|20
1408623204|20
1408623224|20
1408623244|20
1408623264|20
1408623284|20
1408623305|20
1408623325|20
1408623345|20
1408623365|20
1408623385|20
1408623405|20
1408623425|20
1408623445|20
1408623465|20
1408623485|20
1408623506|20
1408623526|20
1408623546|20
1408623566|20
1408623586|20
1408623606|20
1408623626|20
1408623646|20
1408623666|20
1408623686|20
1408623706|20
1408623727|20
1408623747|20
1408623767|20
1408623788|20
1408623808|20
1408623828|20
1408623848|20
1408623868|20
1408623888|20
1408623908|20
1408623928|20
1408623948|20
1408623968|20
1408623988|20
1408624009|20
1408624029|20
1408624049|20
1408624069|20
1408624089|20
1408624109|20
1408624129|20
1408624149|20
1408624169|20
1408624189|20
1408624210|20
1408624230|20
1408624250|20
1408624270|20
1408624290|20
1408624310|20
1408624330|20
1408624351|20
1408624371|20
1408624391|20
1408624411|20
1408624431|20
1408624451|20
1408624472|20
1408624492|20
1408624512|20
1408624532|20
1408624552|20
1408624572|20
1408624592|20
1408624612|20
1408624632|20
1408624652|20
1408624673|20
1408624693|20
1408624713|20
1408624733|20
1408624753|20
1408624773|20
1408624793|20
1408624813|20
1408624833|20
1408624853|20
1408624874|20
1408624895|20
1408624915|20
1408624935|20
1408624956|20
1408624976|20
1408624996|20
1408625016|20
1408625036|20
1408625056|20
1408625079|20
1408625099|20
1408625119|20
1408625139|20
1408625159|20
1408625179|20
1408625199|20
1408625219|20
1408625239|20
1408625259|20
1408625280|20
1408625300|20
1408625320|20
1408625340|20
1408625361|20
1408625381|20
1408625401|20
1408625422|20
1408625442|20
1408625462|20
1408625482|20
1408625502|20
1408625522|20
1408625542|20
1408625562|20
1408625582|20
1408625602|20
1408625623|20
1408625643|20
1408625663|20
1408625683|20
1408625703|20
1408625723|20
1408625743|20
1408625763|20
1408625783|20
1408625803|20
1408625824|20
1408625844|20
1408625864|20
1408625884|20
1408625904|20
1408625924|20
1408625944|20
1408625964|20
1408625985|20
1408626005|20
1408626025|20
1408626045|20
1408626065|20
1408626085|20
1408626106|20
1408626126|20
1408626146|20
1408626166|20
1408626186|20
1408626206|20
1408626226|20
1408626246|20
1408626266|20
1408626286|20
1408626307|20
1408626327|20
1408626347|20
1408626367|20
1408626387|20
1408626407|20
1408626427|20
1408626447|20
1408626467|20
1408626487|20
1408626508|20
1408626528|20
1408626548|20
1408626568|20
1408626588|20
1408626608|20
1408626629|20
1408626649|20
1408626669|20
1408626690|20
1408626711|20
1408626731|20
1408626751|20
1408626771|20
1408626791|20
1408626811|20
1408626831|20
1408626851|20
1408626871|20
1408626891|20
1408626912|20
1408626932|20
1408626952|20
1408626972|20
1408626992|20
1408627012|20
1408627032|20
1408627052|20
1408627072|20
1408627092|20
1408627113|20
1408627133|20
1408627153|20
1408627173|20
1408627193|20
1408627213|20
1408627233|20
1408627253|20
1408627274|20
1408627296|20
1408627316|20
1408627336|20
1408627357|20
1408627377|20
1408627397|20
1408627417|20
1408627437|20
1408627458|20
1408627478|20
1408627498|20
1408627519|20
1408627541|20
1408627561|20
1408627582|20
1408627602|20
1408627622|20
1408627642|20
1408627662|20
1408627682|20
1408627702|20
1408627722|20
1408627742|20
1408627762|20
1408627783|20
1408627803|20
1408627823|20
1408627843|20
1408627863|20
1408627884|20
1408627904|20
1408627924|20
1408627944|20
1408627964|20
1408627984|20
1408628004|20
1408628024|20
1408628045|20
1408628065|20
1408628085|20
1408628105|20
1408628125|20
1408628145|20
1408628165|20
1408628185|20
1408628206|20
1408628226|20
1408628247|20
1408628267|20
1408628287|20
1408628307|20
1408628327|20
1408628347|20
1408628367|20
1408628387|20
1408628408|20
1408628428|20
1408628448|20
1408628468|20
1408628488|20
1408628508|20
1408628528|20
1408628548|20
1408628568|20
1408628588|20
1408628609|20
1408628629|20
1408628649|20
1408628669|20
1408628689|20
1408628709|20
1408628729|20
1408628749|20
1408628769|20
1408628789|20
1408628809|20
1408628830|20
1408628850|20
1408628870|20
1408628890|20
1408628911|20
1408628931|20
1408628951|20
1408628971|20
1408628991|20
1408629011|20
1408629031|20
1408629051|20
1408629072|20
1408629092|20
1408629112|20
1408629132|20
1408629152|20
1408629172|20
1408629192|20
1408629212|20
1408629232|20
1408629252|20
1408629273|20
1408629293|20
1408629313|20
1408629333|20
1408629353|20
1408629373|20
1408629393|20
1408629413|20
1408629433|20
1408629453|20
1408629474|20
1408629494|20
1408629514|20
1408629534|20
1408629554|20
1408629575|20
1408629595|20
1408629615|20
1408629635|20
1408629655|20
1408629675|20
1408629695|20
1408629715|20
1408629735|20
1408629756|20
1408629776|20
1408629796|20
1408629816|20
1408629836|20
1408629856|20
1408629876|20
1408629896|20
1408629916|20
1408629936|20
1408629957|20
1408629977|20
1408629997|20
1408630017|20
1408630037|20
1408630057|20
1408630077|20
1408630097|20
1408630117|20
1408630138|20
1408630158|20
1408630178|20
1408630198|20
1408630220|20
1408630241|20
1408630261|20
1408630281|20
1408630301|20
1408630321|20
1408630341|20
1408630361|20
1408630381|20
1408630402|20
1408630422|20
1408630442|20
1408630462|20
1408630482|20
1408630502|20
1408630522|20
1408630542|20
1408630562|20
1408630583|20
1408630603|20
1408630623|20
1408630643|20
1408630663|20
1408630683|20
1408630703|20
1408630723|20
1408630743|20
1408630763|20
1408630783|20
1408630804|20
1408630824|20
1408630845|20
1408630865|20
1408630886|20
1408630906|20
1408630926|20
1408630946|20
1408630966|20
1408630986|20
1408631006|20
1408631026|20
1408631046|20
1408631066|20
1408631087|20
1408631107|20
1408631127|20
1408631147|20
1408631167|20
1408631187|20
1408631207|20
1408631227|20
1408631247|20
1408631267|20
1408631288|20
1408631308|20
1408631328|20
1408631348|20
1408631368|20
1408631388|20
1408631408|20
1408631429|20
1408631449|20
1408631469|20
1408631489|20
1408631509|20
1408631529|20
1408631550|20
1408631570|20
1408631590|20
1408631610|20
1408631630|20
1408631650|20
1408631670|20
1408631690|20
1408631710|20
1408631730|20
1408631751|20
1408631771|20
1408631791|20
1408631811|20
1408631831|20
1408631851|20
1408631871|20
1408631891|20
1408631911|20
1408631931|20
1408631952|20
1408631972|20
1408631992|20
1408632012|20
1408632032|20
1408632053|20
1408632073|20
1408632093|20
1408632113|20
1408632133|20
1408632153|20
1408632173|20
1408632193|20
1408632213|20
1408632234|20
1408632254|20
1408632274|20
1408632294|20
1408632314|20
1408632334|20
1408632355|20
1408632375|20
1408632395|20
1408632415|20
1408632436|20
1408632456|20
1408632476|20
1408632496|20
1408632516|20
1408632536|20
1408632556|20
1408632576|20
1408632596|20
1408632616|20
1408632636|20
1408632657|20
1408632677|20
1408632697|20
1408632717|20
1408632737|20
1408632758|20
1408632778|20
1408632798|20
1408632818|20
1408632838|20
1408632858|20
1408632878|20
1408632898|20
1408632919|20
1408632939|20
1408632959|20
1408632979|20
1408633002|20
1408633022|20
1408633043|20
1408633063|20
1408633083|20
1408633103|20
1408633124|20
1408633144|20
1408633164|20
1408633184|20
1408633204|20
1408633224|20
1408633245|20
1408633265|20
1408633286|20
1408633306|20
1408633326|20
1408633346|20
1408633366|20
1408633386|20
1408633406|20
1408633426|20
1408633446|20
1408633467|20
1408633487|20
1408633507|20
1408633527|20
1408633547|20
1408633567|20
1408633587|20
1408633607|20
1408633627|20
1408633647|20
1408633668|20
1408633688|20
1408633708|20
1408633728|20
1408633748|20
1408633769|20
1408633789|20
1408633809|20
1408633829|20
1408633849|20
1408633869|20
1408633891|20
1408633911|20
1408633931|20
1408633951|20
1408633972|20
1408633992|20
1408634012|20
1408634032|20
1408634052|20
1408634072|20
1408634092|20
1408634112|20
1408634132|20
1408634152|20
1408634172|20
1408634193|20
1408634213|20
1408634233|20
1408634253|20
1408634273|20
1408634293|20
1408634313|20
1408634333|20
1408634353|20
1408634373|20
1408634394|20
1408634414|20
1408634434|20
1408634454|20
1408634474|20
1408634495|20
1408634515|20
1408634535|20
1408634555|20
1408634575|20
1408634595|20
1408634615|20
1408634635|20
1408634656|20
1408634676|20
1408634696|20
1408634716|20
1408634736|20
1408634756|20
1408634776|20
1408634796|20
1408634816|20
1408634836|20
1408634856|20
1408634877|20
1408634897|20
1408634917|20
1408634937|20
1408634957|20
1408634977|20
1408634997|20
1408635017|20
1408635038|20
1408635058|20
1408635078|20
1408635098|20
1408635118|20
1408635138|20
1408635159|20
1408635179|20
1408635199|20
1408635219|20
1408635239|20
1408635261|20
1408635281|20
1408635301|20
1408635321|20
1408635341|20
1408635362|20
1408635382|20
1408635402|20
1408635422|20
1408635442|20
1408635462|20
1408635482|20
1408635502|20
1408635522|20
1408635542|20
1408635563|20
1408635583|20
1408635603|20
1408635623|20
1408635643|20
1408635663|20
1408635683|20
1408635703|20
1408635723|20
1408635743|20
1408635764|20
1408635784|20
1408635804|20
1408635824|20
1408635845|20
1408635866|20
1408635886|20
1408635907|20
1408635927|20
1408635947|20
1408635967|20
1408635987|20
1408636007|20
1408636027|20
1408636047|20
1408636067|20
1408636087|20
1408636108|20
1408636128|20
1408636148|20
1408636168|20
1408636188|20
1408636208|20
1408636228|20
1408636248|20
1408636268|20
1408636288|20
1408636309|20
1408636329|20
1408636349|20
1408636369|20
1408636389|20
1408636409|20
1408636429|20
1408636450|20
1408636470|20
1408636490|20
1408636510|20
1408636531|20
1408636551|20
1408636571|20
1408636591|20
1408636611|20
1408636631|20
1408636651|20
1408636671|20
1408636692|20
1408636712|20
1408636732|20
1408636752|20
1408636772|20
1408636792|20
1408636812|20
1408636832|20
1408636852|20
1408636872|20
1408636893|20
1408636913|20
1408636933|20
1408636953|20
1408636973|20
1408636993|20
1408637013|20
1408637033|20
1408637053|20
1408637073|20
1408637094|20
1408637114|20
1408637134|20
1408637155|20
1408637175|20
1408637196|20
1408637216|20
1408637236|20
1408637256|20
1408637276|20
1408637296|20
1408637316|20
1408637336|20
1408637356|20
1408637377|20
1408637397|20
1408637417|20
1408637437|20
1408637457|20
1408637477|20
1408637497|20
1408637517|20
1408637537|20
1408637557|20
1408637577|20
1408637598|20
1408637618|20
1408637638|20
1408637658|20
1408637678|20
1408637698|20
1408637719|20
1408637739|20
1408637759|20
1408637780|20
1408637800|20
1408637821|20
1408637841|20
1408637861|20
1408637881|20
1408637901|20
1408637921|20
1408637941|20
1408637961|20
1408637981|20
1408638001|20
1408638022|20
1408638042|20
1408638062|20
1408638082|20
1408638102|20
1408638122|20
1408638142|20
1408638162|20
1408638182|20
1408638202|20
1408638223|20
1408638243|20
1408638263|20
1408638283|20
1408638303|20
1408638323|20
1408638343|20
1408638363|20
1408638384|20
1408638404|20
1408638424|20
1408638444|20
1408638464|20
1408638484|20
1408638505|20
1408638525|20
1408638545|20
1408638565|20
1408638585|20
1408638605|20
1408638625|20
1408638645|20
1408638665|20
1408638685|20
1408638705|20
1408638726|20
1408638746|20
1408638766|20
1408638786|20
1408638806|20
1408638826|20
1408638846|20
1408638866|20
1408638886|20
1408638906|20
1408638926|20
1408638947|20
1408638967|20
1408638987|20
1408639007|20
1408639027|20
1408639048|20
1408639068|20
1408639088|20
1408639108|20
1408639128|20
1408639148|20
1408639168|20
1408639188|20
1408639208|20
1408639229|20
1408639249|20
1408639269|20
1408639289|20
1408639309|20
1408639329|20
1408639349|20
1408639369|20
1408639389|20
1408639409|20
1408639430|20
