1405712059|40.937
1405712079|41.0
1405712100|40.937
1405712120|40.875
1405712140|40.875
1405712160|40.875
1405712180|40.812
1405712200|40.812
1405712220|40.812
1405712240|40.75
1405712260|40.687
1405712280|40.625
1405712300|40.562
1405712320|40.562
1405712341|40.562
1405712361|40.437
1405712381|40.437
1405712401|40.375
1405712421|40.25
1405712441|40.25
1405712461|40.25
1405712481|40.25
1405712501|40.25
1405712521|40.187
1405712541|40.0
1405712561|39.937
1405712582|39.937
1405712602|40.0
1405712622|39.937
1405712642|39.875
1405712662|39.875
1405712683|39.812
1405712703|39.687
1405712723|39.625
1405712743|39.562
1405712763|39.5
1405712783|39.437
1405712803|39.375
1405712823|39.312
1405712843|39.25
1405712863|39.187
1405712883|39.187
1405712903|39.125
1405712924|39.062
1405712944|39.062
1405712964|39.062
1405712984|39.0
1405713004|38.937
1405713024|39.0
1405713044|38.937
1405713064|38.937
1405713084|38.875
1405713104|38.812
1405713124|38.812
1405713144|38.75
1405713164|38.687
1405713185|38.687
1405713205|38.687
1405713225|38.687
1405713245|38.625
1405713266|38.5
1405713286|38.437
1405713306|38.437
1405713327|38.437
1405713347|38.375
1405713367|38.25
1405713388|38.062
1405713408|38.0
1405713428|38.0
1405713448|38.0
1405713468|37.937
1405713488|37.875
1405713509|37.875
1405713529|37.812
1405713549|37.687
1405713570|37.625
1405713590|37.625
1405713610|37.625
1405713630|37.562
1405713650|37.562
1405713670|37.562
1405713690|37.5
1405713710|37.375
1405713730|37.312
1405713751|37.312
1405713771|37.25
1405713791|37.187
1405713811|37.187
1405713831|37.187
1405713851|37.125
1405713871|37.062
1405713891|37.0
1405713911|36.937
1405713931|36.875
1405713951|36.812
1405713971|36.812
1405713993|36.75
1405714013|36.562
1405714033|36.562
1405714053|36.562
1405714074|36.562
1405714094|36.562
1405714114|36.437
1405714134|36.375
1405714154|36.375
1405714174|36.375
1405714194|36.312
1405714215|36.375
1405714235|36.375
1405714255|36.312
1405714275|36.312
1405714295|36.25
1405714315|36.25
1405714335|36.187
1405714355|36.125
1405714375|36.062
1405714396|36.0
1405714416|36.0
1405714436|35.937
1405714456|35.687
1405714476|35.687
1405714496|35.562
1405714516|35.562
1405714536|35.562
1405714556|35.437
1405714576|35.5
1405714596|35.437
1405714616|35.437
1405714636|35.375
1405714657|35.312
1405714677|35.312
1405714697|35.312
1405714718|35.312
1405714738|35.25
1405714758|35.187
1405714778|35.062
1405714798|35.062
1405714818|35.0
1405714839|35.0
1405714859|35.0
1405714879|35.0
1405714899|35.0
1405714920|34.937
1405714940|34.875
1405714961|34.812
1405714981|34.812
1405715001|34.812
1405715021|34.75
1405715041|34.687
1405715062|34.625
1405715082|34.625
1405715102|34.562
1405715122|34.562
1405715142|34.5
1405715163|34.437
1405715183|34.375
1405715203|34.375
1405715223|34.312
1405715243|34.312
1405715263|34.312
1405715284|34.312
1405715304|34.312
1405715324|34.312
1405715344|34.25
1405715365|34.25
1405715385|34.187
1405715405|34.187
1405715425|34.125
1405715445|34.062
1405715465|34.125
1405715485|34.062
1405715505|34.0
1405715525|33.937
1405715545|33.875
1405715566|33.875
1405715586|33.875
1405715606|33.812
1405715626|33.75
1405715646|33.687
1405715666|33.625
1405715686|33.625
1405715706|33.562
1405715726|33.5
1405715746|33.437
1405715767|33.375
1405715787|33.375
1405715807|33.375
1405715827|33.375
1405715848|33.312
1405715868|33.25
1405715888|33.25
1405715908|33.187
1405715929|33.062
1405715949|33.062
1405715969|32.937
1405715989|32.937
1405716009|32.875
1405716029|32.812
1405716049|32.812
1405716069|32.75
1405716089|32.75
1405716109|32.687
1405716129|32.687
1405716149|32.687
1405716169|32.625
1405716190|32.562
1405716210|32.5
1405716230|32.5
1405716250|32.437
1405716270|32.437
1405716290|32.375
1405716310|32.375
1405716330|32.375
1405716350|32.312
1405716370|32.25
1405716391|32.187
1405716411|32.125
1405716431|32.0
1405716451|32.0
1405716471|31.937
1405716491|31.875
1405716511|31.875
1405716532|31.875
1405716552|31.812
1405716572|31.75
1405716592|31.75
1405716613|31.687
1405716633|31.687
1405716653|31.625
1405716673|31.562
1405716693|31.562
1405716713|31.562
1405716734|31.562
1405716754|31.5
1405716774|31.5
1405716794|31.375
1405716814|31.375
1405716834|31.312
1405716854|31.312
1405716874|31.25
1405716894|31.25
1405716914|31.187
1405716934|31.187
1405716954|31.187
1405716975|31.125
1405716995|31.125
1405717015|31.062
1405717035|31.062
1405717056|31.0
1405717076|30.937
1405717096|30.875
1405717116|30.812
1405717136|30.812
1405717156|30.75
1405717176|30.687
1405717197|30.625
1405717217|30.625
1405717237|30.625
1405717257|30.5
1405717277|30.5
1405717297|30.437
1405717317|30.437
1405717337|30.375
1405717358|30.375
1405717378|30.312
1405717398|30.25
1405717418|30.25
1405717438|30.25
1405717459|30.187
1405717479|30.187
1405717499|30.187
1405717519|30.187
1405717539|30.125
1405717560|30.125
1405717580|30.0
1405717600|30.0
1405717620|30.0
1405717640|29.937
1405717660|29.937
1405717680|29.875
1405717700|29.812
1405717720|29.75
1405717740|29.687
1405717760|29.687
1405717781|29.625
1405717801|29.625
1405717821|29.562
1405717841|29.5
1405717861|29.437
1405717881|29.437
1405717901|29.437
1405717922|29.375
1405717942|29.375
1405717962|29.375
1405717982|29.312
1405718002|29.187
1405718022|29.187
1405718042|29.125
1405718062|29.062
1405718082|29.062
1405718102|29.062
1405718122|29.0
1405718143|29.0
1405718163|29.0
1405718183|28.937
1405718203|28.937
1405718223|28.875
1405718243|28.812
1405718263|28.812
1405718283|28.812
1405718303|28.75
1405718323|28.75
1405718344|28.75
1405718364|28.75
1405718384|28.75
1405718405|28.75
1405718425|28.75
1405718445|28.687
1405718465|28.625
1405718485|28.625
1405718505|28.625
1405718525|28.562
1405718545|28.562
1405718565|28.5
1405718586|28.5
1405718606|28.437
1405718626|28.437
1405718646|28.437
1405718666|28.375
1405718686|28.375
1405718707|28.312
1405718727|28.312
1405718747|28.312
1405718767|28.312
1405718787|28.312
1405718807|28.312
1405718827|28.312
1405718847|28.25
1405718867|28.25
1405718887|28.187
1405718907|28.187
1405718927|28.187
1405718947|28.125
1405718968|28.125
1405718988|28.125
1405719008|28.062
1405719028|28.062
1405719048|28.062
1405719068|28.062
1405719088|28.0
1405719108|27.937
1405719128|27.937
1405719148|27.875
1405719168|27.875
1405719189|27.812
1405719209|27.812
1405719229|27.812
1405719249|27.812
1405719269|27.75
1405719289|27.75
1405719310|27.75
1405719331|27.75
1405719351|27.687
1405719371|27.687
1405719391|27.687
1405719411|27.625
1405719431|27.625
1405719451|27.562
1405719471|27.562
1405719491|27.562
1405719511|27.562
1405719531|27.562
1405719551|27.5
1405719572|27.437
1405719592|27.437
1405719612|27.375
1405719632|27.375
1405719652|27.375
1405719672|27.312
1405719692|27.312
1405719712|27.25
1405719732|27.25
1405719752|27.187
1405719772|27.125
1405719792|27.062
1405719812|27.062
1405719833|26.937
1405719853|26.812
1405719873|26.75
1405719893|26.562
1405719914|26.562
1405719934|26.625
1405719954|26.625
1405719975|26.687
1405719995|26.687
1405720015|26.75
1405720035|26.75
1405720055|26.75
1405720075|26.75
1405720095|26.687
1405720115|26.625
1405720135|26.625
1405720155|26.625
1405720176|26.625
1405720197|26.625
1405720217|26.562
1405720237|26.562
1405720257|26.562
1405720277|26.562
1405720297|26.5
1405720317|26.5
1405720337|26.437
1405720357|26.437
1405720377|26.437
1405720397|26.437
1405720418|26.437
1405720438|26.375
1405720458|26.375
1405720478|26.375
1405720498|26.312
1405720518|26.312
1405720538|26.312
1405720559|26.312
1405720579|26.25
1405720599|26.25
1405720619|26.25
1405720639|26.187
1405720659|26.187
1405720680|26.187
1405720701|26.125
1405720721|26.125
1405720741|26.062
1405720761|26.062
1405720781|26.062
1405720802|26.0
1405720822|26.0
1405720842|26.0
1405720862|25.937
1405720882|25.937
1405720902|25.937
1405720922|25.937
1405720942|25.875
1405720962|25.875
1405720982|25.875
1405721002|25.812
1405721022|25.812
1405721042|25.812
1405721063|25.75
1405721083|25.75
1405721103|25.687
1405721123|25.687
1405721143|25.625
1405721163|25.625
1405721183|25.625
1405721203|25.625
1405721223|25.562
1405721243|25.562
1405721263|25.5
1405721284|25.5
1405721304|25.5
1405721325|25.437
1405721345|25.437
1405721365|25.375
1405721385|25.375
1405721405|25.375
1405721425|25.312
1405721446|25.312
1405721466|25.312
1405721486|25.25
1405721506|25.25
1405721526|25.187
1405721546|25.187
1405721566|25.187
1405721586|25.125
1405721606|25.062
1405721627|25.0
1405721647|25.0
1405721667|25.0
1405721687|24.937
1405721707|24.937
1405721727|24.937
1405721747|24.875
1405721767|24.875
1405721787|24.875
1405721807|24.812
1405721827|24.812
1405721847|24.812
1405721868|24.75
1405721888|24.75
1405721908|24.75
1405721928|24.687
1405721948|24.625
1405721968|24.562
1405721988|24.562
1405722008|24.5
1405722028|24.5
1405722048|24.437
1405722069|24.312
1405722089|24.187
1405722109|24.187
1405722129|24.125
1405722149|24.062
1405722169|24.125
1405722189|24.062
1405722209|24.062
1405722230|24.062
1405722250|24.0
1405722270|24.0
1405722290|24.0
1405722310|24.0
1405722330|24.0
1405722350|24.0
1405722370|24.0
1405722390|24.0
1405722410|23.937
1405722430|23.937
1405722450|23.937
1405722470|23.937
1405722491|23.937
1405722511|23.875
1405722531|23.937
1405722551|23.875
1405722571|23.875
1405722591|23.812
1405722611|23.812
1405722631|23.75
1405722651|23.75
1405722671|23.75
1405722692|23.687
1405722712|23.625
1405722732|23.625
1405722752|23.625
1405722772|23.625
1405722792|23.562
1405722813|23.562
1405722833|23.562
1405722853|23.562
1405722873|23.562
1405722893|23.562
1405722913|23.5
1405722933|23.5
1405722953|23.5
1405722973|23.5
1405722993|23.437
1405723013|23.437
1405723033|23.375
1405723053|23.375
1405723074|23.375
1405723094|23.375
1405723114|23.312
1405723134|23.312
1405723154|23.312
1405723174|23.312
1405723194|23.312
1405723214|23.25
1405723234|23.187
1405723254|23.187
1405723274|23.187
1405723295|23.125
1405723315|23.125
1405723335|23.125
1405723355|23.125
1405723375|23.062
1405723395|23.062
1405723416|23.062
1405723436|23.062
1405723456|23.0
1405723476|23.0
1405723496|23.0
1405723516|23.0
1405723536|23.0
1405723556|22.937
1405723576|22.937
1405723596|22.937
1405723616|22.875
1405723636|22.875
1405723656|22.812
1405723677|22.75
1405723697|22.75
1405723717|22.75
1405723738|22.75
1405723758|22.687
1405723778|22.687
1405723798|22.687
1405723818|22.625
1405723838|22.625
1405723858|22.625
1405723878|22.562
1405723898|22.562
1405723918|22.562
1405723939|22.562
1405723959|22.5
1405723979|22.437
1405723999|22.437
1405724019|22.375
1405724039|22.375
1405724059|22.312
1405724080|22.25
1405724100|22.25
1405724120|22.25
1405724140|22.25
1405724160|22.187
1405724180|22.187
1405724200|22.187
1405724220|22.125
1405724240|22.125
1405724260|22.125
1405724280|22.125
1405724300|22.125
1405724320|22.125
1405724341|22.062
1405724361|22.0
1405724381|22.0
1405724401|21.937
1405724421|21.937
1405724441|21.875
1405724461|21.875
1405724481|21.812
1405724501|21.812
1405724521|21.812
1405724542|21.812
1405724562|21.812
1405724582|21.812
1405724602|21.812
1405724622|21.812
1405724642|21.812
1405724662|21.75
1405724683|21.75
1405724703|21.75
1405724723|21.687
1405724743|21.687
1405724763|21.687
1405724783|21.687
1405724803|21.687
1405724823|21.687
1405724843|21.687
1405724863|21.687
1405724883|21.625
1405724903|21.625
1405724924|21.625
1405724944|21.625
1405724964|21.625
1405724984|21.562
1405725004|21.562
1405725024|21.5
1405725044|21.562
1405725064|21.5
1405725084|21.5
1405725104|21.5
1405725124|21.5
1405725144|21.437
1405725165|21.375
1405725185|21.375
1405725205|21.375
1405725225|21.375
1405725245|21.375
1405725266|21.375
1405725286|21.375
1405725306|21.375
1405725326|21.312
1405725346|21.312
1405725366|21.25
1405725386|21.25
1405725406|21.25
1405725426|21.187
1405725446|21.187
1405725466|21.125
1405725486|21.125
1405725506|21.125
1405725527|21.125
1405725547|21.125
1405725567|21.062
1405725587|21.125
1405725607|21.062
1405725627|21.062
1405725647|21.062
1405725667|21.062
1405725687|21.062
1405725707|21.062
1405725727|21.062
1405725747|21.062
1405725767|21.0
1405725788|21.0
1405725808|21.0
1405725828|21.0
1405725848|21.0
1405725868|21.0
1405725888|21.0
1405725909|20.937
1405725929|20.937
1405725949|20.937
1405725969|20.937
1405725989|20.875
1405726009|20.875
1405726029|20.875
1405726050|20.812
1405726070|20.812
1405726090|20.812
1405726110|20.812
1405726130|20.812
1405726150|20.812
1405726170|20.75
1405726190|20.75
1405726210|20.75
1405726231|20.75
1405726251|20.75
1405726271|20.687
1405726291|20.687
1405726311|20.687
1405726331|20.687
1405726351|20.625
1405726371|20.687
1405726391|20.625
1405726411|20.625
1405726431|20.625
1405726451|20.562
1405726472|20.562
1405726492|20.562
1405726513|20.5
1405726533|20.5
1405726553|20.5
1405726573|20.5
1405726593|20.5
1405726614|20.437
1405726634|20.437
1405726654|20.437
1405726674|20.437
1405726694|20.375
1405726714|20.375
1405726734|20.312
1405726754|20.312
1405726774|20.312
1405726794|20.312
1405726814|20.25
1405726834|20.25
1405726854|20.25
1405726875|20.25
1405726895|20.25
1405726915|20.187
1405726935|20.187
1405726955|20.187
1405726975|20.187
1405726995|20.187
1405727015|20.125
1405727035|20.125
1405727055|20.125
1405727075|20.125
1405727096|20.125
1405727116|20.125
1405727136|20.125
1405727156|20.125
1405727176|20.125
1405727196|20.062
1405727217|20.125
1405727237|20.125
1405727257|20.062
1405727277|20.062
1405727297|20.062
1405727317|20.062
1405727337|20.062
1405727357|20.062
1405727377|20.0
1405727397|20.0
1405727417|20.0
1405727437|20.0
1405727458|19.937
1405727478|19.937
1405727498|19.937
1405727518|19.937
1405727538|19.875
1405727558|19.875
1405727578|19.875
1405727598|19.875
1405727618|19.812
1405727638|19.812
1405727658|19.812
1405727678|19.75
1405727699|19.812
1405727719|19.75
1405727739|19.75
1405727759|19.75
1405727779|19.75
1405727800|19.75
1405727820|19.687
1405727841|19.687
1405727861|19.687
1405727881|19.687
1405727901|19.687
1405727921|19.687
1405727941|19.687
1405727961|19.687
1405727981|19.625
1405728001|19.625
1405728021|19.625
1405728041|19.625
1405728061|19.625
1405728081|19.625
1405728102|19.625
1405728122|19.625
1405728142|19.562
1405728162|19.562
1405728182|19.562
1405728202|19.562
1405728222|19.562
1405728242|19.562
1405728262|19.5
1405728282|19.5
1405728302|19.5
1405728322|19.5
1405728343|19.5
1405728363|19.5
1405728383|19.437
1405728403|19.437
1405728423|19.5
1405728443|19.437
1405728464|19.437
1405728484|19.437
1405728504|19.375
1405728524|19.437
1405728544|19.437
1405728564|19.375
1405728584|19.375
1405728604|19.375
1405728624|19.312
1405728644|19.312
1405728664|19.312
1405728684|19.312
1405728704|19.312
1405728725|19.312
1405728745|19.25
1405728766|19.25
1405728786|19.25
1405728806|19.25
1405728826|19.25
1405728846|19.25
1405728866|19.187
1405728886|19.187
1405728906|19.187
1405728926|19.187
1405728946|19.187
1405728966|19.187
1405728986|19.187
1405729007|19.125
1405729027|19.125
1405729047|19.125
1405729067|19.125
1405729087|19.125
1405729108|19.062
1405729128|19.062
1405729148|19.062
1405729168|19.062
1405729188|19.062
1405729208|19.062
1405729228|19.0
1405729248|19.0
1405729268|19.0
1405729288|19.0
1405729308|19.0
1405729328|18.937
1405729349|18.937
1405729369|18.937
1405729389|18.937
1405729409|18.937
1405729429|18.937
1405729449|18.937
1405729469|18.875
1405729489|18.875
1405729509|18.875
1405729529|18.875
1405729549|18.875
1405729569|18.875
1405729589|18.875
1405729610|18.812
1405729630|18.812
1405729650|18.812
1405729670|18.812
1405729690|18.812
1405729711|18.812
1405729731|18.812
1405729751|18.75
1405729771|18.75
1405729791|18.75
1405729811|18.75
1405729831|18.687
1405729851|18.687
1405729871|18.687
1405729891|18.687
1405729911|18.687
1405729931|18.687
1405729952|18.687
1405729972|18.687
1405729992|18.625
1405730012|18.625
1405730032|18.625
1405730052|18.625
1405730072|18.562
1405730092|18.562
1405730112|18.562
1405730132|18.562
1405730152|18.562
1405730172|18.562
1405730193|18.562
1405730213|18.562
1405730233|18.5
1405730253|18.5
1405730273|18.5
1405730293|18.5
1405730314|18.5
1405730334|18.5
1405730354|18.437
1405730374|18.437
1405730394|18.437
1405730414|18.437
1405730434|18.437
1405730454|18.375
1405730474|18.375
1405730494|18.375
1405730514|18.375
1405730535|18.375
1405730555|18.375
1405730575|18.312
1405730595|18.312
1405730615|18.312
1405730635|18.312
1405730655|18.312
1405730675|18.25
1405730695|18.25
1405730715|18.25
1405730735|18.25
1405730755|18.187
1405730775|18.25
1405730796|18.25
1405730816|18.25
1405730836|18.187
1405730856|18.187
1405730876|18.187
1405730897|18.187
1405730917|18.187
1405730938|18.187
1405730958|18.187
1405730978|18.187
1405730998|18.187
1405731018|18.125
1405731038|18.125
1405731058|18.125
1405731078|18.062
1405731098|18.125
1405731118|18.062
1405731138|18.062
1405731159|18.062
1405731179|18.062
1405731199|18.062
1405731219|18.062
1405731239|18.062
1405731259|18.062
1405731279|18.062
1405731299|18.062
1405731319|18.062
1405731339|18.0
1405731359|18.0
1405731379|18.0
1405731400|17.937
1405731420|17.937
1405731440|17.937
1405731460|17.937
1405731480|17.937
1405731500|17.937
1405731520|17.875
1405731541|17.937
1405731561|17.875
1405731581|17.875
1405731601|17.875
1405731621|17.875
1405731641|17.812
1405731662|17.812
1405731682|17.812
1405731702|17.812
1405731722|17.812
1405731742|17.812
1405731762|17.812
1405731782|17.812
1405731802|17.75
1405731822|17.812
1405731842|17.75
1405731862|17.75
1405731882|17.75
1405731903|17.75
1405731923|17.75
1405731943|17.75
1405731963|17.75
1405731983|17.75
1405732003|17.687
1405732023|17.687
1405732043|17.687
1405732063|17.687
1405732083|17.687
1405732103|17.687
1405732124|17.687
1405732144|17.687
1405732164|17.687
1405732184|17.687
1405732204|17.687
1405732224|17.687
1405732245|17.625
1405732266|17.625
1405732286|17.625
1405732306|17.625
1405732326|17.625
1405732346|17.625
1405732366|17.625
1405732386|17.625
1405732406|17.625
1405732426|17.625
1405732446|17.562
1405732466|17.562
1405732486|17.562
1405732506|17.562
1405732527|17.562
1405732547|17.562
1405732567|17.562
1405732587|17.5
1405732607|17.5
1405732627|17.5
1405732647|17.5
1405732667|17.5
1405732687|17.5
1405732707|17.5
1405732727|17.5
1405732747|17.437
1405732768|17.437
1405732788|17.437
1405732808|17.437
1405732828|17.437
1405732848|17.437
1405732868|17.437
1405732889|17.437
1405732909|17.375
1405732929|17.375
1405732949|17.375
1405732969|17.375
1405732989|17.375
1405733009|17.375
1405733029|17.375
1405733049|17.375
1405733069|17.312
1405733089|17.375
1405733109|17.312
1405733130|17.312
1405733150|17.312
1405733170|17.312
1405733190|17.312
1405733210|17.312
1405733230|17.25
1405733250|17.25
1405733270|17.25
1405733290|17.25
1405733310|17.25
1405733330|17.25
1405733351|17.25
1405733371|17.25
1405733391|17.25
1405733411|17.187
1405733431|17.187
1405733451|17.187
1405733472|17.187
1405733492|17.187
1405733512|17.187
1405733532|17.125
1405733552|17.125
1405733572|17.125
1405733592|17.125
1405733612|17.125
1405733632|17.125
1405733652|17.125
1405733673|17.125
1405733693|17.062
1405733713|17.062
1405733733|17.062
1405733753|17.062
1405733773|17.062
1405733793|17.062
1405733813|17.062
1405733833|17.062
1405733853|17.062
1405733873|17.0
1405733893|17.0
1405733913|17.0
1405733934|17.0
1405733954|17.0
1405733974|17.0
1405733994|17.0
1405734014|16.937
1405734034|16.937
1405734055|16.937
1405734075|16.937
1405734095|16.937
1405734115|16.937
1405734135|16.937
1405734155|16.937
1405734175|16.937
1405734195|16.937
1405734215|16.937
1405734235|16.875
1405734255|16.875
1405734276|16.875
1405734296|16.875
1405734316|16.875
1405734336|16.875
1405734356|16.875
1405734376|16.812
1405734396|16.812
1405734416|16.812
1405734436|16.812
1405734456|16.812
1405734476|16.812
1405734496|16.812
1405734516|16.75
1405734537|16.812
1405734557|16.75
1405734577|16.75
1405734597|16.75
1405734617|16.75
1405734637|16.75
1405734657|16.75
1405734678|16.687
1405734698|16.687
1405734718|16.687
1405734738|16.687
1405734758|16.687
1405734778|16.625
1405734798|16.687
1405734818|16.687
1405734838|16.625
1405734858|16.625
1405734879|16.625
1405734899|16.625
1405734919|16.625
1405734939|16.625
1405734959|16.625
1405734979|16.625
1405734999|16.562
1405735019|16.562
1405735039|16.562
1405735059|16.562
1405735079|16.562
1405735099|16.562
1405735119|16.5
1405735140|16.562
1405735160|16.5
1405735180|16.5
1405735200|16.5
1405735220|16.5
1405735240|16.5
1405735260|16.5
1405735281|16.5
1405735301|16.5
1405735321|16.5
1405735341|16.437
1405735361|16.437
1405735381|16.437
1405735401|16.437
1405735421|16.437
1405735441|16.437
1405735461|16.375
1405735482|16.375
1405735502|16.375
1405735522|16.375
1405735542|16.375
1405735562|16.375
1405735582|16.375
1405735602|16.375
1405735622|16.375
1405735642|16.25
1405735663|16.25
1405735683|16.25
1405735703|16.187
1405735723|16.187
1405735743|16.187
1405735763|16.187
1405735783|16.187
1405735803|16.187
1405735823|16.187
1405735843|16.187
1405735863|16.187
1405735884|16.187
1405735904|16.187
1405735924|16.187
1405735944|16.187
1405735964|16.187
1405735984|16.187
1405736005|16.187
1405736025|16.187
1405736045|16.187
1405736065|16.187
1405736085|16.125
1405736105|16.125
1405736125|16.125
1405736145|16.125
1405736165|16.125
1405736185|16.062
1405736205|16.062
1405736225|16.125
1405736245|16.062
1405736266|16.062
1405736286|16.062
1405736306|16.062
1405736326|16.062
1405736346|16.0
1405736366|16.0
1405736386|16.0
1405736406|16.0
1405736426|16.0
1405736446|16.0
1405736467|15.937
1405736487|16.0
1405736507|16.0
1405736527|16.0
1405736547|15.937
1405736567|15.937
1405736587|15.937
1405736608|15.937
1405736628|15.875
1405736648|15.875
1405736668|15.875
1405736688|15.875
1405736708|15.875
1405736728|15.875
1405736748|15.875
1405736768|15.875
1405736788|15.875
1405736808|15.875
1405736828|15.875
1405736848|15.875
1405736869|15.875
1405736889|15.875
1405736909|15.875
1405736929|15.812
1405736949|15.812
1405736969|15.812
1405736989|15.812
1405737009|15.812
1405737029|15.812
1405737049|15.812
1405737070|15.812
1405737091|15.75
1405737111|15.75
1405737131|15.75
1405737151|15.75
1405737171|15.75
1405737192|15.75
1405737212|15.75
1405737232|15.75
1405737252|15.75
1405737272|15.75
1405737292|15.75
1405737312|15.687
1405737332|15.687
1405737352|15.687
1405737372|15.687
1405737392|15.687
1405737412|15.687
1405737432|15.687
1405737453|15.687
1405737473|15.687
1405737493|15.687
1405737513|15.625
1405737533|15.625
1405737553|15.625
1405737573|15.625
1405737593|15.625
1405737613|15.625
1405737633|15.562
1405737653|15.562
1405737673|15.625
1405737694|15.562
1405737714|15.562
1405737734|15.562
1405737754|15.562
1405737774|15.562
1405737795|15.562
1405737815|15.5
1405737835|15.5
1405737855|15.5
1405737875|15.5
1405737896|15.5
1405737916|15.5
1405737936|15.5
1405737956|15.5
1405737976|15.5
1405737996|15.5
1405738016|15.437
1405738036|15.5
1405738056|15.5
1405738076|15.5
1405738096|15.5
1405738116|15.5
1405738136|15.5
1405738157|15.437
1405738177|15.5
1405738197|15.437
1405738217|15.5
1405738237|15.5
1405738257|15.5
1405738277|15.437
1405738297|15.437
1405738317|15.437
1405738337|15.437
1405738358|15.437
1405738378|15.437
1405738398|15.437
1405738418|15.437
1405738438|15.437
1405738458|15.437
1405738479|15.437
1405738499|15.437
1405738519|15.437
1405738539|15.437
1405738559|15.375
1405738579|15.437
1405738599|15.437
1405738619|15.437
1405738639|15.437
1405738659|15.437
1405738679|15.437
1405738699|15.437
1405738719|15.437
1405738740|15.375
1405738760|15.375
1405738780|15.375
1405738800|15.437
1405738820|15.375
1405738840|15.375
1405738860|15.375
1405738880|15.375
1405738900|15.375
1405738920|15.437
1405738940|15.437
1405738961|15.437
1405738981|15.437
1405739001|15.437
1405739021|15.437
1405739041|15.437
1405739062|15.437
1405739082|15.437
1405739102|15.437
1405739122|15.437
1405739142|15.437
1405739162|15.437
1405739182|15.437
1405739202|15.437
1405739222|15.437
1405739242|15.437
1405739262|15.437
1405739282|15.437
1405739302|15.437
1405739323|15.437
1405739343|15.437
1405739363|15.437
1405739383|15.437
1405739403|15.437
1405739423|15.437
1405739443|15.437
1405739463|15.437
1405739483|15.437
1405739503|15.437
1405739523|15.437
1405739543|15.437
1405739564|15.437
1405739584|15.437
1405739604|15.437
1405739624|15.5
1405739644|15.5
1405739665|15.5
1405739685|15.437
1405739705|15.5
1405739725|15.5
1405739745|15.5
1405739765|15.5
1405739785|15.5
1405739805|15.5
1405739825|15.5
1405739846|15.5
1405739866|15.5
1405739886|15.5
1405739906|15.5
1405739926|15.5
1405739946|15.5
1405739966|15.5
1405739986|15.5
1405740006|15.562
1405740026|15.5
1405740047|15.562
1405740067|15.562
1405740087|15.562
1405740107|15.562
1405740127|15.562
1405740147|15.562
1405740168|15.562
1405740188|15.562
1405740208|15.562
1405740228|15.562
1405740248|15.562
1405740268|15.562
1405740288|15.562
1405740308|15.562
1405740329|15.562
1405740349|15.562
1405740369|15.625
1405740389|15.625
1405740409|15.625
1405740429|15.625
1405740449|15.625
1405740469|15.687
1405740489|15.687
1405740510|15.687
1405740530|15.687
1405740550|15.687
1405740570|15.75
1405740590|15.75
1405740610|15.75
1405740630|15.812
1405740650|15.812
1405740670|15.812
1405740690|15.875
1405740710|15.875
1405740730|15.937
1405740750|15.937
1405740771|16.0
1405740791|16.0
1405740811|16.0
1405740831|16.062
1405740851|16.125
1405740871|16.125
1405740891|16.187
1405740912|16.187
1405740932|16.25
1405740952|16.312
1405740972|16.375
1405740993|16.437
1405741013|16.5
1405741033|16.562
1405741053|16.562
1405741073|16.625
1405741093|16.687
1405741113|16.75
1405741133|16.812
1405741153|16.812
1405741174|16.875
1405741194|16.937
1405741214|17.0
1405741234|17.062
1405741254|17.062
1405741274|17.125
1405741294|17.187
1405741314|17.25
1405741334|17.312
1405741354|17.375
1405741374|17.437
1405741394|17.437
1405741415|17.5
1405741435|17.562
1405741455|17.625
1405741475|17.687
1405741495|17.75
1405741515|17.812
1405741535|17.812
1405741555|17.875
1405741575|17.875
1405741596|17.937
1405741616|18.0
1405741636|18.062
1405741656|18.125
1405741676|18.187
1405741696|18.25
1405741716|18.312
1405741736|18.312
1405741757|18.375
1405741777|18.375
1405741797|18.437
1405741817|18.5
1405741837|18.562
1405741857|18.625
1405741877|18.687
1405741897|18.75
1405741917|18.812
1405741937|18.875
1405741957|18.937
1405741977|19.0
1405741997|19.062
1405742018|19.125
1405742038|19.187
1405742058|19.25
1405742078|19.312
1405742098|19.375
1405742118|19.437
1405742138|19.5
1405742158|19.625
1405742178|19.625
1405742199|19.75
1405742219|19.812
1405742239|19.875
1405742259|19.937
1405742279|20.0
1405742300|20.062
1405742320|20.062
1405742340|20.125
1405742360|20.125
1405742380|20.312
1405742400|20.437
1405742420|20.5
1405742440|20.5
1405742460|20.562
1405742480|20.562
1405742500|20.625
1405742520|20.687
1405742540|20.687
1405742561|20.75
1405742581|20.875
1405742601|20.937
1405742621|21.0
1405742641|21.062
1405742661|21.187
1405742681|21.25
1405742701|21.312
1405742721|21.375
1405742741|21.437
1405742761|21.437
1405742782|21.562
1405742802|21.625
1405742822|21.687
1405742842|21.75
1405742862|21.75
1405742882|21.812
1405742902|21.812
1405742923|21.812
1405742943|21.875
1405742963|21.875
1405742983|21.937
1405743003|22.0
1405743023|22.125
1405743043|22.187
1405743063|22.25
1405743083|22.375
1405743103|22.375
1405743124|22.5
1405743144|22.625
1405743164|22.687
1405743184|22.812
1405743204|22.875
1405743224|22.937
1405743244|23.062
1405743264|23.125
1405743285|23.187
1405743305|23.25
1405743325|23.312
1405743345|23.375
1405743365|23.437
1405743385|23.5
1405743405|23.5
1405743425|23.625
1405743445|23.625
1405743465|23.75
1405743486|23.687
1405743506|23.687
1405743526|23.75
1405743546|23.812
1405743566|23.875
1405743586|23.937
1405743606|23.937
1405743627|23.875
1405743647|23.875
1405743667|23.937
1405743687|24.0
1405743707|24.062
1405743727|24.125
1405743747|24.25
1405743767|24.312
1405743787|24.312
1405743807|24.375
1405743827|24.437
1405743847|24.5
1405743867|24.5
1405743888|24.625
1405743908|24.687
1405743928|24.812
1405743948|24.875
1405743968|25.0
1405743988|25.062
1405744008|25.125
1405744028|25.187
1405744048|25.312
1405744068|25.375
1405744088|25.437
1405744109|25.5
1405744129|25.562
1405744149|25.625
1405744169|25.625
1405744189|25.75
1405744209|25.812
1405744230|25.812
1405744250|25.812
1405744270|25.875
1405744290|26.0
1405744310|26.125
1405744330|26.312
1405744350|26.437
1405744370|26.562
1405744390|26.687
1405744410|26.812
1405744430|26.937
1405744450|27.062
1405744470|27.187
1405744491|27.375
1405744511|27.5
1405744531|27.625
1405744551|27.812
1405744571|27.937
1405744591|28.062
1405744611|28.187
1405744631|28.312
1405744651|28.437
1405744671|28.562
1405744691|28.75
1405744712|28.937
1405744732|29.125
1405744752|29.312
1405744772|29.5
1405744792|29.625
1405744812|29.812
1405744832|29.812
1405744853|30.062
1405744873|30.187
1405744893|30.25
1405744913|30.375
1405744933|30.5
1405744953|30.625
1405744973|30.75
1405744993|31.0
1405745013|31.25
1405745033|31.25
1405745053|31.687
1405745073|31.875
1405745094|32.062
1405745114|32.375
1405745134|32.625
1405745154|32.937
1405745174|33.25
1405745194|33.625
1405745214|34.0
1405745234|34.375
1405745254|34.625
1405745274|34.875
1405745294|35.125
1405745315|35.437
1405745335|35.687
1405745355|36.0
1405745375|36.187
1405745395|36.375
1405745415|36.562
1405745435|36.812
1405745455|37.062
1405745476|37.25
1405745496|37.562
1405745516|37.937
1405745536|38.187
1405745556|38.437
1405745576|38.625
1405745596|38.937
1405745616|39.25
1405745636|39.562
1405745656|39.875
1405745676|40.125
1405745696|40.375
1405745716|40.375
1405745737|40.937
1405745757|40.937
1405745777|41.187
1405745797|41.437
1405745817|41.687
1405745837|41.875
1405745857|42.187
1405745877|42.375
1405745897|42.5
1405745917|42.75
1405745938|42.875
1405745958|43.062
1405745978|43.25
1405745998|43.437
1405746018|43.687
1405746039|44.0
1405746059|44.187
1405746079|44.187
1405746099|44.75
1405746119|45.062
1405746139|45.375
1405746159|45.625
1405746179|45.812
1405746199|45.937
1405746219|46.062
1405746239|46.25
1405746259|46.375
1405746280|46.5
1405746301|46.687
1405746321|46.937
1405746341|47.25
1405746361|47.5
1405746381|47.687
1405746401|47.937
1405746421|48.125
1405746441|48.375
1405746461|48.625
1405746481|48.812
1405746501|49.125
1405746521|49.312
1405746541|49.562
1405746562|49.687
1405746582|49.812
1405746602|50.0
1405746622|50.125
1405746642|50.312
1405746662|50.437
1405746683|50.562
1405746703|50.687
1405746723|50.937
1405746743|51.125
1405746763|51.375
1405746783|51.562
1405746803|51.812
1405746823|52.0
1405746843|52.187
1405746863|52.437
1405746884|52.625
1405746904|52.875
1405746924|53.0
1405746944|53.125
1405746964|53.25
1405746984|53.25
1405747004|53.5
1405747024|53.75
1405747044|54.0
1405747064|54.0
1405747084|54.062
1405747104|54.25
1405747124|54.437
1405747145|54.625
1405747165|54.375
1405747185|49.937
1405747205|42.687
1405747225|42.687
1405747245|35.75
1405747265|34.5
1405747286|33.937
1405747306|33.875
1405747326|34.062
1405747346|34.437
1405747366|34.437
1405747386|35.437
1405747406|36.0
1405747426|36.562
1405747446|37.125
1405747467|37.625
1405747487|38.187
1405747507|38.625
1405747527|39.125
1405747547|39.625
1405747567|40.062
1405747587|40.562
1405747607|40.937
1405747627|41.437
1405747647|41.687
1405747667|42.062
1405747687|42.5
1405747707|42.5
1405747728|43.25
1405747748|43.562
1405747768|43.875
1405747788|44.25
1405747808|44.75
1405747828|45.062
1405747848|45.375
1405747868|45.687
1405747889|46.0
1405747909|46.25
1405747929|46.375
1405747949|46.625
1405747969|46.875
1405747989|47.187
1405748009|47.625
1405748029|47.687
1405748049|48.062
1405748070|48.437
1405748090|48.625
1405748110|48.75
1405748130|48.937
1405748150|49.25
1405748170|49.5
1405748190|49.812
1405748210|50.125
1405748230|50.437
1405748250|50.625
1405748270|50.75
1405748290|50.812
1405748311|51.0
1405748331|51.25
1405748351|51.5
1405748371|51.812
1405748391|52.062
1405748411|52.25
1405748431|52.5
1405748451|52.687
1405748471|52.875
1405748492|53.062
1405748512|53.312
1405748532|53.437
1405748552|53.625
1405748572|53.812
1405748592|54.0
1405748612|54.25
1405748632|54.437
1405748652|54.625
1405748673|54.875
1405748693|55.062
1405748713|55.187
1405748733|55.25
1405748753|55.312
1405748773|55.5
1405748793|55.625
1405748813|55.812
1405748833|56.0
1405748853|56.187
1405748873|56.187
1405748893|56.562
1405748914|56.625
1405748934|56.625
1405748954|56.625
1405748974|56.625
1405748994|56.75
1405749014|56.937
1405749034|57.062
1405749054|57.062
1405749074|57.375
1405749095|57.5
1405749115|57.625
1405749135|57.625
1405749155|57.875
1405749175|58.125
1405749195|58.25
1405749215|58.375
1405749235|58.375
1405749255|58.375
1405749276|58.75
1405749296|58.875
1405749316|59.0
1405749336|59.125
1405749356|59.125
1405749376|59.312
1405749396|59.5
1405749417|59.562
1405749437|59.687
1405749457|59.687
1405749477|59.687
1405749497|59.812
1405749517|60.0
1405749537|60.125
1405749557|60.25
1405749577|60.312
1405749597|60.312
1405749617|60.25
1405749637|60.25
1405749658|60.25
1405749678|60.437
1405749698|60.562
1405749718|60.687
1405749738|60.875
1405749758|61.0
1405749779|61.062
1405749799|60.687
1405749819|60.5
1405749839|60.375
1405749859|60.375
1405749879|60.312
1405749899|60.0
1405749919|59.687
1405749939|59.75
1405749959|60.125
1405749979|60.125
1405749999|60.25
1405750020|60.375
1405750040|60.562
1405750060|60.812
1405750080|61.062
1405750100|61.0
1405750120|60.687
1405750140|60.812
1405750160|61.062
1405750180|61.25
1405750200|61.5
1405750221|61.687
1405750241|61.875
1405750261|62.062
1405750281|62.25
1405750302|62.312
1405750322|62.437
1405750342|62.562
1405750362|62.687
1405750382|62.75
1405750402|62.75
1405750423|62.687
1405750443|62.625
1405750463|62.562
1405750483|62.5
1405750503|62.437
1405750523|62.5
1405750543|62.625
1405750563|62.812
1405750583|62.937
1405750603|63.0
1405750623|63.0
1405750644|63.187
1405750664|63.375
1405750684|63.625
1405750704|63.875
1405750724|64.062
1405750744|64.312
1405750764|64.375
1405750784|64.437
1405750804|64.562
1405750824|64.625
1405750844|64.687
1405750864|64.687
1405750884|64.812
1405750905|64.875
1405750925|64.937
1405750945|65.125
1405750965|65.312
1405750985|65.5
1405751005|65.687
1405751026|65.687
1405751046|65.75
1405751066|65.75
1405751086|65.562
1405751106|65.625
1405751126|65.812
1405751146|66.0
1405751166|66.187
1405751186|66.312
1405751206|66.5
1405751227|66.687
1405751247|66.812
1405751267|66.937
1405751287|66.937
1405751307|66.875
1405751327|67.0
1405751347|66.937
1405751367|67.0
1405751387|67.187
1405751407|67.25
1405751427|67.25
1405751447|67.375
1405751467|67.5
1405751488|67.687
1405751508|67.75
1405751528|67.812
1405751548|67.937
1405751568|67.937
1405751588|68.0
1405751608|68.062
1405751628|67.937
1405751649|67.937
1405751669|68.0
1405751689|68.0
1405751709|68.062
1405751729|68.125
1405751749|68.25
1405751769|68.25
1405751789|68.312
1405751810|68.312
1405751830|68.125
1405751850|68.062
1405751870|68.125
1405751890|68.187
1405751910|68.25
1405751930|68.312
1405751950|68.312
1405751970|68.437
1405751990|68.437
1405752010|68.5
1405752030|68.5
1405752050|68.5
1405752071|68.625
1405752091|68.687
1405752111|68.75
1405752131|68.812
1405752151|68.75
1405752171|68.75
1405752191|68.75
1405752211|68.25
1405752231|68.187
1405752252|67.687
1405752272|66.125
1405752292|65.937
1405752312|66.062
1405752332|66.312
1405752352|66.375
1405752372|66.812
1405752392|67.312
1405752413|67.5
1405752433|67.875
1405752453|68.312
1405752473|68.687
1405752493|69.0
1405752513|69.25
1405752533|69.437
1405752553|69.687
1405752573|69.875
1405752593|70.062
1405752613|70.375
1405752633|70.687
1405752653|70.875
1405752674|71.062
1405752694|71.187
1405752714|71.187
1405752734|71.5
1405752754|71.75
1405752774|71.75
1405752794|71.937
1405752814|72.125
1405752835|72.25
1405752855|72.5
1405752875|72.875
1405752895|73.25
1405752915|73.375
1405752935|73.625
1405752955|73.937
1405752975|74.187
1405752995|74.375
1405753016|74.375
1405753036|74.625
1405753056|72.625
1405753076|68.937
1405753096|61.437
1405753116|54.187
1405753136|50.312
1405753156|48.625
1405753176|48.625
1405753196|48.687
1405753216|49.625
1405753236|50.687
1405753257|52.0
1405753277|53.437
1405753297|54.875
1405753317|56.25
1405753337|57.5
1405753357|58.75
1405753377|59.75
1405753397|60.687
1405753417|61.625
1405753437|62.562
1405753458|63.437
1405753478|64.437
1405753498|65.437
1405753518|66.5
1405753538|67.375
1405753558|68.312
1405753578|69.187
1405753598|70.0
1405753619|70.75
1405753639|71.437
1405753659|72.125
1405753679|72.687
1405753699|72.437
1405753719|71.875
1405753739|70.437
1405753760|68.562
1405753780|67.0
1405753800|65.875
1405753820|65.125
1405753840|64.0
1405753860|58.562
1405753880|50.937
1405753900|45.437
1405753920|41.812
1405753941|41.812
1405753961|39.437
1405753981|39.562
1405754001|40.25
1405754021|41.187
1405754041|42.375
1405754061|43.687
1405754081|44.937
1405754101|46.375
1405754122|47.812
1405754142|49.312
1405754162|50.75
1405754182|52.125
1405754202|53.125
1405754222|54.437
1405754242|55.75
1405754263|57.0
1405754283|58.187
1405754303|59.437
1405754323|60.687
1405754343|61.687
1405754363|62.687
1405754383|63.687
1405754403|64.562
1405754423|65.5
1405754443|66.5
1405754463|67.25
1405754483|68.187
1405754504|68.812
1405754524|69.625
1405754544|70.437
1405754564|71.187
1405754584|71.75
1405754604|72.187
1405754624|72.687
1405754644|72.687
1405754664|73.375
1405754684|72.5
1405754704|72.25
1405754724|71.75
1405754745|69.937
1405754765|68.75
1405754785|68.187
1405754805|68.25
1405754825|67.375
1405754845|62.75
1405754866|54.687
1405754886|48.187
1405754906|43.875
1405754926|41.5
1405754946|40.5
1405754966|40.5
1405754986|41.062
1405755006|42.125
1405755026|43.625
1405755046|45.312
1405755066|47.125
1405755086|49.0
1405755107|50.875
1405755127|52.75
1405755147|54.437
1405755167|56.062
1405755187|57.687
1405755207|57.687
1405755228|61.125
1405755248|62.562
1405755268|63.562
1405755289|64.812
1405755309|64.812
1405755329|67.687
1405755349|68.875
1405755370|70.0
1405755390|71.187
1405755410|72.187
1405755430|73.125
1405755450|74.062
1405755470|74.937
1405755490|75.75
1405755510|76.437
1405755530|76.687
1405755551|76.125
1405755571|74.687
1405755591|67.312
1405755611|58.312
1405755631|53.562
1405755651|51.812
1405755671|51.812
1405755691|52.75
1405755711|53.937
1405755732|53.437
1405755752|48.5
1405755772|45.062
1405755792|43.312
1405755812|42.187
1405755832|41.687
1405755852|41.437
1405755872|41.5
1405755892|41.812
1405755912|42.625
1405755932|44.062
1405755952|45.812
1405755972|47.875
1405755993|49.937
1405756013|52.062
1405756033|53.187
1405756053|53.187
1405756073|47.25
1405756093|46.312
1405756113|46.062
1405756133|46.062
1405756154|46.187
1405756174|46.875
1405756194|47.875
1405756214|49.062
1405756234|50.562
1405756254|52.25
1405756274|54.062
1405756294|54.812
1405756315|54.0
1405756335|54.187
1405756355|54.875
1405756375|55.812
1405756395|57.062
1405756416|58.562
1405756436|60.375
1405756456|62.437
1405756476|64.562
1405756496|66.375
1405756516|68.125
1405756536|69.25
1405756556|70.5
1405756576|67.937
1405756596|60.812
1405756616|56.437
1405756637|53.687
1405756657|51.812
1405756677|50.312
1405756697|49.187
1405756717|48.75
1405756737|49.062
1405756757|49.875
1405756777|49.875
1405756797|52.687
1405756818|54.375
1405756838|55.562
1405756858|55.562
1405756878|51.375
1405756899|50.25
1405756919|49.375
1405756939|48.687
1405756959|48.0
1405756979|47.437
1405756999|47.5
1405757019|48.312
1405757039|49.5
1405757059|51.062
1405757079|52.75
1405757099|54.187
1405757119|52.5
1405757139|50.625
1405757160|49.5
1405757180|49.5
1405757200|48.5
1405757220|48.312
1405757240|48.062
1405757260|48.875
1405757280|50.125
1405757300|51.625
1405757320|53.25
1405757340|55.062
1405757360|53.687
1405757380|51.437
1405757400|50.062
1405757421|49.5
1405757441|49.0
1405757461|48.875
1405757481|49.125
1405757501|49.875
1405757522|50.875
1405757542|51.937
1405757562|53.375
1405757582|55.125
1405757602|53.125
1405757622|51.125
1405757642|50.062
1405757662|49.562
1405757682|49.312
1405757702|49.187
1405757722|49.437
1405757742|50.312
1405757763|51.5
1405757783|52.875
1405757803|52.875
1405757823|55.187
1405757843|52.875
1405757863|51.25
1405757883|50.062
1405757903|49.625
1405757923|49.312
1405757943|49.187
1405757963|49.625
1405757983|50.687
1405758003|52.125
1405758024|53.625
1405758044|55.25
1405758064|55.5
1405758084|53.25
1405758104|51.625
1405758125|50.5
1405758145|50.062
1405758165|49.875
1405758185|49.75
1405758205|50.312
1405758225|51.25
1405758245|52.187
1405758265|53.5
1405758285|55.187
1405758305|54.25
1405758325|52.0
1405758346|50.25
1405758366|49.312
1405758386|48.937
1405758406|48.812
1405758426|49.0
1405758446|49.875
1405758466|51.125
1405758486|52.5
1405758506|54.062
1405758526|55.75
1405758546|53.812
1405758566|51.625
1405758587|50.25
1405758607|49.812
1405758627|49.562
1405758647|49.375
1405758667|49.375
1405758687|50.625
1405758707|51.937
1405758728|53.5
1405758748|55.25
1405758768|55.437
1405758788|53.125
1405758808|51.5
1405758828|50.562
1405758849|50.187
1405758869|49.75
1405758889|49.625
1405758909|50.5
1405758929|51.812
1405758950|53.187
1405758970|54.625
1405758990|54.5
1405759010|52.25
1405759030|50.5
1405759050|49.437
1405759070|49.125
1405759090|48.875
1405759110|49.25
1405759131|50.125
1405759151|51.5
1405759171|53.187
1405759191|54.937
1405759211|56.875
1405759231|56.875
1405759251|53.125
1405759271|51.812
1405759291|50.812
1405759311|50.187
1405759331|49.75
1405759351|49.75
1405759372|50.5
1405759392|51.625
1405759412|51.625
1405759432|54.625
1405759452|56.437
1405759472|54.812
1405759493|52.812
1405759513|51.062
1405759533|50.062
1405759553|49.625
1405759573|49.375
1405759593|49.375
1405759613|50.25
1405759633|51.625
1405759653|53.187
1405759673|53.187
1405759694|57.25
1405759714|55.687
1405759734|53.687
1405759754|52.312
1405759774|51.25
1405759795|50.5
1405759815|50.125
1405759835|49.812
1405759855|50.312
1405759875|51.625
1405759895|53.312
1405759915|54.937
1405759935|57.125
1405759955|55.937
1405759976|53.625
1405759996|51.875
1405760016|50.75
1405760036|50.187
1405760056|49.875
1405760076|49.875
1405760096|50.625
1405760116|51.937
1405760136|53.687
1405760157|55.75
1405760177|57.875
1405760197|56.312
1405760217|54.187
1405760237|52.687
1405760257|51.375
1405760277|50.75
1405760297|50.187
1405760318|50.062
1405760338|50.625
1405760358|51.875
1405760378|52.875
1405760398|54.812
1405760418|57.062
1405760438|56.0
1405760458|53.687
1405760478|52.062
1405760498|51.125
1405760518|50.437
1405760538|50.187
1405760558|50.187
1405760579|51.062
1405760599|52.625
1405760619|54.437
1405760639|56.562
1405760659|58.437
1405760679|55.937
1405760699|53.562
1405760719|51.75
1405760740|50.687
1405760761|49.875
1405760781|49.25
1405760801|49.25
1405760821|49.375
1405760841|50.5
1405760861|52.312
1405760881|52.312
1405760902|57.125
1405760922|57.25
1405760942|54.687
1405760962|52.812
1405760982|51.687
1405761002|50.312
1405761022|49.25
1405761042|49.25
1405761062|49.437
1405761083|50.5
1405761103|51.687
1405761123|53.937
1405761143|56.312
1405761163|58.062
1405761183|55.687
1405761203|53.562
1405761223|52.187
1405761243|51.0
1405761263|50.312
1405761283|49.75
1405761303|50.062
1405761323|50.875
1405761344|52.5
1405761364|54.562
1405761384|56.625
1405761404|59.062
1405761424|56.75
1405761444|54.062
1405761464|52.562
1405761484|51.437
1405761505|50.687
1405761525|50.5
1405761545|50.562
1405761566|51.437
1405761586|52.562
1405761607|54.5
1405761627|54.5
1405761647|58.687
1405761667|56.375
1405761687|54.187
1405761707|52.25
1405761727|50.625
1405761747|50.062
1405761767|49.937
1405761787|50.125
1405761807|51.125
1405761827|52.937
1405761848|54.937
1405761868|57.312
1405761888|59.687
1405761908|62.125
1405761928|64.312
1405761948|64.25
1405761968|59.562
1405761988|55.875
1405762008|54.062
1405762028|52.937
1405762048|52.25
1405762068|51.75
1405762088|51.312
1405762109|51.687
1405762130|52.75
1405762150|54.375
1405762170|56.375
1405762190|58.625
1405762211|60.5
1405762231|57.062
1405762251|54.812
1405762271|53.375
1405762291|52.312
1405762311|51.75
1405762331|51.562
1405762351|52.187
1405762371|52.187
1405762392|52.937
1405762412|54.125
1405762432|56.437
1405762452|55.5
1405762472|53.375
1405762492|51.312
1405762512|50.437
1405762532|49.375
1405762552|48.5
1405762572|48.625
1405762592|49.562
1405762612|50.937
1405762632|52.687
1405762653|53.812
1405762673|55.437
1405762693|54.5
1405762713|52.812
1405762733|51.75
1405762753|51.0
1405762773|49.562
1405762793|49.562
1405762814|49.312
1405762834|50.0
1405762854|51.062
1405762874|52.312
1405762894|53.812
1405762914|54.562
1405762934|52.062
1405762954|51.0
1405762975|50.437
1405762995|49.75
1405763016|49.687
1405763036|49.937
1405763056|50.625
1405763076|51.687
1405763096|52.812
1405763116|54.187
1405763136|55.937
1405763156|54.062
1405763176|52.5
1405763196|51.75
1405763216|51.25
1405763236|50.687
1405763257|50.75
1405763277|50.937
1405763297|51.187
1405763317|52.312
1405763337|53.25
1405763357|54.687
1405763377|54.875
1405763397|52.937
1405763417|50.812
1405763437|49.875
1405763457|49.5
1405763477|48.562
1405763498|49.0
1405763518|49.437
1405763538|51.375
1405763558|52.687
1405763579|53.25
1405763599|53.75
1405763619|52.625
1405763639|51.812
1405763659|51.25
1405763679|50.937
1405763699|50.812
1405763719|51.062
1405763739|51.687
1405763759|52.812
1405763779|54.25
1405763799|56.0
1405763819|57.5
1405763840|55.437
1405763860|53.937
1405763880|52.937
1405763900|52.0
1405763920|51.5
1405763940|51.437
1405763960|51.437
1405763980|51.875
1405764000|53.25
1405764020|54.812
1405764040|56.0
1405764061|55.812
1405764081|54.0
1405764101|52.875
1405764121|52.062
1405764141|51.687
1405764161|51.437
1405764182|51.437
1405764202|51.937
1405764222|52.937
1405764242|54.25
1405764262|55.937
1405764282|57.375
1405764302|56.312
1405764322|54.562
1405764342|53.25
1405764363|52.25
1405764383|51.562
1405764403|50.937
1405764423|50.937
1405764443|51.5
1405764463|52.875
1405764483|54.375
1405764503|56.125
1405764523|56.937
1405764543|55.062
1405764563|53.562
1405764583|52.687
1405764603|52.0
1405764624|51.312
1405764644|51.125
1405764664|51.687
1405764684|52.75
1405764704|53.937
1405764724|55.687
1405764744|57.125
1405764764|55.25
1405764785|53.625
1405764805|52.0
1405764825|51.25
1405764845|51.0
1405764865|50.937
1405764885|51.312
1405764905|52.25
1405764926|53.562
1405764946|55.187
1405764966|55.125
1405764986|53.437
1405765006|51.875
1405765026|50.375
1405765046|49.375
1405765066|49.687
1405765086|49.937
1405765106|49.562
1405765126|51.125
1405765146|51.625
1405765166|51.25
1405765187|51.562
1405765207|50.875
1405765227|50.5
1405765247|49.875
1405765267|48.375
1405765287|48.937
1405765307|49.062
1405765327|49.562
1405765347|50.5
1405765367|51.0
1405765388|53.0
1405765408|55.312
1405765428|55.187
1405765448|53.687
1405765468|52.187
1405765488|50.687
1405765508|50.437
1405765529|50.375
1405765549|50.562
1405765569|50.375
1405765589|51.75
1405765609|53.375
1405765629|55.562
1405765649|55.687
1405765669|53.812
1405765689|52.437
1405765709|52.437
1405765729|51.687
1405765750|51.25
1405765770|50.812
1405765790|51.625
1405765810|53.0
1405765830|54.375
1405765850|55.437
1405765870|55.5
1405765890|54.062
1405765910|51.875
1405765931|51.0
1405765951|50.687
1405765971|50.75
1405765991|51.0
1405766011|51.75
1405766031|53.0
1405766051|54.437
1405766072|55.625
1405766092|57.187
1405766112|55.437
1405766132|54.0
1405766152|52.687
1405766172|52.187
1405766192|51.875
1405766212|51.812
1405766232|52.625
1405766253|52.625
1405766273|54.687
1405766293|56.062
1405766313|56.625
1405766333|54.562
1405766353|52.437
1405766373|51.687
1405766393|51.625
1405766413|51.562
1405766433|51.937
1405766453|52.562
1405766473|53.937
1405766493|55.437
1405766514|55.937
1405766534|54.125
1405766554|52.875
1405766574|52.312
1405766595|52.125
1405766615|52.062
1405766635|52.625
1405766655|53.562
1405766675|54.75
1405766695|56.312
1405766715|58.125
1405766735|57.312
1405766756|55.562
1405766776|54.437
1405766796|53.562
1405766816|52.687
1405766836|52.375
1405766856|52.687
1405766876|53.25
1405766896|54.437
1405766916|56.0
1405766937|57.562
1405766957|56.25
1405766977|55.0
1405766997|53.937
1405767017|51.75
1405767037|51.5
1405767057|51.625
1405767077|52.125
1405767097|53.125
1405767117|54.312
1405767137|55.812
1405767157|56.375
1405767178|55.0
1405767198|53.687
1405767218|53.187
1405767238|52.625
1405767258|51.0
1405767278|50.937
1405767298|51.375
1405767318|52.812
1405767338|54.125
1405767359|55.562
1405767379|54.75
1405767399|53.5
1405767419|52.687
1405767439|52.312
1405767459|51.937
1405767479|50.687
1405767499|50.875
1405767520|51.812
1405767540|53.375
1405767560|53.375
1405767580|56.812
1405767600|55.812
1405767620|54.25
1405767640|52.875
1405767660|52.312
1405767680|51.75
1405767700|51.75
1405767720|52.312
1405767740|52.312
1405767761|52.312
1405767781|55.687
1405767801|56.937
1405767821|55.375
1405767841|54.125
1405767861|53.0
1405767881|52.687
1405767901|51.25
1405767921|51.312
1405767941|51.937
1405767962|52.562
1405767982|54.125
1405768002|55.812
1405768022|57.625
1405768043|54.687
1405768063|53.687
1405768083|53.0
1405768103|52.75
1405768123|52.5
1405768143|52.5
1405768163|52.062
1405768183|52.812
1405768203|53.937
1405768224|55.187
1405768244|57.0
1405768264|56.312
1405768284|54.937
1405768304|53.375
1405768324|52.25
1405768344|51.687
1405768364|51.562
1405768384|52.062
1405768404|52.687
1405768424|54.187
1405768444|55.5
1405768464|57.312
1405768485|56.062
1405768505|53.875
1405768526|52.562
1405768546|52.437
1405768566|51.75
1405768586|51.75
1405768606|51.5
1405768626|52.75
1405768647|54.0
1405768667|55.562
1405768687|56.875
1405768707|56.437
1405768727|54.812
1405768747|53.875
1405768768|53.437
1405768788|53.125
1405768808|53.312
1405768828|52.75
1405768848|53.375
1405768868|54.375
1405768888|55.687
1405768908|56.5
1405768929|56.312
1405768949|54.437
1405768969|53.375
1405768989|51.937
1405769009|52.125
1405769029|52.5
1405769049|52.437
1405769069|53.687
1405769089|55.0
1405769109|56.375
1405769129|57.875
1405769149|58.812
1405769170|56.625
1405769190|55.375
1405769211|54.625
1405769231|54.312
1405769251|54.125
1405769271|54.187
1405769291|54.812
1405769311|55.687
1405769331|56.625
1405769351|57.937
1405769371|58.625
1405769391|56.187
1405769411|54.062
1405769432|52.687
1405769452|52.187
1405769472|51.937
1405769492|51.812
1405769512|52.812
1405769533|53.812
1405769553|55.312
1405769573|56.562
1405769593|56.687
1405769613|55.062
1405769633|53.687
1405769653|53.0
1405769673|52.562
1405769693|52.437
1405769714|52.25
1405769734|52.625
1405769754|53.5
1405769774|54.562
1405769794|56.062
1405769814|56.187
1405769834|55.0
1405769855|53.625
1405769875|52.562
1405769895|52.562
1405769915|52.625
1405769935|53.062
1405769955|53.437
1405769976|54.25
1405769996|55.75
1405770016|57.312
1405770036|58.0
1405770056|55.562
1405770076|54.375
1405770096|53.687
1405770116|53.312
1405770136|52.687
1405770156|52.312
1405770177|52.875
1405770197|53.625
1405770217|55.187
1405770237|56.437
1405770257|56.812
1405770278|55.437
1405770298|54.312
1405770318|54.312
1405770338|53.0
1405770358|52.75
1405770378|53.187
1405770398|53.812
1405770418|54.625
1405770438|55.062
1405770458|56.375
1405770478|56.187
1405770498|54.562
1405770518|52.937
1405770539|52.25
1405770559|51.625
1405770579|51.25
1405770599|51.5
1405770619|51.75
1405770639|52.75
1405770659|54.0
1405770679|55.312
1405770699|55.875
1405770719|54.25
1405770740|53.562
1405770760|52.937
1405770780|51.25
1405770800|51.25
1405770820|52.0
1405770841|53.062
1405770861|54.375
1405770881|55.812
1405770901|56.75
1405770921|56.562
1405770941|55.187
1405770962|54.5
1405770982|54.25
1405771002|53.5
1405771022|53.125
1405771042|53.25
1405771062|54.0
1405771082|54.75
1405771102|55.312
1405771122|55.937
1405771142|57.187
1405771162|55.937
1405771182|54.75
1405771202|54.312
1405771223|54.187
1405771243|54.125
1405771263|54.0
1405771283|54.375
1405771303|54.625
1405771323|55.875
1405771343|57.187
1405771363|58.25
1405771383|56.375
1405771403|54.625
1405771423|54.625
1405771444|53.562
1405771464|53.562
1405771484|53.687
1405771504|54.375
1405771524|54.375
1405771545|56.437
1405771565|57.562
1405771585|57.5
1405771605|55.562
1405771625|54.375
1405771645|53.375
1405771665|53.062
1405771685|53.125
1405771706|53.75
1405771726|54.375
1405771746|55.25
1405771766|56.562
1405771786|57.75
1405771806|58.75
1405771826|57.437
1405771846|55.812
1405771866|55.062
1405771886|54.75
1405771906|54.625
1405771926|54.812
1405771947|54.312
1405771967|54.875
1405771987|55.25
1405772007|56.0
1405772027|55.187
1405772047|54.562
1405772067|53.937
1405772087|53.312
1405772107|53.062
1405772128|53.937
1405772148|54.937
1405772168|56.312
1405772188|57.875
1405772208|59.187
1405772228|57.375
1405772248|56.125
1405772269|55.437
1405772289|54.937
1405772309|55.062
1405772330|55.25
1405772350|55.875
1405772370|56.875
1405772391|57.875
1405772411|58.875
1405772431|57.375
1405772451|56.187
1405772471|55.375
1405772491|54.687
1405772511|54.062
1405772531|54.187
1405772551|54.125
1405772571|54.375
1405772591|54.562
1405772611|54.562
1405772632|54.125
1405772652|54.312
1405772672|55.062
1405772692|55.75
1405772712|57.437
1405772732|60.187
1405772752|61.562
1405772772|58.187
1405772792|56.125
1405772812|55.375
1405772832|54.625
1405772852|54.125
1405772873|54.375
1405772893|55.125
1405772913|56.312
1405772933|57.75
1405772953|59.25
1405772974|61.312
1405772994|61.75
1405773014|58.687
1405773034|57.187
1405773054|55.312
1405773074|54.437
1405773094|53.375
1405773114|52.437
1405773135|52.25
1405773155|53.125
1405773175|54.437
1405773195|56.062
1405773215|58.125
1405773235|59.25
1405773255|57.0
1405773275|55.75
1405773295|54.437
1405773315|54.312
1405773335|53.875
1405773355|53.625
1405773376|53.375
1405773396|54.062
1405773416|55.062
1405773436|56.562
1405773456|58.062
1405773476|60.125
1405773496|59.125
1405773516|57.25
1405773537|56.312
1405773557|56.562
1405773577|58.062
1405773597|60.062
1405773617|61.812
1405773637|63.125
1405773657|64.5
1405773677|65.687
1405773697|65.062
1405773718|65.562
1405773738|66.125
1405773758|67.25
1405773778|68.125
1405773798|68.375
1405773818|68.187
1405773838|66.312
1405773858|62.687
1405773878|59.5
1405773898|57.25
1405773918|55.875
1405773938|54.875
1405773959|54.5
1405773979|53.5
1405773999|52.5
1405774019|52.187
1405774039|52.312
1405774059|52.437
1405774079|52.75
1405774099|52.937
1405774119|53.5
1405774140|54.0
1405774160|54.625
1405774180|53.812
1405774200|53.0
1405774220|52.125
1405774241|52.312
1405774261|52.75
1405774281|52.625
1405774301|52.25
1405774321|52.062
1405774341|52.687
1405774361|52.875
1405774381|52.875
1405774401|55.812
1405774421|55.875
1405774441|54.812
1405774462|54.125
1405774482|53.437
1405774502|53.0
1405774522|52.75
1405774542|52.75
1405774562|52.312
1405774582|52.687
1405774602|53.375
1405774622|54.812
1405774642|57.062
1405774662|56.437
1405774682|54.75
1405774702|53.0
1405774723|51.562
1405774743|50.937
1405774763|51.062
1405774783|50.687
1405774803|51.187
1405774823|52.625
1405774844|55.062
1405774864|55.062
1405774884|61.625
1405774904|64.562
1405774924|63.437
1405774944|61.0
1405774964|59.25
1405774984|57.437
1405775004|55.625
1405775024|54.875
1405775045|53.937
1405775065|53.062
1405775085|52.187
1405775105|52.312
1405775125|53.562
1405775145|56.687
1405775165|60.875
1405775185|64.625
1405775205|65.937
1405775225|62.937
1405775245|60.125
1405775265|57.812
1405775285|55.75
1405775306|53.625
1405775326|52.5
1405775346|51.312
1405775366|50.562
1405775386|51.5
1405775406|53.687
1405775427|56.75
1405775447|61.125
1405775467|65.5
1405775488|66.25
1405775508|63.75
1405775528|60.25
1405775549|58.062
1405775569|55.687
1405775589|54.812
1405775609|53.062
1405775629|51.937
1405775649|51.125
1405775669|51.062
1405775689|51.375
1405775709|53.562
1405775729|57.312
1405775749|57.312
1405775769|65.0
1405775789|64.312
1405775810|62.562
1405775830|61.062
1405775851|58.437
1405775871|55.937
1405775891|54.312
1405775911|53.25
1405775931|52.062
1405775951|51.375
1405775971|50.625
1405775991|50.187
1405776011|51.062
1405776031|53.812
1405776051|57.5
1405776072|61.687
1405776092|64.562
1405776112|65.812
1405776132|65.625
1405776152|65.812
1405776172|65.687
1405776193|65.187
1405776213|64.625
1405776233|62.687
1405776253|59.75
1405776273|57.062
1405776293|54.687
1405776313|52.687
1405776333|52.125
1405776353|52.125
1405776373|52.312
1405776394|54.5
1405776414|58.125
1405776434|62.062
1405776454|65.125
1405776474|67.25
1405776494|65.937
1405776514|65.312
1405776534|63.25
1405776554|61.25
1405776574|59.812
1405776594|58.125
1405776614|56.25
1405776634|54.312
1405776655|53.562
1405776675|52.625
1405776695|52.437
1405776715|52.312
1405776735|51.75
1405776755|51.25
1405776775|51.687
1405776796|52.437
1405776816|52.187
1405776836|52.312
1405776856|52.562
1405776876|51.312
1405776896|50.187
1405776916|49.937
1405776936|50.062
1405776956|49.875
1405776976|49.937
1405776997|50.937
1405777017|53.937
1405777037|57.5
1405777057|61.5
1405777077|65.375
1405777097|66.937
1405777117|66.437
1405777137|65.437
1405777157|64.687
1405777177|64.25
1405777197|62.375
1405777217|60.937
1405777237|61.125
1405777258|61.312
1405777278|61.937
1405777298|60.437
1405777318|57.5
1405777338|55.062
1405777358|53.125
1405777379|51.687
1405777399|51.187
1405777419|50.437
1405777439|50.625
1405777459|52.937
1405777479|56.562
1405777499|61.437
1405777519|64.312
1405777539|63.25
1405777559|61.875
1405777581|59.875
1405777601|56.937
1405777621|55.25
1405777641|54.25
1405777661|53.875
1405777681|53.5
1405777701|53.5
1405777721|50.937
1405777741|50.687
1405777761|50.812
1405777781|51.687
1405777802|52.75
1405777822|54.25
1405777842|55.5
1405777862|54.937
1405777883|53.062
1405777903|51.687
1405777923|51.0
1405777943|50.687
1405777963|50.187
1405777983|49.812
1405778003|49.625
1405778023|50.125
1405778043|52.375
1405778063|56.062
1405778084|60.562
1405778104|64.437
1405778124|64.062
1405778144|62.312
1405778164|60.187
1405778184|59.187
1405778204|59.187
1405778226|57.687
1405778246|58.062
1405778266|58.125
1405778286|58.562
1405778306|59.937
1405778326|60.937
1405778346|62.375
1405778366|61.375
1405778386|58.125
1405778406|55.375
1405778426|53.375
1405778447|52.062
1405778467|52.062
1405778487|50.687
1405778507|49.375
1405778527|49.75
1405778547|50.437
1405778567|51.0
1405778587|50.812
1405778607|51.0
1405778627|50.625
1405778647|50.75
1405778667|51.25
1405778687|51.75
1405778708|52.375
1405778728|53.562
1405778748|54.312
1405778768|54.937
1405778788|55.437
1405778808|56.0
1405778829|56.875
1405778849|55.5
1405778869|54.562
1405778889|52.875
1405778909|51.0
1405778929|49.937
1405778949|48.125
1405778969|48.062
1405778989|47.812
1405779009|47.812
1405779031|48.125
1405779051|49.312
1405779071|52.75
1405779091|57.25
1405779111|62.562
1405779131|66.0
1405779151|67.5
1405779171|68.0
1405779191|68.062
1405779211|67.375
1405779231|67.375
1405779252|67.562
1405779272|67.562
1405779292|65.812
1405779312|65.062
1405779332|64.25
1405779352|60.875
1405779372|57.25
1405779392|55.125
1405779412|53.25
1405779432|51.5
1405779452|50.5
1405779472|50.062
1405779493|49.937
1405779513|50.875
1405779533|54.062
1405779553|54.062
1405779573|69.187
1405779593|76.375
1405779613|79.312
1405779634|81.187
1405779654|81.812
1405779674|79.812
1405779694|78.75
1405779714|79.687
1405779734|79.562
1405779754|78.187
1405779774|75.687
1405779794|68.812
1405779814|62.125
1405779834|58.312
1405779854|55.625
1405779875|54.187
1405779895|52.812
1405779915|52.062
1405779935|51.812
1405779955|51.062
1405779975|52.125
1405779995|55.25
1405780015|59.812
1405780035|68.437
1405780055|75.375
1405780075|77.75
1405780095|78.937
1405780116|79.75
1405780136|79.937
1405780156|80.062
1405780176|79.562
1405780196|78.812
1405780217|77.687
1405780237|75.562
1405780257|70.0
1405780277|63.437
1405780297|59.25
1405780317|55.687
1405780337|54.25
1405780357|52.562
1405780377|51.5
1405780397|50.625
1405780417|50.437
1405780438|50.437
1405780458|53.375
1405780478|53.375
1405780498|65.125
1405780518|72.875
1405780538|76.875
1405780558|79.25
1405780578|79.812
1405780598|80.937
1405780618|82.062
1405780638|82.312
1405780658|82.062
1405780678|81.187
1405780699|79.562
1405780719|76.562
1405780739|73.437
1405780759|67.25
1405780779|62.25
1405780799|59.375
1405780820|57.062
1405780841|55.312
1405780861|55.312
1405780881|52.875
1405780901|53.062
1405780921|53.625
1405780941|56.375
1405780961|61.375
1405780981|61.375
1405781001|71.562
1405781021|73.5
1405781041|75.625
1405781062|76.875
1405781082|77.812
1405781102|78.812
1405781122|79.062
1405781142|78.25
1405781162|77.375
1405781182|75.562
1405781202|72.562
1405781222|69.625
1405781242|64.062
1405781262|60.312
1405781282|56.812
1405781302|54.375
1405781323|52.562
1405781343|51.562
1405781363|50.375
1405781383|49.437
1405781403|49.187
1405781424|50.562
1405781444|54.187
1405781464|54.187
1405781484|71.312
1405781504|77.312
1405781524|80.687
1405781544|81.437
1405781564|82.625
1405781584|83.312
1405781604|83.75
1405781624|83.687
1405781645|80.125
1405781665|73.125
1405781685|64.375
1405781705|59.75
1405781725|56.562
1405781745|54.312
1405781765|52.062
1405781785|50.437
1405781805|49.625
1405781825|49.687
1405781845|50.562
1405781865|53.312
1405781886|57.875
1405781906|63.375
1405781926|66.062
1405781946|68.187
1405781966|68.25
1405781986|69.0
1405782006|70.562
1405782027|70.75
1405782047|68.937
1405782067|67.0
1405782087|66.312
1405782107|64.375
1405782127|63.75
1405782147|62.062
1405782168|62.187
1405782188|62.625
1405782208|62.375
1405782228|62.187
1405782248|62.687
1405782268|60.312
1405782288|59.062
1405782308|57.875
1405782328|54.812
1405782348|51.937
1405782368|50.812
1405782388|49.875
1405782408|49.312
1405782429|48.562
1405782449|48.562
1405782469|48.375
1405782489|48.375
1405782509|50.437
1405782529|53.562
1405782549|58.375
1405782569|64.187
1405782589|67.75
1405782609|70.062
1405782630|71.437
1405782650|72.5
1405782671|72.562
1405782691|74.5
1405782711|75.625
1405782731|75.062
1405782751|72.375
1405782771|69.5
1405782791|63.5
1405782811|58.375
1405782831|56.062
1405782851|54.687
1405782872|53.562
1405782892|52.687
1405782912|51.562
1405782932|51.312
1405782952|51.437
1405782972|53.625
1405782992|57.812
1405783012|63.062
1405783032|71.375
1405783052|76.125
1405783072|76.937
1405783092|77.75
1405783113|78.125
1405783133|79.0
1405783153|79.75
1405783173|79.937
1405783193|77.875
1405783213|73.187
1405783233|66.25
1405783253|61.75
1405783274|58.562
1405783294|55.937
1405783314|54.125
1405783334|53.0
1405783354|51.75
1405783374|51.5
1405783394|52.562
1405783414|54.687
1405783435|58.625
1405783455|62.437
1405783475|67.0
1405783495|69.687
1405783515|71.312
1405783535|73.0
1405783555|74.125
1405783576|74.812
1405783596|75.937
1405783616|75.625
1405783636|74.625
1405783656|73.562
1405783676|72.937
1405783696|69.437
1405783716|61.75
1405783736|57.687
1405783756|55.812
1405783776|54.312
1405783797|53.0
1405783817|52.062
1405783837|51.062
1405783857|51.375
1405783877|53.625
1405783897|57.937
1405783917|63.0
1405783937|63.0
1405783958|74.5
1405783978|77.125
1405783998|78.125
1405784018|79.187
1405784038|79.562
1405784058|80.375
1405784078|80.812
1405784098|80.562
1405784120|79.375
1405784140|77.875
1405784160|76.312
1405784180|74.0
1405784200|68.875
1405784220|62.75
1405784240|58.562
1405784260|56.187
1405784281|54.5
1405784301|53.5
1405784321|52.25
1405784341|51.75
1405784361|52.5
1405784381|54.875
1405784401|59.0
1405784421|62.375
1405784441|68.125
1405784461|74.875
1405784481|76.937
1405784501|78.5
1405784521|79.25
1405784542|79.562
1405784562|80.0
1405784582|80.625
1405784602|80.062
1405784622|79.0
1405784642|75.25
1405784662|67.0
1405784683|61.437
1405784703|58.75
1405784723|56.625
1405784743|55.125
1405784763|53.5
1405784783|52.437
1405784803|52.125
1405784823|53.062
1405784843|55.687
1405784864|59.875
1405784884|64.562
1405784904|69.812
1405784924|74.625
1405784945|77.625
1405784965|77.625
1405784985|79.937
1405785005|81.0
1405785025|81.125
1405785045|81.937
1405785065|81.562
1405785085|81.562
1405785105|78.5
1405785126|75.937
1405785146|70.062
1405785166|64.0
1405785186|59.687
1405785206|57.312
1405785226|55.312
1405785246|53.687
1405785266|52.187
1405785286|51.312
1405785306|51.5
1405785326|53.312
1405785347|56.0
1405785367|59.937
1405785387|64.75
1405785408|64.75
1405785428|70.062
1405785448|71.25
1405785468|71.25
1405785489|71.312
1405785509|71.562
1405785529|71.687
1405785549|71.562
1405785569|71.125
1405785589|69.937
1405785609|69.062
1405785629|68.0
1405785649|66.312
1405785669|66.062
1405785689|64.875
1405785709|60.25
1405785730|57.125
1405785750|55.0
1405785770|53.75
1405785790|52.875
1405785810|51.687
1405785830|50.75
1405785850|50.375
1405785871|50.75
1405785891|52.187
1405785911|54.687
1405785931|58.562
1405785951|62.875
1405785971|66.625
1405785991|68.0
1405786011|70.625
1405786032|77.625
1405786052|87.437
1405786072|93.625
1405786092|98.937
1405786112|103.125
1405786132|106.062
1405786152|108.625
1405786173|110.5
1405786193|111.812
1405786213|112.75
1405786233|113.0
1405786253|112.812
1405786273|113.375
1405786293|111.562
1405786313|110.687
1405786333|109.5
1405786353|107.937
1405786373|107.125
1405786393|105.0
1405786414|102.875
1405786434|99.625
1405786454|98.062
1405786474|96.875
1405786494|96.062
1405786514|95.812
1405786534|96.25
1405786554|95.312
1405786574|93.812
1405786594|93.75
1405786614|94.062
1405786635|93.062
1405786655|91.812
1405786675|91.25
1405786695|89.875
1405786716|88.937
1405786736|90.562
1405786756|90.562
1405786776|92.375
1405786796|93.25
1405786817|93.937
1405786837|94.562
1405786857|95.125
1405786877|95.25
1405786897|95.375
1405786917|93.937
1405786937|93.187
1405786957|93.812
1405786977|91.875
1405786997|91.5
1405787017|91.437
1405787037|91.437
1405787058|91.812
1405787078|92.5
1405787098|92.125
1405787118|91.875
1405787138|91.0
1405787158|90.75
1405787178|90.5
1405787198|89.562
1405787218|88.937
1405787238|89.562
1405787258|90.437
1405787278|90.562
1405787298|89.187
1405787319|90.0
1405787339|90.562
1405787359|90.562
1405787379|91.125
1405787399|91.125
1405787419|90.75
1405787440|89.75
1405787460|89.312
1405787480|89.437
1405787500|89.187
1405787520|89.812
1405787540|89.937
1405787560|90.187
1405787580|90.0
1405787600|90.375
1405787620|90.125
1405787640|89.75
1405787660|88.312
1405787681|87.937
1405787701|87.75
1405787721|87.875
1405787741|87.687
1405787761|86.687
1405787781|87.25
1405787801|87.875
1405787821|87.75
1405787841|87.687
1405787861|88.062
1405787881|88.125
1405787901|89.0
1405787922|89.0
1405787942|87.625
1405787962|88.75
1405787982|90.937
1405788002|92.5
1405788022|94.187
1405788043|95.375
1405788063|96.5
1405788083|97.375
1405788103|97.375
1405788123|97.75
1405788143|97.0
1405788163|95.375
1405788183|92.0
1405788203|93.437
1405788223|94.312
1405788243|94.437
1405788264|95.125
1405788284|90.875
1405788304|77.312
1405788324|68.375
1405788344|64.125
1405788364|61.312
1405788384|58.812
1405788404|56.875
1405788424|55.687
1405788444|55.812
1405788464|55.875
1405788484|56.187
1405788504|57.937
1405788525|60.062
1405788545|64.0
1405788565|68.312
1405788585|71.625
1405788605|74.312
1405788625|76.25
1405788646|77.812
1405788666|78.625
1405788686|77.937
1405788706|77.562
1405788726|77.375
1405788746|77.437
1405788766|76.125
1405788786|76.062
1405788806|75.25
1405788826|75.25
1405788846|71.437
1405788867|63.125
1405788887|58.125
1405788907|55.0
1405788927|52.5
1405788947|51.062
1405788967|49.812
1405788987|48.625
1405789007|48.625
1405789027|49.187
1405789047|49.25
1405789067|49.812
1405789087|48.937
1405789107|48.937
1405789128|48.5
1405789148|48.187
1405789168|47.437
1405789188|47.437
1405789208|46.187
1405789228|46.125
1405789249|46.062
1405789269|45.812
1405789289|45.937
1405789309|45.25
1405789329|44.875
1405789349|44.937
1405789369|44.687
1405789389|44.937
1405789409|44.625
1405789429|44.25
1405789449|44.25
1405789470|44.25
1405789490|43.375
1405789510|43.375
1405789530|43.0
1405789550|43.187
1405789570|43.0
1405789590|43.062
1405789610|42.687
1405789630|42.5
1405789650|42.312
1405789671|42.25
1405789691|42.125
1405789711|41.687
1405789731|41.937
1405789752|42.312
1405789772|42.437
1405789792|42.437
1405789812|42.375
1405789832|41.875
1405789852|41.875
1405789872|41.375
1405789892|41.437
1405789912|41.5
1405789933|41.5
1405789953|41.5
1405789973|41.437
1405789993|41.437
1405790013|41.812
1405790033|42.562
1405790053|43.437
1405790073|43.437
1405790094|45.25
1405790114|45.875
1405790134|46.875
1405790154|47.75
1405790174|48.687
1405790194|49.687
1405790214|50.062
1405790234|50.875
1405790254|50.812
1405790274|48.0
1405790294|45.437
1405790314|44.125
1405790334|43.687
1405790355|43.625
1405790375|43.062
1405790395|42.625
1405790415|42.375
1405790435|42.375
1405790455|42.125
1405790475|42.312
1405790495|42.312
1405790515|43.812
1405790536|45.0
1405790556|46.187
1405790576|47.25
1405790596|47.25
1405790617|49.562
1405790637|50.875
1405790657|52.062
1405790677|53.25
1405790697|54.5
1405790717|54.5
1405790737|55.812
1405790757|56.5
1405790777|53.437
1405790797|51.562
1405790817|51.562
1405790837|50.562
1405790857|49.75
1405790878|48.875
1405790898|47.812
1405790918|46.5
1405790938|45.312
1405790958|44.187
1405790978|43.625
1405790998|42.875
1405791018|42.5
1405791038|42.0
1405791058|41.75
1405791078|41.5
1405791098|40.812
1405791119|40.562
1405791139|40.437
1405791159|40.625
1405791179|40.75
1405791199|41.0
1405791220|41.0
1405791240|41.125
1405791260|41.187
1405791280|41.062
1405791300|40.75
1405791320|40.25
1405791340|40.0
1405791360|39.812
1405791380|39.875
1405791400|39.75
1405791420|39.937
1405791440|40.0
1405791461|40.0
1405791481|40.25
1405791501|40.562
1405791521|41.125
1405791541|42.687
1405791561|44.25
1405791581|45.562
1405791601|46.812
1405791621|48.062
1405791641|48.437
1405791661|48.937
1405791681|49.687
1405791702|50.5
1405791722|50.937
1405791742|51.5
1405791762|51.75
1405791782|52.0
1405791802|51.5
1405791823|52.125
1405791843|52.062
1405791864|51.812
1405791884|51.75
1405791904|51.625
1405791924|52.125
1405791944|52.5
1405791964|52.812
1405791984|52.875
1405792004|52.937
1405792024|52.812
1405792044|53.062
1405792064|53.562
1405792084|53.625
1405792104|53.937
1405792125|53.687
1405792145|53.625
1405792165|53.437
1405792185|53.687
1405792205|53.687
1405792225|53.937
1405792245|54.25
1405792266|54.437
1405792286|54.437
1405792306|54.312
1405792326|54.625
1405792346|54.75
1405792366|54.625
1405792386|54.625
1405792406|54.875
1405792426|54.937
1405792446|55.125
1405792467|54.75
1405792487|54.375
1405792507|54.062
1405792527|54.062
1405792547|53.625
1405792568|53.187
1405792588|52.937
1405792608|53.062
1405792628|53.062
1405792648|52.687
1405792668|52.75
1405792688|52.625
1405792708|51.812
1405792728|51.5
1405792748|51.5
1405792768|51.937
1405792788|51.937
1405792808|51.937
1405792829|52.312
1405792849|52.5
1405792869|52.625
1405792889|52.625
1405792909|52.562
1405792929|52.687
1405792949|52.875
1405792969|53.125
1405792989|53.437
1405793009|53.5
1405793029|53.562
1405793049|53.562
1405793070|53.625
1405793090|53.187
1405793110|53.187
1405793130|53.062
1405793151|53.25
1405793171|53.062
1405793191|53.0
1405793211|52.312
1405793231|52.187
1405793251|51.625
1405793271|51.687
1405793291|51.375
1405793311|51.5
1405793331|51.687
1405793351|51.937
1405793371|52.062
1405793391|51.812
1405793412|51.812
1405793432|51.312
1405793452|51.312
1405793472|51.187
1405793492|50.687
1405793512|50.875
1405793532|50.125
1405793552|50.5
1405793572|50.625
1405793592|50.812
1405793612|51.125
1405793632|51.25
1405793652|51.437
1405793673|51.25
1405793693|50.125
1405793713|49.875
1405793733|50.0
1405793753|49.937
1405793774|50.0
1405793794|50.187
1405793814|50.187
1405793834|50.125
1405793854|49.625
1405793874|49.562
1405793894|49.937
1405793914|49.937
1405793934|49.937
1405793954|50.125
1405793974|50.375
1405793995|50.437
1405794015|50.437
1405794035|50.562
1405794055|50.375
1405794075|50.5
1405794095|50.437
1405794115|50.375
1405794135|50.312
1405794155|50.187
1405794175|50.125
1405794195|50.0
1405794215|49.625
1405794235|49.25
1405794256|49.375
1405794276|49.5
1405794296|49.5
1405794317|49.437
1405794337|49.25
1405794357|49.187
1405794377|49.187
1405794397|49.125
1405794417|49.0
1405794438|49.187
1405794458|49.375
1405794478|49.375
1405794498|49.5
1405794518|49.375
1405794538|49.5
1405794558|49.375
1405794579|49.375
1405794599|49.375
1405794619|49.187
1405794639|49.125
1405794659|49.125
1405794679|49.125
1405794699|49.125
1405794719|48.625
1405794739|48.312
1405794759|48.125
1405794779|48.312
1405794799|48.125
1405794820|48.187
1405794840|48.312
1405794860|48.437
1405794880|48.562
1405794900|48.562
1405794921|48.5
1405794941|48.5
1405794961|47.687
1405794981|47.5
1405795001|47.125
1405795021|46.937
1405795041|47.062
1405795061|47.187
1405795081|47.375
1405795102|47.562
1405795122|47.75
1405795142|47.875
1405795162|48.0
1405795182|48.125
1405795202|48.25
1405795222|48.187
1405795243|47.75
1405795263|47.625
1405795283|47.375
1405795303|47.375
1405795323|47.375
1405795343|47.687
1405795363|47.625
1405795383|47.375
1405795403|47.375
1405795423|47.25
1405795443|47.062
1405795463|47.062
1405795483|46.625
1405795504|46.562
1405795524|46.25
1405795544|46.312
1405795564|46.125
1405795584|46.187
1405795604|46.25
1405795624|46.312
1405795644|46.312
1405795664|46.437
1405795684|46.437
1405795705|46.437
1405795725|46.375
1405795745|46.25
1405795765|46.125
1405795785|45.625
1405795805|45.562
1405795825|45.625
1405795846|45.75
1405795866|45.875
1405795886|45.812
1405795906|45.812
1405795926|45.75
1405795946|45.812
1405795966|45.875
1405795986|45.875
1405796006|45.875
1405796026|45.812
1405796046|45.687
1405796066|45.687
1405796087|45.437
1405796107|45.125
1405796127|45.062
1405796147|45.062
1405796167|44.875
1405796187|45.0
1405796207|45.0
1405796227|45.062
1405796247|45.062
1405796267|44.812
1405796287|44.562
1405796308|44.625
1405796328|44.375
1405796348|44.25
1405796368|44.25
1405796388|44.125
1405796408|43.75
1405796428|43.812
1405796449|43.75
1405796469|43.812
1405796489|43.937
1405796509|44.0
1405796529|44.0
1405796549|43.937
1405796569|43.937
1405796589|43.937
1405796609|43.25
1405796629|43.312
1405796649|43.375
1405796669|43.5
1405796689|43.625
1405796710|43.75
1405796730|43.75
1405796750|43.812
1405796770|43.625
1405796790|43.437
1405796810|43.375
1405796830|43.125
1405796850|43.062
1405796870|42.75
1405796891|42.875
1405796911|43.062
1405796931|43.187
1405796951|43.375
1405796971|43.437
1405796991|43.375
1405797011|43.187
1405797032|42.375
1405797052|41.875
1405797072|41.875
1405797092|41.5
1405797112|41.625
1405797132|41.312
1405797152|41.437
1405797172|41.75
1405797192|41.875
1405797212|41.937
1405797232|41.937
1405797252|42.062
1405797272|42.0
1405797293|42.062
1405797313|42.0
1405797333|42.062
1405797353|42.187
1405797373|42.375
1405797393|42.437
1405797413|42.062
1405797433|41.937
1405797453|41.937
1405797473|41.937
1405797494|41.812
1405797514|41.875
1405797534|41.75
1405797554|41.625
1405797574|41.562
1405797594|40.937
1405797614|41.0
1405797635|41.125
1405797655|41.25
1405797675|41.25
1405797696|41.062
1405797716|41.062
1405797736|41.062
1405797756|41.125
1405797776|41.187
1405797796|41.125
1405797816|41.187
1405797836|41.125
1405797856|41.0
1405797876|41.0
1405797896|41.0
1405797916|40.937
1405797937|40.875
1405797957|40.875
1405797977|40.812
1405797997|40.937
1405798017|40.937
1405798037|40.875
1405798057|40.812
1405798077|40.5
1405798097|40.125
1405798117|40.062
1405798137|39.875
1405798157|39.5
1405798178|39.5
1405798198|39.625
1405798218|39.812
1405798238|39.875
1405798258|39.875
1405798279|39.687
1405798299|39.687
1405798319|39.687
1405798339|39.625
1405798359|39.625
1405798379|39.25
1405798399|39.187
1405798419|39.25
1405798439|39.312
