1405625640|33.375
1405625660|33.375
1405625682|33.375
1405625702|33.25
1405625722|33.25
1405625742|33.25
1405625762|33.187
1405625782|33.25
1405625802|33.125
1405625822|33.062
1405625842|33.062
1405625863|33.0
1405625883|32.937
1405625903|32.875
1405625923|32.875
1405625943|32.875
1405625963|32.812
1405625983|32.812
1405626005|32.625
1405626025|32.562
1405626045|32.5
1405626065|32.437
1405626086|32.375
1405626106|32.375
1405626126|32.375
1405626146|32.375
1405626166|32.437
1405626186|32.437
1405626206|32.437
1405626226|32.437
1405626247|32.437
1405626268|32.375
1405626288|32.375
1405626308|32.437
1405626328|32.437
1405626348|32.437
1405626368|32.5
1405626388|32.437
1405626408|32.437
1405626428|32.375
1405626448|32.375
1405626468|32.375
1405626488|32.375
1405626508|32.312
1405626529|32.25
1405626549|32.187
1405626569|32.187
1405626589|32.187
1405626609|32.062
1405626629|31.937
1405626649|31.875
1405626669|31.937
1405626689|31.875
1405626709|31.875
1405626730|31.875
1405626750|31.875
1405626770|31.812
1405626790|31.75
1405626810|31.625
1405626830|31.562
1405626851|31.5
1405626871|31.437
1405626891|31.375
1405626911|31.375
1405626931|31.25
1405626951|31.187
1405626971|31.125
1405626991|31.062
1405627011|31.062
1405627031|31.0
1405627051|30.937
1405627072|30.937
1405627092|30.937
1405627112|30.812
1405627132|30.812
1405627153|30.75
1405627173|30.687
1405627193|30.687
1405627213|30.75
1405627233|30.75
1405627253|30.687
1405627273|30.625
1405627293|30.625
1405627313|30.5
1405627333|30.437
1405627353|30.5
1405627373|30.437
1405627393|30.437
1405627414|30.375
1405627434|30.312
1405627454|30.312
1405627474|30.312
1405627494|30.312
1405627515|30.25
1405627536|30.187
1405627556|30.125
1405627576|30.062
1405627597|30.0
1405627617|30.0
1405627637|29.937
1405627657|29.875
1405627677|29.875
1405627697|29.875
1405627717|29.937
1405627737|29.875
1405627757|29.875
1405627777|29.875
1405627797|29.812
1405627817|29.812
1405627837|29.812
1405627858|29.812
1405627878|29.812
1405627898|29.75
1405627918|29.687
1405627938|29.687
1405627958|29.625
1405627978|29.625
1405627998|29.687
1405628018|29.687
1405628038|29.687
1405628058|29.625
1405628078|29.5
1405628098|29.437
1405628119|29.437
1405628139|29.375
1405628159|29.375
1405628179|29.375
1405628200|29.312
1405628220|29.25
1405628240|29.25
1405628261|29.125
1405628281|29.125
1405628301|29.062
1405628321|29.062
1405628341|29.0
1405628362|29.0
1405628382|29.0
1405628402|29.0
1405628422|29.0
1405628442|29.0
1405628462|28.937
1405628482|28.875
1405628502|28.875
1405628522|28.812
1405628542|28.812
1405628563|28.75
1405628583|28.75
1405628603|28.687
1405628623|28.687
1405628643|28.625
1405628663|28.625
1405628683|28.562
1405628703|28.5
1405628723|28.5
1405628743|28.5
1405628763|28.437
1405628783|28.437
1405628804|28.437
1405628824|28.375
1405628844|28.312
1405628864|28.312
1405628884|28.312
1405628905|28.25
1405628925|28.25
1405628945|28.187
1405628965|28.187
1405628985|28.125
1405629005|28.062
1405629025|28.0
1405629045|28.0
1405629065|28.0
1405629085|27.875
1405629106|27.875
1405629127|27.875
1405629147|27.812
1405629167|27.812
1405629187|27.75
1405629207|27.75
1405629227|27.687
1405629247|27.687
1405629267|27.625
1405629287|27.625
1405629307|27.562
1405629327|27.5
1405629347|27.437
1405629367|27.375
1405629388|27.312
1405629408|27.25
1405629428|27.25
1405629448|27.25
1405629468|27.25
1405629488|27.187
1405629508|27.125
1405629528|27.062
1405629549|27.062
1405629569|27.062
1405629589|27.062
1405629609|27.0
1405629629|26.937
1405629649|26.937
1405629669|26.875
1405629689|26.875
1405629709|26.812
1405629730|26.812
1405629750|26.812
1405629770|26.812
1405629790|26.812
1405629810|26.812
1405629830|26.75
1405629850|26.75
1405629870|26.75
1405629890|26.75
1405629910|26.75
1405629930|26.75
1405629950|26.687
1405629970|26.687
1405629991|26.625
1405630011|26.562
1405630031|26.5
1405630051|26.5
1405630071|26.5
1405630091|26.437
1405630111|26.437
1405630131|26.375
1405630152|26.375
1405630172|26.375
1405630192|26.375
1405630212|26.312
1405630232|26.25
1405630252|26.125
1405630272|26.062
1405630292|26.062
1405630312|26.0
1405630332|26.0
1405630353|25.937
1405630373|25.937
1405630393|25.937
1405630413|25.875
1405630433|25.812
1405630453|25.812
1405630473|25.812
1405630493|25.812
1405630513|25.812
1405630533|25.75
1405630553|25.687
1405630573|25.687
1405630594|25.687
1405630614|25.687
1405630634|25.625
1405630654|25.625
1405630674|25.625
1405630694|25.625
1405630714|25.562
1405630734|25.562
1405630755|25.5
1405630775|25.437
1405630795|25.437
1405630815|25.437
1405630835|25.375
1405630855|25.312
1405630875|25.312
1405630895|25.312
1405630916|25.312
1405630936|25.312
1405630956|25.312
1405630976|25.312
1405630996|25.25
1405631016|25.25
1405631036|25.187
1405631056|25.187
1405631076|25.125
1405631096|25.062
1405631116|25.062
1405631136|25.062
1405631156|25.0
1405631177|25.0
1405631197|24.937
1405631217|24.937
1405631237|24.875
1405631257|24.875
1405631277|24.812
1405631297|24.812
1405631317|24.75
1405631337|24.687
1405631358|24.687
1405631378|24.625
1405631398|24.562
1405631418|24.562
1405631438|24.562
1405631458|24.5
1405631478|24.5
1405631499|24.5
1405631519|24.5
1405631539|24.5
1405631560|24.437
1405631580|24.437
1405631600|24.437
1405631620|24.437
1405631641|24.437
1405631661|24.375
1405631682|24.375
1405631702|24.312
1405631722|24.312
1405631742|24.312
1405631762|24.312
1405631782|24.312
1405631802|24.25
1405631822|24.187
1405631842|24.187
1405631863|24.125
1405631883|24.125
1405631903|24.125
1405631923|24.062
1405631943|24.0
1405631963|23.937
1405631983|23.937
1405632003|23.875
1405632023|23.875
1405632043|23.875
1405632063|23.812
1405632083|23.812
1405632103|23.75
1405632124|23.75
1405632144|23.75
1405632164|23.75
1405632184|23.75
1405632204|23.75
1405632224|23.687
1405632245|23.625
1405632265|23.625
1405632285|23.562
1405632305|23.562
1405632325|23.562
1405632345|23.5
1405632365|23.437
1405632385|23.5
1405632405|23.437
1405632425|23.375
1405632445|23.375
1405632466|23.375
1405632486|23.375
1405632506|23.25
1405632526|23.25
1405632546|23.25
1405632566|23.187
1405632586|23.187
1405632606|23.187
1405632626|23.125
1405632646|23.062
1405632666|23.062
1405632686|23.0
1405632707|23.062
1405632727|23.062
1405632747|22.937
1405632767|22.875
1405632787|22.875
1405632808|22.875
1405632828|22.812
1405632848|22.812
1405632869|22.75
1405632889|22.75
1405632909|22.75
1405632929|22.75
1405632949|22.687
1405632970|22.687
1405632990|22.562
1405633010|22.562
1405633030|22.562
1405633050|22.562
1405633070|22.5
1405633090|22.437
1405633111|22.437
1405633131|22.437
1405633151|22.437
1405633171|22.437
1405633191|22.437
1405633212|22.375
1405633232|22.375
1405633252|22.312
1405633272|22.312
1405633292|22.312
1405633312|22.312
1405633332|22.25
1405633352|22.25
1405633372|22.187
1405633392|22.187
1405633412|22.187
1405633432|22.125
1405633452|22.125
1405633473|22.062
1405633493|22.062
1405633513|22.0
1405633533|22.0
1405633553|22.0
1405633574|22.0
1405633594|22.0
1405633614|22.0
1405633635|21.937
1405633655|21.937
1405633675|21.937
1405633695|21.937
1405633715|21.875
1405633735|21.875
1405633755|21.812
1405633775|21.75
1405633795|21.75
1405633816|21.687
1405633837|21.625
1405633857|21.625
1405633877|21.625
1405633897|21.625
1405633917|21.562
1405633937|21.562
1405633957|21.562
1405633977|21.562
1405633997|21.562
1405634017|21.562
1405634037|21.5
1405634057|21.562
1405634077|21.5
1405634098|21.5
1405634118|21.562
1405634138|21.562
1405634158|21.5
1405634178|21.5
1405634198|21.5
1405634218|21.5
1405634238|21.5
1405634258|21.5
1405634278|21.5
1405634299|21.5
1405634319|21.437
1405634339|21.5
1405634359|21.5
1405634379|21.437
1405634399|21.437
1405634419|21.437
1405634439|21.437
1405634460|21.375
1405634480|21.375
1405634500|21.375
1405634520|21.312
1405634540|21.312
1405634560|21.312
1405634580|21.25
1405634600|21.25
1405634620|21.25
1405634640|21.187
1405634660|21.187
1405634680|21.187
1405634701|21.125
1405634721|21.125
1405634741|21.125
1405634761|21.062
1405634781|21.062
1405634801|21.062
1405634821|21.062
1405634841|21.062
1405634861|21.062
1405634881|21.0
1405634904|21.0
1405634922|21.0
1405634942|21.0
1405634962|20.937
1405634982|20.937
1405635002|20.875
1405635022|20.937
1405635043|20.875
1405635063|20.875
1405635083|20.875
1405635103|20.875
1405635123|20.875
1405635143|20.812
1405635163|20.812
1405635183|20.812
1405635203|20.812
1405635223|20.75
1405635243|20.75
1405635263|20.75
1405635283|20.75
1405635304|20.687
1405635325|20.687
1405635345|20.687
1405635365|20.687
1405635385|20.625
1405635405|20.625
1405635425|20.625
1405635445|20.562
1405635465|20.562
1405635485|20.562
1405635505|20.562
1405635525|20.562
1405635545|20.5
1405635566|20.5
1405635586|20.437
1405635606|20.437
1405635628|20.437
1405635649|20.375
1405635669|20.375
1405635689|20.312
1405635709|20.312
1405635729|20.312
1405635749|20.312
1405635769|20.312
1405635789|20.312
1405635810|20.312
1405635830|20.25
1405635850|20.25
1405635870|20.25
1405635890|20.25
1405635910|20.187
1405635930|20.187
1405635950|20.187
1405635971|20.187
1405635991|20.187
1405636011|20.187
1405636031|20.125
1405636051|20.125
1405636071|20.125
1405636091|20.125
1405636111|20.062
1405636131|20.062
1405636151|20.062
1405636171|20.0
1405636191|20.0
1405636211|20.0
1405636232|19.937
1405636252|19.875
1405636272|19.875
1405636292|19.875
1405636312|19.875
1405636332|19.875
1405636352|19.812
1405636372|19.812
1405636392|19.812
1405636413|19.75
1405636433|19.75
1405636453|19.75
1405636473|19.687
1405636493|19.625
1405636513|19.625
1405636533|19.625
1405636554|19.625
1405636574|19.625
1405636594|19.625
1405636614|19.625
1405636635|19.562
1405636655|19.562
1405636675|19.562
1405636695|19.562
1405636715|19.562
1405636735|19.562
1405636755|19.562
1405636775|19.5
1405636795|19.562
1405636816|19.562
1405636836|19.5
1405636856|19.562
1405636876|19.562
1405636896|19.5
1405636916|19.5
1405636936|19.5
1405636956|19.5
1405636976|19.437
1405636996|19.437
1405637016|19.375
1405637036|19.375
1405637057|19.375
1405637077|19.312
1405637097|19.312
1405637117|19.312
1405637137|19.312
1405637158|19.25
1405637178|19.25
1405637198|19.187
1405637219|19.187
1405637239|19.187
1405637259|19.187
1405637279|19.187
1405637299|19.125
1405637319|19.125
1405637339|19.125
1405637359|19.062
1405637379|19.062
1405637399|19.062
1405637419|19.062
1405637439|19.0
1405637460|19.0
1405637480|19.0
1405637500|19.0
1405637520|19.0
1405637540|18.937
1405637560|18.937
1405637580|18.875
1405637600|18.875
1405637620|18.875
1405637640|18.875
1405637660|18.875
1405637681|18.812
1405637701|18.812
1405637722|18.812
1405637742|18.812
1405637762|18.812
1405637782|18.812
1405637802|18.812
1405637822|18.75
1405637842|18.75
1405637862|18.75
1405637883|18.75
1405637903|18.75
1405637923|18.75
1405637943|18.75
1405637964|18.687
1405637984|18.687
1405638004|18.687
1405638024|18.687
1405638045|18.687
1405638065|18.687
1405638086|18.625
1405638106|18.625
1405638126|18.625
1405638146|18.625
1405638167|18.625
1405638187|18.562
1405638207|18.562
1405638227|18.562
1405638247|18.562
1405638267|18.562
1405638287|18.562
1405638307|18.5
1405638328|18.5
1405638348|18.5
1405638369|18.5
1405638389|18.437
1405638409|18.437
1405638429|18.437
1405638449|18.437
1405638469|18.437
1405638489|18.437
1405638509|18.375
1405638529|18.375
1405638549|18.375
1405638569|18.312
1405638589|18.312
1405638610|18.312
1405638630|18.25
1405638650|18.25
1405638670|18.25
1405638690|18.25
1405638710|18.25
1405638731|18.187
1405638751|18.187
1405638771|18.125
1405638792|18.125
1405638812|18.125
1405638832|18.125
1405638852|18.125
1405638872|18.125
1405638892|18.062
1405638912|18.062
1405638933|18.062
1405638953|18.062
1405638974|18.0
1405638994|18.0
1405639014|18.0
1405639034|18.0
1405639054|18.0
1405639074|18.0
1405639094|18.0
1405639114|18.0
1405639134|18.0
1405639154|17.937
1405639174|17.937
1405639194|17.937
1405639214|17.937
1405639235|17.937
1405639255|17.937
1405639275|17.937
1405639295|17.937
1405639315|17.937
1405639335|17.937
1405639355|17.937
1405639376|17.875
1405639396|17.875
1405639416|17.875
1405639436|17.875
1405639456|17.875
1405639476|17.812
1405639497|17.812
1405639517|17.812
1405639538|17.812
1405639558|17.75
1405639578|17.687
1405639598|17.687
1405639618|17.625
1405639639|17.625
1405639659|17.625
1405639679|17.625
1405639699|17.625
1405639719|17.562
1405639739|17.5
1405639759|17.5
1405639779|17.562
1405639799|17.562
1405639819|17.562
1405639839|17.562
1405639861|17.562
1405639881|17.562
1405639901|17.562
1405639921|17.5
1405639941|17.5
1405639961|17.5
1405639981|17.5
1405640001|17.5
1405640021|17.5
1405640041|17.5
1405640061|17.437
1405640082|17.437
1405640102|17.437
1405640122|17.437
1405640143|17.437
1405640163|17.375
1405640183|17.375
1405640203|17.375
1405640223|17.375
1405640243|17.375
1405640263|17.375
1405640283|17.312
1405640303|17.312
1405640324|17.25
1405640344|17.25
1405640364|17.187
1405640384|17.125
1405640404|17.125
1405640424|17.062
1405640445|17.062
1405640465|17.062
1405640485|17.062
1405640505|17.062
1405640525|17.062
1405640545|17.062
1405640565|17.062
1405640585|17.062
1405640605|17.062
1405640625|17.062
1405640645|17.062
1405640665|17.062
1405640686|17.062
1405640706|17.062
1405640726|17.0
1405640746|17.0
1405640766|17.0
1405640786|17.0
1405640806|16.937
1405640826|16.937
1405640846|16.937
1405640866|16.937
1405640886|16.937
1405640906|16.875
1405640926|16.875
1405640947|16.875
1405640967|16.812
1405640987|16.812
1405641007|16.812
1405641027|16.812
1405641048|16.812
1405641069|16.812
1405641089|16.75
1405641109|16.75
1405641129|16.75
1405641149|16.75
1405641169|16.75
1405641190|16.75
1405641210|16.75
1405641230|16.75
1405641250|16.75
1405641270|16.687
1405641290|16.687
1405641311|16.687
1405641331|16.687
1405641351|16.687
1405641371|16.687
1405641391|16.625
1405641411|16.625
1405641431|16.687
1405641451|16.625
1405641471|16.625
1405641491|16.625
1405641511|16.625
1405641531|16.562
1405641551|16.562
1405641572|16.562
1405641592|16.562
1405641612|16.562
1405641632|16.562
1405641652|16.5
1405641672|16.5
1405641692|16.5
1405641713|16.5
1405641734|16.5
1405641754|16.5
1405641774|16.5
1405641795|16.5
1405641815|16.437
1405641835|16.437
1405641855|16.5
1405641875|16.437
1405641895|16.437
1405641915|16.437
1405641935|16.437
1405641955|16.437
1405641975|16.437
1405641996|16.437
1405642016|16.437
1405642036|16.375
1405642056|16.375
1405642076|16.375
1405642096|16.375
1405642116|16.375
1405642136|16.375
1405642156|16.375
1405642176|16.375
1405642197|16.312
1405642217|16.312
1405642237|16.312
1405642257|16.312
1405642277|16.312
1405642297|16.312
1405642317|16.312
1405642337|16.312
1405642357|16.312
1405642378|16.312
1405642398|16.25
1405642418|16.25
1405642438|16.25
1405642458|16.312
1405642478|16.25
1405642498|16.25
1405642518|16.25
1405642539|16.25
1405642560|16.25
1405642580|16.25
1405642600|16.25
1405642620|16.25
1405642641|16.187
1405642661|16.187
1405642681|16.187
1405642701|16.187
1405642721|16.187
1405642741|16.187
1405642761|16.187
1405642782|16.187
1405642803|16.187
1405642823|16.125
1405642843|16.125
1405642863|16.125
1405642883|16.125
1405642903|16.125
1405642923|16.125
1405642943|16.125
1405642963|16.125
1405642983|16.125
1405643003|16.125
1405643023|16.125
1405643044|16.062
1405643064|16.062
1405643084|16.062
1405643104|16.062
1405643124|16.062
1405643144|16.0
1405643164|16.0
1405643184|16.0
1405643204|16.0
1405643224|16.0
1405643245|16.0
1405643265|16.0
1405643285|16.0
1405643305|16.0
1405643325|16.0
1405643345|15.937
1405643365|15.937
1405643386|15.937
1405643406|15.937
1405643426|15.937
1405643446|15.937
1405643466|15.937
1405643487|15.875
1405643507|15.875
1405643527|15.875
1405643547|15.937
1405643567|15.875
1405643587|15.875
1405643607|15.875
1405643627|15.875
1405643648|15.875
1405643668|15.875
1405643688|15.812
1405643708|15.812
1405643728|15.812
1405643748|15.812
1405643768|15.812
1405643788|15.812
1405643808|15.812
1405643828|15.812
1405643848|15.812
1405643868|15.812
1405643889|15.812
1405643909|15.812
1405643929|15.812
1405643949|15.812
1405643969|15.812
1405643989|15.75
1405644009|15.75
1405644030|15.75
1405644050|15.75
1405644070|15.75
1405644091|15.75
1405644111|15.75
1405644131|15.75
1405644151|15.75
1405644171|15.687
1405644191|15.687
1405644211|15.687
1405644231|15.687
1405644251|15.687
1405644272|15.687
1405644292|15.687
1405644312|15.687
1405644334|15.687
1405644354|15.687
1405644374|15.687
1405644394|15.625
1405644414|15.625
1405644434|15.625
1405644454|15.625
1405644475|15.625
1405644495|15.625
1405644515|15.625
1405644535|15.625
1405644555|15.625
1405644575|15.625
1405644595|15.625
1405644615|15.625
1405644635|15.625
1405644655|15.625
1405644675|15.562
1405644695|15.562
1405644715|15.562
1405644736|15.562
1405644756|15.562
1405644776|15.562
1405644796|15.562
1405644816|15.562
1405644836|15.562
1405644857|15.562
1405644877|15.562
1405644897|15.562
1405644917|15.562
1405644938|15.562
1405644958|15.5
1405644978|15.562
1405644998|15.562
1405645018|15.5
1405645038|15.5
1405645058|15.5
1405645079|15.5
1405645099|15.5
1405645119|15.5
1405645139|15.5
1405645159|15.437
1405645179|15.5
1405645199|15.5
1405645219|15.5
1405645239|15.5
1405645259|15.5
1405645279|15.5
1405645299|15.437
1405645319|15.437
1405645341|15.437
1405645361|15.437
1405645381|15.437
1405645401|15.437
1405645421|15.437
1405645441|15.437
1405645461|15.437
1405645481|15.437
1405645501|15.437
1405645521|15.437
1405645541|15.375
1405645562|15.437
1405645582|15.437
1405645602|15.375
1405645622|15.375
1405645642|15.375
1405645663|15.375
1405645683|15.375
1405645703|15.375
1405645723|15.312
1405645743|15.375
1405645763|15.312
1405645783|15.312
1405645803|15.312
1405645823|15.312
1405645843|15.312
1405645863|15.312
1405645883|15.312
1405645904|15.312
1405645924|15.25
1405645944|15.25
1405645964|15.25
1405645984|15.25
1405646004|15.25
1405646024|15.25
1405646044|15.25
1405646065|15.25
1405646085|15.25
1405646105|15.25
1405646125|15.187
1405646145|15.187
1405646165|15.187
1405646185|15.125
1405646205|15.125
1405646226|15.125
1405646246|15.062
1405646266|15.062
1405646286|15.062
1405646306|15.125
1405646327|15.062
1405646347|15.062
1405646367|15.062
1405646387|15.062
1405646407|15.062
1405646428|15.0
1405646448|15.0
1405646468|15.0
1405646488|15.0
1405646508|14.937
1405646528|14.937
1405646548|14.937
1405646569|14.937
1405646589|14.937
1405646609|14.937
1405646629|14.937
1405646649|14.937
1405646669|14.875
1405646689|14.875
1405646709|14.875
1405646729|14.875
1405646749|14.875
1405646769|14.875
1405646789|14.875
1405646810|14.875
1405646830|14.875
1405646850|14.812
1405646870|14.812
1405646890|14.812
1405646911|14.812
1405646931|14.812
1405646951|14.812
1405646972|14.812
1405646992|14.812
1405647012|14.812
1405647032|14.812
1405647052|14.812
1405647072|14.812
1405647092|14.812
1405647112|14.75
1405647132|14.812
1405647152|14.812
1405647173|14.75
1405647193|14.75
1405647213|14.75
1405647233|14.75
1405647253|14.75
1405647273|14.75
1405647293|14.75
1405647313|14.687
1405647333|14.687
1405647353|14.687
1405647373|14.687
1405647393|14.687
1405647413|14.625
1405647434|14.625
1405647454|14.625
1405647474|14.625
1405647494|14.625
1405647514|14.625
1405647534|14.625
1405647554|14.625
1405647575|14.625
1405647595|14.562
1405647615|14.562
1405647635|14.562
1405647655|14.562
1405647676|14.562
1405647696|14.562
1405647716|14.562
1405647736|14.562
1405647757|14.562
1405647777|14.5
1405647797|14.5
1405647817|14.5
1405647837|14.5
1405647857|14.5
1405647877|14.5
1405647897|14.5
1405647917|14.5
1405647937|14.437
1405647957|14.437
1405647977|14.437
1405647997|14.437
1405648018|14.437
1405648038|14.437
1405648058|14.437
1405648078|14.375
1405648098|14.375
1405648118|14.375
1405648138|14.375
1405648158|14.312
1405648178|14.312
1405648198|14.375
1405648219|14.375
1405648239|14.375
1405648259|14.375
1405648279|14.312
1405648299|14.312
1405648319|14.312
1405648339|14.312
1405648360|14.312
1405648380|14.312
1405648400|14.312
1405648420|14.312
1405648440|14.312
1405648460|14.312
1405648480|14.25
1405648500|14.25
1405648520|14.25
1405648540|14.25
1405648560|14.25
1405648580|14.25
1405648600|14.25
1405648621|14.25
1405648641|14.187
1405648661|14.187
1405648681|14.187
1405648701|14.187
1405648721|14.187
1405648741|14.187
1405648761|14.187
1405648781|14.187
1405648801|14.187
1405648821|14.187
1405648842|14.125
1405648862|14.125
1405648882|14.125
1405648902|14.125
1405648922|14.125
1405648942|14.125
1405648963|14.125
1405648983|14.125
1405649004|14.125
1405649024|14.125
1405649044|14.062
1405649064|14.062
1405649084|14.062
1405649104|14.062
1405649124|14.062
1405649144|14.062
1405649164|14.062
1405649184|14.062
1405649205|14.062
1405649225|14.062
1405649245|14.062
1405649266|14.0
1405649286|14.0
1405649306|14.0
1405649326|14.0
1405649346|14.0
1405649367|14.0
1405649387|14.0
1405649407|14.0
1405649427|13.937
1405649447|14.0
1405649467|14.0
1405649487|14.0
1405649507|13.937
1405649527|13.937
1405649548|13.937
1405649568|13.937
1405649588|13.937
1405649608|13.937
1405649628|13.937
1405649648|13.937
1405649668|13.937
1405649688|13.937
1405649708|13.875
1405649729|13.875
1405649749|13.875
1405649769|13.875
1405649789|13.875
1405649809|13.875
1405649829|13.812
1405649850|13.812
1405649870|13.812
1405649890|13.812
1405649910|13.812
1405649930|13.75
1405649950|13.75
1405649970|13.75
1405649990|13.687
1405650011|13.687
1405650031|13.687
1405650051|13.687
1405650071|13.687
1405650092|13.687
1405650113|13.687
1405650133|13.687
1405650153|13.687
1405650174|13.687
1405650194|13.687
1405650214|13.687
1405650234|13.687
1405650254|13.687
1405650274|13.687
1405650294|13.687
1405650314|13.687
1405650334|13.687
1405650354|13.687
1405650375|13.687
1405650395|13.687
1405650415|13.625
1405650435|13.625
1405650455|13.625
1405650475|13.625
1405650495|13.625
1405650515|13.562
1405650535|13.625
1405650555|13.625
1405650576|13.562
1405650596|13.562
1405650616|13.562
1405650636|13.562
1405650656|13.562
1405650676|13.562
1405650696|13.625
1405650717|13.625
1405650737|13.625
1405650757|13.562
1405650777|13.625
1405650797|13.625
1405650817|13.625
1405650837|13.562
1405650857|13.625
1405650877|13.562
1405650897|13.562
1405650917|13.562
1405650937|13.562
1405650957|13.562
1405650978|13.562
1405650998|13.562
1405651019|13.562
1405651039|13.562
1405651059|13.562
1405651079|13.562
1405651099|13.562
1405651119|13.562
1405651139|13.562
1405651159|13.562
1405651179|13.562
1405651199|13.562
1405651219|13.562
1405651240|13.562
1405651260|13.562
1405651280|13.562
1405651300|13.562
1405651320|13.562
1405651341|13.562
1405651361|13.562
1405651381|13.562
1405651401|13.562
1405651421|13.562
1405651441|13.5
1405651461|13.5
1405651481|13.5
1405651502|13.5
1405651522|13.5
1405651542|13.5
1405651562|13.5
1405651582|13.5
1405651603|13.5
1405651623|13.5
1405651643|13.5
1405651664|13.5
1405651684|13.5
1405651704|13.5
1405651724|13.5
1405651744|13.5
1405651764|13.5
1405651784|13.5
1405651804|13.5
1405651824|13.5
1405651844|13.5
1405651865|13.5
1405651885|13.437
1405651905|13.5
1405651925|13.5
1405651945|13.437
1405651965|13.5
1405651985|13.437
1405652005|13.5
1405652025|13.437
1405652046|13.437
1405652066|13.5
1405652086|13.437
1405652106|13.5
1405652126|13.5
1405652146|13.5
1405652166|13.437
1405652187|13.437
1405652207|13.437
1405652227|13.437
1405652247|13.437
1405652267|13.437
1405652288|13.437
1405652308|13.437
1405652328|13.437
1405652348|13.437
1405652368|13.437
1405652388|13.375
1405652408|13.375
1405652428|13.375
1405652448|13.375
1405652468|13.375
1405652488|13.375
1405652508|13.375
1405652528|13.375
1405652549|13.375
1405652569|13.375
1405652589|13.375
1405652609|13.375
1405652629|13.375
1405652649|13.375
1405652669|13.375
1405652689|13.375
1405652710|13.375
1405652730|13.437
1405652751|13.437
1405652771|13.437
1405652791|13.437
1405652811|13.5
1405652831|13.437
1405652851|13.5
1405652871|13.5
1405652891|13.5
1405652912|13.5
1405652932|13.5
1405652952|13.5
1405652972|13.5
1405652992|13.562
1405653012|13.562
1405653033|13.562
1405653053|13.562
1405653073|13.625
1405653093|13.562
1405653113|13.625
1405653133|13.625
1405653153|13.625
1405653173|13.625
1405653194|13.625
1405653214|13.687
1405653234|13.687
1405653254|13.687
1405653274|13.687
1405653294|13.75
1405653315|13.75
1405653335|13.75
1405653355|13.75
1405653375|13.812
1405653395|13.812
1405653415|13.875
1405653435|13.875
1405653456|13.875
1405653476|13.875
1405653496|13.875
1405653516|13.937
1405653537|13.937
1405653557|13.937
1405653577|14.0
1405653597|14.0
1405653617|14.0
1405653637|14.062
1405653658|14.062
1405653678|14.062
1405653698|14.062
1405653718|14.125
1405653738|14.187
1405653758|14.125
1405653778|14.187
1405653798|14.187
1405653818|14.187
1405653839|14.187
1405653859|14.25
1405653879|14.25
1405653899|14.25
1405653919|14.312
1405653939|14.312
1405653959|14.375
1405653979|14.437
1405653999|14.437
1405654019|14.562
1405654039|14.562
1405654059|14.625
1405654079|14.687
1405654100|14.687
1405654121|14.75
1405654141|14.812
1405654161|14.875
1405654181|14.937
1405654201|14.937
1405654221|15.062
1405654241|15.125
1405654261|15.187
1405654282|15.25
1405654302|15.312
1405654322|15.375
1405654342|15.437
1405654362|15.5
1405654382|15.5
1405654402|15.625
1405654422|15.625
1405654442|15.687
1405654463|15.75
1405654483|15.75
1405654503|15.812
1405654523|15.812
1405654544|15.812
1405654564|15.812
1405654584|15.875
1405654604|15.875
1405654624|15.937
1405654644|15.937
1405654664|16.0
1405654685|16.062
1405654705|16.062
1405654725|16.062
1405654745|16.062
1405654765|16.062
1405654785|16.125
1405654805|16.125
1405654825|16.125
1405654845|16.125
1405654865|16.125
1405654885|16.125
1405654905|16.125
1405654925|16.187
1405654946|16.187
1405654966|16.187
1405654986|16.187
1405655006|16.25
1405655026|16.25
1405655047|16.25
1405655067|16.312
1405655087|16.312
1405655107|16.312
1405655127|16.375
1405655147|16.437
1405655167|16.437
1405655187|16.437
1405655207|16.5
1405655227|16.5
1405655247|16.562
1405655267|16.562
1405655287|16.625
1405655308|16.625
1405655328|16.687
1405655348|16.687
1405655368|16.75
1405655388|16.812
1405655408|16.812
1405655428|16.875
1405655448|16.875
1405655468|16.937
1405655488|16.937
1405655508|17.0
1405655528|17.062
1405655549|17.062
1405655569|17.125
1405655589|17.125
1405655609|17.187
1405655629|17.25
1405655650|17.312
1405655670|17.375
1405655690|17.437
1405655710|17.5
1405655730|17.562
1405655750|17.562
1405655770|17.687
1405655790|17.687
1405655810|17.75
1405655830|17.812
1405655850|17.875
1405655870|17.875
1405655891|18.0
1405655911|18.062
1405655931|18.125
1405655951|18.125
1405655971|18.187
1405655992|18.25
1405656012|18.375
1405656032|18.437
1405656052|18.437
1405656072|18.562
1405656092|18.625
1405656112|18.625
1405656132|18.687
1405656152|18.75
1405656172|18.812
1405656192|18.812
1405656213|18.937
1405656233|18.937
1405656253|18.937
1405656273|18.937
1405656293|19.0
1405656313|19.062
1405656334|19.125
1405656354|19.187
1405656374|19.25
1405656394|19.312
1405656414|19.375
1405656434|19.437
1405656455|19.562
1405656475|19.562
1405656495|19.687
1405656515|19.75
1405656535|19.812
1405656555|19.937
1405656576|20.0
1405656596|20.0
1405656616|20.062
1405656636|20.125
1405656656|20.187
1405656676|20.25
1405656696|20.25
1405656717|20.375
1405656738|20.562
1405656758|20.75
1405656778|21.0
1405656798|21.25
1405656819|21.437
1405656839|21.625
1405656859|21.875
1405656879|22.062
1405656900|22.187
1405656920|22.375
1405656940|22.562
1405656960|22.75
1405656981|22.937
1405657001|23.062
1405657022|23.25
1405657042|23.437
1405657062|23.5
1405657082|23.625
1405657102|23.75
1405657122|23.812
1405657142|23.937
1405657162|24.0
1405657182|24.062
1405657203|24.125
1405657224|24.187
1405657245|24.312
1405657265|24.375
1405657285|24.437
1405657305|24.5
1405657325|24.625
1405657345|24.687
1405657365|24.75
1405657386|24.875
1405657406|24.937
1405657426|25.0
1405657446|25.0
1405657467|25.0
1405657487|25.062
1405657507|25.062
1405657527|25.125
1405657547|25.187
1405657567|25.25
1405657587|25.25
1405657607|25.25
1405657627|25.312
1405657648|25.375
1405657668|25.437
1405657688|25.437
1405657709|25.437
1405657729|25.5
1405657749|25.625
1405657769|25.687
1405657789|25.75
1405657809|25.812
1405657829|25.812
1405657849|25.812
1405657870|25.875
1405657890|25.875
1405657910|25.875
1405657930|26.0
1405657950|26.062
1405657970|26.125
1405657990|26.187
1405658010|26.312
1405658030|26.312
1405658050|26.375
1405658071|26.5
1405658091|26.5
1405658111|26.5
1405658132|26.625
1405658152|26.687
1405658172|26.812
1405658192|27.062
1405658212|27.25
1405658232|27.437
1405658252|27.625
1405658272|27.812
1405658292|27.937
1405658312|28.25
1405658332|28.5
1405658353|28.75
1405658373|29.0
1405658393|29.187
1405658413|29.25
1405658434|29.375
1405658454|29.562
1405658475|29.687
1405658495|29.875
1405658515|30.062
1405658535|30.187
1405658555|30.375
1405658575|30.625
1405658595|30.937
1405658615|30.812
1405658635|31.125
1405658655|31.5
1405658675|31.687
1405658695|31.812
1405658715|32.062
1405658736|32.25
1405658756|32.187
1405658776|32.25
1405658796|32.375
1405658816|32.187
1405658836|32.187
1405658856|32.437
1405658877|32.5
1405658897|32.5
1405658917|32.875
1405658937|33.375
1405658957|33.687
1405658978|34.062
1405658998|34.062
1405659018|34.375
1405659038|34.562
1405659058|34.75
1405659078|34.937
1405659098|35.25
1405659119|35.687
1405659139|35.687
1405659159|36.312
1405659179|36.5
1405659199|36.75
1405659219|37.062
1405659239|37.5
1405659259|37.875
1405659279|38.25
1405659299|38.562
1405659320|38.812
1405659340|39.0
1405659360|39.25
1405659380|39.25
1405659401|39.375
1405659421|39.5
1405659441|39.812
1405659461|40.062
1405659482|40.062
1405659502|40.687
1405659522|41.0
1405659542|41.25
1405659562|41.562
1405659583|41.812
1405659603|42.125
1405659623|42.062
1405659643|42.062
1405659663|42.062
1405659683|42.312
1405659703|42.75
1405659723|43.25
1405659743|43.687
1405659763|44.187
1405659783|44.562
1405659803|44.937
1405659823|45.25
1405659844|45.437
1405659864|45.75
1405659884|46.062
1405659904|46.375
1405659924|46.75
1405659945|47.062
1405659965|46.812
1405659985|46.875
1405660005|47.187
1405660025|47.5
1405660046|47.875
1405660066|48.187
1405660086|48.437
1405660106|48.687
1405660126|48.937
1405660146|49.187
1405660166|49.437
1405660186|49.687
1405660206|49.937
1405660226|50.187
1405660247|50.437
1405660268|50.625
1405660288|50.75
1405660308|51.0
1405660328|51.25
1405660348|51.437
1405660368|51.625
1405660388|51.812
1405660408|51.937
1405660428|52.125
1405660448|52.312
1405660468|52.562
1405660488|52.687
1405660508|52.875
1405660529|53.062
1405660549|53.25
1405660569|53.375
1405660589|53.375
1405660610|53.375
1405660630|53.812
1405660650|54.062
1405660670|54.25
1405660691|54.437
1405660711|54.562
1405660731|54.812
1405660751|55.0
1405660771|55.125
1405660791|55.375
1405660811|55.5
1405660831|55.687
1405660851|55.875
1405660871|56.0
1405660891|56.062
1405660912|56.187
1405660933|56.375
1405660953|56.437
1405660973|56.562
1405660993|56.687
1405661013|56.812
1405661033|56.937
1405661053|57.062
1405661073|57.187
1405661093|57.312
1405661114|57.437
1405661134|57.562
1405661154|54.312
1405661174|48.062
1405661194|44.562
1405661214|42.812
1405661234|41.937
1405661254|41.812
1405661274|42.062
1405661294|42.5
1405661314|43.125
1405661334|43.812
1405661355|44.562
1405661375|45.25
1405661395|45.937
1405661415|46.625
1405661435|47.25
1405661456|47.562
1405661476|48.125
1405661496|48.562
1405661516|49.125
1405661536|49.625
1405661556|50.187
1405661576|50.562
1405661596|50.437
1405661616|50.75
1405661636|50.625
1405661656|50.625
1405661676|51.0
1405661697|51.375
1405661717|51.75
1405661737|52.062
1405661757|52.375
1405661777|52.812
1405661797|53.25
1405661817|53.562
1405661837|53.812
1405661857|54.187
1405661877|54.375
1405661897|54.0
1405661917|54.0
1405661937|54.312
1405661958|54.75
1405661978|55.125
1405661998|55.5
1405662018|55.875
1405662038|56.187
1405662059|55.687
1405662079|49.875
1405662099|42.812
1405662119|38.562
1405662139|36.25
1405662159|35.25
1405662179|35.062
1405662199|35.125
1405662219|35.125
1405662239|35.812
1405662259|36.75
1405662280|37.812
1405662300|38.875
1405662320|39.937
1405662340|40.5
1405662360|41.375
1405662380|42.375
1405662400|43.312
1405662420|43.312
1405662440|45.0
1405662460|45.75
1405662480|46.5
1405662500|47.125
1405662520|47.687
1405662542|48.312
1405662562|48.875
1405662582|49.437
1405662602|50.0
1405662622|50.5
1405662642|51.0
1405662662|51.437
1405662682|51.812
1405662702|52.187
1405662723|52.5
1405662743|52.875
1405662763|53.25
1405662783|53.625
1405662803|53.937
1405662823|54.312
1405662843|54.625
1405662863|54.875
1405662884|55.0
1405662904|55.25
1405662924|55.5
1405662945|55.75
1405662965|56.0
1405662985|56.187
1405663005|56.375
1405663025|56.562
1405663045|56.75
1405663065|56.75
1405663085|57.125
1405663106|57.312
1405663126|57.562
1405663147|57.75
1405663167|57.937
1405663187|57.937
1405663207|56.062
1405663227|51.312
1405663247|44.875
1405663267|39.687
1405663287|37.0
1405663307|36.0
1405663327|35.812
1405663347|36.062
1405663367|36.437
1405663387|36.875
1405663408|37.812
1405663428|38.812
1405663448|39.875
1405663468|40.937
1405663488|41.937
1405663508|42.937
1405663529|43.812
1405663549|44.625
1405663569|45.437
1405663589|45.437
1405663609|46.812
1405663629|47.5
1405663649|48.125
1405663669|48.687
1405663690|49.187
1405663710|49.625
1405663730|50.062
1405663750|50.312
1405663770|50.562
1405663790|50.875
1405663810|51.187
1405663830|51.562
1405663850|51.562
1405663872|52.125
1405663892|52.375
1405663912|52.5
1405663932|52.75
1405663952|52.937
1405663972|53.125
1405663992|53.375
1405664012|53.562
1405664032|53.812
1405664052|54.0
1405664072|54.125
1405664092|54.312
1405664112|54.437
1405664133|54.562
1405664153|54.625
1405664173|54.812
1405664194|54.937
1405664214|55.062
1405664234|55.187
1405664254|55.375
1405664274|55.5
1405664294|55.625
1405664314|55.687
1405664335|55.687
1405664355|55.875
1405664375|56.0
1405664395|56.062
1405664415|56.187
1405664435|56.312
1405664455|56.5
1405664476|56.625
1405664496|56.687
1405664517|56.812
1405664537|56.937
1405664557|57.062
1405664577|57.25
1405664597|57.375
1405664617|57.5
1405664637|57.625
1405664657|57.625
1405664677|57.437
1405664697|56.5
1405664717|53.937
1405664737|49.312
1405664758|43.562
1405664778|39.25
1405664798|37.125
1405664818|36.312
1405664838|36.312
1405664859|36.75
1405664879|37.5
1405664899|38.375
1405664919|39.312
1405664939|40.25
1405664959|41.25
1405664979|42.187
1405664999|43.125
1405665019|44.062
1405665039|44.937
1405665059|45.625
1405665080|46.375
1405665100|47.125
1405665120|47.812
1405665140|48.312
1405665160|48.875
1405665180|49.437
1405665201|50.062
1405665221|50.625
1405665241|51.187
1405665261|51.75
1405665281|52.25
1405665301|52.687
1405665321|53.125
1405665341|53.437
1405665361|53.812
1405665381|53.812
1405665401|54.437
1405665421|54.375
1405665442|54.375
1405665462|54.562
1405665483|54.812
1405665503|55.062
1405665523|55.312
1405665543|55.5
1405665563|50.937
1405665583|43.75
1405665603|39.687
1405665623|37.687
1405665643|37.687
1405665663|37.187
1405665683|37.75
1405665704|38.5
1405665724|39.5
1405665744|40.562
1405665764|41.625
1405665784|41.625
1405665804|43.812
1405665825|44.875
1405665845|45.937
1405665866|46.875
1405665886|47.75
1405665906|48.625
1405665926|49.5
1405665946|50.375
1405665966|51.125
1405665986|51.812
1405666006|52.437
1405666026|52.437
1405666046|53.687
1405666066|54.187
1405666087|54.812
1405666107|55.312
1405666127|55.812
1405666147|56.312
1405666167|56.687
1405666187|57.0
1405666207|57.375
1405666227|57.75
1405666247|58.062
1405666267|58.062
1405666287|57.0
1405666307|54.312
1405666327|48.875
1405666348|43.75
1405666368|40.625
1405666388|39.25
1405666408|38.812
1405666428|39.0
1405666448|39.625
1405666469|40.437
1405666489|41.5
1405666509|42.562
1405666530|43.812
1405666550|44.75
1405666570|45.687
1405666590|46.75
1405666610|47.75
1405666630|48.812
1405666650|49.812
1405666670|50.687
1405666691|51.625
1405666711|52.5
1405666732|53.375
1405666752|54.125
1405666772|54.875
1405666792|55.562
1405666812|56.187
1405666832|56.812
1405666852|57.375
1405666872|57.937
1405666892|58.125
1405666912|54.937
1405666932|49.125
1405666952|44.687
1405666972|41.937
1405666993|40.312
1405667013|39.812
1405667033|39.937
1405667053|40.5
1405667073|41.187
1405667096|41.187
1405667113|43.187
1405667133|44.312
1405667154|45.312
1405667174|45.5
1405667194|46.312
1405667214|46.625
1405667234|46.75
1405667254|47.375
1405667274|48.187
1405667294|49.25
1405667314|50.562
1405667335|51.5
1405667355|52.687
1405667375|53.5
1405667395|54.187
1405667415|55.062
1405667435|55.375
1405667455|51.875
1405667475|46.5
1405667495|44.25
1405667515|43.125
1405667535|42.625
1405667555|41.437
1405667575|41.937
1405667596|42.875
1405667616|43.937
1405667636|45.125
1405667656|46.312
1405667676|47.0
1405667696|48.125
1405667716|49.312
1405667736|50.562
1405667756|51.812
1405667777|52.937
1405667797|53.625
1405667817|54.375
1405667837|55.375
1405667858|54.937
1405667878|55.5
1405667898|53.25
1405667918|49.625
1405667938|47.812
1405667958|46.937
1405667978|46.187
1405667998|45.437
1405668018|45.062
1405668038|45.687
1405668058|46.562
1405668078|47.687
1405668098|48.875
1405668119|50.125
1405668139|51.25
1405668159|52.437
1405668179|53.5
1405668199|54.5
1405668219|55.437
1405668239|56.375
1405668259|56.312
1405668279|53.25
1405668299|51.375
1405668319|51.375
1405668339|49.562
1405668360|49.25
1405668380|49.5
1405668400|50.0
1405668420|50.687
1405668440|51.187
1405668460|51.937
1405668481|52.937
1405668501|54.0
1405668521|55.062
1405668541|56.187
1405668561|57.312
1405668581|57.125
1405668601|54.562
1405668622|52.75
1405668642|51.625
1405668662|51.0
1405668682|50.75
1405668703|50.937
1405668723|50.937
1405668744|52.375
1405668764|53.312
1405668784|54.25
1405668804|55.25
1405668824|56.25
1405668844|57.375
1405668865|58.562
1405668885|56.312
1405668905|54.375
1405668925|53.062
1405668945|52.312
1405668965|51.937
1405668985|51.875
1405669005|52.25
1405669025|52.25
1405669046|53.625
1405669066|53.625
1405669086|55.25
1405669106|56.0
1405669126|56.937
1405669146|57.75
1405669166|55.375
1405669186|53.437
1405669206|52.187
1405669227|51.437
1405669247|51.062
1405669267|51.062
1405669287|51.5
1405669307|52.187
1405669327|53.0
1405669347|53.875
1405669368|54.937
1405669388|56.0
1405669408|57.0
1405669428|58.062
1405669448|58.812
1405669468|56.375
1405669488|54.375
1405669508|52.75
1405669528|51.75
1405669548|51.187
1405669568|51.125
1405669588|51.5
1405669608|51.5
1405669629|52.75
1405669649|53.562
1405669669|54.375
1405669689|55.375
1405669710|56.375
1405669730|57.312
1405669750|58.375
1405669770|57.312
1405669790|55.187
1405669810|53.562
1405669830|52.625
1405669850|52.125
1405669870|51.875
1405669891|52.0
1405669911|52.375
1405669931|52.875
1405669951|53.562
1405669971|54.375
1405669991|55.187
1405670012|56.062
1405670032|56.937
1405670052|57.687
1405670072|58.437
1405670092|56.812
1405670112|54.625
1405670132|53.125
1405670152|52.312
1405670172|51.937
1405670192|51.75
1405670212|51.875
1405670233|52.125
1405670253|52.687
1405670273|53.187
1405670293|54.062
1405670313|55.0
1405670333|56.0
1405670353|56.937
1405670373|57.687
1405670393|56.937
1405670413|53.875
1405670433|51.937
1405670453|50.937
1405670473|50.375
1405670494|49.312
1405670514|48.687
1405670534|49.25
1405670554|50.312
1405670574|51.437
1405670594|52.75
1405670615|54.062
1405670635|55.25
1405670655|56.625
1405670675|58.062
1405670695|56.375
1405670715|54.5
1405670735|53.25
1405670755|52.5
1405670775|52.0
1405670795|51.562
1405670815|51.437
1405670836|51.75
1405670856|52.687
1405670876|53.937
1405670896|55.375
1405670916|56.875
1405670936|58.5
1405670957|58.062
1405670977|54.75
1405670997|53.062
1405671017|52.125
1405671037|51.625
1405671057|51.437
1405671077|51.875
1405671097|52.687
1405671118|53.812
1405671138|55.062
1405671158|56.562
1405671178|58.25
1405671198|59.875
1405671218|57.687
1405671238|55.75
1405671258|54.437
1405671279|53.312
1405671299|52.562
1405671319|52.187
1405671339|52.375
1405671359|53.062
1405671379|54.062
1405671399|55.375
1405671419|56.562
1405671440|57.625
1405671460|58.437
1405671480|55.875
1405671500|53.625
1405671520|53.625
1405671540|51.312
1405671560|50.75
1405671580|50.562
1405671600|50.5
1405671620|50.75
1405671640|51.625
1405671660|52.937
1405671680|54.625
1405671701|56.437
1405671721|57.687
1405671741|55.625
1405671762|53.562
1405671782|51.937
1405671802|50.75
1405671822|49.875
1405671843|49.875
1405671863|50.437
1405671883|51.375
1405671903|52.687
1405671924|54.25
1405671944|55.875
1405671964|55.875
1405671985|59.0
1405672005|57.812
1405672025|54.562
1405672045|52.937
1405672065|51.937
1405672086|51.375
1405672106|51.187
1405672126|50.812
1405672146|51.25
1405672166|52.312
1405672186|53.625
1405672207|55.0
1405672227|56.0
1405672247|57.687
1405672267|58.375
1405672287|56.0
1405672308|54.312
1405672328|53.25
1405672348|52.375
1405672368|51.937
1405672388|51.687
1405672408|52.0
1405672428|52.875
1405672448|53.25
1405672468|54.312
1405672488|56.312
1405672508|58.187
1405672528|58.875
1405672549|55.812
1405672569|54.125
1405672589|52.937
1405672609|52.187
1405672629|51.687
1405672649|51.375
1405672669|51.75
1405672689|52.687
1405672709|54.0
1405672729|55.625
1405672749|57.5
1405672769|59.25
1405672789|58.937
1405672810|56.5
1405672830|54.812
1405672850|53.062
1405672870|53.062
1405672890|52.0
1405672911|51.75
1405672931|51.375
1405672951|51.937
1405672971|53.0
1405672991|54.875
1405673011|57.062
1405673031|59.25
1405673051|57.812
1405673071|55.937
1405673091|54.687
1405673111|53.625
1405673132|52.687
1405673153|51.937
1405673173|51.937
1405673193|52.75
1405673213|54.062
1405673233|55.75
1405673253|57.75
1405673273|59.75
1405673293|61.187
1405673313|58.562
1405673333|56.625
1405673353|55.75
1405673374|56.187
1405673394|57.25
1405673415|58.812
1405673435|60.5
1405673455|62.437
1405673475|64.312
1405673495|65.562
1405673515|62.5
1405673535|59.625
1405673555|57.5
1405673575|55.687
1405673595|54.5
1405673615|53.75
1405673636|53.187
1405673656|53.062
1405673676|53.875
1405673696|55.25
1405673716|57.125
1405673736|59.187
1405673756|61.5
1405673777|62.687
1405673797|59.437
1405673817|57.0
1405673837|55.5
1405673857|54.562
1405673877|53.812
1405673898|53.5
1405673918|54.062
1405673938|55.312
1405673958|56.75
1405673980|58.687
1405674000|60.812
1405674020|61.937
1405674040|60.5
1405674060|60.937
1405674080|62.875
1405674100|65.5
1405674120|68.312
1405674140|71.0
1405674160|73.5
1405674180|75.875
1405674201|77.812
1405674221|79.5
1405674241|81.125
1405674261|82.562
1405674281|83.687
1405674301|84.5
1405674321|85.937
1405674341|87.25
1405674361|87.875
1405674381|87.937
1405674401|88.25
1405674421|88.25
1405674442|88.937
1405674462|89.812
1405674482|91.0
1405674503|92.812
1405674523|94.562
1405674543|96.5
1405674563|98.437
1405674584|99.875
1405674604|101.625
1405674624|104.625
1405674645|106.5
1405674665|107.437
1405674685|108.687
1405674705|109.937
1405674725|110.562
1405674745|110.937
1405674765|111.0
1405674785|111.0
1405674805|113.375
1405674825|114.125
1405674846|114.062
1405674866|114.0
1405674886|112.437
1405674906|110.562
1405674926|109.5
1405674946|107.5
1405674966|107.5
1405674987|94.25
1405675007|84.437
1405675027|77.187
1405675047|71.75
1405675067|67.437
1405675087|64.625
1405675107|63.687
1405675127|63.25
1405675147|62.687
1405675167|62.062
1405675188|61.0
1405675208|59.875
1405675228|58.875
1405675248|57.937
1405675269|57.125
1405675289|56.0
1405675310|55.25
1405675330|55.187
1405675350|55.312
1405675370|55.375
1405675390|55.125
1405675410|54.812
1405675430|54.687
1405675450|54.5
1405675470|54.187
1405675490|54.062
1405675510|53.562
1405675530|51.75
1405675551|51.187
1405675571|51.125
1405675591|50.625
1405675611|50.812
1405675631|51.125
1405675651|51.25
1405675671|51.5
1405675691|52.875
1405675711|55.875
1405675731|60.0
1405675751|64.625
1405675771|65.375
1405675792|64.25
1405675812|61.437
1405675832|59.062
1405675852|57.437
1405675872|56.25
1405675892|54.937
1405675913|54.0
1405675933|52.812
1405675953|51.812
1405675973|51.812
1405675993|51.437
1405676013|52.125
1405676033|54.437
1405676053|57.687
1405676073|61.25
1405676093|62.562
1405676113|59.75
1405676134|57.062
1405676154|55.187
1405676174|53.937
1405676194|53.375
1405676214|53.0
1405676234|53.937
1405676254|55.875
1405676274|58.312
1405676294|60.875
1405676314|61.937
1405676334|58.562
1405676355|55.812
1405676375|54.375
1405676395|53.25
1405676415|51.562
1405676435|50.5
1405676455|50.062
1405676475|48.812
1405676495|48.5
1405676516|48.062
1405676536|47.5
1405676556|47.187
1405676576|46.812
1405676596|46.125
1405676617|47.125
1405676637|48.437
1405676657|50.125
1405676677|50.812
1405676697|52.375
1405676717|55.25
1405676737|58.0
1405676757|55.812
1405676777|51.875
1405676797|49.5
1405676817|47.187
1405676838|47.062
1405676858|47.75
1405676879|49.25
1405676899|51.312
1405676919|52.125
1405676939|54.062
1405676959|55.187
1405676979|55.562
1405676999|55.375
1405677019|55.812
1405677039|56.375
1405677059|57.375
1405677079|57.687
1405677099|58.062
1405677119|58.062
1405677140|62.75
1405677160|64.437
1405677180|66.312
1405677200|68.75
1405677221|69.812
1405677241|71.312
1405677261|74.625
1405677281|77.937
1405677301|80.562
1405677322|80.812
1405677342|81.187
1405677362|83.25
1405677382|82.875
1405677402|81.812
1405677422|85.5
1405677442|88.0
1405677462|91.625
1405677482|94.312
1405677502|94.812
1405677523|95.062
1405677543|97.375
1405677563|99.875
1405677583|100.187
1405677603|102.0
1405677623|103.187
1405677643|103.625
1405677663|104.625
1405677683|105.125
1405677703|106.5
1405677723|107.062
1405677743|106.562
1405677763|107.187
1405677784|108.187
1405677804|109.625
1405677824|109.625
1405677844|109.812
1405677864|108.375
1405677884|107.687
1405677904|106.437
1405677924|108.25
1405677945|108.562
1405677965|109.812
1405677985|110.687
1405678005|112.062
1405678025|111.125
1405678045|111.937
1405678065|111.937
1405678085|114.375
1405678105|115.875
1405678126|117.5
1405678146|118.5
1405678166|119.625
1405678186|119.812
1405678206|119.812
1405678226|117.125
1405678246|117.625
1405678266|113.937
1405678286|111.0
1405678306|113.312
1405678326|114.5
1405678346|114.187
1405678366|112.187
1405678387|112.75
1405678407|113.687
1405678427|113.625
1405678447|112.875
1405678467|107.375
1405678487|111.062
1405678507|113.687
1405678527|113.687
1405678547|112.125
1405678568|111.625
1405678589|110.687
1405678609|113.562
1405678629|116.062
1405678650|117.562
1405678670|119.0
1405678690|119.5
1405678710|119.062
1405678730|118.937
1405678750|117.437
1405678770|113.687
1405678790|112.062
1405678811|110.437
1405678831|110.437
1405678851|114.562
1405678871|117.312
1405678891|119.5
1405678911|121.0
1405678931|122.312
1405678951|123.312
1405678971|124.187
1405678991|124.937
1405679012|125.375
1405679032|125.375
1405679052|124.0
1405679073|124.625
1405679093|124.875
1405679113|121.625
1405679133|119.75
1405679153|120.187
1405679173|121.375
1405679193|121.812
1405679213|121.062
1405679233|119.812
1405679253|118.687
1405679274|115.937
1405679294|115.875
1405679314|116.0
1405679334|116.812
1405679354|118.812
1405679374|121.125
1405679394|121.312
1405679415|119.062
1405679435|119.5
1405679455|118.875
1405679475|121.125
1405679495|122.812
1405679515|124.25
1405679535|124.187
1405679555|124.562
1405679575|123.062
1405679595|123.312
1405679615|124.125
1405679635|123.812
1405679655|124.375
1405679676|125.375
1405679696|125.937
1405679716|125.5
1405679736|126.5
1405679756|126.562
1405679776|126.625
1405679796|125.75
1405679816|125.25
1405679836|125.687
1405679856|126.125
1405679876|126.875
1405679897|127.75
1405679917|127.937
1405679937|127.937
1405679957|127.625
1405679977|-128.0
1405679998|127.625
1405680018|126.062
1405680038|127.312
1405680058|127.312
1405680078|127.062
1405680098|126.562
1405680118|125.75
1405680138|124.812
1405680158|125.937
1405680178|127.062
1405680198|127.25
1405680218|126.562
1405680238|126.187
1405680259|122.5
1405680279|124.562
1405680299|122.75
1405680319|123.437
1405680339|123.125
1405680359|121.625
1405680379|118.875
1405680399|119.75
1405680419|119.312
1405680439|118.937
1405680459|115.062
1405680479|117.687
1405680500|119.25
1405680520|117.75
1405680541|118.375
1405680561|120.5
1405680581|121.875
1405680601|120.812
1405680621|120.687
1405680642|120.187
1405680662|119.937
1405680682|119.375
1405680702|119.25
1405680722|117.25
1405680742|117.062
1405680762|115.375
1405680783|114.812
1405680803|114.812
1405680823|112.312
1405680843|112.437
1405680863|110.187
1405680883|109.625
1405680903|107.562
1405680923|104.875
1405680943|105.812
1405680964|109.25
1405680984|112.125
1405681004|110.625
1405681024|110.875
1405681044|112.0
1405681064|113.25
1405681084|113.875
1405681104|114.437
1405681124|114.437
1405681144|114.75
1405681164|115.625
1405681185|114.687
1405681205|116.062
1405681225|116.75
1405681246|117.125
1405681266|114.937
1405681286|115.437
1405681306|116.5
1405681326|117.062
1405681346|117.187
1405681367|117.812
1405681387|117.875
1405681407|117.25
1405681427|117.375
1405681447|117.687
1405681467|113.437
1405681487|113.875
1405681507|115.187
1405681527|116.125
1405681547|117.312
1405681567|115.375
1405681588|116.062
1405681608|116.312
1405681628|116.187
1405681648|114.562
1405681669|114.937
1405681689|114.937
1405681709|113.687
1405681729|114.5
1405681749|114.875
1405681769|115.75
1405681789|116.937
1405681809|117.375
1405681829|117.937
1405681849|117.625
1405681869|116.937
1405681889|117.0
1405681909|117.25
1405681930|117.125
1405681950|116.687
1405681970|117.125
1405681990|117.437
1405682010|117.25
1405682031|115.875
1405682051|115.625
1405682071|114.937
1405682091|113.062
1405682111|112.25
1405682131|113.062
1405682151|113.562
1405682171|114.625
1405682191|115.312
1405682211|116.125
1405682232|116.187
1405682252|116.5
1405682272|112.625
1405682292|112.875
1405682312|113.937
1405682332|115.0
1405682352|115.437
1405682372|115.812
1405682392|115.875
1405682413|115.812
1405682433|114.937
1405682453|114.187
1405682473|113.937
1405682493|113.812
1405682513|113.625
1405682533|113.687
1405682554|114.687
1405682574|115.5
1405682594|116.437
1405682614|116.687
1405682634|116.375
1405682654|116.75
1405682674|117.125
1405682694|117.125
1405682715|116.25
1405682735|115.812
1405682755|115.687
1405682775|116.437
1405682795|116.812
1405682815|112.125
1405682836|110.312
1405682856|108.937
1405682876|108.375
1405682896|109.875
1405682916|110.437
1405682936|111.687
1405682957|113.375
1405682977|113.937
1405682997|114.375
1405683017|115.062
1405683037|115.062
1405683057|116.5
1405683078|116.75
1405683098|117.062
1405683119|116.125
1405683139|114.062
1405683159|114.687
1405683179|114.937
1405683199|113.187
1405683219|111.687
1405683239|112.687
1405683259|114.25
1405683279|114.687
1405683300|114.312
1405683320|114.687
1405683340|112.875
1405683360|111.625
1405683380|111.875
1405683400|111.25
1405683420|110.937
1405683440|112.25
1405683461|113.562
1405683481|113.937
1405683501|113.937
1405683521|114.562
1405683541|115.125
1405683561|115.125
1405683582|110.0
1405683602|110.562
1405683622|112.25
1405683643|113.75
1405683663|113.437
1405683683|113.187
1405683703|113.437
1405683724|114.625
1405683744|112.937
1405683764|112.937
1405683784|113.0
1405683804|114.312
1405683825|115.125
1405683845|115.312
1405683865|115.437
1405683885|116.0
1405683905|116.437
1405683925|116.75
1405683945|116.75
1405683965|117.5
1405683985|117.687
1405684005|118.0
1405684025|117.875
1405684046|116.687
1405684066|116.812
1405684087|117.437
1405684107|116.5
1405684127|116.062
1405684147|116.625
1405684167|115.187
1405684187|115.062
1405684207|115.812
1405684227|115.687
1405684247|115.125
1405684267|114.5
1405684287|115.25
1405684307|114.312
1405684328|115.125
1405684348|115.125
1405684368|116.0
1405684388|116.375
1405684408|115.937
1405684428|116.625
1405684449|116.437
1405684469|115.937
1405684489|115.875
1405684509|116.0
1405684529|116.687
1405684549|116.937
1405684569|117.312
1405684589|117.062
1405684609|117.0
1405684629|116.562
1405684649|115.812
1405684669|115.687
1405684690|115.187
1405684710|115.187
1405684730|115.625
1405684750|115.875
1405684770|116.625
1405684790|116.125
1405684810|116.312
1405684830|116.625
1405684850|117.125
1405684870|116.125
1405684890|114.562
1405684910|114.687
1405684931|115.625
1405684951|116.625
1405684971|116.625
1405684991|115.937
1405685012|116.687
1405685032|116.125
1405685052|115.125
1405685072|115.0
1405685092|115.875
1405685112|115.375
1405685133|112.187
1405685154|112.25
1405685174|112.937
1405685194|114.562
1405685214|114.75
1405685234|114.25
1405685254|114.937
1405685274|115.125
1405685294|115.75
1405685314|116.625
1405685334|117.25
1405685354|117.0
1405685374|115.937
1405685395|115.875
1405685415|116.125
1405685435|116.125
1405685455|116.312
1405685475|116.437
1405685495|116.187
1405685515|116.0
1405685535|115.437
1405685555|115.625
1405685575|114.437
1405685595|112.375
1405685615|113.5
1405685635|114.625
1405685656|114.937
1405685676|116.312
1405685696|115.5
1405685716|114.75
1405685736|113.812
1405685757|114.062
1405685777|114.5
1405685797|113.625
1405685817|112.562
1405685837|112.562
1405685858|112.312
1405685878|113.562
1405685898|113.562
1405685918|115.375
1405685939|116.25
1405685959|116.062
1405685979|115.0
1405685999|114.062
1405686019|114.312
1405686039|115.0
1405686059|115.687
1405686080|115.0
1405686100|113.375
1405686120|114.5
1405686140|114.937
1405686160|115.0
1405686180|115.812
1405686200|116.125
1405686220|116.312
1405686240|115.937
1405686260|116.125
1405686280|116.875
1405686300|117.25
1405686320|117.812
1405686341|117.812
1405686361|117.562
1405686382|117.0
1405686402|117.187
1405686422|116.687
1405686442|117.25
1405686462|116.375
1405686482|115.875
1405686502|115.125
1405686523|114.5
1405686543|115.0
1405686563|115.625
1405686583|116.937
1405686603|116.75
1405686623|115.687
1405686644|114.25
1405686664|114.437
1405686684|114.812
1405686704|114.0
1405686724|111.937
1405686744|111.437
1405686764|112.562
1405686784|113.75
1405686804|114.687
1405686824|115.375
1405686844|114.437
1405686865|114.937
1405686885|114.562
1405686905|114.625
1405686925|114.687
1405686945|115.562
1405686965|116.187
1405686985|116.375
1405687005|114.687
1405687025|113.812
1405687045|113.125
1405687066|112.937
1405687086|112.062
1405687107|112.875
1405687127|112.5
1405687147|109.625
1405687167|111.187
1405687188|111.437
1405687208|111.0
1405687228|111.0
1405687248|111.125
1405687268|110.937
1405687289|110.937
1405687309|111.937
1405687329|112.125
1405687350|112.562
1405687370|112.187
1405687390|112.75
1405687410|111.687
1405687430|111.687
1405687450|112.0
1405687470|112.437
1405687491|113.562
1405687511|114.812
1405687531|113.937
1405687551|113.937
1405687571|112.687
1405687591|111.812
1405687611|111.375
1405687632|111.687
1405687652|112.687
1405687672|111.437
1405687692|110.875
1405687712|111.5
1405687732|111.812
1405687752|111.25
1405687772|110.0
1405687792|110.687
1405687812|110.812
1405687832|110.812
1405687852|110.0
1405687873|109.687
1405687893|109.062
1405687913|109.937
1405687933|110.75
1405687953|110.437
1405687973|111.0
1405687993|110.812
1405688013|111.187
1405688033|111.812
1405688053|111.625
1405688074|111.375
1405688094|109.75
1405688114|108.375
1405688135|107.625
1405688155|108.687
1405688175|109.187
1405688195|108.687
1405688215|109.5
1405688235|110.625
1405688256|110.625
1405688276|110.875
1405688296|111.187
1405688316|112.062
1405688336|111.375
1405688356|110.562
1405688376|109.75
1405688396|107.875
1405688416|109.125
1405688436|110.375
1405688456|111.625
1405688476|112.062
1405688497|112.375
1405688517|112.812
1405688537|113.187
1405688557|114.25
1405688577|113.812
1405688597|113.5
1405688617|111.5
1405688639|111.5
1405688661|112.5
1405688681|112.625
1405688701|112.937
1405688721|112.375
1405688741|112.937
1405688761|113.187
1405688781|114.437
1405688802|113.937
1405688822|114.062
1405688842|113.812
1405688862|113.125
1405688882|113.0
1405688902|113.625
1405688922|110.125
1405688942|110.75
1405688962|109.25
1405688982|109.187
1405689002|109.625
1405689022|109.125
1405689042|110.875
1405689063|112.5
1405689083|113.562
1405689103|114.562
1405689123|114.375
1405689143|113.125
1405689163|114.125
1405689184|114.062
1405689204|115.187
1405689224|114.625
1405689244|113.937
1405689264|114.312
1405689285|115.125
1405689305|114.437
1405689325|113.875
1405689345|113.937
1405689365|113.937
1405689386|113.437
1405689406|113.75
1405689426|113.375
1405689446|113.562
1405689466|112.937
1405689486|113.375
1405689506|113.75
1405689527|112.437
1405689547|112.687
1405689567|112.562
1405689587|112.687
1405689607|112.437
1405689627|113.25
1405689647|113.062
1405689668|113.562
1405689688|113.312
1405689708|112.687
1405689728|112.625
1405689748|112.125
1405689768|110.937
1405689788|110.187
1405689808|111.375
1405689828|112.375
1405689849|112.687
1405689869|112.0
1405689889|108.187
1405689909|108.75
1405689930|110.062
1405689950|110.875
1405689970|109.125
1405689990|109.875
1405690010|109.875
1405690030|111.0
1405690051|111.125
1405690071|110.875
1405690091|109.687
1405690111|108.75
1405690131|107.25
1405690151|107.5
1405690171|107.375
1405690191|107.5
1405690211|108.562
1405690231|109.0
1405690251|110.187
1405690272|109.875
1405690292|109.125
1405690312|106.75
1405690332|106.375
1405690352|107.875
1405690372|106.25
1405690392|104.437
1405690412|104.687
1405690432|104.937
1405690453|105.75
1405690473|105.5
1405690493|106.125
1405690513|107.437
1405690533|108.437
1405690553|109.0
1405690573|107.812
1405690593|108.375
1405690613|109.687
1405690634|111.25
1405690654|109.625
1405690674|106.562
1405690694|105.5
1405690714|106.687
1405690734|107.937
1405690754|108.312
1405690775|107.125
1405690795|108.562
1405690815|110.25
1405690835|109.812
1405690856|109.375
1405690876|107.75
1405690896|107.75
1405690916|109.25
1405690936|111.0
1405690956|110.875
1405690976|110.25
1405690996|111.375
1405691016|112.562
1405691036|113.0
1405691057|111.5
1405691077|109.25
1405691097|109.75
1405691117|108.812
1405691137|109.25
1405691157|109.625
1405691177|110.5
1405691197|111.375
1405691217|111.937
1405691237|112.437
1405691258|109.187
1405691278|109.5
1405691298|108.812
1405691318|109.5
1405691338|110.875
1405691358|110.187
1405691379|110.062
1405691399|109.437
1405691419|110.812
1405691439|110.75
1405691459|110.687
1405691479|109.187
1405691499|107.937
1405691519|109.062
1405691539|110.625
1405691560|108.687
1405691580|108.937
1405691600|108.937
1405691620|110.0
1405691640|110.312
1405691660|111.562
1405691680|110.937
1405691700|110.875
1405691720|110.187
1405691740|110.562
1405691760|108.875
1405691780|108.437
1405691800|108.75
1405691821|109.375
1405691841|110.437
1405691861|110.0
1405691881|108.562
1405691901|108.312
1405691921|107.75
1405691941|107.75
1405691961|109.062
1405691982|111.062
1405692002|112.0
1405692022|110.75
1405692042|111.0
1405692062|112.125
1405692082|111.812
1405692103|111.125
1405692123|111.25
1405692143|110.312
1405692163|109.0
1405692183|110.312
1405692203|111.687
1405692224|111.875
1405692244|111.687
1405692264|111.0
1405692284|110.375
1405692304|111.0
1405692324|109.812
1405692344|110.75
1405692365|111.562
1405692385|111.625
1405692405|111.125
1405692425|109.062
1405692445|108.375
1405692465|108.125
1405692485|108.75
1405692505|108.375
1405692525|107.75
1405692545|107.5
1405692565|107.5
1405692585|110.562
1405692606|109.437
1405692626|108.5
1405692646|108.375
1405692666|109.187
1405692686|108.062
1405692706|108.375
1405692727|105.562
1405692747|105.437
1405692767|106.937
1405692787|108.5
1405692807|108.187
1405692828|108.5
1405692848|108.25
1405692869|107.25
1405692889|106.937
1405692909|108.875
1405692929|109.0
1405692949|108.5
1405692969|110.125
1405692989|106.562
1405693009|108.437
1405693029|109.312
1405693049|109.875
1405693069|107.25
1405693090|108.187
1405693110|109.375
1405693130|109.312
1405693150|109.375
1405693170|108.062
1405693190|107.812
1405693210|106.5
1405693233|107.75
1405693253|109.25
1405693274|110.75
1405693294|110.125
1405693314|109.687
1405693334|110.0
1405693354|110.0
1405693374|111.062
1405693395|109.5
1405693415|109.5
1405693435|109.75
1405693455|109.5
1405693475|109.375
1405693495|108.25
1405693515|109.562
1405693535|110.0
1405693556|111.437
1405693576|111.0
1405693596|111.0
1405693616|109.75
1405693636|109.187
1405693656|108.687
1405693676|107.75
1405693696|106.25
1405693716|105.187
1405693736|106.625
1405693756|107.5
1405693777|108.375
1405693797|109.062
1405693817|108.25
1405693838|107.812
1405693858|109.75
1405693878|109.687
1405693898|109.187
1405693918|109.312
1405693939|107.875
1405693959|109.0
1405693979|110.125
1405693999|111.187
1405694019|109.687
1405694039|109.062
1405694059|110.125
1405694079|111.062
1405694099|111.5
1405694119|110.937
1405694139|110.0
1405694159|109.437
1405694179|110.562
1405694200|112.187
1405694220|112.062
1405694241|109.75
1405694261|109.75
1405694281|107.562
1405694301|108.875
1405694321|109.875
1405694341|109.937
1405694362|109.25
1405694382|109.687
1405694402|110.812
1405694422|111.75
1405694442|112.25
1405694463|112.0
1405694483|110.75
1405694503|110.625
1405694523|111.625
1405694543|112.187
1405694563|112.187
1405694583|112.25
1405694604|110.5
1405694624|110.5
1405694645|111.437
1405694665|112.375
1405694686|113.25
1405694706|113.625
1405694726|109.812
1405694746|110.875
1405694766|110.187
1405694786|107.437
1405694806|107.0
1405694826|106.0
1405694846|107.437
1405694866|108.625
1405694887|109.062
1405694907|109.75
1405694927|109.5
1405694947|109.875
1405694967|108.562
1405694988|109.125
1405695008|109.312
1405695028|110.062
1405695048|109.875
1405695068|109.875
1405695088|109.5
1405695108|110.062
1405695128|111.0
1405695148|111.625
1405695168|110.625
1405695189|108.187
1405695209|107.0
1405695229|107.5
1405695249|108.5
1405695269|110.062
1405695289|111.062
1405695309|111.562
1405695329|110.812
1405695350|110.25
1405695370|108.812
1405695390|109.187
1405695410|109.562
1405695430|108.125
1405695450|107.562
1405695470|109.687
1405695490|111.5
1405695511|112.687
1405695531|113.25
1405695551|112.187
1405695571|112.312
1405695591|112.25
1405695611|113.0
1405695631|113.437
1405695651|112.437
1405695671|112.812
1405695693|112.5
1405695713|112.5
1405695733|110.812
1405695753|110.687
1405695773|110.937
1405695793|110.25
1405695813|111.0
1405695833|111.312
1405695853|111.312
1405695873|110.875
1405695893|110.875
1405695914|110.312
1405695934|111.312
1405695954|112.875
1405695974|113.125
1405695994|111.687
1405696014|110.187
1405696034|107.875
1405696054|108.5
1405696074|109.062
1405696095|108.937
1405696115|109.5
1405696135|109.5
1405696155|106.562
1405696175|106.812
1405696195|108.25
1405696217|107.312
1405696237|107.562
1405696257|109.0
1405696277|108.125
1405696297|107.375
1405696317|107.937
1405696337|109.812
1405696357|110.375
1405696377|111.062
1405696397|110.25
1405696417|109.0
1405696437|110.437
1405696457|110.812
1405696478|112.437
1405696498|112.5
1405696518|112.625
1405696538|111.875
1405696558|109.687
1405696578|110.875
1405696598|110.812
1405696618|110.687
1405696638|110.5
1405696659|111.125
1405696679|109.187
1405696699|109.187
1405696720|109.687
1405696740|110.937
1405696760|112.375
1405696780|113.5
1405696800|113.437
1405696820|111.312
1405696840|110.0
1405696861|110.562
1405696881|111.437
1405696901|110.875
1405696921|110.562
1405696941|109.437
1405696961|110.062
1405696981|110.437
1405697001|111.25
1405697021|112.125
1405697041|112.812
1405697062|112.812
1405697083|110.375
1405697103|111.187
1405697123|110.25
1405697143|110.187
1405697163|108.812
1405697183|107.687
1405697203|107.937
1405697223|108.687
1405697243|109.875
1405697264|110.062
1405697284|111.0
1405697304|109.812
1405697324|109.125
1405697344|109.0
1405697364|107.75
1405697384|108.562
1405697404|110.687
1405697424|109.0
1405697444|109.75
1405697464|109.75
1405697485|109.187
1405697505|110.25
1405697525|110.687
1405697545|111.75
1405697565|112.125
1405697586|111.562
1405697606|110.937
1405697626|110.937
1405697646|110.937
1405697666|111.312
1405697686|112.375
1405697708|112.0
1405697728|113.0
1405697749|113.562
1405697769|112.937
1405697789|111.812
1405697809|110.187
1405697829|110.125
1405697849|110.312
1405697870|110.312
1405697890|112.062
1405697910|112.062
1405697930|113.75
1405697951|114.437
1405697971|114.437
1405697992|113.625
1405698012|113.625
1405698032|114.812
1405698052|115.687
1405698072|115.75
1405698092|115.187
1405698113|114.75
1405698133|114.187
1405698153|113.625
1405698174|112.75
1405698194|112.625
1405698214|112.5
1405698234|113.375
1405698254|114.812
1405698275|114.312
1405698295|113.812
1405698315|114.812
1405698335|114.75
1405698355|114.75
1405698375|114.437
1405698395|113.937
1405698415|113.437
1405698436|113.437
1405698457|114.625
1405698477|115.187
1405698498|115.75
1405698518|114.562
1405698538|113.312
1405698558|113.25
1405698578|112.375
1405698599|112.375
1405698619|111.562
1405698639|110.062
1405698659|110.5
1405698679|111.937
1405698699|113.125
1405698719|114.437
1405698739|114.625
1405698760|115.062
1405698781|115.75
1405698801|116.375
1405698821|115.937
1405698841|115.25
1405698861|115.312
1405698881|115.812
1405698901|116.125
1405698921|115.875
1405698941|115.562
1405698961|115.375
1405698982|115.625
1405699002|115.375
1405699022|115.062
1405699043|115.5
1405699063|115.812
1405699083|115.812
1405699103|115.437
1405699123|115.437
1405699144|115.812
1405699164|115.687
1405699184|115.625
1405699204|115.625
1405699224|114.312
1405699244|114.125
1405699264|114.25
1405699284|113.375
1405699304|111.875
1405699324|111.875
1405699344|112.25
1405699365|112.812
1405699385|112.375
1405699405|112.375
1405699425|113.062
1405699445|113.75
1405699465|114.0
1405699486|114.125
1405699506|113.937
1405699526|113.937
1405699546|113.75
1405699566|113.687
1405699586|113.187
1405699607|113.625
1405699627|112.437
1405699647|112.937
1405699667|113.625
1405699687|115.062
1405699707|115.062
1405699727|115.812
1405699748|116.312
1405699768|116.437
1405699788|116.875
1405699809|116.875
1405699829|117.187
1405699849|117.125
1405699869|117.375
1405699889|117.75
1405699910|117.437
1405699930|116.75
1405699950|116.0
1405699970|116.0
1405699990|116.437
1405700010|116.437
1405700030|116.5
1405700050|116.312
1405700070|116.312
1405700090|114.937
1405700110|115.562
1405700130|115.687
1405700151|115.875
1405700171|116.125
1405700191|115.125
1405700211|113.5
1405700231|113.625
1405700252|112.062
1405700272|112.0
1405700292|112.625
1405700312|113.187
1405700333|113.437
1405700353|113.062
1405700373|113.437
1405700393|114.0
1405700413|114.75
1405700433|112.75
1405700453|111.25
1405700473|112.0
1405700493|112.375
1405700513|112.625
1405700534|113.687
1405700554|114.062
1405700574|114.062
1405700594|113.25
1405700615|112.875
1405700635|112.812
1405700655|113.75
1405700675|114.562
1405700696|114.75
1405700716|115.562
1405700736|116.062
1405700756|115.25
1405700777|114.0
1405700797|113.812
1405700817|113.437
1405700837|113.562
1405700858|113.062
1405700878|112.5
1405700898|112.812
1405700918|113.75
1405700938|113.875
1405700958|114.562
1405700978|113.75
1405700998|113.937
1405701019|112.25
1405701040|110.812
1405701060|110.25
1405701080|108.812
1405701100|108.75
1405701120|109.25
1405701140|111.062
1405701160|113.062
1405701180|114.25
1405701200|114.812
1405701220|114.375
1405701240|113.75
1405701260|114.187
1405701280|114.187
1405701301|113.0
1405701321|112.875
1405701341|111.062
1405701361|112.0
1405701381|111.75
1405701401|109.312
1405701421|108.5
1405701442|109.562
1405701462|111.75
1405701482|111.5
1405701502|110.75
1405701522|110.187
1405701542|111.937
1405701562|112.812
1405701582|112.062
1405701602|111.625
1405701623|111.687
1405701643|110.687
1405701663|109.687
1405701683|110.937
1405701703|111.687
1405701723|112.187
1405701743|112.25
1405701763|113.125
1405701783|113.75
1405701803|112.75
1405701823|112.5
1405701843|112.937
1405701864|112.937
1405701884|110.062
1405701904|106.625
1405701924|107.312
1405701944|108.0
1405701964|110.187
1405701984|111.0
1405702004|111.062
1405702024|112.312
1405702044|112.875
1405702065|112.875
1405702085|113.375
1405702105|113.812
1405702126|113.875
1405702146|114.125
1405702166|113.875
1405702186|113.0
1405702206|111.75
1405702226|111.75
1405702246|112.312
1405702266|112.312
1405702286|112.687
1405702307|112.125
1405702327|111.875
1405702347|112.812
1405702367|110.687
1405702387|108.625
1405702407|109.0
1405702427|108.187
1405702447|108.375
1405702467|108.437
1405702487|109.562
1405702507|109.5
1405702527|110.687
1405702548|111.25
1405702568|111.937
1405702588|112.125
1405702608|111.0
1405702628|111.0
1405702648|111.125
1405702668|109.312
1405702688|107.25
1405702708|107.812
1405702729|109.625
1405702749|111.0
1405702769|111.75
1405702789|112.812
1405702809|112.625
1405702829|111.75
1405702849|111.625
1405702869|111.375
1405702889|111.187
1405702910|110.937
1405702930|109.312
1405702950|103.5
1405702970|86.062
1405702990|75.062
1405703010|68.0
1405703030|64.875
1405703050|63.125
1405703070|63.437
1405703090|64.562
1405703110|64.562
1405703130|67.562
1405703150|69.812
1405703171|71.937
1405703191|73.25
1405703211|74.687
1405703231|75.812
1405703251|76.25
1405703271|76.25
1405703291|78.25
1405703311|86.25
1405703332|92.75
1405703352|97.5
1405703372|100.312
1405703392|101.437
1405703412|102.687
1405703433|103.437
1405703453|104.0
1405703473|105.437
1405703493|106.062
1405703513|106.812
1405703533|105.687
1405703553|105.937
1405703573|107.187
1405703593|107.562
1405703613|107.0
1405703633|105.562
1405703653|105.312
1405703673|105.562
1405703694|105.375
1405703714|104.5
1405703734|103.062
1405703754|101.312
1405703774|97.562
1405703794|95.187
1405703814|86.375
1405703834|74.187
1405703854|65.812
1405703875|60.062
1405703895|55.312
1405703915|51.812
1405703935|50.625
1405703955|49.0
1405703976|47.625
1405703996|46.625
1405704016|46.312
1405704036|46.25
1405704056|46.937
1405704077|48.312
1405704097|49.375
1405704117|50.187
1405704137|51.625
1405704157|53.0
1405704177|54.437
1405704197|55.5
1405704217|56.625
1405704237|57.125
1405704257|52.937
1405704277|50.062
1405704298|49.125
1405704318|49.125
1405704338|50.062
1405704358|50.812
1405704378|51.875
1405704398|53.375
1405704418|54.625
1405704439|55.562
1405704459|55.125
1405704479|55.562
1405704499|56.125
1405704520|57.5
1405704540|58.437
1405704561|58.437
1405704581|59.125
1405704602|59.187
1405704622|59.562
1405704642|60.187
1405704662|60.937
1405704682|61.437
1405704702|61.062
1405704722|60.812
1405704742|60.875
1405704763|61.5
1405704783|62.0
1405704803|62.437
1405704823|61.187
1405704844|60.75
1405704864|60.937
1405704884|61.125
1405704904|61.187
1405704924|60.937
1405704944|61.375
1405704964|60.812
1405704984|60.562
1405705004|60.312
1405705025|60.187
1405705045|60.25
1405705065|60.625
1405705085|60.5
1405705105|60.812
1405705126|60.937
1405705146|60.75
1405705166|60.062
1405705186|60.187
1405705206|60.125
1405705226|60.187
1405705246|60.0
1405705266|60.375
1405705286|60.687
1405705306|60.687
1405705326|60.25
1405705346|60.187
1405705366|60.375
1405705387|60.187
1405705407|60.312
1405705427|59.937
1405705447|60.125
1405705467|60.375
1405705487|60.312
1405705507|59.812
1405705527|59.875
1405705547|60.0
1405705567|60.0
1405705587|60.062
1405705608|60.187
1405705628|60.5
1405705648|60.75
1405705668|60.875
1405705689|60.937
1405705709|60.437
1405705729|60.75
1405705749|60.687
1405705769|60.687
1405705789|60.812
1405705809|60.312
1405705829|60.0
1405705849|59.312
1405705869|59.0
1405705890|58.75
1405705910|58.062
1405705930|58.25
1405705950|58.562
1405705970|58.687
1405705990|58.875
1405706010|59.187
1405706030|59.375
1405706050|59.5
1405706070|59.5
1405706090|59.687
1405706110|59.812
1405706130|59.875
1405706151|59.875
1405706171|59.75
1405706191|59.562
1405706211|59.562
1405706231|59.5
1405706251|59.562
1405706271|59.562
1405706292|59.5
1405706313|59.5
1405706333|59.25
1405706353|59.187
1405706373|59.25
1405706393|59.062
1405706413|58.937
1405706433|58.812
1405706453|58.687
1405706473|58.687
1405706493|58.75
1405706513|58.5
1405706534|58.25
1405706554|58.25
1405706575|58.187
1405706595|57.562
1405706615|57.062
1405706635|56.5
1405706655|56.625
1405706675|56.562
1405706695|56.75
1405706715|56.625
1405706736|56.187
1405706756|55.812
1405706776|55.562
1405706796|55.437
1405706817|55.187
1405706838|55.187
1405706858|55.187
1405706878|55.312
1405706898|55.437
1405706918|55.562
1405706938|55.0
1405706958|54.375
1405706978|54.25
1405706998|53.937
1405707018|54.0
1405707038|54.125
1405707058|54.312
1405707078|54.25
1405707100|54.375
1405707120|54.437
1405707140|54.562
1405707160|54.562
1405707180|54.437
1405707200|54.562
1405707220|54.5
1405707241|54.375
1405707261|54.25
1405707281|54.187
1405707301|54.0
1405707321|53.875
1405707341|53.625
1405707361|53.375
1405707383|53.375
1405707404|52.937
1405707424|52.937
1405707444|53.062
1405707465|53.0
1405707485|53.187
1405707505|53.125
1405707525|53.187
1405707546|53.25
1405707566|53.25
1405707586|53.187
1405707606|53.125
1405707628|52.812
1405707648|52.75
1405707668|52.75
1405707688|52.562
1405707708|52.562
1405707729|52.187
1405707749|52.187
1405707769|52.437
1405707789|52.312
1405707809|52.312
1405707829|52.25
1405707849|52.125
1405707869|52.062
1405707889|52.0
1405707909|51.687
1405707929|51.375
1405707949|51.375
1405707969|51.437
1405707990|51.562
1405708010|51.687
1405708030|51.562
1405708050|51.625
1405708070|51.687
1405708090|51.625
1405708110|51.75
1405708130|51.687
1405708151|51.562
1405708171|51.562
1405708191|51.0
1405708211|50.875
1405708231|50.812
1405708252|50.937
1405708272|50.937
1405708292|50.937
1405708312|50.937
1405708332|50.937
1405708353|51.0
1405708373|50.937
1405708394|50.937
1405708414|50.937
1405708434|50.937
1405708454|50.812
1405708474|50.25
1405708494|49.812
1405708514|49.75
1405708534|49.75
1405708554|49.812
1405708575|49.687
1405708595|49.5
1405708615|49.5
1405708635|49.625
1405708655|49.625
1405708675|49.75
1405708695|49.75
1405708715|49.812
1405708735|49.937
1405708755|50.0
1405708775|50.062
1405708795|50.0
1405708816|49.875
1405708836|49.437
1405708856|49.437
1405708876|49.375
1405708896|49.437
1405708917|49.312
1405708937|49.25
1405708957|49.125
1405708977|49.062
1405708997|49.0
1405709018|48.875
1405709038|48.687
1405709058|48.75
1405709078|48.812
1405709098|48.875
1405709118|48.937
1405709138|48.875
1405709158|48.875
1405709178|48.812
1405709198|48.75
1405709218|48.75
1405709238|48.625
1405709259|48.625
1405709279|48.375
1405709299|48.25
1405709319|48.187
1405709339|48.25
1405709359|48.125
1405709379|48.0
1405709399|48.125
1405709419|48.062
1405709439|47.937
1405709459|47.875
1405709479|47.812
1405709499|47.812
1405709520|47.812
1405709540|47.75
1405709560|47.625
1405709580|47.625
1405709600|47.625
1405709621|47.312
1405709641|47.312
1405709661|47.25
1405709681|47.125
1405709701|47.125
1405709721|47.062
1405709741|47.062
1405709761|47.062
1405709781|47.125
1405709802|47.187
1405709822|47.25
1405709842|47.25
1405709862|47.187
1405709883|47.125
1405709903|47.0
1405709923|46.812
1405709943|46.75
1405709964|46.437
1405709984|46.437
1405710004|46.125
1405710024|46.0
1405710045|45.875
1405710065|45.812
1405710085|45.625
1405710105|45.5
1405710125|45.5
1405710145|45.437
1405710165|45.25
1405710185|45.25
1405710206|45.062
1405710226|45.125
1405710246|45.062
1405710266|45.125
1405710286|45.187
1405710306|45.0
1405710326|45.0
1405710346|45.125
1405710366|45.062
1405710387|45.062
1405710407|44.937
1405710427|44.625
1405710447|44.687
1405710467|44.562
1405710487|44.437
1405710507|44.562
1405710528|44.375
1405710549|44.375
1405710569|44.375
1405710589|44.375
1405710609|44.437
1405710629|44.437
1405710650|44.5
1405710670|44.375
1405710690|44.312
1405710710|44.312
1405710730|44.062
1405710750|43.812
1405710770|43.625
1405710790|43.5
1405710811|43.5
1405710831|43.562
1405710851|43.625
1405710871|43.5
1405710891|43.437
1405710911|43.375
1405710931|43.437
1405710951|43.562
1405710972|43.625
1405710992|43.625
1405711012|43.75
1405711032|43.687
1405711053|43.625
1405711073|43.312
1405711093|43.187
1405711113|43.25
1405711133|43.25
1405711153|43.312
1405711173|43.187
1405711193|43.187
1405711213|43.0
1405711234|43.062
1405711254|43.062
1405711274|43.0
1405711294|42.937
1405711314|43.0
1405711335|42.875
1405711355|42.875
1405711375|42.75
1405711395|42.625
1405711415|42.562
1405711435|42.562
1405711455|42.5
1405711475|42.5
1405711495|42.562
1405711515|42.562
1405711535|42.562
1405711556|42.562
1405711576|42.5
1405711596|42.5
1405711616|42.5
1405711636|42.312
1405711656|42.312
1405711677|42.312
1405711697|42.125
1405711717|41.937
1405711737|41.937
1405711757|41.875
1405711777|41.812
1405711797|41.687
1405711817|41.75
1405711837|41.75
1405711857|41.375
1405711877|41.312
1405711898|41.312
1405711918|41.25
1405711938|41.187
1405711958|41.187
1405711978|41.187
1405711999|41.187
1405712019|41.062
1405712039|40.937
