1407907218|24.937
1407907238|25.062
1407907258|25.062
1407907279|25.312
1407907299|25.375
1407907319|25.5
1407907340|25.562
1407907360|25.625
1407907380|25.75
1407907400|25.812
1407907420|26.062
1407907440|26.312
1407907460|26.5
1407907480|26.75
1407907500|27.0
1407907520|27.125
1407907540|27.125
1407907560|27.375
1407907581|27.5
1407907601|27.625
1407907621|27.75
1407907641|27.812
1407907661|27.937
1407907681|28.062
1407907701|28.125
1407907721|28.25
1407907741|28.312
1407907761|28.312
1407907782|28.437
1407907802|28.625
1407907822|28.75
1407907842|28.875
1407907862|29.062
1407907883|29.25
1407907903|29.5
1407907923|29.5
1407907943|30.062
1407907963|30.25
1407907983|30.5
1407908003|30.5
1407908023|30.812
1407908043|30.875
1407908063|31.125
1407908083|31.375
1407908104|31.562
1407908124|31.75
1407908144|32.0
1407908164|32.062
1407908184|32.125
1407908204|32.125
1407908224|32.062
1407908244|31.937
1407908264|31.937
1407908284|31.875
1407908304|31.812
1407908325|31.812
1407908345|31.75
1407908365|31.75
1407908385|31.687
1407908405|31.625
1407908426|31.625
1407908446|31.875
1407908466|31.937
1407908486|32.062
1407908506|32.062
1407908526|32.0
1407908546|32.0
1407908566|32.0
1407908586|32.0
1407908607|32.0
1407908627|32.062
1407908647|32.062
1407908667|32.062
1407908687|32.0
1407908707|31.937
1407908727|31.812
1407908747|31.75
1407908767|31.687
1407908787|31.687
1407908807|31.75
1407908828|31.687
1407908848|31.625
1407908868|31.687
1407908888|31.687
1407908908|31.75
1407908928|31.75
1407908948|31.75
1407908969|31.75
1407908989|31.687
1407909009|31.687
1407909029|31.625
1407909049|31.437
1407909069|31.375
1407909089|31.375
1407909109|31.312
1407909129|31.062
1407909150|31.062
1407909170|31.125
1407909190|31.062
1407909210|30.937
1407909230|31.125
1407909250|31.125
1407909270|30.937
1407909290|30.812
1407909310|30.625
1407909330|30.375
1407909350|30.062
1407909371|29.687
1407909391|29.687
1407909411|29.625
1407909431|29.625
1407909451|29.375
1407909471|29.125
1407909491|29.125
1407909511|28.875
1407909532|28.625
1407909552|28.375
1407909572|28.25
1407909592|28.062
1407909612|27.812
1407909632|27.75
1407909652|27.562
1407909672|27.312
1407909693|27.312
1407909713|27.312
1407909733|27.25
1407909753|27.125
1407909773|27.0
1407909793|27.0
1407909813|26.75
1407909833|26.812
1407909853|26.875
1407909873|26.75
1407909893|26.75
1407909913|26.625
1407909933|26.5
1407909954|26.312
1407909974|26.062
1407909994|26.187
1407910014|25.937
1407910034|25.812
1407910054|25.937
1407910074|25.812
1407910095|25.625
1407910115|25.437
1407910135|25.375
1407910155|25.312
1407910175|25.25
1407910195|25.125
1407910215|25.125
1407910236|25.062
1407910256|24.875
1407910276|24.875
1407910296|24.875
1407910316|24.625
1407910336|24.5
1407910356|24.25
1407910376|24.125
1407910396|24.062
1407910416|24.062
1407910436|24.125
1407910456|24.062
1407910477|24.062
1407910497|24.062
1407910517|24.062
1407910537|24.125
1407910557|24.125
1407910577|24.062
1407910597|24.062
1407910617|23.937
1407910637|24.062
1407910657|24.187
1407910678|24.187
1407910698|24.25
1407910718|24.312
1407910738|24.25
1407910758|24.25
1407910779|24.187
1407910799|24.125
1407910819|24.062
1407910839|24.0
1407910859|23.875
1407910879|23.75
1407910899|23.437
1407910919|23.312
1407910939|23.312
1407910959|23.437
1407910979|23.562
1407911000|23.687
1407911020|23.687
1407911040|23.75
1407911060|23.812
1407911080|23.875
1407911100|23.812
1407911121|23.812
1407911141|23.812
1407911162|23.812
1407911182|23.687
1407911202|23.75
1407911222|23.812
1407911242|23.812
1407911262|23.875
1407911282|24.0
1407911302|24.062
1407911322|24.062
1407911342|24.062
1407911363|24.125
1407911383|24.125
1407911403|24.125
1407911423|24.125
1407911443|24.0
1407911464|23.937
1407911484|23.875
1407911504|23.812
1407911524|23.812
1407911544|23.75
1407911564|23.687
1407911584|23.5
1407911604|23.437
1407911624|23.437
1407911644|23.437
1407911664|23.375
1407911685|23.312
1407911705|23.375
1407911725|23.312
1407911745|23.375
1407911765|23.437
1407911785|23.5
1407911805|23.562
1407911825|23.562
1407911845|23.375
1407911865|23.187
1407911885|23.312
1407911905|23.375
1407911926|23.437
1407911946|23.437
1407911966|23.312
1407911986|23.187
1407912006|23.0
1407912026|23.062
1407912047|23.187
1407912067|23.187
1407912087|23.187
1407912107|23.125
1407912127|23.062
1407912147|23.0
1407912167|22.937
1407912187|22.5
1407912207|22.312
1407912228|22.437
1407912248|22.562
1407912268|22.437
1407912288|22.562
1407912308|22.625
1407912328|22.687
1407912348|22.75
1407912368|22.812
1407912388|22.875
1407912408|22.937
1407912428|23.125
1407912448|23.25
1407912469|23.312
1407912489|23.312
1407912509|23.5
1407912529|23.562
1407912549|23.562
1407912569|23.562
1407912589|23.625
1407912609|23.687
1407912630|23.75
1407912650|23.812
1407912670|23.875
1407912690|23.937
1407912710|24.0
1407912731|24.062
1407912751|24.125
1407912771|24.125
1407912791|24.187
1407912811|24.25
1407912831|24.312
1407912851|24.375
1407912871|24.5
1407912891|24.562
1407912911|24.562
1407912931|24.812
1407912951|25.0
1407912972|25.187
1407912992|25.187
1407913012|25.437
1407913032|25.5
1407913052|25.687
1407913072|26.0
1407913092|26.312
1407913112|26.625
1407913132|26.875
1407913152|27.187
1407913172|27.562
1407913192|27.812
1407913213|28.062
1407913233|28.25
1407913253|28.375
1407913273|28.625
1407913293|28.875
1407913314|29.062
1407913334|29.375
1407913354|29.687
1407913374|29.875
1407913394|30.25
1407913414|30.562
1407913434|31.0
1407913454|31.562
1407913474|32.0
1407913494|32.5
1407913514|33.0
1407913535|33.0
1407913555|34.0
1407913575|34.5
1407913595|35.0
1407913615|35.5
1407913635|35.875
1407913655|36.312
1407913675|36.312
1407913696|36.875
1407913716|37.125
1407913736|37.187
1407913756|37.375
1407913776|37.562
1407913796|37.687
1407913816|37.875
1407913836|38.125
1407913856|38.375
1407913876|38.562
1407913897|38.75
1407913917|39.0
1407913937|39.187
1407913957|39.375
1407913977|39.562
1407913997|39.75
1407914018|39.875
1407914038|40.062
1407914058|40.25
1407914078|40.437
1407914098|40.687
1407914118|40.937
1407914138|41.187
1407914158|41.375
1407914178|41.562
1407914198|41.812
1407914218|42.062
1407914238|42.187
1407914259|42.187
1407914279|42.187
1407914299|42.25
1407914319|42.375
1407914339|42.687
1407914359|42.937
1407914379|43.25
1407914399|43.5
1407914419|43.687
1407914439|43.812
1407914460|44.125
1407914480|44.437
1407914500|44.437
1407914520|45.062
1407914540|45.312
1407914561|45.625
1407914581|45.937
1407914601|46.25
1407914621|46.562
1407914641|46.812
1407914661|47.0
1407914681|47.125
1407914701|41.75
1407914721|33.5
1407914741|28.625
1407914761|26.0
1407914781|24.562
1407914802|23.937
1407914822|23.875
1407914842|24.125
1407914862|24.687
1407914882|25.375
1407914902|26.25
1407914922|27.125
1407914942|28.062
1407914962|28.937
1407914982|29.875
1407915002|30.687
1407915022|31.5
1407915043|32.25
1407915063|33.062
1407915083|33.062
1407915103|34.562
1407915123|35.25
1407915144|36.0
1407915164|36.75
1407915184|37.5
1407915204|38.187
1407915224|38.812
1407915244|39.5
1407915264|39.5
1407915284|40.5
1407915304|41.062
1407915324|41.625
1407915345|41.875
1407915365|42.375
1407915385|42.812
1407915405|43.0
1407915425|43.625
1407915445|44.125
1407915465|44.187
1407915485|44.437
1407915505|44.812
1407915525|45.375
1407915545|45.937
1407915565|46.25
1407915586|43.875
1407915606|34.875
1407915627|29.687
1407915647|27.187
1407915667|25.937
1407915687|25.25
1407915707|25.187
1407915728|25.5
1407915748|25.937
1407915768|25.937
1407915788|27.437
1407915808|28.312
1407915828|28.312
1407915848|30.187
1407915869|31.062
1407915889|32.0
1407915909|32.937
1407915929|33.875
1407915949|34.875
1407915969|35.937
1407915989|36.875
1407916009|37.812
1407916029|37.812
1407916049|39.5
1407916069|40.5
1407916090|41.375
1407916110|42.25
1407916130|43.062
1407916150|43.937
1407916170|43.937
1407916190|45.5
1407916210|46.312
1407916230|47.187
1407916250|48.062
1407916270|46.25
1407916291|38.625
1407916311|35.625
1407916331|34.375
1407916351|33.75
1407916371|33.75
1407916392|34.125
1407916412|34.687
1407916432|35.312
1407916452|36.312
1407916472|37.5
1407916493|38.75
1407916513|39.937
1407916533|41.125
1407916553|42.312
1407916573|43.625
1407916593|44.812
1407916613|46.062
1407916633|47.25
1407916653|48.375
1407916673|49.437
1407916693|44.25
1407916713|40.562
1407916734|38.562
1407916754|37.5
1407916774|37.062
1407916794|37.062
1407916814|37.375
1407916834|37.875
1407916854|38.562
1407916874|39.312
1407916894|40.25
1407916914|41.312
1407916935|42.25
1407916955|43.375
1407916975|44.312
1407916995|45.187
1407917015|46.0
1407917036|46.937
1407917056|47.812
1407917076|47.812
1407917096|43.437
1407917116|40.875
1407917136|39.562
1407917156|38.812
1407917176|38.125
1407917196|37.875
1407917216|38.125
1407917236|38.625
1407917256|39.375
1407917277|40.0
1407917297|40.812
1407917317|41.875
1407917337|42.937
1407917357|44.0
1407917377|44.937
1407917397|45.75
1407917417|46.5
1407917437|47.062
1407917457|48.0
1407917477|44.687
1407917498|42.125
1407917518|40.5
1407917538|39.312
1407917558|38.75
1407917579|38.75
1407917599|39.062
1407917619|39.687
1407917639|40.5
1407917659|40.5
1407917679|42.687
1407917699|43.437
1407917719|44.562
1407917739|45.875
1407917759|47.0
1407917779|48.0
1407917800|48.687
1407917820|44.937
1407917840|42.312
1407917860|40.062
1407917880|39.062
1407917900|38.375
1407917920|38.0
1407917940|38.25
1407917960|39.062
1407917980|39.687
1407918000|40.875
1407918021|42.125
1407918041|43.562
1407918061|44.687
1407918081|45.812
1407918101|47.25
1407918121|47.937
1407918141|44.375
1407918161|42.062
1407918182|40.875
1407918202|40.0
1407918222|40.0
1407918242|39.125
1407918262|39.312
1407918282|40.0
1407918302|41.187
1407918322|42.437
1407918343|43.812
1407918363|44.937
1407918383|46.187
1407918403|47.375
1407918423|47.687
1407918443|44.375
1407918463|42.25
1407918483|41.062
1407918503|40.312
1407918523|39.937
1407918543|40.062
1407918563|40.625
1407918584|41.062
1407918604|41.937
1407918624|42.875
1407918644|44.062
1407918664|45.312
1407918684|46.187
1407918704|47.312
1407918724|47.5
1407918745|43.687
1407918765|41.625
1407918785|40.187
1407918805|38.75
1407918825|38.375
1407918845|38.75
1407918865|39.5
1407918885|40.125
1407918906|41.187
1407918926|42.062
1407918946|43.375
1407918966|44.875
1407918986|46.25
1407919006|47.312
1407919026|48.625
1407919046|44.937
1407919066|41.75
1407919086|40.687
1407919106|39.687
1407919127|39.125
1407919147|39.062
1407919167|39.5
1407919187|40.437
1407919207|40.437
1407919227|42.687
1407919247|44.0
1407919267|45.687
1407919287|47.5
1407919307|48.875
1407919328|47.375
1407919348|43.75
1407919368|41.875
1407919388|40.437
1407919408|39.437
1407919429|39.25
1407919449|39.312
1407919469|39.625
1407919489|40.437
1407919509|41.312
1407919529|42.625
1407919549|44.437
1407919569|46.25
1407919590|47.812
1407919610|48.25
1407919630|44.437
1407919650|42.187
1407919670|40.312
1407919690|39.312
1407919710|38.937
1407919730|38.937
1407919750|38.937
1407919770|39.937
1407919791|40.5
1407919811|40.5
1407919831|42.937
1407919851|44.062
1407919871|45.5
1407919891|46.687
1407919911|48.062
1407919931|46.5
1407919951|43.75
1407919972|42.125
1407919992|41.187
1407920012|40.875
1407920032|40.812
1407920052|40.812
1407920072|40.812
1407920093|41.375
1407920113|42.25
1407920133|43.062
1407920153|43.062
1407920173|45.0
1407920193|46.187
1407920213|47.187
1407920233|47.812
1407920253|48.312
1407920273|48.812
1407920293|49.562
1407920313|50.375
1407920334|50.937
1407920354|50.437
1407920374|48.625
1407920394|44.562
1407920414|42.375
1407920434|40.437
1407920454|39.437
1407920474|38.812
1407920494|38.937
1407920514|39.062
1407920534|39.312
1407920555|40.125
1407920575|40.125
1407920595|41.687
1407920615|42.75
1407920635|43.187
1407920656|44.5
1407920676|45.625
1407920696|46.812
1407920716|48.0
1407920736|44.562
1407920756|41.812
1407920776|40.125
1407920796|39.312
1407920816|38.937
1407920836|38.5
1407920856|39.0
1407920876|39.687
1407920897|40.75
1407920917|41.625
1407920937|42.812
1407920957|43.875
1407920977|44.875
1407920997|46.125
1407921017|47.562
1407921037|48.687
1407921057|46.5
1407921077|46.5
1407921097|41.25
1407921117|40.062
1407921138|39.437
1407921158|38.5
1407921178|38.437
1407921198|38.437
1407921219|39.562
1407921239|40.125
1407921259|41.187
1407921279|42.312
1407921299|43.937
1407921319|45.5
1407921339|46.812
1407921359|48.187
1407921379|45.812
1407921399|43.25
1407921420|41.562
1407921440|40.062
1407921460|40.062
1407921480|39.25
1407921500|39.5
1407921520|39.75
1407921540|40.437
1407921560|41.187
1407921580|42.0
1407921600|43.25
1407921620|44.812
1407921640|46.437
1407921661|47.687
1407921681|49.062
1407921701|46.25
1407921721|43.187
1407921741|41.187
1407921762|41.187
1407921782|39.562
1407921802|39.625
1407921822|39.937
1407921842|40.375
1407921862|40.375
1407921882|41.187
1407921903|42.25
1407921923|42.25
1407921943|44.25
1407921963|45.062
1407921983|46.437
1407922003|46.437
1407922023|48.75
1407922043|45.125
1407922063|42.562
1407922083|41.125
1407922103|40.125
1407922123|39.812
1407922144|39.562
1407922164|39.562
1407922184|39.75
1407922204|40.187
1407922224|40.875
1407922244|41.375
1407922264|42.062
1407922284|42.937
1407922304|43.75
1407922324|44.812
1407922345|46.062
1407922365|46.812
1407922385|47.812
1407922405|46.875
1407922425|43.875
1407922446|42.312
1407922466|41.187
1407922486|40.437
1407922506|40.062
1407922526|40.0
1407922546|40.125
1407922566|40.875
1407922586|41.75
1407922606|42.312
1407922626|43.0
1407922646|43.562
1407922666|44.437
1407922687|45.312
1407922707|46.437
1407922727|47.5
1407922747|45.625
1407922767|43.125
1407922787|43.125
1407922807|40.312
1407922827|40.312
1407922847|39.5
1407922867|39.812
1407922887|40.312
1407922907|40.75
1407922928|41.375
1407922948|42.312
1407922968|43.125
1407922988|44.187
1407923008|44.812
1407923029|45.5
1407923049|45.937
1407923069|46.625
1407923089|45.5
1407923109|42.562
1407923129|40.937
1407923149|40.125
1407923169|39.312
1407923189|38.812
1407923210|38.5
1407923230|38.5
1407923250|39.437
1407923270|40.25
1407923290|41.25
1407923310|42.0
1407923330|42.75
1407923350|43.875
1407923370|44.687
1407923390|45.125
1407923410|46.062
1407923430|47.125
1407923451|43.625
1407923471|41.562
1407923491|40.375
1407923511|39.312
1407923531|38.687
1407923551|38.375
1407923572|39.25
1407923592|39.75
1407923612|40.437
1407923632|40.437
1407923652|42.875
1407923672|44.062
1407923692|44.687
1407923712|45.375
1407923733|46.187
1407923753|47.437
1407923773|48.625
1407923793|48.375
1407923813|44.625
1407923833|42.5
1407923853|41.187
1407923873|40.187
1407923893|39.875
1407923913|39.687
1407923933|40.125
1407923954|41.187
1407923974|42.0
1407923994|43.312
1407924014|44.687
1407924034|46.0
1407924054|47.5
1407924074|48.5
1407924094|49.312
1407924114|45.375
1407924134|42.875
1407924155|42.875
1407924175|40.562
1407924195|40.062
1407924215|40.062
1407924236|40.062
1407924256|41.812
1407924276|43.0
1407924296|44.312
1407924316|45.625
1407924336|47.187
1407924356|48.75
1407924376|47.937
1407924396|44.375
1407924416|42.562
1407924436|41.562
1407924457|41.25
1407924477|41.187
1407924497|41.375
1407924517|41.625
1407924537|43.25
1407924557|44.937
1407924577|46.625
1407924597|48.5
1407924617|50.062
1407924637|46.25
1407924657|44.0
1407924677|42.812
1407924698|41.937
1407924718|41.5
1407924738|40.937
1407924758|41.625
1407924778|43.0
1407924798|44.187
1407924819|46.0
1407924839|47.0
1407924859|48.625
1407924879|47.562
1407924899|44.562
1407924919|42.75
1407924939|42.0
1407924959|40.937
1407924979|40.375
1407924999|40.562
1407925020|40.562
1407925040|42.625
1407925060|44.062
1407925080|45.812
1407925100|47.312
1407925120|48.312
1407925140|45.187
1407925160|43.312
1407925180|42.187
1407925200|41.625
1407925220|41.0
1407925240|41.25
1407925261|42.187
1407925281|43.25
1407925301|44.312
1407925321|45.5
1407925341|47.437
1407925361|49.062
1407925382|45.0
1407925402|42.937
1407925422|41.562
1407925442|40.562
1407925462|40.312
1407925482|40.437
1407925502|41.5
1407925522|43.187
1407925542|45.0
1407925563|47.062
1407925583|49.187
1407925603|50.75
1407925623|46.625
1407925643|43.687
1407925663|42.187
1407925683|41.125
1407925703|41.125
1407925723|40.437
1407925743|41.187
1407925763|42.937
1407925783|44.437
1407925804|46.562
1407925824|48.25
1407925844|47.625
1407925864|44.687
1407925884|43.5
1407925904|42.375
1407925924|41.687
1407925944|40.75
1407925965|40.562
1407925985|41.375
1407926005|43.25
1407926025|45.0
1407926045|47.562
1407926065|46.562
1407926086|44.25
1407926106|42.562
1407926126|42.187
1407926146|42.0
1407926166|41.375
1407926187|41.062
1407926207|40.625
1407926227|40.625
1407926247|40.812
1407926267|40.812
1407926287|43.062
1407926307|44.812
1407926327|46.812
1407926347|46.812
1407926367|46.562
1407926387|43.812
1407926408|42.0
1407926428|40.687
1407926448|40.0
1407926468|39.562
1407926488|39.875
1407926508|40.437
1407926528|41.375
1407926548|42.5
1407926568|43.937
1407926588|45.562
1407926609|46.937
1407926629|44.0
1407926649|41.875
1407926669|40.562
1407926689|39.625
1407926709|39.062
1407926730|39.062
1407926750|39.062
1407926770|40.312
1407926790|40.687
1407926810|41.312
1407926830|42.187
1407926850|43.375
1407926870|44.625
1407926891|43.25
1407926911|41.312
1407926931|40.0
1407926951|39.187
1407926971|38.937
1407926992|39.125
1407927012|39.562
1407927033|40.187
1407927053|41.312
1407927073|42.062
1407927093|43.312
1407927113|44.562
1407927133|45.437
1407927153|45.25
1407927173|42.625
1407927193|41.125
1407927213|40.25
1407927233|39.562
1407927253|39.0
1407927274|39.187
1407927294|39.375
1407927314|40.437
1407927334|41.25
1407927354|42.5
1407927375|43.25
1407927395|43.625
1407927415|44.562
1407927435|44.0
1407927455|41.625
1407927475|40.375
1407927495|39.562
1407927515|39.562
1407927535|39.437
1407927556|40.125
1407927576|41.125
1407927596|41.875
1407927616|43.0
1407927636|44.375
1407927656|45.5
1407927676|45.125
1407927696|42.25
1407927716|41.062
1407927736|40.187
1407927756|39.75
1407927776|40.0
1407927797|40.375
1407927817|40.187
1407927837|41.0
1407927857|42.25
1407927877|42.25
1407927897|45.0
1407927917|44.312
1407927937|42.437
1407927958|41.25
1407927978|40.312
1407927998|39.687
1407928018|39.437
1407928038|39.687
1407928058|40.812
1407928078|40.812
1407928099|43.187
1407928119|44.437
1407928139|45.125
1407928159|43.062
1407928179|41.562
1407928199|41.562
1407928219|39.625
1407928239|39.312
1407928259|39.562
1407928279|40.625
1407928299|42.062
1407928319|43.562
1407928340|45.187
1407928360|45.187
1407928380|45.125
1407928400|42.75
1407928420|41.125
1407928440|40.375
1407928460|39.75
1407928480|39.937
1407928500|40.562
1407928520|41.562
1407928541|42.687
1407928561|44.312
1407928581|44.312
1407928601|47.062
1407928621|43.687
1407928641|41.562
1407928662|40.75
1407928682|39.937
1407928702|39.25
1407928722|39.25
1407928742|40.0
1407928762|40.875
1407928782|42.125
1407928802|43.687
1407928822|45.25
1407928842|46.625
1407928862|44.062
1407928882|42.5
1407928903|40.812
1407928923|40.0
1407928943|39.437
1407928963|39.25
1407928983|39.25
1407929003|40.125
1407929023|41.25
1407929043|42.875
1407929063|44.5
1407929083|45.812
1407929103|45.687
1407929123|45.687
1407929144|41.062
1407929164|40.437
1407929184|40.125
1407929204|39.875
1407929225|39.5
1407929245|39.937
1407929265|40.687
1407929285|41.687
1407929305|42.75
1407929325|43.437
1407929345|44.5
1407929365|45.25
1407929385|42.875
1407929405|41.25
1407929425|40.562
1407929446|40.062
1407929466|39.937
1407929486|40.25
1407929506|40.75
1407929527|41.312
1407929547|42.062
1407929567|42.062
1407929587|43.5
1407929607|44.0
1407929627|44.875
1407929647|45.5
1407929667|46.187
1407929687|43.562
1407929707|41.687
1407929727|40.75
1407929748|40.0
1407929768|39.5
1407929788|39.562
1407929808|40.0
1407929828|40.437
1407929848|41.062
1407929869|41.812
1407929889|42.562
1407929909|43.312
1407929929|44.125
1407929949|44.937
1407929969|45.562
1407929989|46.312
1407930009|46.937
1407930029|44.937
1407930049|42.375
1407930070|41.437
1407930090|40.937
1407930110|40.375
1407930130|40.562
1407930150|40.562
1407930170|41.875
1407930190|42.875
1407930210|43.937
1407930230|44.937
1407930250|45.875
1407930270|47.062
1407930291|48.375
1407930311|45.75
1407930331|42.375
1407930351|40.812
1407930371|40.187
1407930391|40.062
1407930411|40.25
1407930431|40.812
1407930451|41.437
1407930472|42.375
1407930492|43.625
1407930512|45.187
1407930532|46.5
1407930552|47.812
1407930572|46.437
1407930592|43.875
1407930612|42.5
1407930633|41.562
1407930653|41.062
1407930673|40.812
1407930693|41.0
1407930713|41.5
1407930733|42.375
1407930753|43.187
1407930773|43.937
1407930793|44.5
1407930813|45.687
1407930833|46.375
1407930853|43.437
1407930874|43.437
1407930894|41.25
1407930914|40.812
1407930934|40.312
1407930954|40.5
1407930974|41.25
1407930994|42.062
1407931014|43.125
1407931035|44.125
1407931055|45.062
1407931075|46.125
1407931095|46.75
1407931115|47.125
1407931135|44.375
1407931155|42.937
1407931175|42.062
1407931196|41.437
1407931216|41.187
1407931236|41.437
1407931256|41.875
1407931276|42.875
1407931296|44.062
1407931316|45.0
1407931336|45.0
1407931356|46.937
1407931376|47.937
1407931396|47.0
1407931416|44.062
1407931437|41.75
1407931457|41.125
1407931477|40.0
1407931497|40.0
1407931517|40.0
1407931537|41.0
1407931557|41.812
1407931577|42.75
1407931597|44.0
1407931618|45.75
1407931638|47.125
1407931658|48.5
1407931678|45.687
1407931698|45.687
1407931718|42.312
1407931739|41.625
1407931759|40.875
1407931779|40.937
1407931799|41.437
1407931819|41.437
1407931839|43.0
1407931859|44.187
1407931879|45.75
1407931899|46.625
1407931919|47.75
1407931939|44.875
1407931959|42.812
1407931980|41.687
1407932000|40.625
1407932020|40.125
1407932040|40.125
1407932060|40.312
1407932080|41.562
1407932100|42.75
1407932120|43.625
1407932140|44.0
1407932160|45.25
1407932181|46.5
1407932201|44.75
1407932221|42.437
1407932241|41.125
1407932263|40.625
1407932283|40.375
1407932303|40.437
1407932323|40.875
1407932343|41.437
1407932363|42.562
1407932383|43.687
1407932404|45.125
1407932424|45.125
1407932444|48.625
1407932464|46.0
1407932484|43.875
1407932504|42.625
1407932524|42.0
1407932544|41.375
1407932564|40.875
1407932584|40.562
1407932604|41.437
1407932624|42.812
1407932645|44.187
1407932665|45.562
1407932685|47.062
1407932705|47.062
1407932725|44.625
1407932745|42.625
1407932765|41.812
1407932785|41.312
1407932805|40.812
1407932826|40.687
1407932846|41.062
1407932866|42.062
1407932886|43.5
1407932906|45.25
1407932927|46.812
1407932947|48.562
1407932967|47.687
1407932987|44.625
1407933007|43.375
1407933027|43.625
1407933047|44.562
1407933067|45.812
1407933087|46.75
1407933107|44.312
1407933127|41.875
1407933147|41.0
1407933168|40.75
1407933188|40.937
1407933208|41.125
1407933228|41.625
1407933248|42.5
1407933268|43.75
1407933288|44.875
1407933308|46.312
1407933328|47.562
1407933348|47.5
1407933368|44.625
1407933388|42.625
1407933409|40.937
1407933429|40.625
1407933449|40.937
1407933469|41.437
1407933490|41.75
1407933510|42.812
1407933530|44.312
1407933550|46.062
1407933570|47.5
1407933590|48.437
1407933610|46.437
1407933630|44.437
1407933650|43.437
1407933670|42.125
1407933690|41.125
1407933711|40.437
1407933731|40.5
1407933751|40.75
1407933771|41.625
1407933791|43.437
1407933811|45.5
1407933831|47.875
1407933851|49.875
1407933871|47.312
1407933891|45.0
1407933911|44.312
1407933932|44.312
1407933952|44.187
1407933972|42.25
1407933992|41.187
1407934012|40.75
1407934032|39.812
1407934052|39.812
1407934073|40.687
1407934093|41.812
1407934113|43.125
1407934133|43.5
1407934153|44.25
1407934173|44.25
1407934193|46.375
1407934213|42.75
1407934233|40.937
1407934254|40.312
1407934274|39.937
1407934294|39.5
1407934314|39.937
1407934334|41.75
1407934354|43.687
1407934374|45.25
1407934394|46.687
1407934414|49.687
1407934434|52.625
1407934454|52.625
1407934475|57.125
1407934495|58.812
1407934515|60.125
1407934535|62.5
1407934555|63.187
1407934575|57.0
1407934595|51.062
1407934615|47.625
1407934635|45.75
1407934656|44.437
1407934676|43.062
1407934696|42.562
1407934716|42.562
1407934736|42.687
1407934757|44.25
1407934777|46.0
1407934797|48.062
1407934817|48.062
1407934837|54.437
1407934857|57.25
1407934877|51.75
1407934897|48.0
1407934917|45.562
1407934937|44.312
1407934957|44.312
1407934977|43.187
1407934998|43.062
1407935018|44.312
1407935038|45.75
1407935058|47.75
1407935078|50.625
1407935098|54.0
1407935118|54.0
1407935138|58.312
1407935158|60.437
1407935178|60.25
1407935198|53.875
1407935219|48.312
1407935239|45.562
1407935259|43.5
1407935279|42.187
1407935299|41.875
1407935320|41.312
1407935340|40.937
1407935360|41.687
1407935380|42.625
1407935400|43.937
1407935420|44.375
1407935440|46.25
1407935460|48.312
1407935480|46.875
1407935500|44.375
1407935520|41.625
1407935541|40.062
1407935561|40.0
1407935581|40.187
1407935601|40.937
1407935621|40.937
1407935641|43.625
1407935661|45.062
1407935681|45.937
1407935701|47.375
1407935721|48.5
1407935741|48.812
1407935762|50.25
1407935782|52.062
1407935802|54.5
1407935822|56.562
1407935842|56.562
1407935862|47.75
1407935883|45.312
1407935903|43.437
1407935923|42.562
1407935943|42.312
1407935963|41.437
1407935983|40.937
1407936003|41.25
1407936023|43.062
1407936043|45.125
1407936063|48.187
1407936084|51.062
1407936121|56.937
1407936141|50.562
1407936161|47.687
1407936181|47.062
1407936201|47.5
1407936222|45.25
1407936242|43.375
1407936262|42.625
1407936282|41.5
1407936302|41.562
1407936322|42.687
1407936342|43.75
1407936362|44.25
1407936382|45.75
1407936403|47.937
1407936423|51.375
1407936443|53.937
1407936463|48.625
1407936483|45.25
1407936503|43.687
1407936523|42.812
1407936543|42.812
1407936563|41.875
1407936583|42.0
1407936603|42.812
1407936623|43.375
1407936644|43.875
1407936664|44.75
1407936684|44.75
1407936704|47.312
1407936724|49.625
1407936744|47.687
1407936764|45.437
1407936785|44.875
1407936805|45.062
1407936825|46.25
1407936845|47.125
1407936865|47.812
1407936885|46.437
1407936905|44.625
1407936925|44.625
1407936946|45.25
1407936966|45.875
1407936986|47.5
1407937006|48.875
1407937026|50.75
1407937046|53.375
1407937066|54.937
1407937086|51.187
1407937106|46.5
1407937126|44.062
1407937146|43.062
1407937166|41.812
1407937187|40.687
1407937207|40.312
1407937227|40.687
1407937247|41.5
1407937267|41.312
1407937287|42.5
1407937307|43.875
1407937327|44.75
1407937347|46.187
1407937368|48.0
1407937388|50.125
1407937408|52.687
1407937428|52.687
1407937448|46.937
1407937468|44.5
1407937489|44.5
1407937509|41.062
1407937529|41.0
1407937549|41.562
1407937569|42.75
1407937589|44.437
1407937609|45.875
1407937629|47.187
1407937649|49.062
1407937669|49.062
1407937689|55.125
1407937710|50.312
1407937730|46.125
1407937750|43.812
1407937770|42.062
1407937790|41.312
1407937810|41.0
1407937830|40.812
1407937850|41.187
1407937870|41.187
1407937890|42.562
1407937911|43.062
1407937931|43.312
1407937951|44.25
1407937971|45.5
1407937991|46.687
1407938012|47.312
1407938032|44.562
1407938052|42.375
1407938072|41.625
1407938092|40.937
1407938112|41.25
1407938132|42.0
1407938152|43.187
1407938172|43.937
1407938193|44.5
1407938213|46.375
1407938233|48.0
1407938253|49.875
1407938273|52.562
1407938293|50.125
1407938313|46.187
1407938333|44.625
1407938353|43.625
1407938373|43.0
1407938393|42.125
1407938413|41.187
1407938434|41.25
1407938454|41.25
1407938474|43.437
1407938494|44.0
1407938514|45.25
1407938534|45.25
1407938554|48.312
1407938574|49.062
1407938595|44.687
1407938615|42.25
1407938635|41.562
1407938655|41.312
1407938675|41.125
1407938695|41.5
1407938716|42.125
1407938736|43.062
1407938756|43.875
1407938776|44.625
1407938796|46.5
1407938816|48.062
1407938836|50.25
1407938856|48.062
1407938876|45.562
1407938896|44.0
1407938916|44.25
1407938936|44.875
1407938957|44.687
1407938977|44.937
1407938997|43.875
1407939017|42.25
1407939037|41.125
1407939057|40.812
1407939077|41.0
1407939097|41.187
1407939117|41.562
1407939137|42.0
1407939158|41.687
1407939178|42.937
1407939198|44.062
1407939218|46.0
1407939238|46.0
1407939258|50.687
1407939278|47.125
1407939299|45.312
1407939319|44.062
1407939339|43.625
1407939360|42.5
1407939380|42.187
1407939400|41.625
1407939420|42.0
1407939440|42.625
1407939461|43.375
1407939481|44.5
1407939501|46.375
1407939521|49.937
1407939541|53.625
1407939561|50.937
1407939581|47.687
1407939602|46.562
1407939622|46.375
1407939642|44.875
1407939662|43.125
1407939682|42.562
1407939702|42.062
1407939722|41.812
1407939742|42.75
1407939762|43.562
1407939782|44.625
1407939802|46.437
1407939822|48.562
1407939843|48.562
1407939863|52.25
1407939883|49.25
1407939903|46.437
1407939923|45.0
1407939944|44.937
1407939964|44.75
1407939984|44.75
1407940004|44.0
1407940024|43.437
1407940044|43.437
1407940064|45.812
1407940085|46.625
1407940105|48.125
1407940125|49.625
1407940145|50.5
1407940165|50.562
1407940185|47.125
1407940205|44.75
1407940225|43.375
1407940245|43.0
1407940265|42.25
1407940285|41.687
1407940305|41.312
1407940326|41.375
1407940346|41.875
1407940366|42.625
1407940386|44.0
1407940406|45.687
1407940426|46.937
1407940446|48.875
1407940466|50.25
1407940486|48.375
1407940506|46.312
1407940527|44.812
1407940547|44.25
1407940567|44.625
1407940587|45.687
1407940607|46.375
1407940627|48.562
1407940648|51.812
1407940668|54.75
1407940688|57.062
1407940708|58.312
1407940728|60.5
1407940748|60.062
1407940768|59.625
1407940788|59.75
1407940808|60.562
1407940828|60.75
1407940848|59.937
1407940869|59.75
1407940889|60.187
1407940909|60.437
1407940929|60.187
1407940949|60.0
1407940969|59.75
1407940989|58.5
1407941009|58.375
1407941029|59.25
1407941049|59.687
1407941069|60.875
1407941090|61.875
1407941110|62.5
1407941130|63.187
1407941150|64.125
1407941170|65.5
1407941191|65.5
1407941211|65.562
1407941231|66.437
1407941251|67.687
1407941271|68.937
1407941291|69.25
1407941311|69.687
1407941331|73.5
1407941351|84.625
1407941371|92.062
1407941391|96.125
1407941411|97.312
1407941432|98.125
1407941452|94.062
1407941472|89.312
1407941492|85.125
1407941512|71.625
1407941532|60.375
1407941552|54.5
1407941572|50.687
1407941592|48.312
1407941612|46.687
1407941632|45.187
1407941653|45.187
1407941673|45.125
1407941693|44.937
1407941713|44.875
1407941733|43.687
1407941753|43.625
1407941774|44.187
1407941794|45.312
1407941814|47.125
1407941834|47.437
1407941855|47.437
1407941875|45.625
1407941895|46.312
1407941915|46.437
1407941935|46.25
1407941955|47.125
1407941975|47.625
1407941995|47.937
1407942015|49.375
1407942035|50.812
1407942055|51.687
1407942076|53.0
1407942096|52.562
1407942116|52.25
1407942136|52.25
1407942156|48.312
1407942176|47.312
1407942196|47.062
1407942216|44.812
1407942236|41.5
1407942256|40.062
1407942276|39.0
1407942296|38.5
1407942317|38.25
1407942337|38.0
1407942357|39.062
1407942377|42.187
1407942397|47.0
1407942418|51.5
1407942438|56.187
1407942458|58.687
1407942478|56.375
1407942498|52.437
1407942518|52.375
1407942538|50.125
1407942558|46.937
1407942578|44.437
1407942598|42.75
1407942618|42.0
1407942638|41.687
1407942659|43.125
1407942679|46.0
1407942699|49.937
1407942719|53.0
1407942739|56.937
1407942759|55.312
1407942779|53.312
1407942799|52.75
1407942819|52.75
1407942839|52.5
1407942859|52.5
1407942879|53.312
1407942900|49.437
1407942920|45.562
1407942940|43.187
1407942960|43.187
1407942981|40.562
1407943001|40.562
1407943021|39.375
1407943041|39.812
1407943061|42.25
1407943081|45.062
1407943101|49.0
1407943121|53.312
1407943141|56.562
1407943162|58.562
1407943182|54.062
1407943202|49.687
1407943222|48.0
1407943242|45.812
1407943262|43.75
1407943282|42.437
1407943302|41.125
1407943322|41.625
1407943342|43.875
1407943362|46.5
1407943382|49.375
1407943403|52.437
1407943423|56.312
1407943443|58.625
1407943463|60.25
1407943483|58.25
1407943503|51.75
1407943523|48.0
1407943543|45.5
1407943564|44.062
1407943584|42.875
1407943604|42.25
1407943624|41.687
1407943644|42.187
1407943664|44.5
1407943684|46.812
1407943704|49.0
1407943725|51.687
1407943745|51.687
1407943765|56.5
1407943786|57.062
1407943806|56.5
1407943826|53.312
1407943846|48.437
1407943866|46.25
1407943886|44.937
1407943906|43.937
1407943926|43.0
1407943946|42.187
1407943966|42.75
1407943986|44.375
1407944006|46.75
1407944027|46.75
1407944047|52.812
1407944067|56.437
1407944087|59.312
1407944107|61.0
1407944127|61.25
1407944147|61.062
1407944167|60.375
1407944187|57.625
1407944208|55.875
1407944228|52.125
1407944248|47.937
1407944268|45.812
1407944288|43.812
1407944308|42.75
1407944329|42.312
1407944349|41.625
1407944369|42.125
1407944389|43.375
1407944409|45.875
1407944429|48.687
1407944449|51.375
1407944469|53.625
1407944489|56.937
1407944509|59.562
1407944529|55.375
1407944550|50.437
1407944570|47.437
1407944590|45.937
1407944610|44.375
1407944630|43.437
1407944650|43.437
1407944670|44.187
1407944690|45.625
1407944710|47.625
1407944730|50.437
1407944750|53.312
1407944771|57.062
1407944791|58.812
1407944811|59.812
1407944831|58.625
1407944852|55.375
1407944872|52.937
1407944892|49.375
1407944912|46.375
1407944933|44.25
1407944953|42.937
1407944973|41.687
1407944993|41.125
1407945013|41.687
1407945033|42.937
1407945053|45.125
1407945073|47.125
1407945094|49.437
1407945114|51.687
1407945134|54.187
1407945154|55.375
1407945174|54.937
1407945194|50.187
1407945214|46.25
1407945234|43.937
1407945254|42.562
1407945274|42.062
1407945294|42.5
1407945314|43.875
1407945335|45.812
1407945355|48.25
1407945375|50.625
1407945395|53.062
1407945415|55.437
1407945435|58.25
1407945455|58.375
1407945475|55.75
1407945496|53.375
1407945516|49.812
1407945536|46.812
1407945556|44.0
1407945576|41.937
1407945596|41.0
1407945616|40.375
1407945637|41.437
1407945657|43.562
1407945677|45.375
1407945697|47.562
1407945717|50.187
1407945737|52.875
1407945757|54.875
1407945777|57.312
1407945797|58.0
1407945817|58.0
1407945837|48.312
1407945857|45.312
1407945878|43.625
1407945898|42.687
1407945918|42.937
1407945938|43.687
1407945958|45.75
1407945978|47.875
1407945998|50.437
1407946018|53.062
1407946038|55.625
1407946058|57.937
1407946078|59.25
1407946099|56.187
1407946119|52.875
1407946139|50.562
1407946159|49.125
1407946179|48.812
1407946200|49.062
1407946220|49.625
1407946240|50.375
1407946260|50.375
1407946280|51.312
1407946300|52.125
1407946320|52.5
1407946340|49.375
1407946360|46.625
1407946380|44.437
1407946400|43.062
1407946421|42.062
1407946441|41.812
1407946461|42.687
1407946481|44.062
1407946501|45.875
1407946521|47.812
1407946541|49.687
1407946561|51.687
1407946581|53.75
1407946601|55.437
1407946621|56.937
1407946642|51.687
1407946662|49.062
1407946682|48.312
1407946702|48.437
1407946722|48.375
1407946743|48.687
1407946763|49.375
1407946783|49.625
1407946803|49.125
1407946823|48.375
1407946843|46.687
1407946863|44.625
1407946883|42.437
1407946904|41.562
1407946924|40.875
1407946944|40.625
1407946964|41.375
1407946984|42.187
1407947004|43.437
1407947024|44.562
1407947044|45.5
1407947064|46.562
1407947084|46.562
1407947104|48.687
1407947125|49.625
1407947145|50.437
1407947165|50.062
1407947185|51.062
1407947205|51.625
1407947225|52.312
1407947245|52.937
1407947265|51.937
1407947285|48.0
1407947306|44.625
1407947326|43.125
1407947347|41.937
1407947367|41.937
1407947387|40.125
1407947407|39.937
1407947427|39.937
1407947447|39.812
1407947467|39.562
1407947487|39.312
1407947507|39.437
1407947528|39.562
1407947548|39.562
1407947568|39.625
1407947588|39.5
1407947608|39.187
1407947628|39.187
1407947648|39.125
1407947668|39.0
1407947688|38.812
1407947708|39.0
1407947728|38.562
1407947748|38.625
1407947769|39.0
1407947789|39.687
1407947809|40.625
1407947829|41.75
1407947849|42.937
1407947869|43.875
1407947889|45.0
1407947909|45.875
1407947930|46.437
1407947950|47.687
1407947970|48.625
1407947990|49.625
1407948010|50.437
1407948030|48.0
1407948050|45.437
1407948070|44.625
1407948091|44.375
1407948111|44.687
1407948131|45.0
1407948151|45.187
1407948171|45.125
1407948191|45.875
1407948211|46.062
1407948231|46.25
1407948251|46.187
1407948271|45.875
1407948291|45.125
1407948311|44.062
1407948332|44.062
1407948352|43.125
1407948372|43.187
1407948392|43.625
1407948412|44.125
1407948432|44.687
1407948452|45.375
1407948472|46.062
1407948493|46.062
1407948513|47.312
1407948533|48.125
1407948553|48.875
1407948573|49.625
1407948593|50.187
1407948614|50.625
1407948634|50.625
1407948654|51.812
1407948674|52.25
1407948694|52.625
1407948714|53.062
1407948734|53.437
1407948754|53.812
1407948774|54.062
1407948794|54.312
1407948814|49.25
1407948834|45.25
1407948855|43.187
1407948875|41.875
1407948895|41.875
1407948915|40.5
1407948935|39.812
1407948955|39.5
1407948975|39.187
1407948995|38.875
1407949015|38.812
1407949035|38.625
1407949056|38.625
1407949076|38.75
1407949096|39.187
1407949116|40.062
1407949137|40.625
1407949157|40.812
1407949177|41.75
1407949197|42.687
1407949217|43.562
1407949237|44.375
1407949257|45.0
1407949277|45.5
1407949297|46.187
1407949318|46.562
1407949338|46.75
1407949358|47.312
1407949378|47.562
1407949398|48.0
1407949418|48.5
1407949438|49.0
1407949458|49.0
1407949478|49.625
1407949498|49.5
1407949519|49.437
1407949539|49.687
1407949559|50.125
1407949579|50.25
1407949599|50.312
1407949619|50.312
1407949639|50.312
1407949659|51.0
1407949679|51.437
1407949700|51.75
1407949720|52.062
1407949740|52.437
1407949760|52.437
1407949780|52.375
1407949801|49.75
1407949821|46.875
1407949841|44.062
1407949861|41.687
1407949881|39.937
1407949901|38.937
1407949921|38.562
1407949941|38.0
1407949961|37.5
1407949981|37.125
1407950001|36.812
1407950021|36.312
1407950041|36.312
1407950062|36.125
1407950082|35.937
1407950102|35.625
1407950122|35.5
1407950142|35.562
1407950162|35.562
1407950182|35.187
1407950202|35.0
1407950222|35.125
1407950242|35.187
1407950263|35.125
1407950283|35.0
1407950303|35.0
1407950323|34.875
1407950343|34.75
1407950364|34.75
1407950384|34.625
1407950404|34.437
1407950424|34.375
1407950444|34.25
1407950464|34.312
1407950484|34.437
1407950506|34.312
1407950526|34.75
1407950546|35.125
1407950566|35.75
1407950586|36.312
1407950606|36.312
1407950626|37.125
1407950646|37.875
1407950666|38.5
1407950686|39.187
1407950706|39.812
1407950727|40.187
1407950747|40.812
1407950767|41.375
1407950787|41.812
1407950807|41.812
1407950827|42.437
1407950847|42.812
1407950867|43.187
1407950887|43.625
1407950907|43.437
1407950927|43.75
1407950948|43.562
1407950968|43.937
1407950988|44.312
1407951008|44.312
1407951028|44.875
1407951049|45.062
1407951069|45.312
1407951089|45.625
1407951109|45.625
1407951129|45.5
1407951149|45.75
1407951169|46.062
1407951189|45.812
1407951209|45.937
1407951229|45.937
1407951249|45.812
1407951269|45.875
1407951290|46.125
1407951310|46.125
1407951330|46.0
1407951350|46.125
1407951370|46.312
1407951390|46.187
1407951410|46.312
1407951430|46.25
1407951450|46.375
1407951470|46.437
1407951490|46.312
1407951511|45.937
1407951531|45.0
1407951551|43.625
1407951571|42.437
1407951591|41.375
1407951611|40.687
1407951632|40.25
1407951652|39.812
1407951672|39.437
1407951692|39.687
1407951712|39.812
1407951732|40.0
1407951752|39.875
1407951772|39.812
1407951792|39.187
1407951812|39.125
1407951833|38.812
1407951853|38.812
1407951873|38.437
1407951893|38.187
1407951913|37.937
1407951933|37.812
1407951953|37.625
1407951973|37.625
1407951993|37.5
1407952013|37.562
1407952033|37.437
1407952053|37.187
1407952074|37.0
1407952094|37.0
1407952114|36.875
1407952134|36.875
1407952154|37.0
1407952174|37.125
1407952195|37.125
1407952215|37.25
1407952235|37.437
1407952255|37.5
1407952275|37.5
1407952295|37.5
1407952315|37.375
1407952335|37.375
1407952355|37.25
1407952376|37.25
1407952396|37.125
1407952416|37.062
1407952436|37.062
1407952456|37.062
1407952476|36.875
1407952496|36.937
1407952516|37.062
1407952536|37.125
1407952556|37.062
1407952576|37.062
1407952596|37.0
1407952617|37.0
1407952637|37.062
1407952657|37.062
1407952677|37.062
1407952697|37.0
1407952717|36.75
1407952737|36.625
1407952757|36.562
1407952778|36.562
1407952798|36.625
1407952818|36.75
1407952838|36.812
1407952858|36.875
1407952878|36.875
1407952898|36.875
1407952919|36.875
1407952939|36.875
1407952959|36.875
1407952979|36.875
1407952999|36.937
1407953019|36.875
1407953039|36.937
1407953059|36.875
1407953079|36.875
1407953099|36.812
1407953119|36.812
1407953139|36.812
1407953160|36.75
1407953180|36.812
1407953200|36.812
1407953220|36.875
1407953240|36.625
1407953260|36.5
1407953280|36.437
1407953300|36.375
1407953320|36.437
1407953340|36.5
1407953361|36.562
1407953381|36.687
1407953401|36.75
1407953421|36.75
1407953441|36.937
1407953462|36.937
1407953482|36.937
1407953502|36.812
1407953522|36.687
1407953542|36.812
1407953562|36.875
1407953582|36.875
1407953602|36.875
1407953622|36.875
1407953642|36.812
1407953662|36.75
1407953682|36.75
1407953703|36.812
1407953723|36.812
1407953743|36.625
1407953763|36.625
1407953783|36.625
1407953803|36.625
1407953823|36.625
1407953843|36.625
1407953863|36.437
1407953883|36.375
1407953903|36.437
1407953923|36.437
1407953944|36.5
1407953964|36.625
1407953984|36.625
1407954004|36.625
1407954025|36.5
1407954045|36.562
1407954065|36.562
1407954085|36.562
1407954105|36.562
1407954125|36.562
1407954145|36.687
1407954165|36.75
1407954185|36.812
1407954205|36.812
1407954226|36.812
1407954246|36.75
1407954266|36.687
1407954286|36.625
1407954306|36.562
1407954326|36.562
1407954346|36.5
1407954366|36.5
1407954386|36.562
1407954406|36.625
1407954426|36.687
1407954446|36.687
1407954467|36.75
1407954487|36.75
1407954507|36.687
1407954527|36.625
1407954547|36.562
1407954567|36.5
1407954587|36.375
1407954608|36.312
1407954628|36.25
1407954648|36.25
1407954668|36.25
1407954688|36.062
1407954708|36.062
1407954729|36.062
1407954749|36.062
1407954769|36.0
1407954789|35.812
1407954809|35.812
1407954829|35.75
1407954849|35.687
1407954869|35.625
1407954889|35.437
1407954909|35.437
1407954929|35.375
1407954949|35.375
1407954970|35.312
1407954990|35.312
1407955010|35.312
1407955030|35.375
1407955050|35.375
1407955070|35.312
1407955090|35.312
1407955110|35.312
1407955130|35.25
1407955150|35.312
1407955170|35.312
1407955191|35.25
1407955211|35.25
1407955231|35.187
1407955251|35.187
1407955271|35.187
1407955292|35.187
1407955312|35.187
1407955332|35.187
1407955352|35.187
1407955372|35.187
1407955392|35.187
1407955412|35.187
1407955432|35.187
1407955452|35.187
1407955473|35.187
1407955493|35.125
1407955513|35.125
1407955533|35.125
1407955553|35.062
1407955573|35.062
1407955593|35.062
1407955613|35.062
1407955633|35.0
1407955653|35.0
1407955673|34.937
1407955693|34.937
1407955714|34.875
1407955734|34.812
1407955754|34.812
1407955774|34.812
1407955794|34.812
1407955814|34.75
1407955835|34.75
1407955855|34.687
1407955875|34.687
1407955895|34.625
1407955915|34.625
1407955935|34.562
1407955955|34.5
1407955975|34.5
1407955995|34.437
1407956016|34.375
1407956036|34.375
1407956056|34.312
1407956076|34.312
1407956096|34.25
1407956116|34.25
1407956136|34.187
1407956156|34.187
1407956176|34.125
1407956196|34.125
1407956216|34.125
1407956236|34.062
1407956257|34.0
1407956277|33.937
1407956297|33.937
1407956317|33.875
1407956337|33.875
1407956357|33.812
1407956377|33.687
1407956397|33.625
1407956417|33.562
1407956438|33.5
1407956458|33.5
1407956478|33.5
1407956498|33.562
1407956518|33.5
1407956538|33.437
1407956559|33.375
1407956579|33.25
1407956599|33.25
1407956619|33.125
1407956639|33.062
1407956659|33.0
1407956679|32.937
1407956699|32.812
1407956719|32.687
1407956739|32.562
1407956759|32.437
1407956779|32.375
1407956800|32.312
1407956820|32.312
1407956840|32.312
1407956860|32.25
1407956880|32.187
1407956900|32.187
1407956920|32.187
1407956940|32.187
1407956960|32.187
1407956980|32.187
1407957000|32.187
1407957021|32.187
1407957041|32.187
1407957061|32.187
1407957081|32.125
1407957102|32.125
1407957122|32.125
1407957142|32.062
1407957162|32.0
1407957182|32.0
1407957202|32.0
1407957222|31.875
1407957242|31.687
1407957262|31.562
1407957282|31.437
1407957302|31.312
1407957322|31.187
1407957343|31.062
1407957363|31.0
1407957383|30.875
1407957403|30.812
1407957423|30.75
1407957443|30.625
1407957463|30.562
1407957483|30.5
1407957503|30.375
1407957523|30.312
1407957543|30.187
1407957563|30.125
1407957584|30.062
1407957604|30.062
1407957624|30.0
1407957644|30.0
1407957664|29.937
1407957684|29.875
1407957705|29.875
1407957725|29.937
1407957745|29.937
1407957765|30.0
1407957785|30.062
1407957805|30.125
1407957825|30.187
1407957845|30.312
1407957865|30.312
1407957886|30.375
1407957906|30.437
1407957926|30.437
1407957946|30.5
1407957966|30.5
1407957986|30.5
1407958006|30.5
1407958026|30.5
1407958046|30.5
1407958066|30.5
1407958086|30.5
1407958106|30.5
1407958127|30.5
1407958147|30.5
1407958167|30.5
1407958187|30.5
1407958207|30.5
1407958227|30.5
1407958247|30.437
1407958268|30.437
1407958288|30.375
1407958308|30.375
1407958328|30.312
1407958348|30.312
1407958368|30.312
1407958388|30.312
1407958408|30.25
1407958428|30.187
1407958449|30.187
1407958469|30.125
1407958489|30.062
1407958509|30.062
1407958529|30.0
1407958549|30.0
1407958569|29.937
1407958589|29.875
1407958609|29.875
1407958629|29.812
1407958649|29.812
1407958669|29.75
1407958690|29.687
1407958710|29.687
1407958730|29.625
1407958750|29.625
1407958770|29.625
1407958790|29.562
1407958810|29.5
1407958830|29.437
1407958851|29.312
1407958871|29.125
1407958891|29.125
1407958911|29.0
1407958931|29.062
1407958951|29.125
1407958971|29.125
1407958991|29.062
1407959012|29.062
1407959032|29.062
1407959052|29.125
1407959072|29.125
1407959092|29.125
1407959112|29.125
1407959132|29.125
1407959152|29.062
1407959172|29.062
1407959192|29.062
1407959212|29.0
1407959232|28.937
1407959253|28.937
1407959273|28.937
1407959293|28.937
1407959313|28.937
1407959333|28.937
1407959353|28.875
1407959373|28.875
1407959393|28.812
1407959413|28.812
1407959434|28.812
1407959454|28.75
1407959474|28.75
1407959494|28.687
1407959515|28.625
1407959535|28.625
1407959555|28.562
1407959575|28.562
1407959595|28.562
1407959615|28.5
1407959635|28.437
1407959655|28.437
1407959675|28.375
1407959695|28.312
1407959716|28.25
1407959736|28.125
1407959756|28.062
1407959776|28.0
1407959796|28.0
1407959816|28.0
1407959836|28.0
1407959856|28.0
1407959876|28.0
1407959896|28.0
1407959916|27.937
1407959936|27.875
1407959957|27.687
1407959977|27.437
1407959997|27.25
1407960017|27.187
1407960037|27.0
1407960057|26.937
1407960078|26.875
1407960098|26.812
1407960118|26.75
1407960138|26.75
1407960158|26.75
1407960178|26.75
1407960198|26.812
1407960218|26.812
1407960239|26.687
1407960259|26.687
1407960279|26.75
1407960299|26.75
1407960319|26.75
1407960339|26.687
1407960359|26.687
1407960379|26.687
1407960400|26.687
1407960420|26.687
1407960440|26.687
1407960460|26.687
1407960480|26.625
1407960501|26.562
1407960521|26.5
1407960541|26.312
1407960561|26.187
1407960581|26.187
1407960601|26.187
1407960621|26.125
1407960641|26.125
1407960661|25.687
1407960681|25.687
1407960702|25.75
1407960722|25.812
1407960742|25.875
1407960762|25.875
1407960782|25.937
1407960803|25.875
1407960823|25.812
1407960843|25.875
1407960863|25.875
1407960883|25.875
1407960903|25.875
1407960923|25.875
1407960943|25.875
1407960963|25.875
1407960984|25.812
1407961004|25.812
1407961024|25.75
1407961044|25.75
1407961064|25.687
1407961084|25.687
1407961104|25.625
1407961124|25.625
1407961144|25.562
1407961164|25.437
1407961184|25.375
1407961204|25.375
1407961225|25.375
1407961245|25.375
1407961265|25.375
1407961285|25.375
1407961305|25.375
1407961325|25.375
1407961346|25.312
1407961366|25.312
1407961386|25.25
1407961408|25.25
1407961428|25.25
1407961449|25.187
1407961469|25.187
1407961489|25.187
1407961509|25.187
1407961529|25.125
1407961549|25.125
1407961569|25.0
1407961589|24.937
1407961609|24.937
1407961630|24.875
1407961650|24.812
1407961670|24.75
1407961690|24.625
1407961710|24.687
1407961730|24.625
1407961750|24.562
1407961770|24.437
1407961790|24.375
1407961810|24.312
1407961830|24.312
1407961850|24.312
1407961871|24.25
1407961891|24.187
1407961911|24.0
1407961931|23.937
1407961951|24.0
1407961971|23.937
1407961991|23.875
1407962011|23.875
1407962032|23.812
1407962052|23.812
1407962072|23.812
1407962092|23.875
1407962112|23.875
1407962132|23.875
1407962152|23.937
1407962173|23.937
1407962193|23.875
1407962213|23.812
1407962233|23.75
1407962253|23.625
1407962273|23.437
1407962293|23.25
1407962313|23.062
1407962333|22.937
1407962353|22.875
1407962373|22.812
1407962393|22.75
1407962414|22.75
1407962434|22.75
1407962454|22.75
1407962474|22.812
1407962494|22.875
1407962514|22.937
1407962534|23.0
1407962554|23.0
1407962574|23.0
1407962595|23.062
1407962615|23.062
1407962635|23.062
1407962655|23.062
1407962675|23.062
1407962695|23.062
1407962716|23.062
1407962736|23.0
1407962756|23.062
1407962776|23.062
1407962796|22.937
1407962816|22.875
1407962836|22.875
1407962856|22.75
1407962876|22.687
1407962896|22.75
1407962916|22.75
1407962936|22.75
1407962957|22.687
1407962977|22.625
1407962997|22.5
1407963017|22.437
1407963037|22.312
1407963057|22.125
1407963077|22.0
1407963097|22.0
1407963117|22.125
1407963137|22.187
1407963158|22.25
1407963178|22.312
1407963198|22.312
1407963218|22.187
1407963238|22.062
1407963259|22.062
1407963279|22.125
1407963299|22.125
1407963319|22.187
1407963339|22.187
1407963359|22.187
1407963379|22.187
1407963399|22.187
1407963419|22.125
1407963439|22.125
1407963459|22.062
1407963479|21.937
1407963500|21.875
1407963520|21.812
1407963541|21.687
1407963561|21.625
1407963581|21.562
1407963601|21.562
1407963621|21.5
1407963641|21.5
1407963661|21.562
1407963681|21.625
1407963701|21.625
1407963721|21.687
1407963742|21.687
1407963762|21.687
1407963782|21.687
1407963802|21.625
1407963822|21.437
1407963842|21.312
1407963862|21.312
1407963883|21.25
1407963903|21.25
1407963923|21.125
1407963943|21.062
1407963963|21.0
1407963983|21.0
1407964003|21.0
1407964023|21.0
1407964043|20.937
1407964064|20.875
1407964084|20.875
1407964104|20.875
1407964124|20.75
1407964144|20.687
1407964164|20.625
1407964184|20.687
1407964204|20.687
1407964224|20.687
1407964244|20.687
1407964265|20.687
1407964285|20.625
1407964305|20.562
1407964325|20.5
1407964345|20.312
1407964365|20.25
1407964385|20.25
1407964405|20.187
1407964425|20.125
1407964446|20.187
1407964466|20.25
1407964486|20.312
1407964506|20.312
1407964526|20.375
1407964546|20.375
1407964567|20.437
1407964587|20.437
1407964607|20.437
1407964627|20.437
1407964647|20.437
1407964667|20.437
1407964687|20.437
1407964707|20.375
1407964727|20.375
1407964747|20.375
1407964767|20.25
1407964788|20.187
1407964808|20.125
1407964828|20.125
1407964848|20.125
1407964868|20.125
1407964888|20.187
1407964909|20.187
1407964929|20.187
1407964949|20.125
1407964969|20.062
1407964990|20.062
1407965010|20.0
1407965030|19.937
1407965050|19.937
1407965070|19.875
1407965090|19.875
1407965110|19.875
1407965130|19.75
1407965150|19.75
1407965171|19.687
1407965191|19.625
1407965211|19.625
1407965231|19.625
1407965251|19.5
1407965271|19.437
1407965292|19.312
1407965312|19.312
1407965332|19.25
1407965352|19.25
1407965372|19.25
1407965392|19.187
1407965412|19.125
1407965432|19.062
1407965452|19.062
1407965472|19.062
1407965492|19.0
1407965512|19.0
1407965533|19.062
1407965553|19.062
1407965573|19.125
1407965593|19.125
1407965613|19.125
1407965633|19.187
1407965653|19.125
1407965673|19.125
1407965693|19.125
1407965713|19.125
1407965733|19.187
1407965753|19.125
1407965774|19.125
1407965794|19.125
1407965814|19.125
1407965835|19.125
1407965855|19.125
1407965875|19.125
1407965895|19.125
1407965915|19.125
1407965935|19.125
1407965955|19.125
1407965975|19.125
1407965996|19.062
1407966016|19.062
1407966036|19.0
1407966056|19.0
1407966076|18.937
1407966096|18.875
1407966116|18.812
1407966136|18.812
1407966156|18.812
1407966176|18.875
1407966196|18.875
1407966216|18.875
1407966237|18.875
1407966257|18.875
1407966277|18.687
1407966297|18.625
1407966317|18.562
1407966337|18.562
1407966357|18.5
1407966378|18.437
1407966398|18.375
1407966418|18.375
1407966438|18.312
1407966458|18.375
1407966478|18.375
1407966499|18.375
1407966519|18.375
1407966539|18.437
1407966559|18.437
1407966579|18.437
1407966599|18.5
1407966619|18.5
1407966639|18.5
1407966659|18.5
1407966679|18.5
1407966700|18.5
1407966720|18.5
1407966740|18.5
1407966760|18.5
1407966780|18.5
1407966801|18.5
1407966821|18.5
1407966841|18.437
1407966861|18.437
1407966881|18.437
1407966901|18.437
1407966921|18.437
1407966941|18.437
1407966961|18.375
1407966981|18.375
1407967001|18.312
1407967021|18.25
1407967042|18.187
1407967062|18.187
1407967082|18.187
1407967102|18.125
1407967122|18.187
1407967143|18.125
1407967163|18.125
1407967183|18.125
1407967203|18.125
1407967223|18.125
1407967243|18.125
1407967263|18.062
1407967283|18.062
1407967303|18.0
1407967323|18.0
1407967343|17.875
1407967364|17.875
1407967384|17.875
1407967404|17.812
1407967424|17.75
1407967444|17.687
1407967464|17.75
1407967484|17.75
1407967504|17.75
1407967524|17.75
1407967544|17.75
1407967564|17.687
1407967584|17.687
1407967605|17.687
1407967625|17.625
1407967645|17.562
1407967665|17.562
1407967686|17.562
1407967706|17.625
1407967726|17.625
1407967746|17.625
1407967766|17.625
1407967786|17.562
1407967806|17.562
1407967826|17.562
1407967846|17.5
1407967866|17.5
1407967887|17.437
1407967907|17.437
1407967927|17.437
1407967947|17.375
1407967967|17.312
1407967987|17.312
1407968007|17.312
1407968027|17.312
1407968047|17.312
1407968067|17.312
1407968087|17.375
1407968107|17.375
1407968128|17.375
1407968148|17.375
1407968168|17.375
1407968188|17.312
1407968208|17.187
1407968228|17.187
1407968248|17.187
1407968269|17.187
1407968289|17.187
1407968309|17.187
1407968329|17.187
1407968349|17.187
1407968369|17.187
1407968389|17.187
1407968410|17.187
1407968430|17.125
1407968450|17.062
1407968470|17.062
1407968490|17.0
1407968510|17.0
1407968530|17.0
1407968550|16.937
1407968570|16.937
1407968590|16.937
1407968610|16.937
1407968630|16.937
1407968651|16.875
1407968671|16.875
1407968691|16.875
1407968711|16.875
1407968731|16.875
1407968751|16.875
1407968771|16.812
1407968791|16.875
1407968811|16.812
1407968831|16.875
1407968852|16.875
1407968872|16.812
1407968892|16.812
1407968912|16.812
1407968932|16.812
1407968952|16.812
1407968972|16.75
1407968993|16.75
1407969013|16.687
1407969033|16.687
1407969053|16.687
1407969073|16.625
1407969093|16.625
1407969113|16.625
1407969133|16.562
1407969153|16.562
1407969173|16.562
1407969193|16.562
1407969214|16.562
1407969234|16.562
1407969254|16.562
1407969274|16.562
1407969294|16.562
1407969314|16.5
1407969334|16.5
1407969354|16.5
1407969374|16.5
1407969394|16.5
1407969414|16.5
1407969435|16.437
1407969455|16.437
1407969475|16.5
1407969495|16.437
1407969515|16.437
1407969536|16.437
1407969556|16.437
1407969576|16.375
1407969596|16.375
1407969616|16.437
1407969636|16.375
1407969656|16.375
1407969676|16.375
1407969696|16.375
1407969716|16.375
1407969736|16.375
1407969757|16.312
1407969777|16.312
1407969797|16.312
1407969817|16.312
1407969837|16.25
1407969857|16.25
1407969877|16.25
1407969897|16.25
1407969917|16.25
1407969937|16.187
1407969957|16.187
1407969977|16.187
1407969998|16.187
1407970018|16.187
1407970038|16.187
1407970058|16.187
1407970078|16.125
1407970098|16.125
1407970118|16.125
1407970139|16.125
1407970159|16.125
1407970179|16.125
1407970199|16.062
1407970220|16.062
1407970240|16.0
1407970260|16.0
1407970280|15.937
1407970300|15.937
1407970320|15.937
1407970340|15.937
1407970361|15.875
1407970381|15.875
1407970401|15.875
1407970421|15.875
1407970441|15.875
1407970461|15.875
1407970481|15.812
1407970501|15.812
1407970521|15.75
1407970541|15.812
1407970561|15.75
1407970581|15.687
1407970602|15.687
1407970622|15.687
1407970642|15.687
1407970662|15.687
1407970682|15.625
1407970702|15.625
1407970722|15.625
1407970743|15.562
1407970763|15.562
1407970783|15.562
1407970803|15.562
1407970823|15.562
1407970843|15.5
1407970864|15.562
1407970884|15.5
1407970904|15.5
1407970925|15.5
1407970945|15.5
1407970965|15.5
1407970985|15.5
1407971005|15.5
1407971025|15.5
1407971045|15.437
1407971065|15.437
1407971085|15.437
1407971105|15.437
1407971125|15.437
1407971145|15.375
1407971166|15.375
1407971186|15.375
1407971206|15.375
1407971226|15.312
1407971246|15.312
1407971266|15.312
1407971286|15.312
1407971306|15.25
1407971326|15.25
1407971346|15.25
1407971366|15.187
1407971387|15.187
1407971407|15.187
1407971427|15.187
1407971447|15.187
1407971468|15.187
1407971488|15.187
1407971508|15.125
1407971528|15.187
1407971548|15.125
1407971568|15.125
1407971588|15.125
1407971608|15.125
1407971628|15.125
1407971648|15.062
1407971669|15.125
1407971689|15.062
1407971709|15.062
1407971729|15.062
1407971749|15.062
1407971769|15.062
1407971789|15.062
1407971809|15.062
1407971830|15.0
1407971850|15.0
1407971871|15.0
1407971891|15.0
1407971911|15.0
1407971931|15.0
1407971951|14.937
1407971971|14.937
1407971991|14.937
1407972011|14.937
1407972031|14.937
1407972051|14.937
1407972071|14.875
1407972092|14.875
1407972112|14.875
1407972132|14.875
1407972152|14.875
1407972173|14.875
1407972193|14.875
1407972213|14.875
1407972233|14.812
1407972253|14.812
1407972273|14.812
1407972293|14.812
1407972313|14.812
1407972333|14.75
1407972353|14.75
1407972374|14.75
1407972394|14.687
1407972414|14.687
1407972434|14.687
1407972454|14.687
1407972474|14.687
1407972494|14.625
1407972514|14.625
1407972534|14.625
1407972554|14.625
1407972574|14.562
1407972594|14.562
1407972615|14.5
1407972635|14.5
1407972655|14.5
1407972675|14.5
1407972695|14.5
1407972715|14.5
1407972736|14.437
1407972756|14.437
1407972776|14.437
1407972796|14.437
1407972816|14.437
1407972836|14.437
1407972856|14.437
1407972876|14.437
1407972896|14.437
1407972917|14.437
1407972937|14.437
1407972957|14.437
1407972977|14.375
1407972997|14.375
1407973017|14.375
1407973037|14.375
1407973057|14.437
1407973077|14.375
1407973097|14.375
1407973117|14.375
1407973137|14.312
1407973158|14.375
1407973178|14.375
1407973198|14.312
1407973218|14.312
1407973238|14.312
1407973258|14.312
1407973278|14.312
1407973298|14.312
1407973319|14.312
1407973339|14.25
1407973359|14.25
1407973379|14.25
1407973399|14.25
1407973419|14.25
1407973439|14.25
1407973459|14.187
1407973480|14.25
1407973500|14.187
1407973520|14.187
1407973540|14.187
1407973560|14.187
1407973580|14.187
1407973600|14.187
1407973620|14.187
1407973640|14.187
1407973660|14.125
1407973680|14.125
1407973700|14.187
1407973721|14.125
1407973741|14.125
1407973761|14.125
1407973781|14.125
1407973801|14.125
1407973821|14.125
1407973841|14.125
1407973861|14.125
1407973881|14.062
1407973902|14.062
1407973922|14.062
1407973942|14.062
1407973962|14.062
1407973982|14.062
1407974002|14.0
1407974022|14.0
1407974043|14.0
1407974063|14.0
1407974083|14.0
1407974103|14.0
1407974123|14.0
1407974143|14.0
1407974163|14.0
1407974183|14.0
1407974203|14.0
1407974223|13.937
1407974243|13.937
1407974263|13.937
1407974284|13.937
1407974304|13.937
1407974324|13.937
1407974344|13.937
1407974364|13.937
1407974384|13.937
1407974404|13.937
1407974424|13.875
1407974444|13.875
1407974464|13.875
1407974485|13.875
1407974505|13.875
1407974525|13.812
1407974545|13.812
1407974565|13.75
1407974585|13.812
1407974605|13.75
1407974626|13.75
1407974646|13.75
1407974666|13.75
1407974686|13.75
1407974706|13.75
1407974726|13.75
1407974746|13.75
1407974766|13.75
1407974786|13.75
1407974806|13.75
1407974826|13.75
1407974846|13.687
1407974867|13.687
1407974887|13.687
1407974907|13.625
1407974927|13.562
1407974947|13.562
1407974967|13.562
1407974987|13.562
1407975007|13.562
1407975027|13.5
1407975047|13.5
1407975068|13.5
1407975088|13.5
1407975108|13.437
1407975128|13.437
1407975148|13.437
1407975169|13.375
1407975189|13.437
1407975209|13.437
1407975229|13.437
1407975249|13.437
1407975269|13.437
1407975289|13.437
1407975309|13.437
1407975329|13.437
1407975349|13.437
1407975369|13.437
1407975390|13.437
1407975410|13.437
1407975430|13.437
1407975450|13.437
1407975470|13.437
1407975491|13.437
1407975511|13.437
1407975532|13.437
1407975552|13.437
1407975572|13.437
1407975592|13.437
1407975612|13.437
1407975632|13.437
1407975652|13.437
1407975672|13.375
1407975692|13.437
1407975712|13.437
1407975732|13.375
1407975752|13.375
1407975773|13.437
1407975793|13.437
1407975813|13.375
1407975833|13.375
1407975853|13.375
1407975874|13.375
1407975894|13.375
1407975914|13.375
1407975934|13.375
1407975954|13.375
1407975974|13.375
1407975994|13.375
1407976015|13.375
1407976035|13.375
1407976055|13.375
1407976075|13.375
1407976095|13.312
1407976115|13.375
1407976135|13.375
1407976155|13.312
1407976175|13.312
1407976195|13.312
1407976215|13.312
1407976235|13.312
1407976256|13.312
1407976276|13.312
1407976296|13.312
1407976316|13.312
1407976336|13.312
1407976356|13.312
1407976376|13.312
1407976396|13.312
1407976417|13.312
1407976437|13.312
1407976457|13.25
1407976477|13.312
1407976497|13.312
1407976517|13.312
1407976537|13.312
1407976557|13.312
1407976578|13.312
1407976598|13.25
1407976618|13.25
1407976638|13.25
1407976658|13.25
1407976678|13.25
1407976698|13.312
1407976718|13.312
1407976738|13.25
1407976758|13.312
1407976778|13.25
1407976798|13.312
1407976819|13.25
1407976839|13.25
1407976859|13.25
1407976879|13.25
1407976899|13.25
1407976919|13.25
1407976939|13.25
1407976959|13.25
1407976979|13.25
1407976999|13.25
1407977020|13.25
1407977040|13.187
1407977060|13.25
1407977080|13.187
1407977100|13.187
1407977121|13.187
1407977141|13.187
1407977161|13.187
1407977181|13.187
1407977201|13.25
1407977221|13.187
1407977241|13.187
1407977261|13.187
1407977281|13.125
1407977301|13.125
1407977321|13.125
1407977342|13.062
1407977362|13.125
1407977382|13.125
1407977402|13.062
1407977422|13.062
1407977442|13.062
1407977462|13.062
1407977482|13.062
1407977502|13.062
1407977522|13.062
1407977542|13.062
1407977562|13.062
1407977583|13.062
1407977603|13.125
1407977623|13.062
1407977643|13.125
1407977663|13.125
1407977684|13.125
1407977704|13.062
1407977724|13.125
1407977744|13.062
1407977764|13.125
1407977784|13.125
1407977804|13.062
1407977824|13.125
1407977844|13.062
1407977864|13.125
1407977885|13.125
1407977905|13.125
1407977925|13.125
1407977945|13.125
1407977965|13.062
1407977985|13.062
1407978005|13.062
1407978025|13.062
1407978045|13.062
1407978065|13.062
1407978085|13.062
1407978105|13.062
1407978126|13.062
1407978146|13.062
1407978166|13.062
1407978186|13.062
1407978206|13.062
1407978226|13.062
1407978247|13.062
1407978267|13.062
1407978287|13.062
1407978307|13.062
1407978327|13.0
1407978347|13.0
1407978367|13.0
1407978387|13.0
1407978407|13.0
1407978427|13.0
1407978448|13.062
1407978468|13.0
1407978488|13.0
1407978508|13.0
1407978528|13.0
1407978548|13.062
1407978568|13.0
1407978588|13.0
1407978608|13.0
1407978628|13.0
1407978648|13.0
1407978668|13.0
1407978689|13.0
1407978709|13.0
1407978729|13.0
1407978749|13.0
1407978769|13.0
1407978789|13.0
1407978809|13.0
1407978829|13.0
1407978850|13.0
1407978870|13.0
1407978890|13.0
1407978910|13.0
1407978930|13.0
1407978950|13.0
1407978970|13.0
1407978990|13.0
1407979010|13.0
1407979031|13.0
1407979051|13.0
1407979071|13.0
1407979091|13.0
1407979111|13.0
1407979131|13.0
1407979151|13.0
1407979171|13.0
1407979191|13.0
1407979211|13.0
1407979231|13.0
1407979252|13.0
1407979272|13.0
1407979292|13.0
1407979313|13.0
1407979333|13.0
1407979353|13.0
1407979373|12.937
1407979393|12.937
1407979413|12.937
1407979433|12.937
1407979453|12.937
1407979474|12.937
1407979494|12.937
1407979514|13.0
1407979534|12.937
1407979554|12.937
1407979574|12.937
1407979594|12.937
1407979615|12.937
1407979635|12.937
1407979655|12.937
1407979675|12.937
1407979695|12.937
1407979715|12.937
1407979735|12.937
1407979755|12.937
1407979775|12.937
1407979795|12.937
1407979816|12.875
1407979836|12.937
1407979856|12.937
1407979876|12.937
1407979896|12.875
1407979916|12.937
1407979936|12.875
1407979956|12.937
1407979976|12.937
1407979996|12.875
1407980016|12.875
1407980037|12.937
1407980057|12.937
1407980077|12.875
1407980097|12.875
1407980117|12.875
1407980137|12.875
1407980158|12.875
1407980178|12.875
1407980198|12.875
1407980218|12.875
1407980238|12.875
1407980258|12.875
1407980278|12.875
1407980298|12.875
1407980318|12.875
1407980338|12.875
1407980358|12.875
1407980379|12.875
1407980399|12.875
1407980419|12.875
1407980439|12.875
1407980459|12.812
1407980479|12.875
1407980499|12.875
1407980519|12.812
1407980539|12.812
1407980559|12.812
1407980579|12.812
1407980599|12.812
1407980620|12.812
1407980640|12.875
1407980660|12.812
1407980680|12.812
1407980700|12.812
1407980720|12.812
1407980741|12.812
1407980761|12.812
1407980781|12.812
1407980801|12.812
1407980821|12.812
1407980841|12.812
1407980861|12.812
1407980881|12.812
1407980902|12.812
1407980922|12.812
1407980942|12.75
1407980962|12.812
1407980982|12.812
1407981002|12.75
1407981022|12.812
1407981042|12.812
1407981062|12.75
1407981082|12.75
1407981102|12.75
1407981122|12.75
1407981143|12.75
1407981163|12.75
1407981183|12.75
1407981203|12.75
1407981223|12.75
1407981243|12.75
1407981263|12.687
1407981283|12.75
1407981303|12.75
1407981324|12.75
1407981344|12.687
1407981364|12.75
1407981384|12.75
1407981404|12.687
1407981424|12.687
1407981445|12.75
1407981465|12.687
1407981485|12.687
1407981505|12.687
1407981525|12.687
1407981545|12.687
1407981565|12.687
1407981585|12.687
1407981605|12.687
1407981625|12.687
1407981645|12.687
1407981665|12.687
1407981686|12.687
1407981706|12.687
1407981726|12.687
1407981746|12.687
1407981766|12.687
1407981786|12.687
1407981806|12.687
1407981826|12.687
1407981846|12.625
1407981866|12.625
1407981886|12.625
1407981907|12.625
1407981927|12.625
1407981947|12.625
1407981967|12.687
1407981987|12.625
1407982008|12.625
1407982028|12.625
1407982048|12.625
1407982068|12.625
1407982088|12.625
1407982108|12.625
1407982128|12.625
1407982148|12.625
1407982168|12.625
1407982188|12.625
1407982209|12.625
1407982229|12.625
1407982249|12.625
1407982269|12.625
1407982289|12.625
1407982309|12.625
1407982329|12.625
1407982349|12.625
1407982369|12.625
1407982389|12.625
1407982409|12.625
1407982429|12.625
1407982450|12.625
1407982470|12.625
1407982490|12.625
1407982510|12.625
1407982530|12.625
1407982550|12.625
1407982571|12.625
1407982591|12.625
1407982611|12.625
1407982631|12.625
1407982651|12.625
1407982671|12.625
1407982691|12.687
1407982711|12.625
1407982731|12.625
1407982751|12.625
1407982772|12.625
1407982792|12.625
1407982812|12.625
1407982832|12.687
1407982852|12.625
1407982872|12.687
1407982892|12.625
1407982912|12.687
1407982932|12.687
1407982952|12.625
1407982972|12.625
1407982993|12.687
1407983013|12.625
1407983033|12.687
1407983053|12.687
1407983073|12.625
1407983093|12.625
1407983113|12.625
1407983134|12.625
1407983154|12.687
1407983174|12.625
1407983194|12.687
1407983214|12.625
1407983234|12.625
1407983254|12.625
1407983274|12.625
1407983294|12.625
1407983315|12.687
1407983335|12.625
1407983355|12.625
1407983375|12.687
1407983395|12.687
1407983415|12.625
1407983435|12.687
1407983455|12.625
1407983475|12.687
1407983495|12.687
1407983515|12.625
1407983536|12.687
1407983556|12.625
1407983576|12.625
1407983596|12.625
1407983616|12.687
1407983636|12.625
1407983656|12.625
1407983676|12.625
1407983696|12.625
1407983717|12.625
1407983737|12.687
1407983757|12.687
1407983777|12.687
1407983797|12.625
1407983817|12.687
1407983837|12.687
1407983857|12.687
1407983878|12.625
1407983898|12.625
1407983918|12.687
1407983938|12.687
1407983958|12.687
1407983978|12.687
1407983998|12.625
1407984018|12.687
1407984038|12.625
1407984058|12.687
1407984078|12.687
1407984098|12.687
1407984118|12.687
1407984139|12.687
1407984159|12.687
1407984179|12.687
1407984199|12.687
1407984219|12.687
1407984239|12.687
1407984259|12.687
1407984279|12.687
1407984300|12.687
1407984320|12.687
1407984340|12.687
1407984360|12.687
1407984380|12.687
1407984400|12.687
1407984420|12.687
1407984440|12.687
1407984461|12.687
1407984481|12.687
1407984501|12.75
1407984521|12.687
1407984541|12.687
1407984561|12.75
1407984581|12.75
1407984601|12.687
1407984621|12.75
1407984641|12.75
1407984661|12.75
1407984681|12.75
1407984702|12.75
1407984722|12.75
1407984742|12.75
1407984762|12.75
1407984782|12.75
1407984802|12.75
1407984822|12.75
1407984842|12.75
1407984862|12.75
1407984883|12.75
1407984903|12.812
1407984923|12.812
1407984943|12.75
1407984963|12.812
1407984983|12.812
1407985003|12.812
1407985024|12.812
1407985044|12.812
1407985064|12.812
1407985084|12.812
1407985104|12.812
1407985124|12.812
1407985144|12.812
1407985164|12.812
1407985184|12.812
1407985204|12.812
1407985224|12.812
1407985245|12.812
1407985265|12.812
1407985285|12.812
1407985305|12.812
1407985325|12.812
1407985345|12.812
1407985365|12.812
1407985385|12.812
1407985405|12.812
1407985425|12.812
1407985446|12.812
1407985466|12.812
1407985486|12.812
1407985506|12.812
1407985526|12.812
1407985547|12.812
1407985567|12.812
1407985587|12.812
1407985607|12.812
1407985627|12.812
1407985647|12.812
1407985667|12.812
1407985687|12.812
1407985707|12.812
1407985727|12.812
1407985747|12.875
1407985768|12.812
1407985788|12.875
1407985808|12.875
1407985828|12.875
1407985848|12.875
1407985868|12.875
1407985888|12.875
1407985908|12.875
1407985928|12.875
1407985948|12.875
1407985968|12.875
1407985988|12.875
1407986009|12.875
1407986029|12.937
1407986049|12.937
1407986069|12.875
1407986089|12.937
1407986110|12.937
1407986130|12.875
1407986150|12.875
1407986170|12.937
1407986190|12.937
1407986210|12.875
1407986230|12.937
1407986250|12.937
1407986270|12.937
1407986290|12.937
1407986311|12.937
1407986331|12.937
1407986351|12.937
1407986371|12.937
1407986391|12.937
1407986411|12.937
1407986431|12.937
1407986451|12.937
1407986471|12.937
1407986491|12.937
1407986511|12.937
1407986531|12.937
1407986552|13.0
1407986572|12.937
1407986592|12.937
1407986612|12.937
1407986632|12.937
1407986652|12.937
1407986673|12.937
1407986693|12.937
1407986713|12.937
1407986733|12.937
1407986753|12.937
1407986773|13.0
1407986793|13.0
1407986813|13.0
1407986833|13.0
1407986853|13.0
1407986873|12.937
1407986894|13.0
1407986914|13.0
1407986934|13.0
1407986954|13.0
1407986974|13.0
1407986994|13.0
1407987014|13.0
1407987034|13.062
1407987054|13.062
1407987074|13.0
1407987094|13.0
1407987115|13.062
1407987135|13.062
1407987155|13.062
1407987175|13.062
1407987195|13.062
1407987215|13.062
1407987235|13.062
1407987256|13.062
1407987276|13.062
1407987296|13.062
1407987316|13.062
1407987336|13.062
1407987356|13.062
1407987376|13.062
1407987396|13.062
1407987416|13.062
1407987437|13.062
1407987457|13.062
1407987477|13.062
1407987497|13.062
1407987517|13.062
1407987537|13.062
1407987557|13.062
1407987577|13.062
1407987597|13.125
1407987617|13.125
1407987637|13.125
1407987657|13.125
1407987678|13.125
1407987698|13.125
1407987718|13.125
1407987738|13.125
1407987758|13.125
1407987778|13.125
1407987798|13.125
1407987819|13.125
1407987839|13.125
1407987859|13.125
1407987879|13.125
1407987899|13.125
1407987919|13.125
1407987939|13.125
1407987960|13.125
1407987980|13.125
1407988000|13.187
1407988020|13.125
1407988040|13.125
1407988060|13.125
1407988080|13.125
1407988100|13.125
1407988120|13.187
1407988140|13.187
1407988160|13.187
1407988180|13.187
1407988201|13.187
1407988221|13.187
1407988241|13.187
1407988261|13.187
1407988281|13.187
1407988301|13.187
1407988321|13.187
1407988341|13.187
1407988361|13.187
1407988382|13.187
1407988402|13.187
1407988422|13.187
1407988442|13.187
1407988462|13.187
1407988482|13.187
1407988502|13.25
1407988523|13.187
1407988543|13.187
1407988563|13.187
1407988583|13.187
1407988603|13.187
1407988623|13.25
1407988643|13.187
1407988663|13.187
1407988683|13.25
1407988703|13.187
1407988723|13.187
1407988744|13.187
1407988764|13.187
1407988784|13.187
1407988804|13.25
1407988824|13.187
1407988844|13.187
1407988864|13.187
1407988884|13.187
1407988904|13.187
1407988924|13.187
1407988944|13.187
1407988965|13.187
1407988985|13.187
1407989005|13.187
1407989025|13.187
1407989045|13.187
1407989066|13.187
1407989086|13.187
1407989106|13.187
1407989126|13.25
1407989146|13.25
1407989166|13.187
1407989186|13.25
1407989206|13.25
1407989226|13.25
1407989246|13.25
1407989266|13.25
1407989287|13.25
1407989307|13.25
1407989327|13.25
1407989347|13.25
1407989367|13.25
1407989387|13.25
1407989407|13.25
1407989427|13.25
1407989447|13.25
1407989467|13.25
1407989487|13.25
1407989507|13.25
1407989528|13.25
1407989548|13.25
1407989568|13.25
1407989588|13.25
1407989608|13.312
1407989629|13.312
1407989649|13.25
1407989669|13.25
1407989690|13.25
1407989710|13.25
1407989730|13.25
1407989750|13.25
1407989770|13.25
1407989790|13.25
1407989810|13.312
1407989830|13.312
1407989850|13.25
1407989870|13.312
1407989890|13.312
1407989911|13.312
1407989931|13.312
1407989951|13.312
1407989971|13.312
1407989991|13.312
1407990011|13.312
1407990031|13.312
1407990051|13.312
1407990071|13.312
1407990091|13.312
1407990111|13.312
1407990131|13.312
1407990152|13.312
1407990172|13.312
1407990192|13.312
1407990212|13.312
1407990232|13.312
1407990253|13.312
1407990273|13.312
1407990293|13.312
1407990313|13.312
1407990333|13.312
1407990353|13.312
1407990373|13.312
1407990393|13.312
1407990414|13.312
1407990434|13.375
1407990454|13.312
1407990474|13.312
1407990494|13.375
1407990514|13.375
1407990534|13.375
1407990554|13.375
1407990574|13.375
1407990594|13.375
1407990614|13.375
1407990634|13.375
1407990654|13.375
1407990675|13.375
1407990695|13.375
1407990715|13.375
1407990735|13.375
1407990755|13.375
1407990775|13.375
1407990795|13.375
1407990815|13.375
1407990836|13.375
1407990856|13.375
1407990876|13.437
1407990896|13.375
1407990916|13.437
1407990936|13.437
1407990957|13.375
1407990977|13.437
1407990997|13.437
1407991017|13.437
1407991037|13.437
1407991057|13.437
1407991077|13.437
1407991097|13.437
1407991117|13.437
1407991137|13.437
1407991157|13.437
1407991178|13.437
1407991198|13.437
1407991218|13.437
1407991238|13.437
1407991258|13.437
1407991278|13.437
1407991298|13.5
1407991318|13.437
1407991338|13.5
1407991358|13.5
1407991378|13.5
1407991398|13.5
1407991419|13.5
1407991439|13.5
1407991459|13.5
1407991479|13.5
1407991499|13.5
1407991520|13.5
1407991540|13.5
1407991560|13.5
1407991580|13.5
1407991600|13.5
1407991621|13.5
1407991641|13.562
1407991661|13.562
1407991681|13.562
1407991701|13.562
1407991721|13.562
1407991741|13.562
1407991762|13.562
1407991782|13.562
1407991802|13.562
1407991822|13.562
1407991842|13.562
1407991862|13.562
1407991882|13.562
1407991902|13.562
1407991922|13.562
1407991942|13.625
1407991962|13.625
1407991982|13.625
1407992003|13.625
1407992023|13.625
1407992043|13.687
1407992063|13.687
1407992083|13.625
1407992103|13.687
1407992123|13.687
1407992144|13.687
1407992164|13.75
1407992184|13.812
1407992204|13.812
1407992224|13.812
1407992244|13.875
1407992264|13.875
1407992284|13.875
1407992304|13.875
1407992324|13.937
1407992345|13.937
1407992365|14.0
1407992385|14.0
1407992405|14.062
1407992425|14.062
1407992445|14.125
1407992465|14.125
1407992485|14.125
1407992505|14.125
1407992525|14.187
1407992545|14.187
1407992566|14.187
1407992586|14.187
1407992606|14.25
1407992626|14.25
1407992646|14.25
1407992666|14.25
1407992686|14.25
1407992706|14.25
1407992726|14.312
1407992747|14.312
1407992767|14.312
1407992787|14.312
1407992807|14.312
1407992827|14.312
1407992847|14.312
1407992867|14.312
1407992887|14.312
1407992908|14.375
1407992928|14.375
1407992948|14.312
1407992968|14.375
1407992988|14.375
1407993008|14.375
1407993028|14.437
1407993048|14.437
1407993068|14.437
1407993088|14.5
1407993108|14.5
1407993129|14.562
1407993149|14.562
1407993169|14.562
1407993189|14.625
1407993209|14.625
1407993229|14.687
1407993249|14.687
1407993269|14.687
1407993289|14.75
1407993310|14.75
1407993330|14.75
1407993350|14.75
1407993370|14.75
1407993390|14.75
1407993410|14.75
1407993431|14.75
1407993451|14.812
1407993471|14.812
1407993491|14.812
1407993511|14.812
1407993531|14.875
1407993551|14.875
1407993571|14.875
1407993591|14.875
1407993611|14.875
