1408304332|15.937
1408304352|16.0
1408304375|16.0
1408304395|16.0
1408304415|16.0
1408304435|16.0
1408304455|15.937
1408304475|15.937
1408304495|15.875
1408304515|15.937
1408304535|15.937
1408304556|15.937
1408304576|15.875
1408304596|15.812
1408304616|15.812
1408304636|15.812
1408304656|15.812
1408304676|15.812
1408304696|15.812
1408304716|15.812
1408304736|15.812
1408304756|15.812
1408304777|15.812
1408304797|15.75
1408304817|15.75
1408304837|15.75
1408304857|15.75
1408304877|15.812
1408304897|15.75
1408304917|15.75
1408304938|15.812
1408304959|15.812
1408304979|15.812
1408304999|15.812
1408305019|15.812
1408305039|15.812
1408305059|15.75
1408305079|15.75
1408305100|15.75
1408305120|15.75
1408305140|15.75
1408305160|15.75
1408305180|15.812
1408305200|15.75
1408305220|15.75
1408305240|15.75
1408305260|15.75
1408305280|15.75
1408305300|15.75
1408305320|15.75
1408305341|15.75
1408305361|15.75
1408305381|15.687
1408305401|15.687
1408305421|15.687
1408305441|15.687
1408305461|15.687
1408305481|15.687
1408305501|15.687
1408305521|15.687
1408305541|15.687
1408305562|15.687
1408305582|15.687
1408305602|15.687
1408305623|15.687
1408305643|15.687
1408305663|15.625
1408305683|15.687
1408305703|15.687
1408305723|15.687
1408305743|15.687
1408305763|15.625
1408305783|15.687
1408305803|15.625
1408305824|15.625
1408305844|15.625
1408305864|15.625
1408305884|15.625
1408305904|15.625
1408305924|15.625
1408305944|15.562
1408305964|15.562
1408305984|15.562
1408306004|15.562
1408306024|15.562
1408306044|15.562
1408306065|15.562
1408306085|15.562
1408306105|15.562
1408306125|15.562
1408306145|15.562
1408306165|15.562
1408306186|15.562
1408306206|15.562
1408306226|15.562
1408306246|15.562
1408306266|15.562
1408306286|15.562
1408306307|15.5
1408306327|15.5
1408306347|15.5
1408306367|15.5
1408306387|15.5
1408306407|15.437
1408306427|15.437
1408306447|15.437
1408306467|15.5
1408306487|15.5
1408306507|15.5
1408306527|15.5
1408306548|15.5
1408306568|15.5
1408306588|15.5
1408306608|15.5
1408306628|15.5
1408306648|15.5
1408306668|15.437
1408306688|15.437
1408306708|15.437
1408306729|15.437
1408306749|15.437
1408306769|15.437
1408306789|15.437
1408306809|15.437
1408306829|15.437
1408306850|15.437
1408306870|15.437
1408306890|15.437
1408306910|15.375
1408306930|15.375
1408306950|15.375
1408306970|15.437
1408306990|15.375
1408307010|15.375
1408307030|15.375
1408307050|15.375
1408307071|15.375
1408307091|15.375
1408307111|15.375
1408307131|15.375
1408307151|15.312
1408307171|15.375
1408307191|15.375
1408307211|15.312
1408307231|15.312
1408307251|15.312
1408307271|15.312
1408307291|15.312
1408307312|15.312
1408307332|15.375
1408307352|15.312
1408307372|15.312
1408307392|15.312
1408307412|15.312
1408307433|15.312
1408307453|15.312
1408307473|15.312
1408307493|15.312
1408307513|15.312
1408307533|15.25
1408307553|15.25
1408307573|15.25
1408307593|15.187
1408307613|15.187
1408307633|15.187
1408307654|15.187
1408307674|15.187
1408307694|15.187
1408307714|15.187
1408307734|15.187
1408307754|15.187
1408307774|15.187
1408307794|15.125
1408307814|15.125
1408307834|15.125
1408307854|15.125
1408307874|15.125
1408307895|15.062
1408307915|15.062
1408307935|15.062
1408307955|15.062
1408307975|15.062
1408307995|15.062
1408308015|15.062
1408308036|15.062
1408308056|15.062
1408308076|15.062
1408308096|15.0
1408308116|15.062
1408308136|15.062
1408308156|15.0
1408308176|15.0
1408308196|15.0
1408308217|15.0
1408308237|15.0
1408308257|14.937
1408308277|15.0
1408308297|15.0
1408308317|15.0
1408308337|15.0
1408308357|15.0
1408308377|14.937
1408308397|15.0
1408308417|14.937
1408308437|14.937
1408308458|14.937
1408308478|14.937
1408308498|14.875
1408308518|14.937
1408308538|14.875
1408308558|14.875
1408308578|14.875
1408308598|14.875
1408308619|14.812
1408308639|14.812
1408308659|14.812
1408308679|14.875
1408308699|14.875
1408308719|14.875
1408308739|14.812
1408308760|14.812
1408308780|14.75
1408308800|14.75
1408308820|14.75
1408308840|14.75
1408308860|14.812
1408308880|14.812
1408308900|14.812
1408308920|14.812
1408308940|14.75
1408308960|14.75
1408308980|14.687
1408309001|14.687
1408309021|14.687
1408309041|14.75
1408309061|14.75
1408309081|14.75
1408309101|14.75
1408309121|14.75
1408309141|14.75
1408309161|14.75
1408309181|14.687
1408309202|14.687
1408309222|14.687
1408309242|14.687
1408309262|14.687
1408309282|14.625
1408309303|14.625
1408309323|14.687
1408309343|14.687
1408309363|14.625
1408309383|14.687
1408309403|14.687
1408309423|14.687
1408309443|14.687
1408309463|14.687
1408309483|14.625
1408309503|14.625
1408309523|14.625
1408309544|14.625
1408309564|14.625
1408309584|14.687
1408309604|14.687
1408309624|14.625
1408309644|14.625
1408309664|14.562
1408309684|14.562
1408309704|14.625
1408309724|14.625
1408309744|14.562
1408309764|14.562
1408309785|14.625
1408309805|14.625
1408309825|14.625
1408309845|14.562
1408309865|14.562
1408309885|14.625
1408309906|14.562
1408309926|14.562
1408309946|14.562
1408309966|14.562
1408309986|14.562
1408310006|14.562
1408310026|14.562
1408310046|14.562
1408310066|14.562
1408310087|14.562
1408310107|14.562
1408310127|14.562
1408310147|14.562
1408310167|14.562
1408310187|14.5
1408310207|14.562
1408310227|14.562
1408310249|14.5
1408310269|14.562
1408310289|14.562
1408310309|14.562
1408310329|14.562
1408310349|14.562
1408310369|14.562
1408310389|14.5
1408310409|14.5
1408310429|14.5
1408310449|14.562
1408310470|14.5
1408310490|14.562
1408310510|14.562
1408310530|14.562
1408310550|14.562
1408310570|14.562
1408310591|14.562
1408310611|14.5
1408310631|14.5
1408310651|14.5
1408310671|14.5
1408310691|14.562
1408310711|14.5
1408310731|14.5
1408310751|14.5
1408310772|14.5
1408310792|14.5
1408310812|14.5
1408310832|14.562
1408310852|14.5
1408310872|14.5
1408310892|14.5
1408310912|14.5
1408310932|14.5
1408310952|14.5
1408310972|14.5
1408310992|14.562
1408311012|14.5
1408311033|14.562
1408311053|14.5
1408311073|14.562
1408311093|14.5
1408311113|14.5
1408311133|14.5
1408311153|14.5
1408311174|14.5
1408311194|14.5
1408311214|14.5
1408311234|14.5
1408311254|14.5
1408311274|14.5
1408311294|14.5
1408311314|14.5
1408311334|14.5
1408311355|14.5
1408311375|14.5
1408311395|14.5
1408311415|14.5
1408311435|14.5
1408311455|14.562
1408311475|14.5
1408311495|14.562
1408311515|14.562
1408311535|14.5
1408311555|14.562
1408311575|14.5
1408311596|14.5
1408311616|14.5
1408311636|14.5
1408311656|14.5
1408311676|14.5
1408311696|14.5
1408311716|14.437
1408311736|14.5
1408311756|14.437
1408311777|14.437
1408311797|14.437
1408311817|14.437
1408311837|14.437
1408311857|14.437
1408311878|14.437
1408311898|14.5
1408311918|14.437
1408311938|14.437
1408311958|14.437
1408311978|14.437
1408311998|14.437
1408312018|14.437
1408312038|14.437
1408312058|14.437
1408312078|14.437
1408312098|14.437
1408312118|14.437
1408312139|14.437
1408312159|14.437
1408312179|14.375
1408312199|14.437
1408312219|14.437
1408312239|14.437
1408312259|14.437
1408312279|14.375
1408312299|14.375
1408312319|14.375
1408312340|14.375
1408312360|14.375
1408312380|14.437
1408312400|14.437
1408312420|14.375
1408312440|14.437
1408312461|14.375
1408312481|14.437
1408312501|14.375
1408312521|14.375
1408312541|14.375
1408312561|14.375
1408312581|14.437
1408312601|14.375
1408312621|14.375
1408312641|14.375
1408312661|14.375
1408312681|14.375
1408312702|14.375
1408312722|14.375
1408312742|14.375
1408312762|14.375
1408312782|14.375
1408312802|14.375
1408312822|14.375
1408312842|14.375
1408312862|14.375
1408312882|14.375
1408312902|14.375
1408312923|14.375
1408312943|14.375
1408312963|14.375
1408312983|14.375
1408313003|14.375
1408313024|14.375
1408313044|14.312
1408313064|14.375
1408313084|14.375
1408313104|14.375
1408313124|14.375
1408313144|14.312
1408313164|14.375
1408313184|14.312
1408313204|14.375
1408313224|14.375
1408313245|14.312
1408313265|14.312
1408313285|14.312
1408313305|14.312
1408313325|14.375
1408313345|14.375
1408313365|14.312
1408313385|14.312
1408313405|14.312
1408313425|14.312
1408313445|14.375
1408313465|14.375
1408313486|14.375
1408313506|14.312
1408313526|14.312
1408313546|14.312
1408313566|14.312
1408313587|14.312
1408313608|14.312
1408313628|14.375
1408313648|14.375
1408313668|14.375
1408313688|14.375
1408313709|14.375
1408313729|14.312
1408313749|14.312
1408313769|14.312
1408313790|14.312
1408313810|14.312
1408313831|14.312
1408313851|14.312
1408313871|14.312
1408313891|14.312
1408313911|14.312
1408313932|14.312
1408313952|14.312
1408313972|14.312
1408313992|14.375
1408314012|14.312
1408314032|14.312
1408314052|14.312
1408314072|14.312
1408314092|14.312
1408314112|14.312
1408314132|14.375
1408314152|14.375
1408314173|14.312
1408314193|14.312
1408314213|14.312
1408314233|14.312
1408314253|14.312
1408314273|14.312
1408314293|14.312
1408314313|14.312
1408314333|14.312
1408314353|14.312
1408314374|14.312
1408314394|14.312
1408314414|14.312
1408314434|14.312
1408314455|14.312
1408314475|14.312
1408314495|14.312
1408314515|14.312
1408314535|14.312
1408314555|14.312
1408314575|14.312
1408314595|14.312
1408314615|14.312
1408314635|14.312
1408314655|14.312
1408314675|14.312
1408314696|14.312
1408314716|14.25
1408314736|14.312
1408314756|14.25
1408314776|14.25
1408314796|14.25
1408314816|14.25
1408314836|14.25
1408314856|14.25
1408314876|14.25
1408314896|14.25
1408314916|14.25
1408314937|14.25
1408314957|14.25
1408314977|14.25
1408314997|14.25
1408315017|14.25
1408315037|14.25
1408315058|14.25
1408315078|14.25
1408315098|14.25
1408315118|14.25
1408315138|14.25
1408315158|14.187
1408315178|14.187
1408315198|14.25
1408315218|14.187
1408315238|14.187
1408315259|14.187
1408315279|14.187
1408315299|14.187
1408315319|14.187
1408315339|14.187
1408315359|14.187
1408315379|14.187
1408315399|14.187
1408315419|14.187
1408315439|14.187
1408315459|14.187
1408315479|14.187
1408315500|14.187
1408315520|14.187
1408315540|14.187
1408315560|14.187
1408315580|14.125
1408315600|14.187
1408315621|14.187
1408315641|14.187
1408315661|14.187
1408315681|14.187
1408315701|14.125
1408315721|14.125
1408315741|14.125
1408315761|14.125
1408315782|14.125
1408315802|14.125
1408315822|14.125
1408315842|14.125
1408315862|14.125
1408315882|14.125
1408315902|14.125
1408315922|14.125
1408315942|14.062
1408315962|14.062
1408315982|14.125
1408316002|14.062
1408316023|14.125
1408316043|14.062
1408316063|14.125
1408316083|14.062
1408316103|14.125
1408316123|14.125
1408316143|14.062
1408316163|14.125
1408316183|14.062
1408316203|14.062
1408316224|14.062
1408316244|14.062
1408316264|14.062
1408316284|14.062
1408316304|14.062
1408316324|14.062
1408316345|14.062
1408316365|14.062
1408316385|14.0
1408316405|14.062
1408316425|14.0
1408316445|14.0
1408316465|14.0
1408316485|14.0
1408316505|14.0
1408316525|14.0
1408316545|14.0
1408316565|14.0
1408316586|14.0
1408316606|14.0
1408316626|14.0
1408316646|13.937
1408316666|14.0
1408316686|13.937
1408316706|14.0
1408316726|13.937
1408316746|13.937
1408316766|13.937
1408316786|13.937
1408316806|13.937
1408316827|13.937
1408316847|13.937
1408316867|13.937
1408316887|13.937
1408316908|13.937
1408316928|13.937
1408316948|13.937
1408316968|13.937
1408316988|13.937
1408317008|13.937
1408317028|13.937
1408317048|13.937
1408317068|13.937
1408317088|13.937
1408317108|13.937
1408317129|13.937
1408317149|13.937
1408317169|13.937
1408317189|13.875
1408317209|13.937
1408317229|13.937
1408317249|13.875
1408317269|13.875
1408317289|13.875
1408317309|13.875
1408317329|13.875
1408317349|13.875
1408317370|13.875
1408317390|13.875
1408317410|13.875
1408317430|13.875
1408317450|13.875
1408317471|13.875
1408317491|13.875
1408317511|13.812
1408317531|13.875
1408317551|13.812
1408317572|13.875
1408317592|13.812
1408317612|13.875
1408317632|13.812
1408317652|13.812
1408317672|13.812
1408317692|13.812
1408317712|13.812
1408317732|13.812
1408317752|13.812
1408317772|13.812
1408317792|13.812
1408317813|13.812
1408317833|13.812
1408317853|13.812
1408317873|13.812
1408317893|13.812
1408317913|13.812
1408317933|13.812
1408317953|13.812
1408317973|13.812
1408317993|13.812
1408318013|13.812
1408318033|13.812
1408318054|13.812
1408318074|13.812
1408318094|13.812
1408318114|13.812
1408318134|13.812
1408318155|13.812
1408318175|13.812
1408318195|13.812
1408318215|13.812
1408318235|13.812
1408318255|13.812
1408318275|13.812
1408318295|13.812
1408318315|13.812
1408318335|13.812
1408318355|13.812
1408318376|13.75
1408318396|13.75
1408318416|13.75
1408318436|13.75
1408318457|13.75
1408318478|13.75
1408318498|13.75
1408318518|13.75
1408318538|13.75
1408318558|13.75
1408318578|13.75
1408318598|13.75
1408318618|13.75
1408318638|13.75
1408318658|13.75
1408318678|13.75
1408318698|13.75
1408318718|13.75
1408318739|13.75
1408318759|13.75
1408318779|13.75
1408318799|13.75
1408318819|13.75
1408318840|13.75
1408318860|13.75
1408318880|13.75
1408318900|13.75
1408318920|13.75
1408318940|13.75
1408318960|13.75
1408318980|13.75
1408319001|13.75
1408319021|13.75
1408319041|13.75
1408319061|13.75
1408319081|13.75
1408319101|13.75
1408319121|13.687
1408319141|13.75
1408319161|13.687
1408319181|13.687
1408319201|13.687
1408319221|13.687
1408319242|13.687
1408319262|13.687
1408319282|13.687
1408319302|13.687
1408319322|13.687
1408319342|13.687
1408319362|13.687
1408319382|13.687
1408319402|13.687
1408319422|13.687
1408319443|13.687
1408319463|13.687
1408319483|13.687
1408319503|13.625
1408319523|13.687
1408319543|13.625
1408319564|13.625
1408319584|13.625
1408319604|13.625
1408319624|13.625
1408319644|13.625
1408319664|13.625
1408319684|13.562
1408319704|13.562
1408319724|13.562
1408319744|13.562
1408319764|13.562
1408319784|13.562
1408319805|13.562
1408319825|13.562
1408319845|13.5
1408319865|13.562
1408319885|13.562
1408319905|13.562
1408319925|13.562
1408319945|13.562
1408319965|13.562
1408319985|13.5
1408320005|13.5
1408320026|13.5
1408320046|13.562
1408320066|13.5
1408320086|13.5
1408320106|13.5
1408320127|13.562
1408320147|13.562
1408320167|13.5
1408320187|13.562
1408320207|13.562
1408320227|13.5
1408320247|13.5
1408320267|13.562
1408320287|13.5
1408320307|13.5
1408320327|13.5
1408320347|13.5
1408320368|13.5
1408320388|13.5
1408320408|13.5
1408320428|13.5
1408320448|13.5
1408320468|13.5
1408320488|13.5
1408320508|13.5
1408320528|13.437
1408320548|13.437
1408320568|13.437
1408320588|13.437
1408320609|13.437
1408320629|13.437
1408320649|13.5
1408320669|13.437
1408320690|13.437
1408320710|13.437
1408320730|13.437
1408320750|13.437
1408320770|13.437
1408320790|13.437
1408320810|13.437
1408320830|13.437
1408320850|13.437
1408320871|13.375
1408320891|13.375
1408320911|13.375
1408320931|13.375
1408320951|13.437
1408320971|13.375
1408320991|13.375
1408321011|13.375
1408321031|13.375
1408321051|13.375
1408321071|13.375
1408321091|13.375
1408321112|13.375
1408321132|13.375
1408321152|13.375
1408321172|13.375
1408321192|13.375
1408321212|13.312
1408321232|13.312
1408321252|13.312
1408321272|13.312
1408321293|13.312
1408321313|13.312
1408321333|13.312
1408321353|13.312
1408321373|13.312
1408321393|13.312
1408321413|13.312
1408321433|13.312
1408321454|13.312
1408321474|13.312
1408321494|13.312
1408321514|13.312
1408321534|13.312
1408321554|13.312
1408321574|13.25
1408321594|13.25
1408321614|13.25
1408321634|13.25
1408321654|13.25
1408321674|13.25
1408321695|13.25
1408321715|13.25
1408321735|13.25
1408321755|13.25
1408321775|13.25
1408321795|13.25
1408321815|13.25
1408321835|13.25
1408321855|13.187
1408321876|13.187
1408321896|13.187
1408321916|13.187
1408321936|13.187
1408321956|13.187
1408321976|13.187
1408321997|13.187
1408322017|13.187
1408322037|13.187
1408322057|13.187
1408322077|13.125
1408322097|13.125
1408322117|13.125
1408322137|13.125
1408322157|13.125
1408322177|13.187
1408322197|13.125
1408322217|13.125
1408322238|13.125
1408322258|13.062
1408322278|13.125
1408322298|13.125
1408322318|13.125
1408322338|13.062
1408322358|13.062
1408322378|13.062
1408322398|13.062
1408322418|13.062
1408322438|13.062
1408322459|13.062
1408322479|13.062
1408322499|13.062
1408322519|13.062
1408322539|13.062
1408322560|13.0
1408322580|13.0
1408322600|13.0
1408322620|13.062
1408322640|13.0
1408322660|13.0
1408322680|13.0
1408322700|13.0
1408322720|13.0
1408322740|13.0
1408322761|13.0
1408322781|13.0
1408322801|13.0
1408322821|13.0
1408322841|13.0
1408322861|13.0
1408322881|13.0
1408322901|13.0
1408322921|13.0
1408322941|12.937
1408322961|13.0
1408322982|13.0
1408323002|12.937
1408323022|12.937
1408323042|12.937
1408323062|12.937
1408323083|12.937
1408323103|12.937
1408323123|12.937
1408323143|12.937
1408323163|12.937
1408323183|12.937
1408323203|12.937
1408323223|12.875
1408323244|12.875
1408323264|12.875
1408323284|12.875
1408323305|12.875
1408323325|12.875
1408323345|12.875
1408323365|12.875
1408323385|12.875
1408323405|12.875
1408323425|12.875
1408323445|12.875
1408323465|12.875
1408323485|12.875
1408323505|12.875
1408323525|12.875
1408323546|12.875
1408323566|12.875
1408323586|12.812
1408323606|12.812
1408323626|12.875
1408323646|12.812
1408323666|12.875
1408323686|12.812
1408323706|12.875
1408323726|12.812
1408323747|12.812
1408323767|12.812
1408323787|12.812
1408323807|12.812
1408323827|12.812
1408323848|12.812
1408323868|12.812
1408323888|12.812
1408323908|12.812
1408323928|12.812
1408323948|12.812
1408323968|12.812
1408323988|12.812
1408324008|12.812
1408324028|12.812
1408324048|12.812
1408324068|12.75
1408324089|12.812
1408324109|12.75
1408324129|12.75
1408324149|12.75
1408324169|12.75
1408324189|12.75
1408324209|12.75
1408324229|12.75
1408324249|12.75
1408324269|12.75
1408324289|12.75
1408324310|12.75
1408324330|12.75
1408324350|12.75
1408324370|12.75
1408324390|12.75
1408324410|12.75
1408324431|12.75
1408324451|12.75
1408324471|12.687
1408324491|12.75
1408324511|12.75
1408324531|12.75
1408324551|12.687
1408324571|12.687
1408324591|12.687
1408324611|12.687
1408324632|12.687
1408324652|12.687
1408324672|12.687
1408324692|12.687
1408324713|12.687
1408324733|12.687
1408324753|12.625
1408324773|12.625
1408324793|12.625
1408324813|12.625
1408324833|12.625
1408324853|12.625
1408324873|12.625
1408324893|12.625
1408324913|12.625
1408324933|12.625
1408324954|12.625
1408324974|12.625
1408324994|12.625
1408325014|12.625
1408325034|12.625
1408325055|12.625
1408325075|12.625
1408325095|12.625
1408325115|12.625
1408325135|12.625
1408325155|12.625
1408325175|12.562
1408325195|12.562
1408325215|12.625
1408325235|12.625
1408325255|12.562
1408325276|12.562
1408325296|12.562
1408325316|12.562
1408325336|12.562
1408325356|12.562
1408325376|12.562
1408325396|12.562
1408325416|12.562
1408325436|12.562
1408325456|12.5
1408325476|12.562
1408325496|12.5
1408325517|12.562
1408325537|12.5
1408325557|12.5
1408325577|12.5
1408325597|12.5
1408325617|12.5
1408325637|12.5
1408325658|12.5
1408325678|12.5
1408325698|12.5
1408325718|12.5
1408325738|12.5
1408325758|12.5
1408325778|12.5
1408325799|12.5
1408325819|12.5
1408325839|12.5
1408325859|12.5
1408325879|12.437
1408325899|12.5
1408325919|12.437
1408325939|12.5
1408325959|12.437
1408325979|12.437
1408325999|12.437
1408326019|12.437
1408326040|12.437
1408326060|12.5
1408326080|12.437
1408326100|12.437
1408326120|12.437
1408326140|12.437
1408326160|12.437
1408326180|12.437
1408326200|12.437
1408326220|12.437
1408326240|12.437
1408326261|12.437
1408326281|12.437
1408326301|12.375
1408326321|12.437
1408326341|12.375
1408326362|12.375
1408326382|12.437
1408326402|12.375
1408326422|12.375
1408326442|12.375
1408326462|12.375
1408326482|12.375
1408326502|12.375
1408326522|12.375
1408326542|12.375
1408326562|12.375
1408326582|12.375
1408326603|12.375
1408326623|12.375
1408326643|12.375
1408326663|12.375
1408326683|12.375
1408326703|12.375
1408326723|12.375
1408326743|12.312
1408326763|12.375
1408326783|12.375
1408326803|12.312
1408326823|12.375
1408326844|12.312
1408326864|12.312
1408326884|12.312
1408326904|12.312
1408326924|12.312
1408326945|12.312
1408326965|12.312
1408326985|12.312
1408327005|12.312
1408327025|12.312
1408327045|12.312
1408327065|12.312
1408327085|12.312
1408327105|12.25
1408327125|12.25
1408327145|12.25
1408327166|12.25
1408327186|12.25
1408327206|12.25
1408327226|12.25
1408327246|12.25
1408327266|12.25
1408327286|12.25
1408327306|12.25
1408327326|12.25
1408327346|12.25
1408327366|12.25
1408327386|12.25
1408327406|12.25
1408327428|12.187
1408327448|12.25
1408327468|12.187
1408327488|12.25
1408327508|12.187
1408327528|12.187
1408327548|12.187
1408327568|12.187
1408327589|12.187
1408327609|12.187
1408327629|12.187
1408327649|12.187
1408327669|12.187
1408327689|12.187
1408327709|12.187
1408327730|12.187
1408327750|12.187
1408327770|12.187
1408327790|12.187
1408327810|12.187
1408327830|12.125
1408327850|12.125
1408327871|12.125
1408327891|12.125
1408327911|12.125
1408327931|12.125
1408327951|12.125
1408327971|12.125
1408327991|12.125
1408328011|12.125
1408328031|12.125
1408328052|12.125
1408328072|12.125
1408328092|12.125
1408328112|12.125
1408328132|12.125
1408328152|12.062
1408328172|12.125
1408328192|12.125
1408328212|12.062
1408328234|12.062
1408328255|12.062
1408328275|12.062
1408328295|12.062
1408328315|12.062
1408328335|12.062
1408328355|12.062
1408328376|12.062
1408328396|12.062
1408328416|12.062
1408328436|12.062
1408328457|12.062
1408328477|12.062
1408328497|12.062
1408328517|12.062
1408328537|12.062
1408328558|12.0
1408328578|12.0
1408328598|12.0
1408328618|12.0
1408328638|12.062
1408328658|12.0
1408328678|12.0
1408328698|12.0
1408328718|12.0
1408328738|12.0
1408328759|12.0
1408328779|12.0
1408328799|12.0
1408328819|12.0
1408328839|12.0
1408328859|12.0
1408328879|12.0
1408328899|12.0
1408328919|12.0
1408328939|12.0
1408328959|12.0
1408328979|12.0
1408329000|12.0
1408329020|12.0
1408329040|11.937
1408329060|11.937
1408329080|11.937
1408329101|12.0
1408329121|11.937
1408329141|11.937
1408329161|11.937
1408329181|11.937
1408329201|11.937
1408329221|11.937
1408329241|11.937
1408329262|11.937
1408329282|11.937
1408329302|11.937
1408329322|11.937
1408329342|11.937
1408329362|11.937
1408329382|11.937
1408329402|11.937
1408329422|11.937
1408329442|11.937
1408329462|11.937
1408329482|11.937
1408329503|11.937
1408329523|11.937
1408329543|11.937
1408329563|11.937
1408329583|11.937
1408329603|11.937
1408329623|11.937
1408329643|11.937
1408329663|11.937
1408329683|11.937
1408329704|11.875
1408329724|11.937
1408329744|11.875
1408329764|11.937
1408329784|11.875
1408329804|11.937
1408329825|11.875
1408329845|11.937
1408329865|11.875
1408329885|11.875
1408329905|11.875
1408329925|11.875
1408329945|11.875
1408329965|11.875
1408329985|11.875
1408330005|11.875
1408330025|11.875
1408330046|11.875
1408330066|11.875
1408330086|11.875
1408330106|11.937
1408330126|11.875
1408330146|11.875
1408330166|11.875
1408330186|11.875
1408330206|11.812
1408330226|11.875
1408330246|11.875
1408330266|11.875
1408330287|11.812
1408330307|11.812
1408330327|11.812
1408330347|11.812
1408330367|11.812
1408330388|11.812
1408330408|11.812
1408330428|11.812
1408330448|11.812
1408330468|11.812
1408330488|11.812
1408330508|11.812
1408330528|11.812
1408330548|11.812
1408330568|11.812
1408330589|11.812
1408330609|11.812
1408330629|11.812
1408330649|11.812
1408330669|11.812
1408330689|11.812
1408330709|11.812
1408330729|11.812
1408330749|11.812
1408330769|11.812
1408330789|11.75
1408330809|11.75
1408330830|11.812
1408330850|11.812
1408330870|11.812
1408330890|11.75
1408330910|11.75
1408330930|11.75
1408330951|11.812
1408330971|11.812
1408330991|11.812
1408331011|11.75
1408331031|11.812
1408331051|11.812
1408331071|11.812
1408331091|11.812
1408331112|11.75
1408331132|11.75
1408331152|11.75
1408331172|11.812
1408331192|11.75
1408331212|11.812
1408331232|11.812
1408331252|11.812
1408331272|11.812
1408331292|11.812
1408331312|11.812
1408331332|11.812
1408331353|11.812
1408331373|11.812
1408331393|11.812
1408331413|11.812
1408331433|11.812
1408331453|11.812
1408331473|11.812
1408331493|11.812
1408331514|11.812
1408331534|11.812
1408331554|11.812
1408331574|11.812
1408331594|11.812
1408331614|11.812
1408331634|11.812
1408331654|11.812
1408331675|11.812
1408331695|11.812
1408331715|11.812
1408331735|11.812
1408331755|11.875
1408331775|11.875
1408331795|11.875
1408331815|11.812
1408331835|11.875
1408331856|11.875
1408331876|11.812
1408331897|11.875
1408331917|11.875
1408331937|11.875
1408331957|11.875
1408331977|11.875
1408331997|11.875
1408332017|11.875
1408332037|11.875
1408332057|11.875
1408332077|11.875
1408332097|11.875
1408332117|11.875
1408332138|11.875
1408332158|11.875
1408332178|11.875
1408332198|11.875
1408332219|11.875
1408332239|11.937
1408332259|11.875
1408332279|11.937
1408332299|11.875
1408332320|11.875
1408332340|11.937
1408332360|11.937
1408332380|11.937
1408332400|11.937
1408332420|11.937
1408332440|11.937
1408332460|11.937
1408332480|11.937
1408332500|11.937
1408332520|11.937
1408332541|11.937
1408332561|11.937
1408332581|11.937
1408332601|12.0
1408332621|11.937
1408332641|11.937
1408332661|12.0
1408332681|12.0
1408332701|12.0
1408332721|12.0
1408332741|12.0
1408332761|12.0
1408332782|12.0
1408332802|12.0
1408332822|12.0
1408332842|12.0
1408332862|12.0
1408332882|12.0
1408332903|12.0
1408332923|12.062
1408332943|12.062
1408332963|12.062
1408332983|12.062
1408333003|12.062
1408333023|12.062
1408333043|12.062
1408333064|12.062
1408333084|12.062
1408333104|12.125
1408333124|12.062
1408333144|12.125
1408333164|12.125
1408333185|12.125
1408333205|12.125
1408333225|12.125
1408333245|12.125
1408333265|12.125
1408333285|12.187
1408333305|12.125
1408333325|12.187
1408333345|12.187
1408333366|12.187
1408333386|12.187
1408333406|12.187
1408333426|12.187
1408333446|12.187
1408333466|12.25
1408333486|12.25
1408333506|12.187
1408333526|12.25
1408333547|12.25
1408333568|12.25
1408333588|12.25
1408333608|12.312
1408333628|12.312
1408333648|12.312
1408333668|12.312
1408333689|12.312
1408333709|12.375
1408333729|12.437
1408333749|12.5
1408333769|12.562
1408333789|12.562
1408333809|12.562
1408333829|12.625
1408333849|12.687
1408333869|12.75
1408333889|12.812
1408333909|12.875
1408333929|12.875
1408333950|13.0
1408333970|13.0
1408333990|13.062
1408334010|13.125
1408334030|13.125
1408334050|13.187
1408334070|13.25
1408334090|13.25
1408334110|13.25
1408334130|13.312
1408334150|13.312
1408334171|13.375
1408334191|13.375
1408334211|13.375
1408334231|13.375
1408334251|13.437
1408334272|13.437
1408334292|13.437
1408334312|13.437
1408334332|13.437
1408334352|13.437
1408334372|13.5
1408334392|13.5
1408334412|13.5
1408334433|13.5
1408334453|13.562
1408334473|13.625
1408334493|13.625
1408334513|13.687
1408334533|13.75
1408334553|13.75
1408334573|13.812
1408334593|13.812
1408334613|13.875
1408334633|13.875
1408334653|13.937
1408334674|14.0
1408334694|14.0
1408334714|14.0
1408334734|14.062
1408334754|14.062
1408334774|14.062
1408334794|14.125
1408334814|14.062
1408334834|14.125
1408334855|14.125
1408334875|14.125
1408334895|14.125
1408334915|14.125
1408334935|14.125
1408334955|14.125
1408334975|14.125
1408334996|14.125
1408335016|14.125
1408335036|14.125
1408335056|14.125
1408335076|14.187
1408335096|14.125
1408335116|14.125
1408335136|14.125
1408335156|14.125
1408335176|14.125
1408335196|14.125
1408335216|14.125
1408335237|14.125
1408335257|14.125
1408335277|14.125
1408335297|14.125
1408335317|14.125
1408335337|14.125
1408335357|14.125
1408335377|14.125
1408335397|14.125
1408335417|14.125
1408335438|14.125
1408335458|14.125
1408335478|14.125
1408335498|14.125
1408335519|14.187
1408335539|14.187
1408335559|14.125
1408335579|14.125
1408335599|14.125
1408335619|14.125
1408335639|14.125
1408335659|14.125
1408335679|14.125
1408335699|14.125
1408335720|14.125
1408335740|14.125
1408335760|14.125
1408335780|14.125
1408335800|14.125
1408335820|14.125
1408335840|14.125
1408335860|14.125
1408335880|14.125
1408335900|14.125
1408335920|14.125
1408335941|14.125
1408335961|14.187
1408335981|14.25
1408336001|14.375
1408336021|14.5
1408336041|14.562
1408336061|14.687
1408336082|14.75
1408336102|14.812
1408336122|14.875
1408336142|14.875
1408336162|14.937
1408336182|14.937
1408336202|14.937
1408336222|15.0
1408336242|15.062
1408336263|15.125
1408336283|15.187
1408336303|15.187
1408336323|15.312
1408336343|15.437
1408336363|15.625
1408336383|15.812
1408336403|15.937
1408336423|16.062
1408336443|16.062
1408336463|16.125
1408336483|16.125
1408336504|16.125
1408336524|16.187
1408336544|16.125
1408336564|16.125
1408336584|16.125
1408336604|16.125
1408336624|16.25
1408336644|16.312
1408336664|16.437
1408336685|16.625
1408336705|16.875
1408336725|17.0
1408336745|17.0
1408336765|17.25
1408336786|17.437
1408336806|17.562
1408336826|17.562
1408336846|17.875
1408336866|18.125
1408336886|18.5
1408336906|18.812
1408336926|19.25
1408336946|19.625
1408336967|19.875
1408336987|20.187
1408337007|20.437
1408337027|20.75
1408337047|21.125
1408337067|21.437
1408337087|21.812
1408337108|22.187
1408337128|22.562
1408337148|22.875
1408337168|22.875
1408337188|23.312
1408337208|23.375
1408337228|23.687
1408337249|24.062
1408337269|24.437
1408337289|24.437
1408337309|24.687
1408337329|24.937
1408337349|25.187
1408337369|25.5
1408337390|25.687
1408337410|25.75
1408337430|26.062
1408337450|26.375
1408337470|26.437
1408337490|26.437
1408337510|26.812
1408337531|27.125
1408337551|27.25
1408337571|27.625
1408337591|27.875
1408337611|27.937
1408337631|28.125
1408337651|28.375
1408337671|28.375
1408337691|28.687
1408337711|28.875
1408337731|29.062
1408337751|29.25
1408337772|29.562
1408337792|29.875
1408337812|29.937
1408337832|30.125
1408337852|30.312
1408337872|30.375
1408337892|30.187
1408337912|30.625
1408337932|30.937
1408337952|30.937
1408337972|31.062
1408337993|31.312
1408338013|31.5
1408338033|31.375
1408338053|31.375
1408338073|31.5
1408338094|31.812
1408338114|31.812
1408338134|31.375
1408338154|31.375
1408338174|31.687
1408338194|31.937
1408338214|32.312
1408338234|32.687
1408338254|32.937
1408338274|33.187
1408338294|33.5
1408338314|33.75
1408338335|33.75
1408338355|33.437
1408338375|33.5
1408338395|33.75
1408338415|34.062
1408338435|34.25
1408338455|34.312
1408338475|34.125
1408338495|34.437
1408338515|34.75
1408338535|35.062
1408338555|35.25
1408338576|35.25
1408338596|35.437
1408338616|35.25
1408338636|35.562
1408338656|35.625
1408338677|35.062
1408338697|35.062
1408338717|35.25
1408338737|35.375
1408338757|35.062
1408338777|34.75
1408338797|34.812
1408338817|34.937
1408338837|35.062
1408338857|34.75
1408338877|34.812
1408338898|35.125
1408338918|35.437
1408338938|35.687
1408338958|35.937
1408338978|36.25
1408338998|36.312
1408339018|36.062
1408339038|36.375
1408339058|36.562
1408339078|36.375
1408339098|36.125
1408339118|36.312
1408339139|36.812
1408339159|36.875
1408339179|37.25
1408339199|37.562
1408339219|37.937
1408339240|37.062
1408339260|30.25
1408339280|25.375
1408339300|22.875
1408339320|21.625
1408339340|20.812
1408339360|20.75
1408339380|21.187
1408339400|21.875
1408339420|22.625
1408339441|23.437
1408339461|24.312
1408339481|25.125
1408339501|26.0
1408339521|26.0
1408339541|27.437
1408339561|28.187
1408339581|28.875
1408339601|29.312
1408339621|29.812
1408339641|30.5
1408339662|30.937
1408339682|31.437
1408339702|31.75
1408339722|32.25
1408339742|32.687
1408339762|33.0
1408339782|33.437
1408339802|33.875
1408339823|34.187
1408339843|34.625
1408339863|35.062
1408339883|35.375
1408339903|35.437
1408339923|35.625
1408339943|35.625
1408339964|35.812
1408339984|35.937
1408340004|36.062
1408340024|36.437
1408340044|36.437
1408340064|37.312
1408340084|37.312
1408340104|36.937
1408340124|37.375
1408340144|37.375
1408340164|38.062
1408340184|38.375
1408340205|38.687
1408340225|39.062
1408340245|39.187
1408340265|39.312
1408340285|39.25
1408340305|39.625
1408340325|40.0
1408340345|40.0
1408340365|35.125
1408340385|29.25
1408340406|26.062
1408340426|24.562
1408340446|23.625
1408340466|23.312
1408340486|23.812
1408340507|24.625
1408340527|25.5
1408340547|26.375
1408340567|27.187
1408340587|28.0
1408340607|28.75
1408340627|29.375
1408340647|30.187
1408340667|30.75
1408340687|31.187
1408340707|31.812
1408340727|32.562
1408340748|33.125
1408340768|33.437
1408340788|33.937
1408340808|34.187
1408340828|34.187
1408340848|35.125
1408340869|35.5
1408340889|35.812
1408340909|35.937
1408340929|35.937
1408340949|36.687
1408340969|37.187
1408340989|37.687
1408341009|37.812
1408341029|38.312
1408341050|38.812
1408341070|39.0
1408341090|39.187
1408341110|39.187
1408341130|39.75
1408341151|39.937
1408341171|40.312
1408341191|40.375
1408341211|34.875
1408341231|31.687
1408341251|30.437
1408341272|29.812
1408341292|29.437
1408341313|29.75
1408341333|30.187
1408341353|30.75
1408341373|31.375
1408341393|31.562
1408341413|32.25
1408341433|33.062
1408341453|34.0
1408341473|34.312
1408341493|35.187
1408341514|36.062
1408341534|36.5
1408341554|36.5
1408341574|36.75
1408341594|37.125
1408341614|37.687
1408341634|38.125
1408341654|38.312
1408341674|39.125
1408341694|37.437
1408341714|34.312
1408341734|34.312
1408341755|32.25
1408341775|32.0
1408341795|31.875
1408341815|32.187
1408341835|32.875
1408341856|33.437
1408341876|34.0
1408341896|34.812
1408341916|35.625
1408341936|36.437
1408341956|37.125
1408341976|37.937
1408341996|38.5
1408342016|39.062
1408342036|39.062
1408342056|40.062
1408342077|37.437
1408342097|35.562
1408342117|34.125
1408342137|33.312
1408342157|33.062
1408342177|33.125
1408342197|32.875
1408342217|33.25
1408342237|34.062
1408342257|34.625
1408342277|34.625
1408342297|36.375
1408342318|37.375
1408342338|37.375
1408342358|39.187
1408342378|39.625
1408342398|40.312
1408342418|38.5
1408342438|38.5
1408342459|34.937
1408342479|34.312
1408342499|34.062
1408342519|33.937
1408342539|34.187
1408342559|34.687
1408342579|35.375
1408342599|36.062
1408342619|36.625
1408342640|37.25
1408342660|38.187
1408342680|39.062
1408342700|39.625
1408342720|40.25
1408342740|40.187
1408342760|37.812
1408342780|36.187
1408342800|35.0
1408342820|34.375
1408342840|34.125
1408342860|34.25
1408342881|34.625
1408342901|35.187
1408342921|35.937
1408342941|36.5
1408342961|37.125
1408342981|37.687
1408343001|37.687
1408343021|39.437
1408343042|40.25
1408343062|40.75
1408343082|38.375
1408343102|36.75
1408343126|35.687
1408343142|35.312
1408343163|34.937
1408343183|34.687
1408343203|34.937
1408343223|35.437
1408343243|36.0
1408343263|36.812
1408343283|37.687
1408343303|38.687
1408343323|39.0
1408343344|40.062
1408343364|40.937
1408343384|38.625
1408343404|36.875
1408343424|35.375
1408343444|34.5
1408343464|34.25
1408343484|34.312
1408343504|34.937
1408343524|35.75
1408343544|36.687
1408343564|37.75
1408343585|38.25
1408343605|38.937
1408343625|40.187
1408343645|41.375
1408343665|41.375
1408343686|38.812
1408343706|37.312
1408343726|36.25
1408343746|35.562
1408343766|35.25
1408343786|35.187
1408343806|35.625
1408343826|35.875
1408343846|36.562
1408343866|37.312
1408343886|37.812
1408343907|38.687
1408343927|39.812
1408343947|41.187
1408343968|40.187
1408343988|38.0
1408344008|36.937
1408344028|36.125
1408344048|35.687
1408344068|35.375
1408344088|35.562
1408344108|36.125
1408344128|37.0
1408344148|37.5
1408344168|38.375
1408344188|39.437
1408344209|40.562
1408344229|41.937
1408344249|41.437
1408344269|39.0
1408344289|37.312
1408344309|36.562
1408344330|36.125
1408344350|35.937
1408344370|35.625
1408344390|35.625
1408344410|36.062
1408344430|37.25
1408344450|38.437
1408344470|39.625
1408344490|40.437
1408344510|41.25
1408344530|39.562
1408344550|39.562
1408344571|35.875
1408344591|35.437
1408344611|35.312
1408344631|35.187
1408344651|35.187
1408344671|35.375
1408344691|36.437
1408344711|37.5
1408344731|38.25
1408344751|39.437
1408344771|40.75
1408344791|41.125
1408344812|38.312
1408344832|37.062
1408344852|36.187
1408344872|35.437
1408344892|35.062
1408344913|34.562
1408344933|35.0
1408344953|35.5
1408344973|36.562
1408344993|37.687
1408345013|38.687
1408345033|40.062
1408345053|41.375
1408345073|40.5
1408345093|38.25
1408345113|37.062
1408345134|36.437
1408345154|35.875
1408345174|35.5
1408345194|35.875
1408345214|36.687
1408345234|37.562
1408345254|38.5
1408345274|39.625
1408345294|40.937
1408345314|42.562
1408345334|41.687
1408345354|39.312
1408345375|39.312
1408345395|36.312
1408345415|35.75
1408345435|35.187
1408345455|35.125
1408345476|35.562
1408345496|36.375
1408345516|37.125
1408345536|37.687
1408345556|38.812
1408345576|40.187
1408345596|41.5
1408345616|41.187
1408345637|38.625
1408345657|36.625
1408345677|35.812
1408345697|35.562
1408345717|35.375
1408345737|35.25
1408345757|35.562
1408345777|36.062
1408345797|37.0
1408345817|38.0
1408345837|39.062
1408345857|39.062
1408345878|40.812
1408345898|41.0
1408345918|39.062
1408345938|36.937
1408345958|36.062
1408345978|35.75
1408345998|35.437
1408346018|35.437
1408346038|34.812
1408346058|34.687
1408346079|35.25
1408346099|36.125
1408346119|36.75
1408346139|37.75
1408346159|38.687
1408346180|39.625
1408346200|40.437
1408346220|41.312
1408346240|40.437
1408346262|37.312
1408346282|36.25
1408346302|35.375
1408346322|34.812
1408346343|34.812
1408346363|34.5
1408346383|34.75
1408346403|35.437
1408346423|36.062
1408346443|36.812
1408346463|37.625
1408346483|38.437
1408346503|39.0
1408346523|39.375
1408346543|39.375
1408346563|40.812
1408346584|41.062
1408346604|39.812
1408346624|37.062
1408346644|35.812
1408346664|34.625
1408346684|34.187
1408346704|34.187
1408346724|34.25
1408346744|34.625
1408346765|35.125
1408346785|35.937
1408346805|36.75
