1408466622|37.312
1408466642|36.187
1408466662|35.5
1408466684|35.0
1408466705|35.125
1408466725|35.0
1408466745|34.437
1408466765|34.187
1408466785|33.812
1408466805|33.125
1408466825|32.625
1408466845|32.437
1408466865|32.437
1408466885|32.187
1408466905|31.75
1408466926|31.5
1408466946|31.5
1408466966|31.812
1408466986|32.5
1408467006|32.875
1408467026|33.437
1408467046|33.625
1408467066|33.187
1408467086|32.5
1408467106|32.125
1408467126|31.875
1408467147|31.687
1408467167|31.75
1408467187|31.437
1408467208|31.562
1408467228|31.312
1408467249|31.375
1408467269|31.062
1408467289|30.812
1408467309|30.75
1408467329|30.812
1408467349|30.75
1408467369|30.375
1408467389|30.437
1408467409|30.562
1408467430|30.875
1408467450|30.437
1408467470|30.437
1408467490|30.5
1408467510|30.312
1408467530|30.437
1408467550|30.75
1408467570|30.75
1408467590|30.875
1408467610|30.625
1408467630|30.687
1408467651|30.25
1408467671|30.187
1408467691|30.25
1408467711|30.0
1408467731|29.937
1408467751|29.75
1408467771|29.5
1408467791|29.312
1408467812|29.25
1408467832|29.375
1408467852|29.187
1408467872|29.0
1408467892|28.75
1408467913|28.687
1408467933|29.0
1408467953|29.062
1408467973|29.25
1408467993|29.5
1408468013|29.312
1408468033|29.062
1408468053|28.25
1408468073|28.437
1408468093|28.687
1408468113|28.875
1408468134|29.062
1408468154|29.062
1408468174|29.062
1408468194|28.75
1408468214|28.75
1408468234|29.0
1408468254|29.062
1408468274|28.562
1408468294|28.25
1408468314|28.125
1408468335|27.937
1408468355|27.937
1408468375|28.062
1408468395|27.812
1408468415|28.125
1408468435|28.375
1408468456|28.0
1408468476|27.937
1408468496|28.062
1408468516|28.0
1408468536|27.937
1408468556|27.937
1408468576|28.125
1408468597|28.25
1408468617|27.937
1408468637|28.062
1408468657|27.937
1408468677|27.937
1408468698|28.0
1408468718|28.25
1408468738|28.5
1408468758|28.625
1408468778|28.75
1408468799|28.687
1408468819|28.812
1408468839|29.0
1408468859|28.937
1408468879|28.625
1408468899|28.625
1408468919|28.375
1408468939|28.125
1408468959|28.187
1408468979|27.687
1408468999|27.625
1408469020|27.875
1408469040|27.937
1408469060|28.062
1408469080|28.062
1408469100|28.062
1408469120|27.625
1408469140|27.625
1408469160|27.75
1408469181|27.75
1408469201|27.75
1408469221|27.687
1408469241|27.5
1408469261|27.312
1408469281|27.312
1408469301|26.937
1408469322|27.062
1408469342|27.25
1408469362|27.125
1408469382|27.25
1408469402|27.25
1408469422|27.187
1408469442|27.125
1408469462|27.187
1408469482|27.187
1408469502|27.062
1408469522|27.0
1408469543|26.75
1408469563|26.875
1408469583|27.062
1408469603|27.0
1408469623|27.187
1408469643|27.187
1408469663|27.437
1408469683|27.625
1408469703|27.625
1408469723|27.187
1408469744|27.437
1408469764|27.375
1408469784|26.875
1408469804|27.187
1408469824|27.187
1408469845|27.187
1408469865|26.687
1408469885|26.562
1408469905|26.75
1408469925|26.75
1408469945|26.812
1408469965|26.875
1408469985|26.875
1408470005|26.875
1408470025|26.937
1408470046|27.0
1408470066|27.0
1408470086|26.937
1408470106|26.937
1408470126|26.875
1408470146|26.937
1408470166|27.062
1408470186|27.0
1408470206|26.875
1408470226|26.687
1408470246|26.687
1408470267|26.812
1408470287|26.562
1408470307|26.687
1408470327|26.687
1408470347|26.312
1408470367|26.25
1408470387|26.125
1408470408|26.187
1408470428|25.875
1408470448|25.875
1408470468|25.937
1408470488|25.937
1408470509|26.062
1408470529|26.062
1408470549|26.0
1408470569|26.062
1408470589|26.0
1408470609|26.0
1408470629|25.875
1408470649|26.0
1408470669|25.625
1408470689|25.5
1408470709|25.625
1408470730|25.687
1408470750|25.75
1408470770|25.875
1408470790|25.937
1408470810|25.875
1408470830|25.875
1408470850|25.812
1408470870|25.437
1408470890|25.312
1408470910|25.5
1408470930|25.625
1408470951|25.437
1408470971|25.562
1408470991|25.5
1408471011|25.625
1408471031|25.562
1408471051|25.562
1408471072|25.562
1408471092|25.625
1408471112|25.437
1408471132|25.25
1408471152|25.312
1408471172|25.187
1408471192|25.25
1408471212|25.25
1408471233|25.125
1408471253|24.75
1408471273|24.812
1408471293|24.937
1408471315|24.875
1408471335|24.812
1408471355|24.625
1408471375|24.75
1408471396|24.875
1408471416|24.875
1408471436|24.625
1408471456|24.437
1408471476|24.625
1408471496|24.625
1408471516|24.687
1408471536|24.75
1408471556|24.562
1408471576|24.5
1408471596|24.625
1408471617|24.687
1408471637|24.437
1408471657|24.437
1408471677|24.375
1408471697|24.25
1408471717|24.25
1408471737|23.937
1408471757|24.125
1408471777|24.187
1408471797|24.125
1408471817|24.187
1408471838|24.187
1408471858|24.062
1408471878|24.25
1408471898|24.187
1408471921|24.312
1408471941|24.187
1408471961|24.187
1408471981|24.125
1408472001|24.062
1408472022|23.812
1408472042|23.812
1408472062|23.875
1408472082|23.625
1408472102|23.75
1408472122|23.812
1408472142|23.812
1408472162|23.812
1408472182|23.812
1408472202|23.937
1408472222|23.937
1408472243|23.75
1408472263|23.687
1408472283|23.562
1408472303|23.5
1408472323|23.5
1408472343|23.375
1408472363|23.25
1408472383|23.187
1408472404|23.0
1408472424|23.187
1408472444|23.312
1408472464|23.187
1408472484|23.187
1408472504|23.375
1408472524|23.312
1408472544|23.25
1408472565|23.125
1408472585|23.25
1408472605|23.312
1408472625|23.062
1408472645|23.0
1408472666|23.0
1408472686|22.812
1408472706|22.937
1408472726|22.625
1408472746|22.625
1408472766|22.687
1408472786|22.625
1408472806|22.687
1408472826|22.687
1408472846|22.75
1408472867|22.687
1408472887|22.625
1408472907|22.5
1408472927|22.5
1408472947|22.5
1408472967|22.562
1408472987|22.5
1408473007|22.312
1408473027|22.5
1408473047|22.312
1408473067|22.312
1408473088|22.437
1408473108|22.437
1408473128|22.375
1408473148|22.125
1408473168|22.25
1408473188|22.312
1408473208|22.375
1408473228|22.25
1408473249|22.312
1408473269|21.937
1408473289|21.875
1408473309|22.062
1408473329|22.125
1408473349|22.187
1408473370|22.187
1408473390|22.187
1408473410|22.125
1408473430|22.125
1408473450|22.312
1408473470|22.312
1408473490|22.312
1408473510|22.125
1408473530|22.0
1408473550|21.937
1408473570|22.062
1408473591|21.937
1408473611|21.812
1408473631|21.75
1408473651|21.875
1408473671|21.812
1408473691|21.687
1408473711|21.687
1408473731|21.625
1408473751|21.687
1408473771|21.75
1408473792|21.75
1408473812|21.687
1408473832|21.75
1408473852|21.812
1408473872|21.812
1408473893|21.812
1408473913|21.875
1408473933|21.812
1408473953|21.812
1408473973|21.812
1408473994|21.375
1408474014|21.187
1408474034|21.25
1408474054|21.312
1408474074|21.437
1408474094|21.25
1408474114|21.125
1408474134|20.875
1408474154|20.875
1408474174|21.062
1408474195|21.187
1408474215|21.25
1408474235|21.25
1408474255|21.25
1408474275|21.312
1408474295|21.375
1408474315|21.25
1408474336|20.937
1408474356|21.0
1408474376|20.937
1408474396|21.0
1408474416|21.0
1408474436|21.0
1408474456|21.125
1408474476|21.25
1408474496|21.187
1408474516|21.25
1408474537|21.187
1408474557|21.187
1408474577|21.125
1408474597|21.062
1408474617|21.0
1408474637|20.937
1408474658|21.0
1408474678|21.0
1408474698|21.0
1408474718|21.0
1408474738|21.0
1408474758|20.75
1408474778|20.75
1408474798|20.812
1408474818|20.812
1408474838|20.687
1408474858|20.687
1408474879|20.75
1408474899|20.812
1408474919|20.875
1408474939|20.75
1408474959|20.812
1408474979|20.687
1408474999|20.687
1408475019|20.562
1408475039|20.562
1408475059|20.562
1408475079|20.562
1408475100|20.562
1408475120|20.625
1408475140|20.687
1408475160|20.687
1408475180|20.5
1408475201|20.5
1408475221|20.437
1408475241|20.437
1408475261|20.25
1408475281|20.25
1408475301|20.25
1408475321|20.187
1408475341|20.125
1408475361|20.125
1408475382|20.062
1408475402|20.125
1408475422|20.062
1408475442|20.062
1408475462|20.062
1408475482|20.062
1408475504|20.062
1408475524|20.062
1408475544|20.0
1408475564|20.062
1408475584|20.125
1408475604|20.125
1408475624|20.062
1408475644|20.062
1408475664|20.0
1408475685|20.0
1408475705|20.0
1408475725|20.0
1408475745|19.875
1408475765|19.875
1408475785|19.812
1408475805|19.812
1408475825|19.75
1408475846|19.75
1408475866|19.687
1408475887|19.687
1408475907|19.687
1408475927|19.75
1408475947|19.812
1408475968|19.875
1408475988|19.812
1408476008|19.812
1408476028|19.687
1408476048|19.687
1408476068|19.687
1408476089|19.562
1408476109|19.625
1408476129|19.625
1408476149|19.687
1408476169|19.687
1408476189|19.687
1408476210|19.625
1408476230|19.625
1408476250|19.5
1408476270|19.5
1408476290|19.562
1408476310|19.5
1408476330|19.437
1408476350|19.437
1408476370|19.437
1408476390|19.375
1408476410|19.375
1408476431|19.312
1408476451|19.312
1408476471|19.25
1408476491|19.25
1408476511|19.25
1408476531|19.187
1408476551|19.25
1408476571|19.312
1408476591|19.187
1408476611|19.187
1408476631|19.187
1408476652|19.187
1408476672|19.062
1408476692|18.937
1408476712|18.812
1408476733|18.937
1408476753|19.0
1408476773|19.0
1408476793|19.0
1408476813|19.0
1408476833|19.0
1408476853|19.0
1408476873|18.937
1408476893|19.0
1408476914|19.0
1408476934|18.812
1408476954|18.812
1408476974|18.812
1408476994|18.812
1408477014|18.75
1408477034|18.687
1408477054|18.75
1408477074|18.75
1408477094|18.75
1408477114|18.687
1408477135|18.687
1408477155|18.625
1408477175|18.625
1408477195|18.625
1408477215|18.625
1408477235|18.562
1408477255|18.562
1408477275|18.562
1408477295|18.437
1408477316|18.375
1408477336|18.312
1408477356|18.312
1408477376|18.187
1408477396|18.125
1408477417|18.187
1408477437|18.187
1408477457|18.125
1408477477|18.125
1408477497|18.125
1408477517|18.187
1408477537|18.187
1408477557|18.187
1408477577|18.187
1408477597|18.187
1408477617|18.125
1408477638|18.125
1408477658|18.187
1408477678|18.25
1408477698|18.187
1408477718|18.125
1408477738|18.062
1408477758|18.125
1408477779|18.062
1408477799|18.0
1408477819|18.0
1408477839|18.0
1408477859|18.0
1408477879|18.0
1408477899|18.0
1408477919|17.937
1408477939|17.875
1408477959|17.937
1408477980|17.875
1408478000|17.812
1408478020|17.812
1408478040|17.75
1408478060|17.812
1408478081|17.812
1408478101|17.75
1408478121|17.75
1408478141|17.812
1408478161|17.812
1408478181|17.812
1408478201|17.812
1408478221|17.812
1408478241|17.812
1408478261|17.75
1408478281|17.687
1408478302|17.687
1408478322|17.75
1408478342|17.75
1408478362|17.687
1408478382|17.687
1408478402|17.687
1408478422|17.687
1408478442|17.687
1408478462|17.75
1408478482|17.687
1408478502|17.625
1408478523|17.687
1408478543|17.625
1408478563|17.625
1408478583|17.625
1408478603|17.625
1408478623|17.625
1408478644|17.625
1408478664|17.625
1408478684|17.562
1408478704|17.5
1408478724|17.437
1408478744|17.375
1408478764|17.375
1408478785|17.375
1408478805|17.437
1408478825|17.375
1408478845|17.375
1408478865|17.375
1408478885|17.312
1408478905|17.375
1408478925|17.375
1408478945|17.312
1408478965|17.312
1408478985|17.312
1408479006|17.312
1408479026|17.312
1408479046|17.312
1408479066|17.25
1408479086|17.25
1408479106|17.25
1408479126|17.187
1408479146|17.125
1408479166|17.125
1408479186|17.125
1408479206|17.062
1408479227|17.062
1408479247|17.062
1408479267|17.062
1408479288|17.062
1408479308|17.0
1408479328|17.062
1408479348|17.062
1408479368|17.0
1408479388|16.937
1408479408|16.937
1408479428|16.937
1408479448|16.875
1408479469|16.937
1408479489|16.812
1408479509|16.812
1408479529|16.812
1408479549|16.812
1408479569|16.812
1408479589|16.812
1408479609|16.812
1408479629|16.812
1408479649|16.75
1408479669|16.75
1408479690|16.75
1408479710|16.75
1408479730|16.75
1408479750|16.75
1408479770|16.687
1408479790|16.687
1408479810|16.625
1408479830|16.625
1408479850|16.562
1408479871|16.625
1408479891|16.562
1408479911|16.562
1408479931|16.562
1408479951|16.562
1408479971|16.5
1408479992|16.5
1408480012|16.5
1408480032|16.5
1408480052|16.5
1408480072|16.562
1408480092|16.5
1408480112|16.5
1408480132|16.5
1408480152|16.437
1408480172|16.5
1408480192|16.5
1408480213|16.437
1408480233|16.437
1408480253|16.437
1408480273|16.437
1408480293|16.375
1408480313|16.375
1408480333|16.375
1408480353|16.437
1408480373|16.375
1408480393|16.375
1408480413|16.375
1408480434|16.375
1408480454|16.312
1408480474|16.312
1408480494|16.312
1408480514|16.25
1408480535|16.187
1408480555|16.187
1408480575|16.187
1408480595|16.187
1408480615|16.187
1408480635|16.125
1408480655|16.125
1408480675|16.062
1408480696|16.062
1408480716|16.062
1408480736|16.062
1408480756|16.062
1408480776|16.062
1408480796|16.0
1408480816|16.0
1408480836|16.0
1408480856|15.937
1408480876|15.937
1408480897|15.937
1408480917|15.937
1408480937|15.937
1408480957|15.937
1408480977|15.937
1408480997|15.875
1408481017|15.812
1408481037|15.812
1408481058|15.812
1408481078|15.812
1408481098|15.875
1408481118|15.875
1408481139|15.812
1408481159|15.812
1408481179|15.75
1408481199|15.75
1408481219|15.812
1408481240|15.812
1408481260|15.75
1408481280|15.75
1408481300|15.75
1408481320|15.812
1408481340|15.75
1408481360|15.75
1408481381|15.687
1408481401|15.687
1408481421|15.687
1408481441|15.625
1408481461|15.687
1408481481|15.625
1408481502|15.625
1408481522|15.625
1408481542|15.625
1408481562|15.562
1408481582|15.562
1408481603|15.562
1408481623|15.562
1408481643|15.5
1408481663|15.437
1408481683|15.5
1408481703|15.5
1408481723|15.437
1408481743|15.5
1408481763|15.437
1408481783|15.437
1408481803|15.437
1408481824|15.437
1408481844|15.437
1408481864|15.375
1408481884|15.437
1408481904|15.437
1408481925|15.375
1408481945|15.375
1408481965|15.437
1408481985|15.437
1408482005|15.375
1408482025|15.375
1408482045|15.375
1408482065|15.375
1408482085|15.375
1408482105|15.312
1408482126|15.312
1408482146|15.312
1408482166|15.312
1408482186|15.312
1408482206|15.25
1408482226|15.25
1408482246|15.25
1408482266|15.187
1408482286|15.187
1408482306|15.125
1408482327|15.125
1408482347|15.125
1408482367|15.125
1408482387|15.187
1408482407|15.125
1408482427|15.125
1408482447|15.125
1408482467|15.125
1408482487|15.125
1408482508|15.062
1408482528|15.062
1408482548|15.062
1408482568|15.0
1408482588|15.062
1408482609|15.0
1408482629|15.0
1408482649|15.062
1408482669|15.0
1408482689|15.0
1408482709|15.0
1408482729|15.0
1408482749|15.0
1408482769|15.0
1408482789|15.0
1408482810|14.937
1408482830|14.937
1408482850|14.937
1408482870|15.0
1408482890|15.0
1408482910|15.0
1408482930|15.0
1408482950|15.0
1408482970|15.0
1408482990|15.0
1408483010|15.0
1408483031|15.0
1408483051|15.0
1408483071|14.937
1408483092|14.937
1408483112|14.937
1408483132|14.937
1408483152|14.937
1408483172|14.875
1408483192|14.937
1408483212|14.875
1408483232|14.875
1408483253|14.812
1408483273|14.812
1408483293|14.875
1408483313|14.875
1408483334|14.812
1408483354|14.812
1408483374|14.812
1408483394|14.812
1408483414|14.812
1408483434|14.812
1408483454|14.75
1408483474|14.75
1408483494|14.75
1408483514|14.812
1408483535|14.812
1408483555|14.812
1408483575|14.75
1408483595|14.75
1408483615|14.687
1408483635|14.75
1408483656|14.75
1408483676|14.687
1408483696|14.75
1408483716|14.75
1408483736|14.75
1408483756|14.75
1408483776|14.75
1408483796|14.687
1408483816|14.687
1408483836|14.687
1408483856|14.687
1408483877|14.687
1408483897|14.687
1408483917|14.687
1408483937|14.687
1408483957|14.687
1408483978|14.687
1408483998|14.687
1408484018|14.687
1408484038|14.687
1408484058|14.687
1408484078|14.625
1408484098|14.625
1408484118|14.625
1408484138|14.625
1408484159|14.625
1408484179|14.625
1408484199|14.625
1408484219|14.625
1408484239|14.562
1408484259|14.625
1408484279|14.625
1408484299|14.625
1408484319|14.625
1408484339|14.625
1408484359|14.625
1408484380|14.625
1408484400|14.562
1408484420|14.562
1408484440|14.562
1408484461|14.562
1408484481|14.562
1408484501|14.562
1408484521|14.562
1408484541|14.5
1408484561|14.562
1408484582|14.5
1408484602|14.5
1408484622|14.5
1408484642|14.5
1408484662|14.5
1408484683|14.5
1408484703|14.5
1408484723|14.5
1408484743|14.5
1408484763|14.5
1408484783|14.437
1408484803|14.437
1408484823|14.437
1408484843|14.437
1408484864|14.437
1408484884|14.437
1408484904|14.437
1408484924|14.437
1408484944|14.437
1408484964|14.437
1408484984|14.437
1408485004|14.437
1408485024|14.437
1408485044|14.437
1408485065|14.437
1408485085|14.437
1408485105|14.437
1408485125|14.375
1408485145|14.375
1408485165|14.375
1408485185|14.375
1408485205|14.375
1408485225|14.375
1408485246|14.312
1408485266|14.312
1408485286|14.375
1408485306|14.375
1408485326|14.375
1408485347|14.375
1408485367|14.312
1408485387|14.312
1408485407|14.312
1408485427|14.312
1408485447|14.312
1408485467|14.312
1408485487|14.312
1408485507|14.25
1408485528|14.25
1408485548|14.312
1408485568|14.312
1408485588|14.25
1408485608|14.25
1408485628|14.25
1408485648|14.25
1408485668|14.187
1408485688|14.187
1408485708|14.187
1408485729|14.187
1408485749|14.187
1408485769|14.187
1408485789|14.187
1408485809|14.187
1408485829|14.187
1408485849|14.125
1408485869|14.125
1408485889|14.125
1408485910|14.125
1408485930|14.125
1408485950|14.125
1408485970|14.125
1408485991|14.125
1408486011|14.062
1408486031|14.062
1408486051|14.062
1408486071|14.062
1408486091|14.062
1408486112|14.062
1408486132|14.062
1408486152|14.062
1408486172|14.062
1408486192|14.0
1408486212|14.0
1408486232|14.0
1408486252|14.0
1408486272|14.0
1408486292|14.0
1408486312|14.0
1408486332|13.937
1408486353|14.0
1408486373|13.937
1408486393|13.937
1408486413|13.937
1408486433|13.937
1408486453|13.937
1408486473|13.937
1408486493|13.937
1408486513|13.937
1408486533|13.875
1408486554|13.875
1408486574|13.875
1408486594|13.875
1408486614|13.812
1408486635|13.812
1408486655|13.812
1408486675|13.812
1408486695|13.812
1408486715|13.812
1408486735|13.812
1408486755|13.812
1408486775|13.812
1408486795|13.75
1408486816|13.75
1408486837|13.75
1408486857|13.75
1408486877|13.75
1408486897|13.75
1408486917|13.687
1408486937|13.687
1408486957|13.687
1408486977|13.75
1408486997|13.687
1408487018|13.687
1408487038|13.687
1408487058|13.687
1408487078|13.625
1408487098|13.625
1408487118|13.625
1408487138|13.687
1408487158|13.625
1408487178|13.625
1408487198|13.625
1408487218|13.625
1408487239|13.625
1408487259|13.625
1408487279|13.625
1408487299|13.562
1408487319|13.562
1408487340|13.562
1408487360|13.562
1408487380|13.562
1408487400|13.562
1408487420|13.562
1408487440|13.562
1408487460|13.5
1408487480|13.5
1408487501|13.5
1408487521|13.5
1408487541|13.5
1408487561|13.5
1408487581|13.5
1408487601|13.5
1408487621|13.5
1408487641|13.437
1408487661|13.437
1408487682|13.437
1408487702|13.437
1408487722|13.437
1408487742|13.437
1408487762|13.437
1408487782|13.437
1408487802|13.437
1408487822|13.375
1408487842|13.437
1408487862|13.375
1408487882|13.375
1408487903|13.375
1408487923|13.375
1408487943|13.375
1408487963|13.375
1408487983|13.375
1408488003|13.312
1408488024|13.312
1408488044|13.312
1408488064|13.312
1408488084|13.312
1408488104|13.312
1408488124|13.312
1408488144|13.312
1408488164|13.312
1408488184|13.25
1408488205|13.25
1408488225|13.25
1408488245|13.312
1408488265|13.25
1408488285|13.25
1408488305|13.25
1408488326|13.25
1408488346|13.25
1408488366|13.25
1408488387|13.25
1408488407|13.25
1408488427|13.25
1408488447|13.187
1408488467|13.187
1408488487|13.187
1408488507|13.187
1408488527|13.187
1408488547|13.125
1408488567|13.187
1408488587|13.187
1408488608|13.187
1408488628|13.125
1408488648|13.125
1408488668|13.125
1408488688|13.125
1408488709|13.125
1408488729|13.062
1408488749|13.062
1408488769|13.062
1408488789|13.062
1408488809|13.062
1408488829|13.062
1408488849|13.062
1408488870|13.062
1408488890|13.062
1408488910|13.0
1408488930|13.0
1408488950|13.0
1408488970|13.0
1408488990|13.0
1408489011|13.0
1408489031|13.0
1408489051|13.0
1408489071|13.0
1408489091|13.0
1408489111|13.0
1408489132|12.937
1408489153|13.0
1408489173|12.937
1408489193|12.937
1408489214|12.937
1408489234|12.937
1408489254|12.937
1408489274|12.937
1408489294|12.875
1408489314|12.937
1408489334|12.875
1408489354|12.875
1408489374|12.875
1408489394|12.875
1408489414|12.875
1408489435|12.875
1408489455|12.812
1408489475|12.875
1408489495|12.875
1408489515|12.812
1408489535|12.812
1408489556|12.812
1408489576|12.812
1408489597|12.812
1408489617|12.812
1408489637|12.812
1408489657|12.812
1408489677|12.812
1408489697|12.812
1408489717|12.75
1408489737|12.75
1408489757|12.75
1408489777|12.75
1408489798|12.75
1408489818|12.75
1408489838|12.75
1408489858|12.75
1408489878|12.75
1408489898|12.75
1408489918|12.75
1408489938|12.75
1408489958|12.75
1408489978|12.75
1408489998|12.75
1408490019|12.75
1408490039|12.687
1408490059|12.687
1408490079|12.75
1408490099|12.687
1408490119|12.75
1408490139|12.75
1408490159|12.75
1408490180|12.75
1408490200|12.75
1408490220|12.75
1408490240|12.687
1408490261|12.75
1408490282|12.687
1408490302|12.75
1408490322|12.687
1408490342|12.75
1408490362|12.75
1408490382|12.687
1408490402|12.687
1408490422|12.75
1408490442|12.75
1408490462|12.75
1408490482|12.75
1408490503|12.687
1408490523|12.75
1408490543|12.75
1408490563|12.687
1408490583|12.687
1408490603|12.687
1408490623|12.687
1408490643|12.687
1408490663|12.687
1408490683|12.687
1408490703|12.687
1408490724|12.687
1408490744|12.687
1408490764|12.687
1408490784|12.687
1408490804|12.687
1408490824|12.625
1408490844|12.687
1408490865|12.687
1408490885|12.625
1408490905|12.625
1408490925|12.687
1408490945|12.687
1408490965|12.625
1408490987|12.687
1408491007|12.625
1408491027|12.625
1408491047|12.625
1408491067|12.625
1408491087|12.625
1408491107|12.625
1408491127|12.625
1408491147|12.687
1408491167|12.625
1408491188|12.625
1408491208|12.625
1408491228|12.625
1408491248|12.625
1408491268|12.625
1408491288|12.625
1408491308|12.625
1408491328|12.625
1408491348|12.625
1408491368|12.625
1408491388|12.625
1408491409|12.562
1408491429|12.625
1408491449|12.562
1408491469|12.562
1408491489|12.562
1408491509|12.562
1408491529|12.562
1408491550|12.562
1408491570|12.562
1408491590|12.562
1408491610|12.562
1408491630|12.562
1408491650|12.562
1408491671|12.562
1408491691|12.562
1408491711|12.5
1408491731|12.5
1408491751|12.5
1408491771|12.5
1408491792|12.5
1408491812|12.5
1408491832|12.5
1408491852|12.5
1408491872|12.5
1408491892|12.5
1408491912|12.5
1408491932|12.5
1408491952|12.437
1408491972|12.5
1408491993|12.5
1408492013|12.437
1408492033|12.437
1408492053|12.437
1408492073|12.437
1408492093|12.437
1408492113|12.437
1408492133|12.375
1408492153|12.437
1408492173|12.437
1408492194|12.375
1408492214|12.375
1408492234|12.375
1408492254|12.375
1408492274|12.375
1408492295|12.375
1408492315|12.375
1408492335|12.375
1408492355|12.375
1408492375|12.312
1408492395|12.312
1408492415|12.312
1408492435|12.312
1408492455|12.312
1408492475|12.312
1408492496|12.312
1408492516|12.312
1408492536|12.312
1408492556|12.312
1408492577|12.312
1408492597|12.312
1408492617|12.312
1408492637|12.312
1408492657|12.25
1408492677|12.25
1408492697|12.25
1408492717|12.25
1408492737|12.25
1408492757|12.25
1408492777|12.25
1408492798|12.187
1408492818|12.25
1408492838|12.25
1408492858|12.25
1408492878|12.25
1408492898|12.25
1408492919|12.25
1408492939|12.25
1408492959|12.25
1408492979|12.25
1408492999|12.25
1408493019|12.25
1408493039|12.25
1408493060|12.25
1408493080|12.25
1408493100|12.25
1408493120|12.25
1408493140|12.25
1408493160|12.25
1408493180|12.25
1408493201|12.25
1408493221|12.25
1408493241|12.25
1408493261|12.25
1408493281|12.187
1408493301|12.25
1408493321|12.25
1408493341|12.25
1408493361|12.25
1408493382|12.187
1408493402|12.187
1408493422|12.25
1408493442|12.25
1408493462|12.187
1408493482|12.187
1408493502|12.25
1408493522|12.187
1408493542|12.187
1408493562|12.187
1408493583|12.187
1408493603|12.187
1408493623|12.187
1408493643|12.187
1408493664|12.187
1408493684|12.187
1408493704|12.187
1408493724|12.187
1408493744|12.187
1408493764|12.187
1408493784|12.187
1408493804|12.187
1408493824|12.187
1408493844|12.187
1408493864|12.125
1408493885|12.125
1408493905|12.125
1408493925|12.187
1408493945|12.187
1408493965|12.187
1408493985|12.187
1408494005|12.125
1408494025|12.125
1408494045|12.187
1408494065|12.125
1408494085|12.125
1408494106|12.125
1408494126|12.125
1408494146|12.125
1408494166|12.125
1408494186|12.125
1408494206|12.125
1408494226|12.125
1408494247|12.125
1408494267|12.187
1408494287|12.125
1408494307|12.125
1408494327|12.125
1408494347|12.125
1408494367|12.125
1408494387|12.125
1408494408|12.125
1408494428|12.125
1408494448|12.125
1408494468|12.125
1408494488|12.125
1408494508|12.125
1408494528|12.125
1408494548|12.125
1408494568|12.125
1408494588|12.125
1408494608|12.125
1408494629|12.125
1408494649|12.125
1408494669|12.125
1408494689|12.125
1408494709|12.125
1408494729|12.125
1408494749|12.125
1408494769|12.125
1408494789|12.125
1408494810|12.125
1408494830|12.125
1408494850|12.125
1408494870|12.125
1408494890|12.125
1408494911|12.125
1408494931|12.125
1408494951|12.125
1408494971|12.125
1408494991|12.125
1408495011|12.125
1408495031|12.125
1408495052|12.125
1408495072|12.125
1408495092|12.125
1408495112|12.125
1408495132|12.125
1408495152|12.125
1408495172|12.125
1408495192|12.125
1408495212|12.125
1408495232|12.125
1408495253|12.125
1408495273|12.125
1408495293|12.125
1408495313|12.125
1408495333|12.125
1408495353|12.125
1408495373|12.125
1408495393|12.125
1408495413|12.125
1408495433|12.125
1408495454|12.125
1408495474|12.125
1408495494|12.125
1408495514|12.125
1408495534|12.125
1408495555|12.125
1408495575|12.125
1408495595|12.125
1408495615|12.062
1408495635|12.062
1408495655|12.062
1408495676|12.062
1408495696|12.062
1408495716|12.062
1408495736|12.0
1408495756|12.062
1408495776|12.062
1408495796|12.062
1408495816|12.062
1408495836|12.062
1408495856|12.062
1408495876|12.062
1408495897|12.062
1408495917|12.062
1408495937|12.062
1408495957|12.062
1408495977|12.062
1408495997|12.062
1408496017|12.062
1408496037|12.062
1408496057|12.062
1408496077|12.062
1408496097|12.062
1408496118|12.062
1408496138|12.062
1408496158|12.062
1408496178|12.062
1408496199|12.062
1408496219|12.0
1408496239|12.062
1408496259|12.062
1408496279|12.062
1408496299|12.062
1408496319|12.062
1408496339|12.062
1408496359|12.062
1408496379|12.062
1408496400|12.125
1408496420|12.062
1408496440|12.062
1408496460|12.062
1408496480|12.062
1408496500|12.125
1408496520|12.062
1408496540|12.125
1408496560|12.062
1408496580|12.125
1408496600|12.125
1408496621|12.062
1408496641|12.062
1408496661|12.125
1408496681|12.125
1408496701|12.062
1408496721|12.125
1408496741|12.125
1408496761|12.125
1408496781|12.125
1408496802|12.125
1408496823|12.125
1408496843|12.125
1408496863|12.125
1408496883|12.125
1408496903|12.125
1408496924|12.062
1408496944|12.125
1408496964|12.062
1408496984|12.125
1408497004|12.125
1408497024|12.125
1408497044|12.125
1408497064|12.125
1408497084|12.125
1408497104|12.125
1408497125|12.125
1408497145|12.125
1408497165|12.125
1408497185|12.125
1408497205|12.125
1408497225|12.125
1408497245|12.125
1408497265|12.125
1408497286|12.125
1408497306|12.062
1408497326|12.125
1408497346|12.125
1408497366|12.125
1408497386|12.125
1408497406|12.125
1408497426|12.125
1408497447|12.125
1408497467|12.125
1408497487|12.125
1408497507|12.125
1408497528|12.062
1408497548|12.062
1408497568|12.125
1408497588|12.125
1408497608|12.125
1408497628|12.062
1408497648|12.062
1408497669|12.062
1408497689|12.062
1408497709|12.062
1408497729|12.062
1408497749|12.062
1408497769|12.062
1408497789|12.062
1408497809|12.062
1408497829|12.0
1408497849|12.062
1408497869|12.062
1408497890|12.062
1408497910|12.0
1408497930|12.062
1408497950|12.062
1408497970|12.062
1408497990|12.062
1408498010|12.062
1408498031|12.062
1408498051|12.062
1408498071|12.0
1408498091|12.0
1408498111|12.0
1408498131|12.0
1408498151|12.0
1408498171|12.0
1408498192|12.0
1408498212|12.0
1408498232|12.0
1408498252|12.0
1408498272|12.0
1408498292|12.0
1408498313|12.0
1408498333|12.0
1408498353|12.0
1408498373|12.0
1408498393|12.0
1408498413|12.0
1408498433|12.0
1408498453|11.937
1408498473|11.937
1408498493|11.937
1408498513|11.937
1408498534|11.937
1408498554|11.937
1408498574|11.937
1408498594|11.937
1408498614|11.937
1408498634|11.937
1408498654|11.937
1408498674|11.875
1408498694|11.875
1408498714|11.875
1408498734|11.875
1408498755|11.875
1408498775|11.875
1408498795|11.875
1408498815|11.875
1408498835|11.875
1408498856|11.875
1408498876|11.875
1408498897|11.875
1408498917|11.875
1408498937|11.875
1408498957|11.875
1408498977|11.875
1408498997|11.812
1408499017|11.812
1408499037|11.812
1408499057|11.812
1408499078|11.812
1408499098|11.812
1408499118|11.812
1408499138|11.812
1408499158|11.812
1408499178|11.812
1408499198|11.812
1408499218|11.812
1408499238|11.812
1408499258|11.812
1408499278|11.812
1408499299|11.812
1408499319|11.812
1408499339|11.812
1408499359|11.812
1408499379|11.812
1408499399|11.812
1408499419|11.812
1408499440|11.812
1408499460|11.75
1408499480|11.812
1408499500|11.812
1408499520|11.812
1408499542|11.812
1408499562|11.75
1408499582|11.75
1408499602|11.75
1408499622|11.75
1408499642|11.75
1408499663|11.75
1408499683|11.75
1408499703|11.75
1408499723|11.75
1408499743|11.687
1408499763|11.75
1408499783|11.75
1408499803|11.687
1408499823|11.687
1408499843|11.687
1408499863|11.75
1408499884|11.687
1408499904|11.687
1408499924|11.687
1408499944|11.687
1408499964|11.687
1408499984|11.687
1408500004|11.687
1408500024|11.687
1408500044|11.687
1408500064|11.75
1408500084|11.75
1408500105|11.687
1408500125|11.687
1408500145|11.687
1408500165|11.75
1408500185|11.687
1408500206|11.687
1408500226|11.687
1408500246|11.687
1408500266|11.687
1408500286|11.687
1408500307|11.687
1408500327|11.687
1408500347|11.687
1408500367|11.687
1408500387|11.687
1408500407|11.687
1408500427|11.687
1408500447|11.687
1408500467|11.687
1408500488|11.687
1408500508|11.687
1408500528|11.687
1408500548|11.687
1408500568|11.687
1408500588|11.687
1408500608|11.687
1408500628|11.625
1408500648|11.687
1408500668|11.687
1408500688|11.625
1408500709|11.625
1408500729|11.625
1408500749|11.625
1408500769|11.625
1408500789|11.625
1408500809|11.625
1408500830|11.625
1408500850|11.625
1408500870|11.625
1408500890|11.625
1408500910|11.625
1408500930|11.625
1408500950|11.625
1408500970|11.625
1408500992|11.625
1408501012|11.562
1408501032|11.625
1408501052|11.625
1408501073|11.562
1408501093|11.562
1408501113|11.562
1408501133|11.562
1408501153|11.562
1408501173|11.562
1408501193|11.562
1408501213|11.562
1408501233|11.562
1408501253|11.562
1408501274|11.562
1408501294|11.562
1408501314|11.562
1408501334|11.562
1408501354|11.562
1408501374|11.562
1408501394|11.562
1408501415|11.562
1408501435|11.562
1408501455|11.562
1408501475|11.562
1408501495|11.562
1408501515|11.562
1408501535|11.562
1408501555|11.562
1408501575|11.562
1408501596|11.562
1408501616|11.562
1408501637|11.562
1408501657|11.562
1408501677|11.562
1408501697|11.562
1408501717|11.562
1408501737|11.562
1408501758|11.5
1408501778|11.5
1408501798|11.562
1408501818|11.562
1408501838|11.562
1408501858|11.5
1408501878|11.562
1408501898|11.5
1408501918|11.5
1408501939|11.5
1408501959|11.5
1408501980|11.5
1408502000|11.5
1408502020|11.5
1408502040|11.5
1408502060|11.5
1408502080|11.5
1408502102|11.5
1408502122|11.5
1408502142|11.437
1408502162|11.437
1408502182|11.437
1408502202|11.437
1408502223|11.437
1408502243|11.437
1408502264|11.5
1408502284|11.437
1408502304|11.437
1408502324|11.437
1408502344|11.437
1408502364|11.437
1408502384|11.5
1408502404|11.437
1408502424|11.437
1408502444|11.437
1408502465|11.437
1408502485|11.437
1408502505|11.437
1408502525|11.437
1408502545|11.437
1408502565|11.437
1408502585|11.437
1408502606|11.437
1408502627|11.437
1408502647|11.437
1408502668|11.437
1408502688|11.437
1408502708|11.437
1408502728|11.437
1408502748|11.437
1408502769|11.375
1408502789|11.375
1408502809|11.375
1408502829|11.375
1408502849|11.375
1408502869|11.375
1408502889|11.375
1408502909|11.375
1408502929|11.375
1408502951|11.375
1408502971|11.375
1408502991|11.375
1408503011|11.375
1408503033|11.375
1408503054|11.375
1408503074|11.375
1408503094|11.375
1408503114|11.375
1408503134|11.375
1408503154|11.375
1408503174|11.375
1408503194|11.375
1408503214|11.375
1408503234|11.375
1408503255|11.375
1408503275|11.375
1408503295|11.375
1408503315|11.375
1408503335|11.375
1408503355|11.375
1408503375|11.375
1408503395|11.375
1408503415|11.312
1408503435|11.312
1408503456|11.312
1408503476|11.375
1408503496|11.375
1408503516|11.375
1408503536|11.375
1408503556|11.375
1408503576|11.312
1408503596|11.312
1408503617|11.312
1408503637|11.312
1408503657|11.312
1408503677|11.312
1408503697|11.312
1408503717|11.312
1408503738|11.312
1408503758|11.312
1408503778|11.312
1408503798|11.312
1408503818|11.312
1408503838|11.312
1408503858|11.312
1408503878|11.312
1408503898|11.312
1408503918|11.312
1408503938|11.312
1408503959|11.312
1408503979|11.312
1408503999|11.312
1408504019|11.312
1408504039|11.312
1408504059|11.312
1408504079|11.312
1408504099|11.25
1408504119|11.25
1408504139|11.25
1408504160|11.25
1408504180|11.25
1408504200|11.25
1408504220|11.25
1408504240|11.25
1408504260|11.25
1408504281|11.25
1408504301|11.25
1408504321|11.25
1408504342|11.25
1408504362|11.25
1408504382|11.25
1408504402|11.25
1408504422|11.25
1408504442|11.25
1408504462|11.25
1408504482|11.25
1408504502|11.25
1408504522|11.25
1408504543|11.25
1408504563|11.25
1408504583|11.25
1408504603|11.25
1408504623|11.25
1408504643|11.25
1408504663|11.25
1408504683|11.25
1408504703|11.25
1408504723|11.25
1408504743|11.25
1408504764|11.312
1408504784|11.25
1408504804|11.312
1408504824|11.25
1408504844|11.25
1408504864|11.312
1408504884|11.312
1408504904|11.25
1408504925|11.312
1408504945|11.312
1408504965|11.312
1408504985|11.312
1408505005|11.312
1408505025|11.312
1408505046|11.312
1408505066|11.312
1408505086|11.312
1408505106|11.312
1408505126|11.312
1408505147|11.312
1408505168|11.312
1408505188|11.312
1408505208|11.312
1408505228|11.312
1408505248|11.312
1408505268|11.312
1408505288|11.312
1408505308|11.312
1408505328|11.312
1408505348|11.375
1408505368|11.375
1408505389|11.312
1408505409|11.375
1408505429|11.375
1408505449|11.375
1408505469|11.375
1408505489|11.375
1408505509|11.375
1408505529|11.375
1408505549|11.375
1408505569|11.375
1408505590|11.375
1408505610|11.375
1408505630|11.437
1408505650|11.375
1408505670|11.437
1408505691|11.437
1408505711|11.437
1408505731|11.437
1408505751|11.437
1408505771|11.437
1408505791|11.5
1408505812|11.5
1408505832|11.5
1408505852|11.5
1408505872|11.5
1408505895|11.5
1408505913|11.5
1408505933|11.562
1408505953|11.562
1408505973|11.562
1408505993|11.562
1408506015|11.562
1408506036|11.562
1408506056|11.562
1408506076|11.562
1408506096|11.562
1408506116|11.625
1408506136|11.625
1408506157|11.625
1408506177|11.625
1408506197|11.625
1408506217|11.625
1408506237|11.625
1408506257|11.687
1408506277|11.687
1408506297|11.687
1408506317|11.687
1408506337|11.687
1408506357|11.687
1408506378|11.687
1408506398|11.687
1408506418|11.687
1408506438|11.687
1408506458|11.75
1408506478|11.75
1408506498|11.75
1408506518|11.75
1408506538|11.75
1408506558|11.75
1408506579|11.75
1408506599|11.812
1408506619|11.812
1408506639|11.812
1408506659|11.812
1408506680|11.812
1408506700|11.812
1408506720|11.812
1408506740|11.812
1408506760|11.812
1408506780|11.812
1408506800|11.875
1408506820|11.875
1408506840|11.875
1408506860|11.875
1408506880|11.875
1408506901|11.875
1408506921|11.875
1408506941|11.875
1408506961|11.875
1408506981|11.875
1408507001|11.937
1408507021|11.875
1408507041|11.937
1408507061|11.937
1408507081|11.937
1408507101|11.937
1408507122|11.937
1408507142|11.937
1408507162|11.937
1408507182|11.937
1408507202|12.0
1408507223|12.0
1408507243|12.0
1408507263|12.0
1408507283|12.0
1408507304|12.062
1408507324|12.0
1408507344|12.062
1408507364|12.062
1408507384|12.062
1408507405|12.062
1408507425|12.125
1408507445|12.125
1408507465|12.125
1408507485|12.125
1408507505|12.187
1408507525|12.187
1408507545|12.25
1408507565|12.312
1408507585|12.375
1408507605|12.437
1408507626|12.5
1408507646|12.625
1408507666|12.625
1408507686|12.687
1408507706|12.75
1408507726|12.75
1408507746|12.75
1408507766|12.812
1408507786|12.812
1408507806|12.812
1408507827|12.875
1408507847|12.875
1408507867|12.875
1408507887|12.875
1408507907|12.875
1408507928|12.875
1408507948|12.875
1408507968|12.812
1408507988|12.875
1408508008|12.875
1408508028|12.875
1408508048|12.875
1408508068|12.875
1408508088|12.875
1408508109|12.875
1408508129|12.875
1408508149|12.875
1408508170|12.937
1408508190|12.875
1408508210|12.875
1408508230|12.937
1408508250|12.937
1408508270|12.937
1408508291|12.937
1408508311|12.937
1408508331|12.937
1408508351|13.0
1408508371|13.0
1408508391|13.0
1408508411|13.0
1408508431|13.0
1408508451|13.062
1408508471|13.062
1408508491|13.062
1408508512|13.125
1408508532|13.125
1408508552|13.125
1408508572|13.125
1408508592|13.187
1408508612|13.187
1408508633|13.25
1408508653|13.375
1408508673|13.437
1408508693|13.562
1408508713|13.687
1408508733|13.812
1408508753|13.937
1408508774|14.0
1408508794|14.062
1408508814|14.125
1408508834|14.125
1408508854|14.312
1408508874|14.312
1408508894|14.375
1408508914|14.437
1408508935|14.437
1408508955|14.437
1408508975|14.437
1408508995|14.5
1408509015|14.5
1408509035|14.5
1408509055|14.5
1408509075|14.562
1408509095|14.625
1408509115|14.625
1408509136|14.562
1408509156|14.625
1408509176|14.625
1408509196|14.625
1408509216|14.625
1408509236|14.687
1408509256|14.687
1408509277|14.687
1408509297|14.75
1408509317|14.812
1408509337|14.937
1408509357|15.062
1408509377|15.125
1408509397|15.187
1408509418|15.312
1408509438|15.437
1408509458|15.437
1408509478|15.5
1408509498|15.562
1408509518|15.562
1408509538|15.562
1408509558|15.625
1408509578|15.625
1408509598|15.625
1408509618|15.625
1408509639|15.687
1408509659|15.687
1408509679|15.625
1408509699|15.687
1408509719|15.687
1408509739|15.625
1408509759|15.625
1408509779|15.625
1408509799|15.625
1408509819|15.625
1408509839|15.625
1408509860|15.687
1408509880|15.625
1408509900|15.625
1408509920|15.625
1408509941|15.625
1408509961|15.562
1408509981|15.562
1408510001|15.562
1408510021|15.562
1408510041|15.625
1408510062|15.625
1408510082|15.687
1408510102|15.687
1408510122|15.687
1408510142|15.75
1408510163|15.812
1408510183|15.875
1408510203|15.937
1408510223|16.125
1408510243|16.25
1408510263|16.437
1408510284|16.687
1408510304|16.812
1408510324|16.937
1408510344|17.0
1408510364|17.062
1408510384|17.062
1408510404|17.187
1408510424|17.312
1408510444|17.375
1408510464|17.437
1408510484|17.562
1408510505|17.625
1408510525|17.75
1408510545|17.812
1408510565|17.937
1408510585|18.062
1408510605|18.125
1408510625|18.125
1408510646|18.187
1408510666|18.187
1408510686|18.062
1408510706|18.0
1408510726|17.937
1408510746|17.937
1408510766|17.937
1408510786|18.0
1408510806|18.062
1408510827|18.062
1408510847|18.062
1408510867|18.0
1408510887|18.062
1408510907|18.187
1408510927|18.187
1408510947|18.437
1408510967|18.5
1408510987|18.5
1408511007|18.625
1408511028|18.687
1408511048|18.75
1408511068|18.75
1408511088|18.812
1408511108|18.812
1408511129|18.75
1408511149|18.75
1408511169|18.75
1408511189|18.812
1408511209|18.75
1408511229|18.687
1408511249|18.75
1408511269|18.875
1408511290|19.0
1408511310|19.125
1408511330|19.187
1408511350|19.125
1408511370|19.187
1408511391|19.125
1408511411|19.062
1408511431|19.062
1408511451|19.062
1408511471|19.062
1408511491|19.125
1408511511|19.125
1408511531|19.062
1408511551|19.062
1408511571|19.0
1408511591|19.0
1408511612|18.937
1408511632|18.75
1408511652|18.812
1408511672|18.875
1408511692|18.937
1408511712|18.937
1408511732|18.937
1408511752|18.937
1408511773|18.875
1408511793|18.875
1408511813|18.937
1408511833|19.0
1408511854|19.125
1408511874|19.25
1408511895|19.437
1408511915|19.562
1408511935|19.625
1408511955|19.625
1408511975|19.687
1408511995|19.75
1408512015|19.937
1408512035|20.062
1408512056|20.062
1408512076|20.187
1408512096|20.312
1408512116|20.25
1408512136|20.375
1408512156|20.375
1408512177|20.437
1408512197|20.562
1408512217|20.625
1408512237|20.625
1408512257|20.562
1408512277|20.562
1408512297|20.625
1408512317|20.687
1408512338|20.687
1408512358|20.75
1408512378|20.75
1408512398|20.812
1408512418|20.812
1408512438|20.875
1408512458|20.937
1408512478|20.937
1408512498|21.0
1408512518|21.062
1408512538|21.187
1408512559|21.312
1408512579|21.375
1408512599|21.375
1408512619|21.375
1408512639|21.375
1408512659|21.437
1408512679|21.5
1408512700|21.5
1408512720|21.562
1408512740|21.625
1408512760|21.562
1408512780|21.5
1408512800|21.437
1408512820|21.5
1408512841|21.437
1408512861|21.437
1408512881|21.437
1408512901|21.312
1408512921|21.375
1408512941|21.25
1408512961|21.25
1408512981|21.312
1408513001|21.375
1408513021|21.312
1408513041|21.312
1408513062|21.375
1408513082|21.437
1408513102|21.562
1408513122|21.5
1408513142|21.812
1408513162|22.062
1408513182|22.312
1408513204|22.687
1408513224|22.875
1408513244|22.875
1408513264|23.062
1408513285|23.312
1408513305|23.562
1408513325|23.75
1408513345|23.687
1408513365|23.812
1408513385|23.875
1408513405|23.937
1408513425|24.25
1408513445|24.437
1408513465|24.687
1408513486|24.875
1408513506|25.062
1408513526|25.312
1408513546|25.375
1408513567|25.562
1408513587|25.75
1408513607|25.875
1408513627|26.0
1408513647|26.125
1408513667|26.25
1408513687|26.312
1408513707|26.437
1408513727|26.625
1408513747|26.75
1408513769|26.812
1408513789|26.875
1408513809|27.0
1408513830|27.125
1408513850|27.25
1408513870|27.312
1408513890|27.375
1408513910|27.562
1408513930|27.687
1408513950|27.687
1408513970|27.75
1408513990|27.812
1408514010|27.875
1408514030|27.937
1408514051|28.062
1408514071|28.25
1408514091|28.437
1408514111|28.5
1408514131|28.562
1408514151|28.5
1408514171|28.437
1408514191|28.375
1408514211|28.125
1408514231|27.937
1408514251|27.75
1408514272|27.875
1408514292|28.062
1408514312|28.25
1408514333|28.312
1408514354|28.25
1408514374|28.312
1408514394|28.312
1408514414|28.437
1408514434|28.625
1408514454|28.687
1408514474|28.75
1408514495|28.625
1408514515|28.687
1408514535|28.812
1408514555|28.75
1408514575|28.75
1408514595|28.75
1408514615|28.75
1408514635|28.937
1408514655|29.125
1408514675|29.187
1408514695|29.0
1408514716|29.125
1408514736|29.125
1408514756|29.187
1408514776|29.125
1408514796|28.875
1408514816|29.125
1408514836|29.312
1408514856|29.312
1408514876|29.25
1408514896|29.187
1408514917|29.25
1408514937|29.312
1408514957|29.062
1408514977|29.062
1408514997|29.062
1408515019|29.062
1408515040|28.875
1408515060|28.812
1408515080|28.875
1408515100|28.875
1408515120|28.75
1408515140|29.0
1408515160|29.125
1408515180|29.25
1408515201|29.5
1408515221|29.5
1408515241|29.375
1408515261|29.437
1408515281|29.687
1408515301|29.687
1408515321|29.375
1408515341|29.562
1408515361|29.5
1408515381|29.562
1408515401|29.437
1408515422|29.437
1408515442|29.562
1408515462|29.75
1408515482|29.937
1408515502|29.937
1408515522|30.25
1408515542|30.437
1408515562|30.625
1408515584|30.562
1408515604|30.75
1408515625|30.75
1408515645|30.875
1408515665|31.312
1408515685|31.437
1408515705|31.312
1408515725|31.75
1408515745|32.0
1408515765|32.062
1408515785|32.437
1408515806|32.75
1408515826|32.937
1408515846|33.187
1408515866|33.125
1408515886|32.937
1408515907|33.125
1408515927|33.312
1408515948|33.375
1408515968|33.437
1408515990|33.75
1408516010|33.812
1408516030|33.812
1408516051|34.0
1408516071|34.0
1408516091|33.937
1408516111|34.062
1408516131|34.125
1408516151|34.5
1408516172|34.812
1408516192|35.25
1408516212|35.5
1408516232|35.562
1408516252|35.875
1408516272|36.187
1408516292|36.0
1408516313|36.187
1408516333|37.0
1408516353|37.75
1408516373|37.75
1408516393|38.562
1408516414|39.125
1408516434|39.562
1408516455|39.5
1408516475|39.937
1408516495|40.062
1408516515|39.937
1408516535|40.25
1408516555|40.875
1408516575|41.437
1408516595|41.562
1408516615|42.0
1408516635|42.687
1408516656|43.187
1408516676|43.187
1408516697|43.937
1408516717|43.75
1408516737|38.187
1408516757|31.812
1408516777|29.0
1408516797|27.875
1408516818|27.75
1408516838|28.25
1408516858|28.687
1408516878|29.562
1408516898|30.437
1408516918|31.312
1408516939|32.062
1408516959|33.0
1408516979|33.937
1408516999|34.687
1408517019|35.562
1408517039|36.5
1408517059|37.437
1408517080|36.875
1408517100|37.937
1408517120|38.25
1408517140|38.937
1408517160|39.625
1408517180|40.437
1408517200|41.25
1408517220|41.5
1408517240|42.187
1408517260|43.187
1408517280|43.75
1408517301|43.75
1408517321|45.25
1408517341|46.187
1408517361|46.187
1408517381|47.375
1408517401|45.375
1408517421|35.0
1408517441|29.687
1408517461|27.812
1408517481|27.75
1408517502|28.312
1408517522|29.437
1408517542|30.562
1408517562|31.812
1408517583|33.25
1408517603|34.562
1408517623|35.75
1408517643|36.875
1408517663|38.687
1408517683|40.187
1408517703|41.125
1408517723|42.437
1408517743|43.625
1408517763|43.812
1408517783|45.0
1408517804|46.125
1408517824|47.187
1408517844|48.125
1408517864|49.25
1408517884|49.125
1408517904|49.687
1408517924|50.062
1408517944|50.062
1408517964|50.5
1408517984|50.25
1408518005|50.812
1408518025|51.312
1408518045|51.625
1408518065|51.625
1408518085|53.062
1408518105|53.437
1408518125|52.312
1408518145|53.75
1408518166|54.5
1408518186|54.562
1408518206|44.75
1408518226|35.5
1408518246|29.812
1408518266|29.812
1408518287|25.812
1408518307|25.437
1408518327|25.437
1408518347|26.187
1408518367|27.187
1408518388|28.375
1408518408|29.812
1408518428|31.187
1408518448|33.125
1408518468|34.75
1408518488|35.875
1408518508|37.25
1408518528|38.75
1408518548|40.562
1408518568|41.75
1408518588|41.75
1408518609|41.75
1408518629|34.687
1408518649|34.312
1408518669|34.125
1408518689|34.25
1408518709|35.0
1408518729|36.0
1408518749|37.437
1408518769|38.75
1408518790|40.437
1408518810|41.687
1408518830|43.187
1408518850|44.5
1408518871|45.312
1408518891|39.937
1408518911|37.75
1408518931|36.375
1408518951|35.25
1408518971|34.75
1408518991|34.375
1408519011|35.5
1408519031|36.5
1408519051|37.25
1408519071|38.625
1408519092|40.25
1408519112|41.937
1408519132|43.312
1408519152|43.312
1408519172|43.312
1408519192|38.75
1408519212|36.875
1408519233|35.812
1408519253|34.5
1408519273|34.625
1408519293|35.687
1408519313|36.5
1408519334|38.062
1408519354|39.437
1408519374|41.062
1408519394|42.75
1408519414|43.875
1408519434|39.812
1408519454|36.875
1408519474|35.687
1408519495|35.0
1408519515|34.875
1408519535|35.062
1408519555|36.125
1408519575|36.125
1408519595|38.875
1408519616|40.687
1408519636|41.875
1408519656|44.125
1408519676|45.437
1408519696|41.437
1408519716|39.25
1408519736|38.0
1408519756|36.875
1408519776|36.312
1408519796|36.312
1408519816|37.125
1408519837|38.625
1408519857|40.25
1408519877|41.687
1408519897|43.25
1408519917|44.812
1408519937|44.5
1408519957|40.937
1408519977|39.125
1408519997|37.812
1408520017|37.0
1408520037|36.437
1408520058|35.875
1408520078|35.875
1408520098|36.562
1408520118|37.625
1408520139|38.75
1408520159|40.0
1408520180|41.5
1408520200|43.187
1408520220|40.687
1408520240|37.937
1408520260|36.75
1408520280|35.687
1408520300|35.25
1408520320|35.0
1408520340|35.562
1408520361|36.75
1408520381|37.375
1408520401|38.5
1408520421|39.5
1408520441|40.75
1408520461|41.937
1408520481|42.75
1408520501|43.437
1408520521|40.187
1408520541|37.812
1408520561|36.75
1408520582|35.875
1408520602|35.5
1408520622|35.0
1408520642|35.062
1408520662|35.562
1408520682|35.687
1408520702|37.0
1408520723|37.937
1408520743|38.5
1408520763|38.562
1408520783|38.875
1408520803|40.125
1408520823|40.562
1408520844|38.125
1408520864|35.562
1408520884|33.937
1408520904|33.875
1408520924|33.937
1408520945|34.375
1408520965|34.687
1408520985|35.062
1408521005|35.937
1408521025|36.812
1408521045|37.75
1408521065|38.25
1408521085|38.75
1408521105|39.562
1408521125|40.187
1408521145|41.125
1408521166|41.937
1408521186|42.437
1408521206|40.625
1408521226|38.437
1408521246|35.812
1408521266|35.0
1408521286|35.0
1408521306|34.625
1408521326|35.062
1408521346|35.437
1408521367|36.125
1408521387|36.5
1408521407|37.687
1408521427|38.937
1408521447|39.375
1408521468|40.187
1408521488|40.5
1408521508|41.75
1408521528|42.812
1408521548|43.312
1408521568|43.687
1408521589|41.0
1408521609|38.312
1408521629|36.5
1408521649|35.812
1408521669|35.562
1408521689|35.625
1408521709|35.437
1408521729|35.375
1408521749|36.062
1408521769|36.812
1408521790|37.687
1408521810|38.937
1408521830|39.687
1408521850|39.687
1408521870|41.125
1408521890|42.062
1408521910|41.875
1408521930|42.875
1408521950|42.875
1408521970|41.625
1408521990|38.437
1408522011|37.437
1408522031|36.312
1408522051|35.25
1408522071|35.062
1408522091|35.125
1408522112|35.812
1408522132|36.812
1408522152|37.75
1408522172|38.5
1408522192|39.437
1408522212|40.562
1408522232|41.75
1408522252|42.312
1408522273|42.562
1408522293|42.562
1408522313|42.562
1408522333|44.375
1408522353|44.312
1408522373|41.125
1408522395|39.125
1408522415|37.812
1408522435|36.75
1408522455|36.25
1408522475|36.312
1408522495|35.437
1408522515|35.875
1408522535|36.625
1408522555|37.625
1408522575|38.687
1408522596|39.812
1408522616|40.875
1408522636|41.312
1408522656|42.312
1408522676|42.625
1408522696|43.125
1408522718|43.125
1408522738|44.562
1408522758|42.187
1408522778|39.812
1408522798|38.625
1408522818|37.5
1408522839|36.687
1408522859|35.812
1408522879|35.312
1408522899|35.562
1408522919|35.875
1408522939|36.812
1408522959|37.312
1408522979|38.562
1408523000|39.75
1408523020|40.562
1408523040|41.5
1408523060|42.312
1408523080|42.875
1408523100|43.375
1408523121|44.062
1408523141|44.062
1408523161|40.187
1408523182|37.937
1408523202|36.812
1408523223|36.187
1408523243|35.937
1408523263|36.062
1408523283|36.25
1408523303|36.375
1408523323|36.875
1408523344|37.25
1408523364|37.875
1408523384|38.437
1408523404|39.125
1408523424|39.375
1408523444|39.375
1408523464|40.375
1408523484|40.687
1408523504|41.0
1408523524|41.437
1408523544|42.125
1408523565|42.062
1408523585|42.125
1408523605|41.812
1408523625|41.937
1408523645|39.25
1408523665|36.75
1408523685|35.75
1408523705|35.0
1408523725|34.625
1408523746|34.562
1408523766|34.5
1408523786|34.687
1408523806|34.687
1408523826|35.437
1408523846|35.687
1408523867|35.125
1408523887|35.5
1408523907|36.187
1408523927|36.875
1408523947|37.0
1408523967|37.187
1408523987|37.187
1408524007|37.25
1408524027|37.562
1408524047|37.562
1408524068|38.375
1408524088|38.687
1408524108|38.562
1408524129|38.687
1408524149|38.75
1408524169|38.75
1408524189|39.062
1408524209|39.437
1408524229|39.437
1408524250|39.875
1408524270|40.0
1408524290|40.125
1408524310|40.125
1408524330|40.437
1408524350|40.375
1408524370|40.625
1408524391|40.875
1408524411|40.5
1408524431|40.687
1408524451|40.812
1408524471|40.937
1408524491|41.25
1408524511|41.187
1408524532|37.875
1408524552|35.062
1408524572|34.125
1408524592|33.625
1408524612|33.0
1408524632|32.812
1408524652|32.812
1408524672|32.625
1408524693|32.875
1408524713|33.125
1408524733|33.562
1408524753|33.875
1408524773|33.812
1408524793|33.875
1408524813|34.125
1408524833|34.0
1408524853|33.75
1408524873|33.75
1408524894|34.0
1408524914|34.0
1408524934|33.687
1408524954|34.0
1408524974|34.312
1408524995|34.875
1408525015|35.25
1408525035|35.562
1408525055|35.5
1408525075|35.75
1408525095|35.937
1408525115|36.0
1408525135|36.375
1408525155|36.312
1408525176|36.437
1408525196|36.437
1408525216|36.812
1408525236|37.25
1408525256|37.437
1408525276|37.312
1408525296|37.625
1408525317|38.0
1408525337|38.187
1408525357|38.187
1408525377|37.875
1408525397|38.312
1408525417|38.375
1408525437|38.437
1408525457|38.5
1408525477|38.437
1408525497|38.562
1408525517|38.5
1408525538|38.437
1408525558|38.25
1408525578|37.875
1408525598|38.062
1408525618|38.062
1408525638|38.187
1408525659|38.25
1408525679|38.5
1408525699|38.5
1408525719|38.875
1408525740|38.875
1408525760|38.687
1408525780|39.062
1408525800|39.0
1408525820|38.562
1408525840|38.25
1408525860|38.187
1408525881|38.437
1408525901|38.437
1408525921|37.875
1408525941|37.625
1408525961|38.062
1408525981|38.25
1408526002|38.0
1408526022|38.625
1408526042|38.75
1408526062|39.187
1408526082|39.187
1408526102|39.25
1408526122|39.375
1408526142|39.25
1408526162|39.187
1408526182|39.562
1408526203|39.437
1408526223|39.812
1408526243|39.937
1408526264|40.125
1408526284|39.562
1408526305|39.562
1408526325|39.75
1408526345|40.187
1408526365|40.0
1408526385|40.187
1408526405|40.187
1408526425|38.562
1408526445|38.562
1408526465|33.687
1408526485|32.437
1408526506|31.5
1408526526|31.312
1408526546|31.25
1408526566|31.312
1408526586|31.437
1408526606|31.25
1408526626|31.312
1408526646|31.375
1408526666|31.437
1408526687|31.75
1408526707|31.687
1408526727|31.75
1408526747|31.812
1408526767|32.312
1408526787|32.687
1408526808|32.937
1408526828|33.187
1408526849|33.125
1408526869|33.5
1408526889|33.75
1408526909|33.875
1408526929|33.875
1408526950|33.687
1408526970|33.625
1408526990|33.312
1408527010|33.25
1408527030|33.937
1408527050|34.375
1408527070|34.687
1408527090|34.875
1408527111|35.0
1408527131|35.312
1408527151|35.5
1408527171|35.875
1408527191|36.062
1408527211|36.312
1408527231|36.437
1408527251|36.0
1408527271|35.937
1408527291|36.437
1408527311|36.875
1408527332|37.0
1408527352|37.0
1408527372|37.25
1408527392|37.437
1408527412|37.562
1408527432|37.562
1408527452|37.562
1408527473|37.062
1408527493|37.062
1408527513|36.875
1408527533|37.437
1408527553|37.75
1408527573|37.687
1408527593|37.687
1408527614|38.062
1408527634|38.375
1408527654|38.562
1408527674|38.562
1408527694|38.75
1408527714|39.062
1408527734|38.875
1408527754|38.187
1408527774|38.25
1408527794|38.375
1408527814|38.875
1408527835|38.0
1408527855|38.187
1408527875|38.187
1408527895|38.875
1408527915|38.75
1408527935|38.687
1408527955|38.937
1408527975|39.25
1408527995|39.25
1408528015|39.625
1408528035|40.312
1408528056|40.875
1408528076|37.375
1408528096|33.875
1408528116|32.0
1408528136|31.062
1408528157|30.5
1408528177|30.25
1408528197|29.937
1408528217|30.25
1408528237|30.562
1408528257|30.937
1408528277|31.437
1408528297|31.937
1408528317|32.625
1408528337|33.0
1408528358|33.5
1408528378|33.25
1408528399|34.125
1408528419|34.375
1408528439|35.062
1408528459|35.937
1408528479|36.687
1408528499|36.562
1408528519|37.25
1408528539|37.625
1408528559|37.625
1408528579|39.125
1408528600|39.75
1408528620|40.25
1408528640|41.187
1408528660|42.062
1408528680|42.062
1408528700|37.875
1408528720|34.937
1408528740|33.5
1408528761|32.5
1408528781|31.812
1408528801|31.625
1408528821|31.75
1408528841|31.625
1408528861|31.937
1408528882|32.437
1408528902|32.812
1408528922|33.125
1408528942|33.125
1408528962|34.5
1408528982|35.437
1408529002|36.062
1408529022|36.5
1408529042|37.5
1408529062|38.687
1408529083|39.437
1408529103|40.062
1408529123|40.937
1408529143|41.937
1408529163|42.25
1408529183|42.812
1408529203|43.75
1408529223|40.125
1408529243|37.0
1408529263|34.687
1408529283|34.062
1408529304|33.812
1408529324|33.437
1408529344|33.562
1408529364|34.0
1408529384|34.562
1408529404|35.312
1408529425|36.125
1408529445|36.625
1408529465|37.437
1408529485|38.812
1408529505|40.062
1408529525|41.375
1408529545|42.5
1408529566|43.5
1408529586|44.937
1408529606|46.125
1408529626|44.437
1408529646|40.625
1408529666|38.562
1408529686|37.5
1408529706|37.5
1408529726|36.687
1408529746|36.875
1408529766|37.437
1408529787|38.312
1408529807|39.562
1408529827|40.812
1408529847|42.25
1408529867|43.5
1408529887|45.062
1408529908|46.25
1408529928|47.312
1408529948|42.437
1408529968|38.75
1408529988|37.25
1408530008|36.437
1408530028|35.25
1408530048|35.312
1408530069|35.75
1408530089|36.812
1408530109|37.937
1408530129|39.625
1408530149|41.687
1408530170|43.562
1408530190|45.312
1408530210|47.25
1408530230|46.937
1408530250|42.937
1408530270|40.562
1408530290|38.812
1408530310|38.312
1408530330|36.875
1408530350|36.625
1408530370|36.937
1408530391|38.125
1408530411|39.062
1408530431|40.687
1408530451|41.625
1408530471|43.437
1408530491|44.875
1408530511|45.562
1408530531|44.312
1408530551|41.437
1408530571|39.687
1408530591|38.687
1408530612|38.062
1408530632|37.937
1408530652|38.0
1408530672|38.187
1408530692|38.187
1408530713|39.25
1408530733|40.437
1408530753|41.0
1408530773|41.75
1408530794|42.125
1408530814|43.625
1408530834|44.437
1408530854|45.562
1408530874|42.25
1408530894|39.625
1408530914|38.5
1408530934|37.812
1408530954|37.437
1408530975|37.25
1408530995|37.125
1408531015|37.125
1408531035|36.812
1408531055|37.437
1408531075|38.25
1408531095|38.875
1408531115|39.625
1408531135|39.875
1408531155|40.812
1408531175|41.625
1408531196|42.312
1408531216|43.125
1408531236|43.437
1408531256|43.625
1408531276|42.062
1408531296|39.312
1408531316|37.75
1408531336|36.5
1408531357|35.625
1408531377|35.375
1408531397|35.312
1408531417|35.625
1408531437|36.0
1408531457|36.312
1408531478|36.812
1408531498|37.062
1408531518|37.062
1408531538|38.062
1408531558|38.75
1408531578|39.5
1408531598|40.125
1408531618|40.875
1408531638|41.5
1408531658|42.25
1408531678|41.937
1408531699|42.812
1408531719|43.625
1408531739|44.062
1408531759|44.062
1408531779|44.062
1408531799|38.875
1408531819|37.937
1408531839|37.187
1408531859|36.625
1408531879|36.187
1408531899|35.687
1408531920|35.625
1408531940|35.875
1408531960|36.312
1408531980|36.5
1408532001|36.937
1408532021|37.187
1408532042|38.187
1408532062|39.062
1408532082|40.125
1408532102|41.062
1408532122|41.937
1408532143|42.125
1408532163|43.125
1408532183|43.437
1408532203|44.187
1408532223|44.25
1408532243|41.187
1408532263|39.125
1408532283|38.0
1408532303|37.375
1408532324|37.125
1408532344|36.75
1408532364|36.5
1408532384|36.687
1408532404|36.937
1408532424|37.312
1408532444|37.625
1408532464|37.937
1408532484|38.062
1408532504|38.25
1408532524|39.125
1408532545|40.312
1408532565|41.312
1408532585|42.062
1408532605|42.625
1408532625|42.875
1408532645|43.375
1408532665|43.375
1408532686|43.5
1408532706|42.25
1408532727|39.187
1408532747|38.0
1408532767|37.312
1408532788|36.625
1408532808|36.437
1408532828|35.937
1408532848|35.625
1408532868|35.5
1408532888|35.562
1408532908|35.937
1408532928|36.5
1408532948|36.812
1408532969|37.062
1408532989|37.312
1408533009|37.5
1408533029|37.812
1408533049|38.187
1408533069|38.25
1408533089|38.5
1408533109|39.187
1408533129|39.562
1408533149|39.875
1408533169|40.25
1408533190|40.687
1408533210|40.937
1408533230|40.375
1408533250|39.812
1408533270|39.562
1408533290|39.562
1408533310|39.125
1408533331|38.375
1408533351|38.937
1408533371|38.937
1408533391|39.312
1408533411|39.062
1408533431|39.5
1408533452|39.812
1408533472|40.25
1408533492|40.75
1408533513|40.75
1408533533|37.625
1408533553|37.625
1408533573|35.625
1408533593|35.0
1408533613|34.75
1408533633|34.625
1408533653|34.625
1408533673|35.312
1408533693|36.062
1408533713|36.875
1408533734|37.437
1408533754|38.312
1408533774|39.187
1408533794|40.187
1408533814|41.062
1408533834|41.062
1408533854|43.812
1408533874|44.75
1408533894|44.937
1408533914|40.562
1408533935|38.187
1408533955|35.937
1408533975|35.437
1408533995|34.75
1408534015|34.625
1408534035|34.812
1408534055|34.875
1408534076|35.5
1408534096|35.5
1408534116|37.625
1408534136|38.812
1408534156|39.937
1408534176|41.125
1408534196|41.125
1408534217|42.5
1408534237|43.437
1408534257|44.437
1408534279|45.562
1408534299|43.687
1408534319|40.687
1408534339|39.0
1408534359|37.625
1408534380|36.75
1408534400|36.75
1408534420|36.562
1408534440|35.75
1408534460|35.437
1408534480|35.562
1408534500|35.562
1408534520|35.312
1408534540|35.125
1408534560|35.625
1408534580|35.562
1408534601|36.5
1408534621|36.5
1408534641|36.75
1408534661|36.937
1408534681|37.25
1408534701|37.812
1408534721|38.375
1408534741|38.812
1408534761|39.25
1408534781|39.375
1408534801|39.687
1408534822|39.687
1408534842|39.125
1408534862|38.687
1408534882|38.375
1408534902|38.75
1408534924|38.875
1408534944|38.375
1408534964|38.437
1408534984|38.25
1408535004|38.187
1408535025|38.25
1408535045|38.375
1408535065|38.312
1408535085|38.562
1408535105|38.812
1408535125|38.812
1408535145|38.437
1408535165|38.625
1408535185|38.937
1408535205|39.437
1408535225|39.75
1408535246|40.5
1408535266|39.375
1408535286|36.625
1408535306|35.687
1408535326|35.375
1408535346|35.125
1408535366|35.0
1408535386|35.062
1408535406|35.0
1408535426|35.125
1408535446|34.937
1408535467|35.125
1408535487|35.562
1408535507|35.812
1408535527|36.5
1408535547|37.375
1408535567|38.0
1408535588|38.937
1408535608|39.75
1408535628|40.187
1408535648|41.0
1408535668|42.125
1408535688|42.812
1408535708|42.875
1408535728|43.5
1408535749|41.0
1408535769|38.187
1408535789|36.687
1408535809|35.375
1408535829|34.437
1408535849|34.25
1408535869|34.25
1408535889|34.5
1408535909|34.0
1408535929|34.5
1408535949|34.937
1408535970|35.562
1408535990|36.312
1408536010|37.312
1408536030|38.437
1408536051|39.5
1408536071|39.5
1408536091|41.875
1408536112|42.875
1408536132|44.0
1408536152|44.375
1408536172|44.437
1408536192|40.187
1408536212|37.375
1408536232|35.75
1408536252|35.437
1408536272|34.812
1408536293|35.0
1408536313|35.125
1408536333|35.687
1408536353|36.187
1408536373|37.125
1408536393|37.937
1408536414|39.375
1408536434|40.5
1408536454|41.562
1408536475|42.75
1408536495|44.187
1408536515|45.375
1408536535|44.0
1408536556|40.562
1408536576|38.187
1408536596|37.0
1408536616|36.375
1408536637|35.875
1408536657|36.062
1408536677|36.562
1408536697|37.375
1408536718|38.75
1408536738|40.375
1408536759|40.375
1408536779|44.75
1408536800|46.562
1408536820|48.25
1408536841|44.062
1408536861|40.812
1408536881|38.625
1408536901|37.75
1408536921|37.062
1408536941|37.062
1408536961|37.25
1408536982|37.5
1408537002|38.687
1408537022|39.937
1408537042|41.5
1408537062|43.0
1408537082|44.812
1408537102|46.312
1408537122|47.562
1408537143|44.312
1408537163|40.812
1408537183|38.812
1408537203|37.875
1408537223|37.875
1408537243|37.0
1408537263|37.062
1408537283|37.562
1408537303|38.062
1408537323|38.687
1408537343|39.5
1408537364|40.75
1408537384|42.625
1408537404|44.125
1408537424|45.437
1408537444|45.687
1408537465|42.125
1408537485|39.937
1408537505|38.0
1408537525|37.25
1408537545|36.437
1408537565|36.687
1408537585|36.75
1408537605|37.375
1408537625|38.312
1408537646|39.437
1408537666|40.687
1408537686|42.312
1408537706|43.562
1408537726|45.187
1408537746|46.187
1408537766|43.875
1408537786|40.25
1408537806|38.687
1408537826|38.0
1408537846|38.0
1408537867|37.062
1408537887|36.75
1408537907|36.687
1408537927|36.437
1408537947|36.875
1408537967|37.875
1408537987|38.937
1408538007|39.562
1408538027|40.625
1408538048|41.312
1408538068|41.687
1408538088|42.75
1408538108|43.812
1408538128|40.812
1408538149|40.812
1408538169|37.25
1408538189|36.562
1408538209|36.375
1408538229|36.375
1408538249|35.75
1408538269|35.5
1408538289|35.687
1408538309|35.875
1408538329|35.75
1408538350|35.562
1408538370|35.625
1408538390|35.937
1408538410|36.562
1408538430|37.25
1408538450|37.562
1408538470|38.375
1408538490|39.312
1408538510|38.937
1408538530|39.062
1408538550|38.687
1408538571|39.062
1408538591|38.937
1408538611|39.25
1408538631|39.312
1408538653|39.625
1408538673|39.5
1408538693|38.0
1408538713|36.062
1408538733|34.687
1408538753|34.375
1408538773|34.437
1408538793|34.125
1408538814|33.875
1408538834|34.0
1408538854|33.437
1408538874|33.312
1408538894|33.375
1408538915|33.375
1408538935|33.75
1408538955|33.75
1408538975|33.437
1408538995|33.062
1408539015|33.062
1408539035|32.875
1408539056|33.187
1408539076|33.187
1408539096|32.937
1408539116|32.937
1408539136|32.812
1408539156|32.937
1408539176|33.187
1408539196|33.375
1408539216|33.687
1408539236|34.062
1408539256|34.5
1408539277|34.625
1408539297|34.625
1408539317|34.687
1408539337|34.687
1408539357|34.812
1408539377|34.562
1408539398|34.25
1408539419|34.375
1408539439|34.062
1408539459|34.187
1408539479|33.875
1408539499|33.687
1408539519|33.875
1408539539|33.687
1408539559|33.875
1408539579|34.0
1408539600|34.0
1408539620|34.062
1408539640|34.062
1408539660|34.125
1408539680|34.125
1408539700|34.375
1408539721|34.687
1408539741|34.937
1408539761|34.875
1408539781|34.937
1408539801|35.0
1408539821|35.312
1408539841|36.062
1408539861|36.812
1408539881|37.437
1408539901|38.312
1408539921|39.125
1408539942|39.687
1408539962|40.562
1408539982|41.062
1408540002|41.625
1408540022|42.437
1408540042|43.312
1408540062|43.375
1408540082|43.5
1408540102|44.312
1408540122|41.562
1408540142|37.625
1408540163|35.875
1408540183|34.75
1408540203|33.625
1408540223|33.375
1408540243|32.875
1408540264|33.0
1408540284|33.437
1408540304|33.937
1408540324|34.5
1408540344|35.437
1408540364|35.437
1408540384|37.687
1408540404|38.75
1408540424|38.75
1408540445|40.812
1408540465|42.0
1408540485|42.125
1408540505|43.312
1408540525|43.875
1408540545|43.312
1408540565|39.0
1408540585|36.875
1408540605|35.75
1408540625|35.0
1408540645|34.75
1408540666|34.75
1408540686|34.437
1408540706|35.062
1408540726|35.312
1408540746|36.812
1408540766|38.562
1408540786|40.125
1408540806|40.875
1408540827|42.062
1408540847|43.875
1408540867|45.312
1408540887|45.625
1408540908|40.875
1408540928|40.875
1408540948|36.75
1408540968|35.375
1408540988|34.937
1408541008|34.937
1408541028|35.562
1408541048|36.812
1408541069|38.187
1408541089|39.437
1408541109|40.562
1408541129|42.312
1408541149|44.0
1408541169|45.625
1408541189|44.0
1408541209|40.625
1408541229|38.75
1408541249|37.875
1408541269|37.187
1408541290|36.812
1408541310|36.687
1408541330|37.312
1408541350|38.25
1408541370|39.312
1408541391|40.437
1408541411|41.437
1408541431|43.0
1408541451|44.5
1408541471|46.375
1408541491|43.812
1408541512|39.875
1408541532|38.312
1408541552|37.687
1408541572|36.875
1408541593|36.687
1408541613|37.187
1408541633|38.0
1408541653|38.75
1408541673|40.312
1408541694|41.937
1408541714|43.875
1408541734|45.5
1408541756|45.625
1408541776|41.562
1408541797|39.687
1408541817|38.625
1408541837|37.937
1408541857|37.125
1408541877|36.687
1408541898|36.75
1408541918|37.437
1408541938|38.5
1408541958|39.875
1408541978|41.0
1408541998|42.437
1408542018|44.437
1408542038|41.937
1408542058|39.937
1408542078|38.687
1408542098|38.0
1408542119|37.625
1408542139|36.937
1408542159|37.187
1408542179|37.562
1408542199|38.812
1408542219|40.25
1408542239|41.625
1408542259|43.187
1408542279|44.437
1408542299|45.812
1408542319|43.5
1408542340|43.5
1408542360|39.062
1408542380|38.437
1408542400|38.812
1408542421|39.437
1408542441|40.312
1408542462|41.687
1408542482|43.187
1408542502|44.312
1408542522|45.312
1408542542|46.437
1408542562|47.187
1408542582|48.687
1408542602|50.187
1408542622|51.5
1408542642|51.937
1408542663|52.437
1408542683|53.937
1408542703|55.625
1408542723|57.125
1408542743|57.125
1408542763|59.687
1408542783|52.187
1408542803|46.312
1408542823|42.187
1408542843|40.375
1408542864|39.375
1408542884|38.625
1408542904|37.875
1408542924|37.625
1408542944|38.187
1408542964|39.25
1408542984|40.125
1408543004|41.687
1408543024|43.437
1408543045|44.687
1408543065|46.125
1408543085|47.562
1408543106|43.062
1408543126|40.562
1408543146|40.187
1408543166|40.875
1408543186|41.937
1408543207|43.125
1408543227|44.687
1408543247|45.625
1408543267|42.437
1408543287|40.125
1408543307|38.625
1408543327|38.187
1408543347|37.875
1408543367|37.812
1408543387|37.812
1408543408|37.812
1408543428|38.5
1408543448|39.187
1408543468|40.5
1408543488|41.687
1408543508|42.75
1408543528|44.062
1408543548|44.75
1408543568|42.0
1408543588|40.312
1408543608|39.437
1408543629|39.375
1408543649|39.437
1408543669|40.25
1408543689|41.437
1408543709|42.562
1408543730|43.125
1408543750|43.875
1408543770|45.125
1408543790|46.687
1408543810|48.375
1408543830|50.937
1408543850|53.5
1408543870|56.625
1408543890|59.25
1408543911|61.25
1408543931|54.75
1408543951|48.062
1408543971|43.812
1408543991|41.75
1408544011|40.562
1408544031|39.5
1408544051|39.187
1408544071|39.187
1408544091|39.187
1408544112|39.375
1408544132|40.437
1408544152|41.687
1408544172|42.562
1408544192|43.125
1408544212|43.125
1408544232|41.812
1408544252|40.562
1408544272|40.187
1408544292|39.875
1408544313|39.937
1408544333|40.687
1408544353|41.312
1408544373|42.125
1408544393|43.125
1408544414|44.062
1408544434|45.25
1408544454|46.062
1408544474|44.25
1408544494|43.125
1408544514|43.187
1408544534|44.187
1408544554|45.625
1408544574|47.0
1408544594|48.5
1408544614|51.125
1408544635|54.625
1408544655|54.625
1408544675|59.0
1408544695|61.187
1408544715|63.062
1408544735|63.062
1408544755|65.375
1408544777|66.062
1408544797|65.625
1408544817|66.062
1408544838|66.062
1408544858|66.875
1408544878|67.437
1408544898|67.812
1408544918|68.437
1408544938|67.375
1408544958|59.125
1408544978|52.187
1408544998|47.25
1408545018|44.375
1408545039|42.875
1408545059|41.812
1408545079|41.312
1408545099|41.25
1408545119|41.375
1408545139|42.25
1408545159|43.75
1408545180|45.812
1408545200|48.125
1408545220|50.0
1408545240|52.5
1408545260|50.062
1408545280|47.0
1408545300|46.062
1408545320|46.062
1408545341|48.312
1408545362|50.875
1408545382|53.562
1408545402|55.875
1408545422|57.187
1408545442|59.75
1408545462|61.812
1408545482|63.312
1408545502|64.375
1408545522|64.937
1408545542|65.0
1408545563|65.25
1408545583|65.937
1408545603|65.437
1408545623|65.125
1408545643|65.312
1408545663|66.25
1408545683|67.125
1408545703|67.875
1408545723|68.125
1408545743|68.562
1408545763|69.312
1408545784|69.75
1408545804|70.0
1408545824|70.0
1408545844|69.937
1408545864|70.187
1408545884|70.125
1408545905|67.937
1408545925|67.562
1408545945|67.312
1408545965|66.5
1408545986|66.687
1408546006|66.812
1408546026|66.812
1408546046|66.875
1408546066|66.125
1408546087|65.812
1408546107|65.562
1408546127|65.375
1408546147|64.375
1408546167|63.25
1408546187|62.312
1408546207|61.812
1408546228|61.437
1408546248|61.25
1408546268|61.0
1408546288|60.75
1408546308|59.75
1408546328|59.25
1408546348|59.375
1408546368|59.25
1408546388|58.125
1408546409|57.187
1408546429|57.25
1408546449|57.625
1408546469|58.0
1408546489|57.687
1408546509|57.375
1408546529|56.937
1408546549|57.0
1408546569|57.187
1408546590|57.812
1408546610|57.625
1408546630|57.5
1408546650|57.625
1408546670|57.5
1408546691|58.125
1408546711|58.625
1408546731|59.187
1408546751|58.562
1408546771|59.062
1408546791|60.062
1408546811|61.437
1408546831|62.5
1408546851|63.375
1408546872|64.312
1408546892|65.437
1408546912|66.812
1408546932|67.75
1408546952|67.375
1408546972|68.062
1408546992|68.25
1408547013|67.625
1408547033|67.062
1408547053|68.5
1408547073|68.75
1408547093|69.312
1408547113|69.312
1408547133|69.0
1408547153|69.937
1408547173|70.375
1408547193|69.75
1408547213|70.25
1408547234|70.625
1408547254|70.75
1408547274|70.25
1408547294|70.0
1408547315|69.812
1408547335|70.625
1408547355|70.937
1408547375|70.625
1408547395|68.812
1408547415|69.062
1408547435|68.625
1408547455|67.687
1408547476|67.687
1408547496|67.0
1408547516|64.875
1408547536|64.187
1408547556|63.312
1408547577|63.25
1408547597|63.562
1408547617|63.25
1408547637|63.375
1408547657|63.562
1408547677|63.437
1408547698|63.062
1408547718|63.125
1408547738|63.125
1408547758|63.0
1408547778|62.25
1408547798|62.062
1408547818|61.687
1408547839|61.625
1408547859|61.875
1408547879|61.625
1408547899|61.625
1408547919|61.0
1408547939|60.875
1408547959|60.375
1408547979|59.625
1408547999|59.875
1408548020|60.25
1408548040|60.25
1408548060|61.062
1408548080|61.437
1408548100|61.5
1408548121|60.25
1408548141|60.0
1408548161|60.062
1408548181|60.812
1408548201|61.125
1408548221|61.5
1408548241|62.0
1408548261|61.312
1408548281|61.25
1408548301|61.062
1408548322|61.187
1408548342|61.125
1408548362|60.687
1408548382|61.375
1408548402|62.187
1408548422|62.812
1408548442|63.312
1408548462|63.187
1408548482|62.375
1408548502|62.625
1408548523|63.125
1408548543|64.25
1408548563|64.25
1408548583|63.5
1408548603|62.062
1408548623|62.812
1408548643|63.187
1408548663|64.187
1408548684|64.5
1408548704|64.75
1408548724|65.5
1408548744|64.5
1408548764|64.25
1408548784|65.062
1408548805|63.937
1408548825|64.0
1408548845|65.375
1408548865|66.187
1408548885|67.062
1408548905|67.062
1408548925|61.437
1408548945|51.812
1408548965|46.187
1408548985|42.625
1408549006|40.562
1408549026|40.5
1408549046|40.625
1408549066|40.687
1408549086|41.375
1408549106|41.375
1408549126|44.312
1408549147|46.875
1408549167|49.062
1408549187|50.562
1408549208|53.0
1408549228|54.0
1408549248|49.75
1408549268|48.062
1408549288|49.562
1408549308|51.562
1408549328|53.375
1408549348|56.25
1408549368|59.937
1408549389|61.625
1408549409|63.375
1408549429|65.937
1408549449|66.75
1408549470|67.062
1408549490|68.25
1408549510|69.187
1408549530|69.625
1408549550|69.875
1408549570|69.812
1408549591|70.0
1408549611|70.875
1408549631|70.375
1408549651|69.75
1408549671|70.437
1408549691|70.687
1408549711|70.187
1408549731|69.937
1408549751|69.687
1408549772|70.562
1408549792|69.625
1408549812|69.687
1408549832|69.562
1408549852|69.875
1408549872|70.937
1408549892|71.562
1408549912|72.375
1408549932|72.75
1408549952|72.062
1408549972|72.625
1408549993|73.062
1408550013|72.437
1408550033|71.187
1408550053|70.562
1408550073|70.5
1408550094|70.062
1408550114|69.937
1408550134|70.187
1408550154|71.125
1408550174|72.062
1408550194|72.812
1408550214|72.75
1408550234|72.125
1408550255|72.062
1408550275|72.562
1408550295|73.0
1408550315|72.375
1408550335|72.375
1408550355|73.812
1408550375|74.437
1408550395|74.375
1408550415|72.625
1408550435|73.562
1408550455|73.625
1408550476|73.75
1408550496|73.562
1408550516|73.812
1408550536|73.75
1408550556|73.687
1408550576|73.75
1408550596|73.875
1408550616|73.812
1408550636|74.062
1408550656|73.937
1408550677|73.0
1408550697|73.375
1408550717|73.875
1408550737|73.875
1408550757|74.562
1408550778|74.75
1408550798|74.0
1408550818|74.0
1408550838|74.312
1408550858|74.5
1408550878|74.062
1408550898|73.187
1408550918|72.375
1408550938|72.75
1408550959|72.625
1408550979|72.437
1408550999|71.187
1408551019|70.875
1408551039|70.437
1408551059|70.187
1408551079|69.75
1408551099|69.437
1408551119|69.437
1408551139|69.0
1408551159|68.5
1408551180|67.937
1408551200|67.312
1408551220|67.375
1408551240|67.562
1408551260|67.312
1408551280|66.812
1408551300|66.375
1408551320|65.75
1408551341|64.562
1408551361|64.187
1408551381|64.187
1408551401|64.875
1408551421|64.625
1408551442|65.125
1408551462|65.125
1408551482|64.937
1408551502|64.812
1408551522|64.625
1408551542|64.437
1408551562|64.687
1408551582|65.062
1408551602|65.437
1408551622|65.562
1408551642|65.312
1408551663|65.187
1408551683|64.937
1408551703|65.0
1408551723|65.312
1408551743|65.562
1408551763|65.687
1408551783|65.625
1408551803|65.437
1408551823|65.187
1408551843|65.062
1408551863|64.312
1408551884|64.0
1408551904|63.25
1408551924|63.375
1408551944|63.5
1408551964|63.375
1408551985|63.187
1408552005|63.375
1408552025|63.562
1408552045|63.25
1408552065|62.5
1408552085|62.5
1408552105|62.437
1408552125|62.562
1408552145|62.5
1408552166|62.562
1408552186|62.187
1408552206|62.125
1408552226|61.875
1408552246|61.75
1408552266|61.25
1408552286|61.312
1408552306|61.125
1408552326|60.937
1408552346|61.187
1408552366|61.25
1408552387|61.312
1408552407|61.312
1408552427|61.312
1408552447|61.375
1408552467|61.437
1408552487|61.375
1408552507|61.312
1408552527|60.125
1408552547|55.937
1408552568|51.187
1408552588|48.687
1408552608|47.625
1408552628|47.375
1408552648|47.625
1408552668|47.75
1408552689|48.25
1408552709|48.937
1408552729|49.625
1408552749|50.062
1408552769|50.25
1408552789|50.25
1408552809|50.625
1408552829|50.937
1408552849|51.187
1408552869|51.687
1408552890|52.0
1408552910|52.25
1408552930|52.312
1408552950|52.562
1408552970|52.562
1408552990|52.625
1408553010|52.687
