1408812266|35.375
1408812286|35.5
1408812306|35.5
1408812327|35.625
1408812347|35.437
1408812368|35.5
1408812388|35.375
1408812408|35.25
1408812429|35.312
1408812449|35.25
1408812469|35.0
1408812489|35.0
1408812509|34.562
1408812529|34.437
1408812549|34.437
1408812569|33.812
1408812589|33.75
1408812609|33.812
1408812630|33.437
1408812650|32.812
1408812670|32.687
1408812690|32.875
1408812710|32.875
1408812730|32.687
1408812750|32.562
1408812770|32.687
1408812790|32.75
1408812810|32.562
1408812830|32.562
1408812851|32.75
1408812871|32.625
1408812891|32.687
1408812911|32.687
1408812931|32.625
1408812951|32.562
1408812972|32.25
1408812992|32.375
1408813012|32.312
1408813032|32.5
1408813052|32.687
1408813072|32.75
1408813092|32.687
1408813113|32.687
1408813133|32.5
1408813153|32.437
1408813173|32.437
1408813193|32.5
1408813213|32.5
1408813233|32.437
1408813253|32.25
1408813273|31.5
1408813294|31.687
1408813314|31.937
1408813334|32.062
1408813354|32.062
1408813374|32.062
1408813394|31.75
1408813414|31.75
1408813434|31.687
1408813454|31.375
1408813474|31.0
1408813494|31.125
1408813515|31.125
1408813535|31.125
1408813555|30.75
1408813575|30.875
1408813596|31.0
1408813616|31.187
1408813636|31.125
1408813656|31.187
1408813676|31.25
1408813696|31.062
1408813716|31.062
1408813737|31.062
1408813757|31.062
1408813777|31.125
1408813798|31.0
1408813818|30.625
1408813838|30.625
1408813858|30.625
1408813878|30.625
1408813898|30.625
1408813918|30.625
1408813938|30.687
1408813959|30.687
1408813979|30.75
1408813999|30.312
1408814019|30.312
1408814039|30.437
1408814059|30.5
1408814079|30.562
1408814099|30.625
1408814119|30.5
1408814139|30.625
1408814160|30.625
1408814180|30.625
1408814200|30.437
1408814220|30.437
1408814240|30.312
1408814261|30.312
1408814281|30.312
1408814301|30.312
1408814321|30.437
1408814341|30.437
1408814361|30.312
1408814381|30.437
1408814401|30.437
1408814422|30.437
1408814442|30.562
1408814464|30.562
1408814484|30.562
1408814504|30.5
1408814524|30.5
1408814544|30.5
1408814564|30.5
1408814584|30.25
1408814604|29.937
1408814624|30.0
1408814645|30.0
1408814665|29.937
1408814685|29.75
1408814705|29.562
1408814725|29.562
1408814745|29.562
1408814765|29.5
1408814785|29.5
1408814805|29.5
1408814825|29.375
1408814845|29.375
1408814866|29.312
1408814886|29.375
1408814906|29.375
1408814926|29.375
1408814946|29.375
1408814966|29.312
1408814986|29.312
1408815007|29.187
1408815028|29.0
1408815048|29.0
1408815068|28.937
1408815088|29.0
1408815108|29.0
1408815128|28.937
1408815148|28.937
1408815168|28.937
1408815189|28.875
1408815209|28.875
1408815229|28.812
1408815249|28.687
1408815269|28.625
1408815289|28.625
1408815309|28.687
1408815329|28.625
1408815349|28.625
1408815369|28.562
1408815390|28.562
1408815410|28.5
1408815430|28.437
1408815450|28.437
1408815470|28.25
1408815490|28.125
1408815510|27.875
1408815530|27.75
1408815550|27.75
1408815570|27.75
1408815591|27.75
1408815611|27.75
1408815631|27.812
1408815651|27.812
1408815671|27.687
1408815692|27.687
1408815714|27.687
1408815734|27.562
1408815754|27.5
1408815774|27.375
1408815794|27.312
1408815814|27.312
1408815834|27.312
1408815854|27.25
1408815874|27.187
1408815895|27.187
1408815915|27.187
1408815935|27.125
1408815955|27.062
1408815975|27.125
1408815995|27.062
1408816015|27.0
1408816035|27.0
1408816055|26.937
1408816075|26.937
1408816096|26.875
1408816116|26.875
1408816136|26.875
1408816156|26.875
1408816176|26.812
1408816196|26.812
1408816216|26.75
1408816236|26.687
1408816256|26.687
1408816276|26.687
1408816297|26.687
1408816318|26.625
1408816338|26.562
1408816358|26.5
1408816378|26.375
1408816398|26.375
1408816419|26.25
1408816439|26.187
1408816459|26.125
1408816479|26.125
1408816499|26.062
1408816519|26.062
1408816539|25.875
1408816559|25.937
1408816579|25.937
1408816599|25.937
1408816620|25.875
1408816640|25.875
1408816660|25.937
1408816680|25.937
1408816700|25.875
1408816720|25.812
1408816740|25.75
1408816760|25.75
1408816780|25.625
1408816800|25.562
1408816820|25.562
1408816841|25.437
1408816861|25.437
1408816881|25.375
1408816901|25.375
1408816921|25.312
1408816941|25.187
1408816961|25.187
1408816982|25.0
1408817003|24.937
1408817023|24.937
1408817043|24.937
1408817063|24.875
1408817083|24.812
1408817103|24.812
1408817124|24.812
1408817144|24.687
1408817164|24.687
1408817184|24.687
1408817204|24.562
1408817224|24.437
1408817244|24.437
1408817264|24.437
1408817284|24.437
1408817304|24.312
1408817325|24.312
1408817345|24.25
1408817365|24.187
1408817385|24.187
1408817405|24.0
1408817425|24.0
1408817445|24.0
1408817465|24.062
1408817485|24.125
1408817505|24.125
1408817526|24.062
1408817546|24.062
1408817566|24.0
1408817586|23.937
1408817606|23.75
1408817627|23.75
1408817647|23.687
1408817667|23.687
1408817687|23.625
1408817707|23.5
1408817727|23.437
1408817747|23.437
1408817768|23.437
1408817788|23.437
1408817808|23.437
1408817828|23.437
1408817849|23.375
1408817869|23.312
1408817889|23.312
1408817909|23.312
1408817929|23.25
1408817949|23.25
1408817969|23.125
1408817989|23.0
1408818009|23.062
1408818029|22.937
1408818050|22.937
1408818070|22.875
1408818092|22.812
1408818112|22.812
1408818132|22.812
1408818153|22.687
1408818173|22.687
1408818193|22.687
1408818213|22.687
1408818233|22.625
1408818253|22.687
1408818273|22.687
1408818294|22.562
1408818314|22.625
1408818334|22.562
1408818354|22.562
1408818374|22.562
1408818394|22.562
1408818414|22.437
1408818434|22.437
1408818454|22.375
1408818475|22.312
1408818495|22.312
1408818515|22.25
1408818535|22.312
1408818555|22.312
1408818576|22.312
1408818596|22.312
1408818616|22.187
1408818636|22.187
1408818656|22.187
1408818676|22.125
1408818696|22.0
1408818716|22.0
1408818736|22.0
1408818756|21.937
1408818777|21.875
1408818797|21.875
1408818817|21.75
1408818837|21.812
1408818857|21.812
1408818877|21.812
1408818897|21.812
1408818917|21.812
1408818937|21.812
1408818957|21.812
1408818977|21.812
1408818998|21.812
1408819018|21.812
1408819038|21.75
1408819058|21.75
1408819078|21.812
1408819098|21.812
1408819118|21.812
1408819139|21.812
1408819159|21.75
1408819179|21.687
1408819199|21.75
1408819219|21.625
1408819239|21.562
1408819259|21.562
1408819280|21.562
1408819300|21.562
1408819320|21.562
1408819340|21.562
1408819360|21.562
1408819380|21.562
1408819400|21.562
1408819420|21.5
1408819440|21.5
1408819460|21.437
1408819481|21.437
1408819501|21.437
1408819521|21.437
1408819541|21.375
1408819561|21.312
1408819581|21.312
1408819601|21.312
1408819621|21.312
1408819641|21.187
1408819661|21.187
1408819681|21.187
1408819702|21.187
1408819722|21.125
1408819742|21.125
1408819763|21.062
1408819783|21.062
1408819803|21.0
1408819823|21.0
1408819843|20.937
1408819863|20.937
1408819883|20.875
1408819903|20.812
1408819924|20.812
1408819944|20.812
1408819964|20.75
1408819984|20.75
1408820004|20.75
1408820024|20.687
1408820044|20.687
1408820064|20.687
1408820084|20.687
1408820104|20.625
1408820125|20.562
1408820145|20.562
1408820165|20.5
1408820185|20.5
1408820205|20.437
1408820225|20.375
1408820245|20.375
1408820265|20.312
1408820285|20.25
1408820305|20.25
1408820326|20.187
1408820346|20.187
1408820366|20.125
1408820386|20.062
1408820407|20.0
1408820427|20.0
1408820447|19.937
1408820467|19.875
1408820487|19.875
1408820507|19.75
1408820527|19.75
1408820547|19.75
1408820567|19.687
1408820588|19.562
1408820608|19.562
1408820628|19.562
1408820648|19.5
1408820668|19.437
1408820688|19.375
1408820708|19.375
1408820728|19.375
1408820748|19.312
1408820768|19.25
1408820789|19.187
1408820809|19.187
1408820829|19.187
1408820849|19.187
1408820869|19.125
1408820889|19.125
1408820909|19.125
1408820929|19.125
1408820949|19.062
1408820970|19.062
1408820990|19.062
1408821010|19.0
1408821030|18.937
1408821052|19.0
1408821073|18.937
1408821093|18.937
1408821113|18.937
1408821133|18.937
1408821153|18.937
1408821173|18.937
1408821194|18.875
1408821214|18.937
1408821234|18.875
1408821254|18.875
1408821274|18.875
1408821294|18.875
1408821314|18.875
1408821334|18.812
1408821354|18.812
1408821374|18.875
1408821394|18.812
1408821415|18.812
1408821435|18.812
1408821455|18.75
1408821475|18.75
1408821495|18.75
1408821515|18.687
1408821535|18.687
1408821555|18.625
1408821576|18.625
1408821596|18.625
1408821616|18.562
1408821636|18.5
1408821656|18.5
1408821676|18.437
1408821697|18.375
1408821717|18.375
1408821737|18.312
1408821757|18.312
1408821778|18.312
1408821798|18.25
1408821818|18.25
1408821838|18.25
1408821858|18.187
1408821878|18.187
1408821898|18.187
1408821919|18.125
1408821939|18.125
1408821959|18.125
1408821979|18.125
1408821999|18.062
1408822019|18.062
1408822039|18.0
1408822059|17.937
1408822079|17.875
1408822099|17.875
1408822120|17.875
1408822140|17.875
1408822160|17.875
1408822180|17.875
1408822200|17.875
1408822220|17.812
1408822240|17.812
1408822261|17.812
1408822281|17.812
1408822301|17.812
1408822321|17.812
1408822341|17.812
1408822361|17.812
1408822381|17.75
1408822401|17.75
1408822422|17.687
1408822442|17.75
1408822462|17.687
1408822482|17.687
1408822502|17.625
1408822523|17.625
1408822543|17.625
1408822563|17.625
1408822583|17.625
1408822603|17.625
1408822623|17.562
1408822643|17.5
1408822663|17.5
1408822683|17.5
1408822703|17.437
1408822723|17.437
1408822744|17.437
1408822764|17.437
1408822784|17.437
1408822804|17.375
1408822824|17.375
1408822844|17.375
1408822864|17.312
1408822884|17.312
1408822904|17.25
1408822924|17.25
1408822945|17.25
1408822965|17.187
1408822985|17.187
1408823005|17.125
1408823025|17.125
1408823045|17.062
1408823066|17.062
1408823087|17.062
1408823107|17.0
1408823127|17.0
1408823147|17.0
1408823168|16.937
1408823188|16.937
1408823208|16.875
1408823228|16.875
1408823248|16.875
1408823268|16.812
1408823288|16.812
1408823308|16.812
1408823328|16.75
1408823348|16.687
1408823369|16.687
1408823389|16.687
1408823409|16.687
1408823429|16.687
1408823449|16.625
1408823469|16.625
1408823489|16.562
1408823509|16.562
1408823529|16.5
1408823549|16.5
1408823569|16.437
1408823590|16.437
1408823610|16.375
1408823630|16.375
1408823650|16.312
1408823670|16.25
1408823690|16.25
1408823710|16.187
1408823731|16.125
1408823751|16.125
1408823771|16.062
1408823791|16.062
1408823811|16.062
1408823832|16.062
1408823852|16.0
1408823872|16.0
1408823892|15.937
1408823912|15.937
1408823932|15.875
1408823952|15.875
1408823972|15.875
1408823992|15.875
1408824012|15.875
1408824033|15.875
1408824053|15.875
1408824073|15.812
1408824093|15.812
1408824113|15.812
1408824133|15.812
1408824153|15.812
1408824173|15.812
1408824193|15.812
1408824213|15.812
1408824234|15.75
1408824254|15.75
1408824274|15.75
1408824294|15.75
1408824314|15.75
1408824334|15.75
1408824354|15.687
1408824375|15.687
1408824395|15.687
1408824415|15.687
1408824436|15.687
1408824457|15.687
1408824477|15.625
1408824497|15.625
1408824517|15.625
1408824537|15.625
1408824557|15.625
1408824577|15.625
1408824597|15.625
1408824617|15.625
1408824638|15.625
1408824658|15.562
1408824678|15.562
1408824698|15.5
1408824718|15.562
1408824738|15.5
1408824758|15.5
1408824778|15.5
1408824798|15.5
1408824818|15.5
1408824839|15.437
1408824859|15.437
1408824879|15.437
1408824899|15.375
1408824919|15.312
1408824939|15.312
1408824959|15.312
1408824979|15.312
1408824999|15.312
1408825020|15.25
1408825040|15.25
1408825060|15.25
1408825081|15.25
1408825101|15.25
1408825121|15.187
1408825141|15.187
1408825162|15.187
1408825182|15.187
1408825202|15.125
1408825222|15.125
1408825242|15.125
1408825262|15.062
1408825282|15.062
1408825302|15.062
1408825322|15.062
1408825342|15.062
1408825363|15.062
1408825383|15.0
1408825403|15.0
1408825423|14.937
1408825443|14.937
1408825463|14.937
1408825483|14.937
1408825503|14.937
1408825523|14.875
1408825543|14.875
1408825564|14.875
1408825584|14.812
1408825604|14.812
1408825624|14.812
1408825644|14.75
1408825664|14.75
1408825685|14.687
1408825705|14.625
1408825725|14.625
1408825745|14.625
1408825768|14.562
1408825788|14.562
1408825808|14.562
1408825828|14.5
1408825848|14.5
1408825868|14.437
1408825888|14.437
1408825908|14.437
1408825929|14.437
1408825949|14.375
1408825969|14.375
1408825989|14.375
1408826009|14.375
1408826029|14.375
1408826049|14.312
1408826069|14.312
1408826089|14.25
1408826110|14.25
1408826130|14.187
1408826150|14.25
1408826170|14.187
1408826190|14.187
1408826210|14.187
1408826230|14.187
1408826250|14.187
1408826270|14.187
1408826290|14.187
1408826310|14.187
1408826331|14.187
1408826351|14.125
1408826371|14.187
1408826391|14.125
1408826411|14.125
1408826432|14.125
1408826452|14.062
1408826472|14.062
1408826492|14.062
1408826512|14.062
1408826532|14.062
1408826552|14.0
1408826572|14.0
1408826592|14.0
1408826613|14.0
1408826633|13.875
1408826653|13.875
1408826673|13.875
1408826693|13.812
1408826713|13.75
1408826733|13.75
1408826754|13.75
1408826774|13.75
1408826794|13.687
1408826814|13.75
1408826834|13.687
1408826854|13.687
1408826874|13.625
1408826895|13.625
1408826915|13.625
1408826935|13.562
1408826955|13.562
1408826975|13.562
1408826995|13.562
1408827015|13.5
1408827035|13.5
1408827056|13.437
1408827077|13.437
1408827097|13.437
1408827117|13.437
1408827137|13.437
1408827157|13.437
1408827177|13.437
1408827197|13.375
1408827218|13.375
1408827238|13.375
1408827258|13.437
1408827278|13.375
1408827298|13.375
1408827318|13.375
1408827338|13.375
1408827358|13.375
1408827378|13.312
1408827398|13.312
1408827419|13.312
1408827439|13.312
1408827459|13.25
1408827479|13.25
1408827499|13.25
1408827519|13.187
1408827539|13.187
1408827559|13.187
1408827579|13.125
1408827599|13.125
1408827619|13.062
1408827640|13.125
1408827660|13.062
1408827680|13.062
1408827700|13.062
1408827720|13.062
1408827741|13.062
1408827761|13.062
1408827781|13.062
1408827801|13.0
1408827821|13.0
1408827841|13.062
1408827861|13.0
1408827881|13.0
1408827902|13.0
1408827922|13.0
1408827942|13.0
1408827962|12.937
1408827982|12.937
1408828002|12.937
1408828022|12.937
1408828042|12.875
1408828062|12.875
1408828083|12.875
1408828103|12.875
1408828123|12.812
1408828143|12.812
1408828163|12.812
1408828183|12.812
1408828203|12.812
1408828223|12.812
1408828243|12.812
1408828263|12.75
1408828284|12.75
1408828304|12.75
1408828324|12.687
1408828344|12.687
1408828365|12.75
1408828385|12.687
1408828405|12.687
1408828425|12.625
1408828445|12.625
1408828465|12.625
1408828485|12.625
1408828505|12.562
1408828525|12.625
1408828546|12.562
1408828566|12.562
1408828586|12.562
1408828606|12.562
1408828626|12.5
1408828647|12.5
1408828668|12.5
1408828688|12.5
1408828708|12.5
1408828728|12.5
1408828748|12.5
1408828768|12.437
1408828788|12.437
1408828808|12.437
1408828828|12.437
1408828848|12.437
1408828868|12.375
1408828889|12.375
1408828909|12.375
1408828929|12.375
1408828949|12.312
1408828969|12.312
1408828989|12.312
1408829009|12.312
1408829030|12.312
1408829050|12.25
1408829070|12.25
1408829090|12.25
1408829110|12.25
1408829130|12.187
1408829151|12.187
1408829171|12.187
1408829191|12.187
1408829212|12.187
1408829232|12.187
1408829252|12.187
1408829272|12.125
1408829292|12.125
1408829312|12.125
1408829332|12.125
1408829352|12.125
1408829372|12.125
1408829392|12.062
1408829413|12.062
1408829433|12.062
1408829453|12.062
1408829473|12.062
1408829493|12.062
1408829513|12.0
1408829533|12.0
1408829553|12.0
1408829573|12.0
1408829593|12.0
1408829614|12.0
1408829634|12.0
1408829654|12.0
1408829674|12.0
1408829694|11.937
1408829714|11.937
1408829735|11.937
1408829755|11.937
1408829775|11.937
1408829795|11.875
1408829815|11.875
1408829836|11.875
1408829856|11.875
1408829876|11.875
1408829896|11.875
1408829916|11.875
1408829936|11.812
1408829956|11.812
1408829976|11.812
1408829997|11.812
1408830017|11.812
1408830037|11.812
1408830057|11.812
1408830077|11.812
1408830097|11.75
1408830118|11.75
1408830138|11.75
1408830158|11.75
1408830178|11.75
1408830198|11.75
1408830218|11.687
1408830238|11.687
1408830258|11.687
1408830278|11.687
1408830298|11.687
1408830319|11.687
1408830339|11.687
1408830359|11.687
1408830379|11.625
1408830400|11.625
1408830420|11.625
1408830440|11.625
1408830460|11.625
1408830480|11.562
1408830500|11.562
1408830520|11.562
1408830540|11.562
1408830560|11.562
1408830581|11.562
1408830601|11.562
1408830621|11.562
1408830641|11.5
1408830661|11.562
1408830681|11.5
1408830701|11.5
1408830721|11.5
1408830741|11.5
1408830761|11.5
1408830782|11.5
1408830802|11.437
1408830822|11.437
1408830842|11.437
1408830862|11.437
1408830882|11.437
1408830902|11.437
1408830922|11.437
1408830942|11.375
1408830963|11.375
1408830983|11.375
1408831003|11.375
1408831024|11.375
1408831044|11.375
1408831064|11.312
1408831084|11.312
1408831104|11.312
1408831124|11.312
1408831144|11.312
1408831164|11.312
1408831184|11.312
1408831205|11.25
1408831225|11.25
1408831245|11.25
1408831265|11.25
1408831285|11.25
1408831305|11.25
1408831325|11.25
1408831345|11.25
1408831365|11.25
1408831385|11.187
1408831406|11.187
1408831426|11.187
1408831446|11.187
1408831466|11.187
1408831486|11.187
1408831506|11.187
1408831526|11.125
1408831546|11.125
1408831566|11.125
1408831586|11.125
1408831607|11.062
1408831627|11.125
1408831648|11.062
1408831668|11.062
1408831688|11.062
1408831708|11.062
1408831729|11.062
1408831749|11.0
1408831769|11.0
1408831789|11.0
1408831809|11.0
1408831829|11.0
1408831849|11.0
1408831869|11.0
1408831890|11.0
1408831910|10.937
1408831930|10.937
1408831950|10.937
1408831970|10.937
1408831990|10.937
1408832010|10.937
1408832030|10.937
1408832050|10.937
1408832070|10.875
1408832091|10.875
1408832111|10.875
1408832131|10.875
1408832151|10.875
1408832171|10.875
1408832191|10.812
1408832212|10.812
1408832232|10.812
1408832253|10.812
1408832273|10.812
1408832293|10.812
1408832313|10.75
1408832333|10.75
1408832353|10.75
1408832373|10.75
1408832394|10.75
1408832414|10.75
1408832434|10.75
1408832454|10.75
1408832474|10.75
1408832495|10.687
1408832515|10.687
1408832535|10.687
1408832555|10.687
1408832575|10.687
1408832595|10.687
1408832615|10.687
1408832635|10.625
1408832655|10.625
1408832675|10.625
1408832695|10.625
1408832716|10.625
1408832736|10.625
1408832756|10.625
1408832776|10.562
1408832796|10.562
1408832816|10.562
1408832836|10.562
1408832857|10.562
1408832877|10.562
1408832897|10.5
1408832917|10.5
1408832937|10.5
1408832957|10.5
1408832977|10.5
1408832997|10.5
1408833017|10.5
1408833038|10.437
1408833058|10.437
1408833078|10.437
1408833098|10.437
1408833119|10.437
1408833139|10.437
1408833159|10.375
1408833179|10.437
1408833199|10.437
1408833219|10.375
1408833239|10.375
1408833259|10.375
1408833280|10.375
1408833300|10.375
1408833320|10.375
1408833340|10.312
1408833360|10.312
1408833380|10.312
1408833400|10.312
1408833420|10.312
1408833440|10.312
1408833460|10.312
1408833480|10.312
1408833501|10.312
1408833521|10.312
1408833541|10.25
1408833561|10.25
1408833581|10.25
1408833601|10.25
1408833621|10.25
1408833641|10.25
1408833662|10.25
1408833682|10.25
1408833702|10.25
1408833722|10.25
1408833743|10.25
1408833763|10.25
1408833783|10.187
1408833803|10.187
1408833823|10.187
1408833843|10.25
1408833863|10.25
1408833883|10.187
1408833903|10.187
1408833923|10.187
1408833944|10.187
1408833964|10.187
1408833984|10.187
1408834004|10.187
1408834024|10.125
1408834044|10.125
1408834064|10.125
1408834084|10.125
1408834104|10.125
1408834124|10.125
1408834145|10.125
1408834165|10.125
1408834185|10.125
1408834205|10.062
1408834225|10.125
1408834245|10.125
1408834265|10.062
1408834286|10.062
1408834307|10.062
1408834327|10.062
1408834347|10.062
1408834367|10.062
1408834387|10.062
1408834407|10.062
1408834427|10.062
1408834447|10.062
1408834468|10.062
1408834488|10.062
1408834508|10.062
1408834528|10.0
1408834548|10.0
1408834568|10.0
1408834588|10.0
1408834608|10.0
1408834628|10.0
1408834648|10.0
1408834669|10.0
1408834689|9.937
1408834709|10.0
1408834729|10.0
1408834749|9.937
1408834769|9.937
1408834789|9.937
1408834809|9.937
1408834829|9.937
1408834849|9.937
1408834870|9.937
1408834890|9.937
1408834910|9.875
1408834930|9.875
1408834950|9.875
1408834971|9.875
1408834991|9.875
1408835012|9.875
1408835032|9.875
1408835052|9.875
1408835073|9.875
1408835093|9.812
1408835113|9.812
1408835133|9.875
1408835153|9.812
1408835173|9.812
1408835193|9.812
1408835213|9.875
1408835233|9.812
1408835253|9.812
1408835274|9.75
1408835294|9.812
1408835314|9.812
1408835334|9.812
1408835354|9.75
1408835374|9.75
1408835394|9.75
1408835414|9.75
1408835434|9.75
1408835454|9.75
1408835475|9.75
1408835495|9.75
1408835515|9.75
1408835535|9.75
1408835555|9.687
1408835575|9.687
1408835595|9.75
1408835616|9.687
1408835636|9.687
1408835656|9.687
1408835677|9.687
1408835697|9.687
1408835717|9.687
1408835737|9.625
1408835758|9.625
1408835778|9.625
1408835798|9.625
1408835818|9.625
1408835838|9.687
1408835858|9.625
1408835879|9.625
1408835899|9.625
1408835919|9.625
1408835939|9.625
1408835959|9.625
1408835979|9.625
1408835999|9.625
1408836019|9.625
1408836039|9.625
1408836059|9.625
1408836080|9.625
1408836100|9.562
1408836120|9.562
1408836140|9.562
1408836160|9.562
1408836180|9.562
1408836200|9.562
1408836220|9.562
1408836240|9.562
1408836260|9.562
1408836281|9.562
1408836301|9.5
1408836321|9.5
1408836342|9.562
1408836362|9.5
1408836382|9.5
1408836402|9.5
1408836423|9.5
1408836443|9.5
1408836463|9.5
1408836483|9.5
1408836503|9.5
1408836524|9.5
1408836544|9.5
1408836564|9.5
1408836584|9.437
1408836604|9.437
1408836624|9.437
1408836644|9.437
1408836664|9.437
1408836684|9.437
1408836704|9.437
1408836724|9.437
1408836745|9.437
1408836765|9.375
1408836785|9.375
1408836805|9.375
1408836825|9.375
1408836845|9.375
1408836865|9.375
1408836885|9.375
1408836905|9.375
1408836925|9.375
1408836946|9.375
1408836966|9.375
1408836986|9.312
1408837006|9.375
1408837027|9.375
1408837047|9.312
1408837067|9.312
1408837087|9.312
1408837107|9.312
1408837127|9.312
1408837147|9.25
1408837167|9.25
1408837188|9.312
1408837208|9.25
1408837228|9.25
1408837248|9.25
1408837268|9.25
1408837288|9.25
1408837308|9.25
1408837328|9.25
1408837348|9.25
1408837368|9.25
1408837389|9.25
1408837409|9.187
1408837429|9.25
1408837449|9.25
1408837469|9.25
1408837489|9.25
1408837509|9.187
1408837529|9.187
1408837549|9.187
1408837569|9.187
1408837590|9.187
1408837610|9.187
1408837630|9.187
1408837650|9.187
1408837671|9.187
1408837691|9.187
1408837711|9.187
1408837731|9.187
1408837751|9.187
1408837771|9.125
1408837791|9.187
1408837811|9.187
1408837831|9.125
1408837851|9.187
1408837872|9.125
1408837893|9.125
1408837914|9.125
1408837934|9.125
1408837954|9.125
1408837974|9.125
1408837994|9.125
1408838014|9.125
1408838034|9.125
1408838054|9.125
1408838074|9.125
1408838094|9.062
1408838115|9.062
1408838135|9.062
1408838155|9.062
1408838175|9.062
1408838195|9.062
1408838215|9.062
1408838235|9.062
1408838255|9.0
1408838275|9.062
1408838295|9.062
1408838316|9.0
1408838336|9.062
1408838356|9.0
1408838376|9.0
1408838396|9.0
1408838416|9.0
1408838437|9.0
1408838457|9.0
1408838477|9.0
1408838497|9.0
1408838517|9.0
1408838537|9.0
1408838557|9.0
1408838578|9.0
1408838598|9.0
1408838618|8.937
1408838638|9.0
1408838658|9.0
1408838678|8.937
1408838698|8.937
1408838718|8.937
1408838738|8.937
1408838758|8.937
1408838779|8.937
1408838799|8.937
1408838819|8.937
1408838839|8.937
1408838859|8.875
1408838879|8.875
1408838899|8.937
1408838919|8.937
1408838939|8.937
1408838959|8.875
1408838980|8.875
1408839000|8.937
1408839020|8.875
1408839040|8.875
1408839060|8.875
1408839081|8.875
1408839101|8.875
1408839121|8.875
1408839143|8.812
1408839163|8.875
1408839183|8.812
1408839203|8.812
1408839223|8.812
1408839243|8.812
1408839263|8.812
1408839283|8.812
1408839304|8.812
1408839324|8.812
1408839344|8.812
1408839364|8.812
1408839384|8.75
1408839404|8.75
1408839424|8.75
1408839444|8.75
1408839464|8.75
1408839484|8.75
1408839504|8.75
1408839525|8.75
1408839545|8.75
1408839565|8.687
1408839585|8.75
1408839605|8.687
1408839625|8.687
1408839645|8.687
1408839665|8.687
1408839685|8.687
1408839706|8.687
1408839726|8.687
1408839746|8.687
1408839766|8.687
1408839786|8.687
1408839807|8.687
1408839828|8.687
1408839848|8.625
1408839868|8.625
1408839888|8.625
1408839908|8.625
1408839928|8.625
1408839948|8.625
1408839968|8.625
1408839988|8.562
1408840008|8.562
1408840029|8.562
1408840049|8.562
1408840069|8.562
1408840089|8.562
1408840109|8.562
1408840129|8.562
1408840149|8.562
1408840169|8.562
1408840189|8.5
1408840209|8.5
1408840229|8.562
1408840250|8.5
1408840270|8.5
1408840290|8.5
1408840310|8.5
1408840330|8.5
1408840350|8.5
1408840370|8.5
1408840391|8.5
1408840411|8.5
1408840431|8.5
1408840451|8.5
1408840472|8.437
1408840492|8.5
1408840512|8.5
1408840532|8.437
1408840552|8.437
1408840572|8.437
1408840592|8.437
1408840612|8.437
1408840632|8.437
1408840652|8.437
1408840673|8.437
1408840693|8.437
1408840713|8.437
1408840733|8.437
1408840753|8.437
1408840773|8.437
1408840794|8.437
1408840814|8.437
1408840834|8.437
1408840854|8.437
1408840874|8.437
1408840894|8.437
1408840914|8.437
1408840934|8.437
1408840954|8.437
1408840974|8.437
1408840995|8.437
1408841015|8.437
1408841035|8.437
1408841055|8.437
1408841075|8.375
1408841096|8.437
1408841116|8.437
1408841136|8.437
1408841156|8.375
1408841176|8.375
1408841196|8.375
1408841216|8.375
1408841237|8.375
1408841257|8.375
1408841277|8.375
1408841297|8.375
1408841317|8.312
1408841337|8.312
1408841357|8.312
1408841377|8.375
1408841397|8.375
1408841417|8.312
1408841438|8.312
1408841458|8.312
1408841479|8.312
1408841499|8.312
1408841519|8.312
1408841539|8.312
1408841559|8.312
1408841579|8.25
1408841599|8.25
1408841619|8.25
1408841639|8.312
1408841659|8.312
1408841680|8.25
1408841700|8.25
1408841720|8.25
1408841740|8.312
1408841760|8.25
1408841781|8.312
1408841801|8.25
1408841821|8.312
1408841841|8.312
1408841861|8.312
1408841881|8.312
1408841901|8.312
1408841923|8.312
1408841943|8.312
1408841963|8.312
1408841983|8.312
1408842004|8.312
1408842024|8.312
1408842044|8.312
1408842064|8.312
1408842084|8.312
1408842104|8.312
1408842124|8.312
1408842144|8.312
1408842164|8.312
1408842184|8.312
1408842205|8.312
1408842225|8.312
1408842245|8.312
1408842265|8.312
1408842285|8.312
1408842305|8.312
1408842325|8.25
1408842345|8.312
1408842365|8.25
1408842385|8.25
1408842405|8.25
1408842426|8.25
1408842446|8.25
1408842466|8.25
1408842486|8.25
1408842506|8.187
1408842527|8.25
1408842547|8.25
1408842567|8.187
1408842587|8.187
1408842607|8.187
1408842628|8.187
1408842648|8.187
1408842668|8.187
1408842688|8.187
1408842708|8.187
1408842728|8.187
1408842748|8.187
1408842768|8.25
1408842788|8.25
1408842808|8.187
1408842829|8.187
1408842849|8.25
1408842869|8.25
1408842889|8.25
1408842909|8.25
1408842929|8.25
1408842949|8.25
1408842969|8.25
1408842989|8.25
1408843009|8.187
1408843030|8.25
1408843050|8.187
1408843070|8.25
1408843090|8.25
1408843110|8.187
1408843130|8.187
1408843151|8.187
1408843171|8.187
1408843191|8.187
1408843211|8.187
1408843231|8.25
1408843251|8.187
1408843271|8.187
1408843292|8.187
1408843312|8.187
1408843332|8.187
1408843352|8.187
1408843372|8.187
1408843392|8.187
1408843412|8.187
1408843432|8.187
1408843452|8.187
1408843472|8.125
1408843492|8.125
1408843513|8.187
1408843533|8.187
1408843553|8.125
1408843573|8.187
1408843593|8.187
1408843613|8.187
1408843633|8.125
1408843653|8.187
1408843673|8.187
1408843693|8.187
1408843714|8.187
1408843734|8.125
1408843754|8.125
1408843774|8.187
1408843795|8.125
1408843815|8.125
1408843835|8.125
1408843855|8.187
1408843875|8.125
1408843895|8.187
1408843915|8.187
1408843935|8.187
1408843956|8.125
1408843976|8.125
1408843996|8.125
1408844016|8.187
1408844036|8.125
1408844056|8.187
1408844076|8.125
1408844096|8.187
1408844116|8.125
1408844137|8.125
1408844157|8.125
1408844177|8.187
1408844197|8.125
1408844218|8.125
1408844238|8.125
1408844258|8.125
1408844278|8.125
1408844298|8.125
1408844318|8.125
1408844338|8.125
1408844359|8.125
1408844379|8.125
1408844399|8.125
1408844419|8.125
1408844439|8.125
1408844459|8.125
1408844479|8.125
1408844499|8.125
1408844520|8.125
1408844540|8.125
1408844560|8.125
1408844580|8.125
1408844601|8.125
1408844621|8.125
1408844642|8.125
1408844662|8.125
1408844682|8.125
1408844702|8.125
1408844722|8.125
1408844742|8.125
1408844762|8.125
1408844782|8.125
1408844803|8.125
1408844824|8.125
1408844844|8.125
1408844864|8.125
1408844884|8.125
1408844904|8.125
1408844924|8.062
1408844944|8.125
1408844964|8.062
1408844984|8.125
1408845004|8.062
1408845024|8.062
1408845045|8.062
1408845065|8.062
1408845085|8.062
1408845105|8.062
1408845125|8.062
1408845145|8.062
1408845165|8.062
1408845185|8.062
1408845205|8.062
1408845225|8.062
1408845245|8.0
1408845266|8.0
1408845286|8.062
1408845306|8.062
1408845326|8.062
1408845349|8.0
1408845369|8.062
1408845389|8.0
1408845409|8.062
1408845429|8.062
1408845449|8.062
1408845470|8.0
1408845490|8.0
1408845510|8.0
1408845530|8.0
1408845550|8.0
1408845570|8.0
1408845590|8.0
1408845610|8.0
1408845630|8.0
1408845650|8.0
1408845671|7.937
1408845691|7.937
1408845711|8.0
1408845731|7.937
1408845751|7.937
1408845771|8.0
1408845791|8.0
1408845811|8.0
1408845831|8.0
1408845851|8.0
1408845871|8.0
1408845892|7.937
1408845912|8.0
1408845932|7.937
1408845952|8.0
1408845972|7.937
1408845993|7.937
1408846013|7.937
1408846033|7.937
1408846053|7.937
1408846073|7.937
1408846093|7.937
1408846113|7.937
1408846134|7.937
1408846154|7.937
1408846174|7.937
1408846194|7.937
1408846214|7.937
1408846234|7.937
1408846254|7.937
1408846274|7.875
1408846294|7.937
1408846314|7.937
1408846335|7.937
1408846355|7.937
1408846375|7.937
1408846395|7.937
1408846415|7.937
1408846435|7.937
1408846455|7.875
1408846475|7.875
1408846495|7.937
1408846515|7.875
1408846536|7.875
1408846556|7.875
1408846576|7.875
1408846596|7.875
1408846616|7.875
1408846636|7.875
1408846657|7.937
1408846677|7.937
1408846697|7.937
1408846717|7.875
1408846737|7.937
1408846757|7.875
1408846777|7.875
1408846797|7.937
1408846817|7.937
1408846838|7.937
1408846858|7.937
1408846878|7.937
1408846898|7.937
1408846918|7.937
1408846938|7.937
1408846958|7.937
1408846978|7.937
1408846998|7.937
1408847018|7.937
1408847038|7.937
1408847059|7.937
1408847079|7.937
1408847099|7.937
1408847119|7.937
1408847139|7.937
1408847159|7.937
1408847179|7.937
1408847199|7.937
1408847220|7.937
1408847240|7.937
1408847260|7.937
1408847280|7.937
1408847300|7.937
1408847321|7.937
1408847341|7.937
1408847361|7.937
1408847381|7.937
1408847401|7.937
1408847421|7.937
1408847441|7.937
1408847461|7.937
1408847481|7.875
1408847502|7.875
1408847522|7.875
1408847542|7.875
1408847563|7.875
1408847584|7.875
1408847604|7.875
1408847624|7.875
1408847644|7.875
1408847664|7.875
1408847684|7.812
1408847704|7.812
1408847724|7.875
1408847744|7.875
1408847764|7.812
1408847784|7.812
1408847805|7.812
1408847825|7.812
1408847845|7.812
1408847865|7.812
1408847885|7.812
1408847905|7.812
1408847925|7.812
1408847945|7.812
1408847965|7.812
1408847986|7.812
1408848006|7.812
1408848026|7.812
1408848046|7.812
1408848067|7.812
1408848087|7.812
1408848107|7.812
1408848127|7.812
1408848147|7.75
1408848167|7.75
1408848187|7.75
1408848207|7.75
1408848227|7.75
1408848248|7.75
1408848268|7.75
1408848288|7.75
1408848308|7.687
1408848328|7.75
1408848348|7.687
1408848368|7.687
1408848388|7.687
1408848408|7.687
1408848428|7.687
1408848449|7.687
1408848469|7.687
1408848489|7.687
1408848509|7.625
1408848529|7.687
1408848549|7.625
1408848569|7.625
1408848589|7.625
1408848609|7.625
1408848630|7.625
1408848650|7.625
1408848670|7.687
1408848690|7.625
1408848711|7.625
1408848731|7.625
1408848751|7.625
1408848771|7.625
1408848791|7.625
1408848811|7.625
1408848831|7.625
1408848853|7.625
1408848873|7.625
1408848893|7.625
1408848913|7.562
1408848933|7.562
1408848953|7.562
1408848973|7.562
1408848993|7.562
1408849013|7.562
1408849033|7.562
1408849054|7.562
1408849074|7.562
1408849094|7.5
1408849114|7.562
1408849134|7.562
1408849154|7.5
1408849174|7.562
1408849194|7.562
1408849214|7.5
1408849234|7.5
1408849255|7.5
1408849275|7.5
1408849295|7.5
1408849315|7.5
1408849335|7.5
1408849355|7.5
1408849375|7.5
1408849396|7.5
1408849416|7.5
1408849436|7.5
1408849456|7.5
1408849477|7.437
1408849497|7.5
1408849517|7.5
1408849537|7.5
1408849558|7.5
1408849578|7.437
1408849598|7.5
1408849618|7.437
1408849638|7.437
1408849658|7.437
1408849678|7.437
1408849699|7.5
1408849719|7.437
1408849739|7.5
1408849759|7.5
1408849779|7.5
1408849799|7.5
1408849819|7.437
1408849839|7.437
1408849859|7.5
1408849879|7.5
1408849900|7.5
1408849920|7.5
1408849940|7.5
1408849960|7.5
1408849980|7.5
1408850000|7.562
1408850020|7.562
1408850040|7.562
1408850060|7.562
1408850081|7.625
1408850101|7.562
1408850121|7.625
1408850141|7.625
1408850161|7.687
1408850181|7.687
1408850202|7.687
1408850222|7.687
1408850242|7.687
1408850263|7.75
1408850284|7.75
1408850304|7.75
1408850324|7.812
1408850344|7.812
1408850364|7.812
1408850384|7.875
1408850404|7.875
1408850424|7.875
1408850444|7.875
1408850464|7.937
1408850485|7.937
1408850505|7.937
1408850525|8.0
1408850545|8.0
1408850565|8.0
1408850585|8.0
1408850605|8.062
1408850625|8.062
1408850645|8.062
1408850665|8.125
1408850685|8.125
1408850706|8.187
1408850726|8.187
1408850746|8.187
1408850766|8.25
1408850786|8.25
1408850806|8.25
1408850826|8.312
1408850847|8.312
1408850867|8.312
1408850888|8.375
1408850908|8.375
1408850928|8.437
1408850948|8.437
1408850968|8.437
1408850988|8.5
1408851008|8.5
1408851028|8.562
1408851048|8.562
1408851069|8.562
1408851089|8.562
1408851109|8.625
1408851129|8.625
1408851149|8.687
1408851169|8.687
1408851189|8.687
1408851209|8.75
1408851229|8.75
1408851249|8.75
1408851269|8.75
1408851290|8.812
1408851310|8.812
1408851330|8.812
1408851350|8.812
1408851370|8.812
1408851390|8.875
1408851410|8.875
1408851430|8.875
1408851450|8.875
1408851471|8.875
1408851491|8.875
1408851511|8.937
1408851531|8.937
1408851551|8.937
1408851572|9.0
1408851592|9.0
1408851612|9.0
1408851632|9.0
1408851652|9.0
1408851673|9.062
1408851693|9.062
1408851714|9.062
1408851734|9.062
1408851754|9.062
1408851774|9.062
1408851794|9.125
1408851814|9.125
1408851834|9.187
1408851854|9.187
1408851874|9.187
1408851894|9.187
1408851915|9.25
1408851935|9.25
1408851955|9.312
1408851975|9.312
1408851995|9.375
1408852015|9.375
1408852035|9.437
1408852055|9.437
1408852075|9.5
1408852095|9.562
1408852116|9.625
1408852136|9.625
1408852156|9.687
1408852176|9.75
1408852196|9.75
1408852216|9.812
1408852236|9.875
1408852257|9.875
1408852277|9.937
1408852297|9.937
1408852317|10.0
1408852337|10.0
1408852358|10.062
1408852378|10.125
1408852398|10.125
1408852418|10.187
1408852438|10.25
1408852458|10.25
1408852478|10.312
1408852498|10.375
1408852518|10.375
1408852538|10.375
1408852559|10.437
1408852579|10.5
1408852599|10.562
1408852619|10.562
1408852639|10.562
1408852659|10.625
1408852679|10.687
1408852699|10.687
1408852719|10.75
1408852739|10.812
1408852760|10.812
1408852780|10.875
1408852800|11.0
1408852820|11.062
1408852840|11.187
1408852860|11.25
1408852880|11.375
1408852901|11.5
1408852921|11.625
1408852941|11.75
1408852963|11.875
1408852983|11.937
1408853003|12.0
1408853023|12.125
1408853043|12.25
1408853063|12.375
1408853083|12.5
1408853104|12.625
1408853124|12.625
1408853144|12.875
1408853164|13.0
1408853185|13.062
1408853205|13.125
1408853225|13.25
1408853245|13.312
1408853265|13.437
1408853285|13.5
1408853305|13.562
1408853325|13.625
1408853345|13.687
1408853365|13.75
1408853386|13.812
1408853406|13.875
1408853426|13.937
1408853446|14.0
1408853466|14.0
1408853486|14.187
1408853506|14.312
1408853526|14.375
1408853546|14.375
1408853566|14.437
1408853587|14.437
1408853607|14.5
1408853627|14.562
1408853647|14.625
1408853668|14.687
1408853688|14.687
1408853708|14.75
1408853728|14.812
1408853748|14.875
1408853768|14.937
1408853788|14.937
1408853808|15.062
1408853829|15.125
1408853849|15.187
1408853869|15.25
1408853889|15.375
1408853909|15.5
1408853929|15.5
1408853949|15.625
1408853969|15.75
1408853989|15.812
1408854009|15.937
1408854030|16.0
1408854050|16.062
1408854070|16.187
1408854090|16.312
1408854110|16.375
1408854130|16.5
1408854150|16.437
1408854170|16.5
1408854190|16.562
1408854210|16.625
1408854231|16.687
1408854251|16.687
1408854271|16.75
1408854291|16.75
1408854312|16.687
1408854332|16.625
1408854352|16.625
1408854372|16.625
1408854392|16.75
1408854412|16.875
1408854432|16.937
1408854452|17.0
1408854472|17.062
1408854493|17.062
1408854513|17.125
1408854533|17.312
1408854553|17.5
1408854573|17.687
1408854593|17.875
1408854613|18.062
1408854633|18.312
1408854653|18.437
1408854674|18.625
1408854694|18.75
1408854714|18.75
1408854734|18.812
1408854754|18.875
1408854774|19.0
1408854794|19.312
1408854814|19.562
1408854834|19.812
1408854854|19.937
1408854875|20.125
1408854895|20.312
1408854915|20.437
1408854935|20.562
1408854956|20.687
1408854976|20.875
1408854996|21.0
1408855016|21.312
1408855036|21.625
1408855056|21.937
1408855076|22.187
1408855096|22.5
1408855117|22.75
1408855137|22.937
1408855157|22.937
1408855177|23.375
1408855197|23.812
1408855217|24.312
1408855238|24.75
1408855258|25.125
1408855278|25.375
1408855298|25.375
1408855318|25.75
1408855338|26.125
1408855359|26.375
1408855379|26.625
1408855399|26.875
1408855419|27.125
1408855439|27.437
1408855459|27.75
1408855479|27.937
1408855499|28.125
1408855519|28.437
1408855540|28.687
1408855561|29.0
1408855581|29.0
1408855601|29.437
1408855621|29.625
1408855641|29.812
1408855661|29.875
1408855681|30.062
1408855701|30.375
1408855722|30.625
1408855742|30.812
1408855762|31.0
1408855782|31.25
1408855803|31.562
1408855823|31.812
1408855843|32.062
1408855863|32.375
1408855884|32.687
1408855904|32.875
1408855924|33.062
1408855944|33.062
1408855964|33.25
1408855984|33.5
1408856004|33.5
1408856024|33.812
1408856044|33.875
1408856065|33.625
1408856085|33.875
1408856105|34.125
1408856125|34.437
1408856145|34.562
1408856165|34.812
1408856185|34.937
1408856205|34.937
1408856225|34.937
1408856245|35.687
1408856266|35.875
1408856286|36.062
1408856306|36.187
1408856326|36.187
1408856346|36.312
1408856366|36.375
1408856386|36.562
1408856406|36.625
1408856426|36.812
1408856447|36.812
1408856467|36.75
1408856488|36.75
1408856508|36.812
1408856528|37.0
1408856548|37.0
1408856568|37.125
1408856588|37.125
1408856609|37.437
1408856629|37.562
1408856649|37.625
1408856669|37.812
1408856689|37.875
1408856709|37.875
1408856729|37.625
1408856749|37.562
1408856770|37.75
1408856790|38.0
1408856810|38.0
1408856830|38.187
1408856850|38.125
1408856870|38.25
1408856890|38.562
1408856910|38.562
1408856930|38.625
1408856950|38.5
1408856971|38.562
1408856991|38.437
1408857011|38.687
1408857031|38.937
1408857051|39.0
1408857071|39.0
1408857091|39.187
1408857111|39.437
1408857132|39.437
1408857152|39.5
1408857173|39.687
1408857193|39.812
1408857213|39.75
1408857233|39.875
1408857253|39.937
1408857273|39.937
1408857293|40.125
1408857313|40.625
1408857334|40.875
1408857354|41.062
1408857374|41.187
1408857394|41.187
1408857414|41.187
1408857434|40.875
1408857454|40.687
1408857474|40.75
1408857494|41.062
1408857514|41.187
1408857535|41.312
1408857555|41.625
1408857575|41.75
1408857595|41.75
1408857615|41.75
1408857635|42.0
1408857655|42.125
1408857675|42.0
1408857695|42.312
1408857715|42.562
1408857736|42.5
1408857756|42.437
1408857776|42.125
1408857796|42.25
1408857817|42.375
1408857837|42.5
1408857858|42.625
1408857878|42.5
1408857898|42.812
1408857919|42.625
1408857939|34.375
1408857959|27.812
1408857979|23.875
1408857999|21.812
1408858019|20.75
1408858039|20.5
1408858059|20.625
1408858079|21.125
1408858099|21.812
1408858119|22.562
1408858140|23.5
1408858160|24.312
1408858180|25.125
1408858200|25.75
1408858220|26.437
1408858240|27.187
1408858260|27.187
1408858280|28.625
1408858300|29.312
1408858320|29.937
1408858341|30.5
1408858361|31.062
1408858381|31.625
1408858401|32.0
1408858421|32.437
1408858441|32.812
1408858462|33.187
1408858482|33.625
1408858503|33.937
1408858523|34.25
1408858543|34.625
1408858563|35.125
1408858583|35.437
1408858603|35.812
1408858623|36.125
1408858643|36.437
1408858663|36.25
1408858683|36.687
1408858703|37.125
1408858724|37.5
1408858744|37.875
1408858764|38.187
1408858784|38.562
1408858804|38.562
1408858824|38.625
1408858844|38.75
1408858864|39.0
1408858884|39.187
1408858904|39.437
1408858925|39.437
1408858945|39.75
1408858965|39.812
1408858985|40.0
1408859005|40.0
1408859025|39.937
1408859045|40.375
1408859066|40.75
1408859086|40.937
1408859106|33.0
1408859126|27.312
1408859146|24.812
1408859166|23.625
1408859186|23.187
1408859207|23.125
1408859227|23.437
1408859247|23.875
1408859267|24.5
1408859287|25.25
1408859307|26.062
1408859327|26.937
1408859348|27.687
1408859368|28.437
1408859389|29.125
1408859409|29.875
1408859429|30.562
1408859449|31.125
1408859469|31.75
1408859489|32.437
1408859509|33.125
1408859529|33.75
1408859549|34.375
1408859569|34.937
1408859589|35.437
1408859610|36.0
1408859630|36.5
1408859650|37.0
1408859670|37.437
1408859690|37.875
1408859710|37.875
1408859730|38.75
1408859750|38.875
1408859771|38.875
1408859791|39.125
1408859811|38.062
1408859831|33.0
1408859851|30.562
1408859872|29.687
1408859892|29.375
1408859912|29.562
1408859933|30.062
1408859953|30.25
1408859973|31.0
1408859993|31.0
1408860013|32.625
1408860033|33.437
1408860053|34.25
1408860074|35.062
1408860094|35.875
1408860114|36.625
1408860134|37.312
1408860154|38.0
1408860174|38.687
1408860194|39.187
1408860214|39.75
1408860234|40.125
1408860254|36.937
1408860274|34.5
1408860295|33.25
1408860315|32.625
1408860335|32.437
1408860355|32.437
1408860375|33.125
1408860395|33.687
1408860415|34.25
1408860435|34.937
1408860456|35.75
1408860476|36.5
1408860496|37.25
1408860516|37.937
1408860537|38.625
1408860557|39.25
1408860577|40.062
1408860597|40.687
1408860617|39.75
1408860637|36.437
1408860657|34.625
1408860678|33.687
1408860698|33.062
1408860718|32.875
1408860738|33.062
1408860758|33.562
1408860778|34.187
1408860798|34.187
1408860818|35.937
1408860839|36.75
1408860859|37.625
1408860879|38.375
1408860899|39.125
1408860920|39.937
1408860940|40.812
1408860960|39.437
1408860980|36.687
1408861000|35.312
1408861020|34.312
1408861040|33.562
1408861060|33.375
1408861080|33.5
1408861100|34.125
1408861121|34.875
1408861141|35.562
1408861161|36.562
1408861181|37.5
1408861201|38.437
1408861222|39.375
1408861243|40.375
1408861263|41.187
1408861284|38.937
1408861304|36.562
1408861324|34.937
1408861344|34.0
1408861364|33.5
1408861384|33.125
1408861405|33.437
1408861425|34.125
1408861445|34.812
1408861465|34.812
1408861485|34.812
1408861505|37.375
1408861528|38.375
1408861548|39.25
1408861568|40.25
1408861588|40.875
1408861608|38.125
1408861628|36.187
1408861648|34.937
1408861668|34.125
1408861688|33.625
1408861708|33.562
1408861728|33.812
1408861749|34.375
1408861769|35.312
1408861789|36.187
1408861809|37.062
1408861829|37.062
1408861849|38.812
1408861869|39.437
1408861889|40.437
1408861909|37.937
1408861929|36.187
1408861950|35.0
1408861970|34.125
1408861990|33.437
1408862010|33.562
1408862031|34.062
1408862051|34.5
1408862071|35.062
1408862091|36.125
1408862111|37.312
1408862132|38.437
1408862152|38.875
1408862172|39.75
1408862192|39.75
1408862213|36.25
1408862233|36.25
1408862254|34.25
1408862275|33.812
1408862295|33.75
1408862316|33.937
1408862336|33.937
1408862356|35.375
1408862376|36.25
1408862396|37.312
1408862416|38.25
1408862436|39.437
1408862456|40.562
1408862476|40.5
1408862496|37.625
1408862517|35.75
1408862537|34.75
1408862557|34.25
1408862577|33.937
1408862597|33.937
1408862617|34.562
1408862637|35.375
1408862657|36.437
1408862677|37.562
1408862697|38.75
1408862717|38.75
1408862738|40.875
1408862758|40.562
1408862778|38.187
1408862798|36.437
1408862818|35.187
1408862838|34.375
1408862859|34.25
1408862880|34.5
1408862901|35.25
1408862922|36.25
1408862942|37.125
1408862962|37.812
1408862982|38.812
1408863002|39.687
1408863022|41.187
1408863043|39.75
1408863063|37.5
1408863083|36.125
1408863103|36.125
1408863123|36.125
1408863143|33.687
1408863163|34.062
1408863183|34.875
1408863203|35.875
1408863223|37.0
1408863244|38.125
1408863264|39.5
1408863284|40.875
1408863304|42.125
1408863324|40.25
1408863344|40.25
1408863364|36.687
1408863384|35.75
1408863404|35.125
1408863424|35.125
1408863445|35.0
1408863465|35.0
1408863485|36.5
1408863505|37.687
1408863525|38.875
1408863545|40.125
1408863566|41.437
1408863586|42.687
1408863606|40.062
1408863626|38.0
1408863646|36.812
1408863666|36.062
1408863686|35.625
1408863706|35.437
1408863727|35.687
1408863747|36.187
1408863767|37.062
1408863787|38.25
1408863807|39.562
1408863827|41.0
1408863847|42.312
1408863867|41.812
1408863887|39.0
1408863907|37.25
1408863928|36.062
1408863948|36.062
1408863968|35.062
1408863988|35.0
1408864008|35.0
1408864028|36.25
1408864048|37.312
1408864068|38.687
1408864088|39.937
1408864108|41.375
1408864129|42.5
1408864149|39.562
1408864169|37.75
1408864189|36.687
1408864210|35.937
1408864230|35.562
1408864250|35.437
1408864270|35.812
1408864290|36.625
1408864310|37.75
1408864330|37.75
1408864350|40.5
1408864370|42.062
1408864390|43.437
1408864410|40.625
1408864431|38.437
1408864451|36.375
1408864471|35.062
1408864491|34.875
1408864511|34.875
1408864531|34.875
1408864551|35.812
1408864571|36.937
1408864591|38.312
1408864611|39.75
1408864632|41.312
1408864652|42.937
1408864672|42.937
1408864692|38.5
1408864712|37.312
1408864732|36.5
1408864752|35.875
1408864773|35.562
1408864793|35.5
1408864813|36.125
1408864833|36.875
1408864853|38.0
1408864873|39.5
1408864893|41.062
1408864914|43.0
1408864934|43.187
1408864954|40.25
1408864974|40.25
1408864995|37.125
1408865015|36.187
1408865035|35.562
1408865055|35.5
1408865075|36.062
1408865095|36.5
1408865115|37.125
1408865135|38.437
1408865155|40.312
1408865176|41.687
1408865196|40.812
1408865216|38.562
1408865236|36.75
1408865257|36.0
1408865277|35.25
1408865297|35.0
1408865317|34.937
1408865337|35.062
1408865357|36.125
1408865377|37.5
1408865397|39.0
1408865417|40.75
1408865437|43.0
1408865458|41.937
1408865478|39.187
1408865498|37.5
1408865518|36.562
1408865538|35.937
1408865559|35.437
1408865579|35.375
1408865599|36.125
1408865619|37.312
1408865639|38.875
1408865659|40.625
1408865679|42.375
1408865699|44.0
1408865719|41.25
1408865739|38.687
1408865760|37.187
1408865780|36.312
1408865800|35.687
1408865820|35.687
1408865840|35.187
1408865860|35.812
1408865880|36.812
1408865900|37.875
1408865920|39.687
1408865940|41.437
1408865961|43.5
1408865981|43.0
1408866001|39.875
1408866021|37.812
1408866041|36.5
1408866061|35.812
1408866081|35.812
1408866101|35.625
1408866122|36.375
1408866142|37.5
1408866162|38.812
1408866182|40.375
1408866203|41.875
1408866223|41.875
1408866243|45.187
1408866263|42.562
1408866283|39.687
1408866303|38.0
1408866323|37.062
1408866343|36.312
1408866363|35.75
1408866383|36.062
1408866404|36.937
1408866424|36.937
1408866444|39.437
1408866464|41.0
1408866485|42.75
1408866505|42.75
1408866525|42.75
1408866545|39.875
1408866565|38.25
1408866585|37.25
1408866605|36.562
1408866625|36.062
1408866645|36.125
1408866665|36.875
1408866686|38.062
1408866706|39.562
1408866726|41.375
1408866746|43.375
1408866766|44.562
1408866786|41.25
1408866807|39.187
1408866827|37.812
1408866847|36.687
1408866867|36.0
1408866887|35.687
1408866907|35.75
1408866927|36.437
1408866948|37.5
1408866968|38.75
1408866988|40.312
1408867008|41.812
1408867028|43.125
1408867048|40.312
1408867068|38.312
1408867088|37.25
1408867108|36.437
1408867128|35.875
1408867148|35.062
1408867169|34.562
1408867189|35.312
1408867209|36.687
1408867229|38.062
1408867249|39.687
1408867269|41.625
1408867289|43.187
1408867309|40.125
1408867329|38.125
1408867349|36.812
1408867370|35.875
1408867390|35.125
1408867410|34.812
1408867430|34.875
1408867450|35.25
1408867471|36.0
1408867491|37.312
1408867511|38.562
1408867531|40.0
1408867551|42.0
1408867571|40.687
1408867591|37.75
1408867611|36.25
1408867632|35.187
1408867652|34.437
1408867672|34.0
1408867692|33.875
1408867712|34.25
1408867732|35.0
1408867752|36.125
1408867772|37.187
1408867792|38.5
1408867812|39.875
1408867832|41.5
1408867853|42.625
1408867873|42.625
1408867893|37.375
1408867913|35.75
1408867933|34.687
1408867953|34.125
1408867973|34.187
1408867993|34.75
1408868014|35.75
1408868034|37.062
1408868054|38.187
1408868074|39.375
1408868094|41.312
1408868115|40.562
1408868135|37.687
1408868155|36.375
1408868175|35.375
1408868195|34.562
1408868215|34.25
1408868235|34.375
1408868256|35.125
1408868276|36.25
1408868296|37.875
1408868316|37.875
1408868336|35.937
1408868356|35.062
1408868376|35.062
1408868396|33.875
1408868416|34.062
1408868436|34.875
1408868457|34.875
1408868477|37.562
1408868497|39.5
1408868517|39.0
1408868537|36.687
1408868557|35.437
1408868577|34.625
1408868597|33.937
1408868617|33.375
1408868637|32.812
1408868658|32.812
1408868678|33.312
1408868698|34.312
1408868718|36.0
1408868739|38.0
1408868759|38.062
1408868779|35.75
1408868799|34.062
1408868820|33.125
1408868840|32.625
1408868860|32.25
1408868880|32.25
1408868900|33.0
1408868920|34.187
1408868941|35.75
1408868961|37.687
1408868981|39.062
1408869001|36.687
1408869021|34.875
1408869041|33.687
1408869061|32.75
1408869081|32.187
1408869101|32.062
1408869122|32.562
1408869142|33.812
1408869162|35.437
1408869182|37.25
1408869202|38.812
1408869222|38.75
1408869242|36.25
1408869262|34.562
1408869282|33.25
1408869303|31.937
1408869323|31.625
1408869343|31.812
1408869363|32.562
1408869383|33.375
1408869404|35.062
1408869424|36.687
1408869444|38.625
1408869464|39.125
1408869484|36.125
1408869504|34.312
1408869524|33.25
1408869544|32.625
1408869564|32.312
1408869585|32.187
1408869605|32.625
1408869625|33.875
1408869645|35.687
1408869665|37.312
1408869685|39.25
1408869705|38.5
1408869725|35.875
1408869745|35.875
1408869765|32.875
1408869786|32.187
1408869806|31.75
1408869826|32.25
1408869846|33.5
1408869866|35.062
1408869886|37.062
1408869906|39.0
1408869926|40.875
1408869947|38.187
1408869967|36.0
1408869987|34.375
1408870007|33.187
1408870027|32.562
1408870048|32.25
1408870068|32.687
1408870088|33.75
1408870108|35.25
1408870129|37.312
1408870149|39.75
1408870169|42.312
1408870189|39.562
1408870209|37.125
1408870229|35.625
1408870249|34.5
1408870269|33.75
1408870289|33.187
1408870310|33.062
1408870330|34.0
1408870350|35.625
1408870370|37.625
1408870390|39.875
1408870410|41.75
1408870430|38.5
1408870450|35.937
1408870470|34.437
1408870490|33.562
1408870511|32.5
1408870531|32.25
1408870551|32.437
1408870571|33.75
1408870591|35.562
1408870611|37.25
1408870631|39.812
1408870652|42.375
1408870672|39.437
1408870692|37.125
1408870712|35.625
1408870732|34.375
1408870752|33.687
1408870773|33.25
1408870793|33.562
1408870813|34.937
1408870833|36.687
1408870853|38.625
1408870873|41.437
1408870893|42.25
1408870913|39.125
1408870933|36.875
1408870953|35.5
1408870974|34.312
1408870994|33.625
1408871014|33.187
1408871034|33.125
1408871054|34.312
1408871074|36.562
1408871094|39.187
1408871114|41.875
1408871134|42.687
1408871154|39.312
1408871174|37.062
1408871195|35.375
1408871215|34.187
1408871235|33.125
1408871255|32.812
1408871275|33.062
1408871296|34.75
1408871316|37.062
1408871336|39.75
1408871356|42.375
1408871376|42.375
1408871396|42.375
1408871416|36.25
1408871436|34.75
1408871456|33.687
1408871477|33.0
1408871497|32.812
1408871517|33.0
1408871537|34.375
1408871557|36.812
1408871577|39.562
1408871597|42.75
1408871617|41.562
1408871637|38.25
1408871657|35.75
1408871678|34.437
1408871698|33.5
1408871718|33.5
1408871738|32.625
1408871758|33.125
1408871778|34.5
1408871798|37.0
1408871818|39.687
1408871839|42.75
1408871859|41.562
1408871879|38.687
1408871899|36.812
1408871919|35.5
1408871940|34.5
1408871960|34.0
1408871980|33.75
1408872000|33.937
1408872020|34.687
1408872040|36.187
1408872061|38.312
1408872081|40.562
1408872101|43.0
1408872121|41.187
1408872141|38.5
1408872161|36.062
1408872181|35.062
1408872201|34.312
1408872221|33.875
1408872241|33.562
1408872261|34.25
1408872282|35.5
1408872302|36.625
1408872322|38.75
1408872342|40.687
1408872362|42.125
1408872382|39.812
1408872402|37.125
1408872422|35.437
1408872442|34.312
1408872462|33.75
1408872483|33.375
1408872503|33.562
1408872523|34.25
1408872543|35.375
1408872563|35.375
1408872584|37.812
1408872604|39.25
1408872624|40.75
1408872644|40.75
1408872664|39.25
1408872685|36.812
1408872705|36.812
1408872725|34.187
1408872745|33.5
1408872765|33.625
1408872785|34.25
1408872805|34.562
1408872825|35.687
1408872845|36.937
1408872865|37.937
1408872885|39.062
1408872906|40.125
1408872926|41.187
1408872946|38.062
1408872966|38.062
1408872986|35.187
1408873006|34.437
1408873026|33.875
1408873046|33.562
1408873066|33.875
1408873086|34.187
1408873107|34.625
1408873127|35.5
1408873147|36.437
1408873167|37.375
1408873187|38.437
1408873208|39.375
1408873228|40.437
1408873248|40.937
1408873269|38.187
1408873289|36.312
1408873309|35.125
1408873329|34.562
1408873349|34.312
1408873369|34.25
1408873389|34.437
1408873409|34.875
1408873429|35.437
1408873449|36.125
1408873470|36.687
1408873490|37.25
1408873510|37.937
1408873530|38.625
1408873550|39.25
1408873570|39.625
1408873590|40.187
1408873610|37.812
1408873630|35.875
1408873650|34.687
1408873671|34.25
1408873691|34.125
1408873711|34.187
1408873731|34.5
1408873751|35.062
1408873771|35.625
1408873791|36.312
1408873812|36.937
1408873832|37.687
1408873852|37.687
1408873872|39.312
1408873892|40.0
1408873912|40.625
1408873933|41.187
1408873953|39.937
1408873973|37.75
1408873993|37.75
1408874013|34.25
1408874033|33.312
1408874053|32.812
1408874073|32.875
1408874093|33.125
1408874113|33.562
1408874134|34.125
1408874154|34.687
1408874174|35.437
1408874194|36.187
1408874214|36.312
1408874234|36.312
1408874254|37.312
1408874274|38.0
1408874294|38.0
1408874314|39.25
1408874335|39.0
1408874355|39.0
1408874375|34.937
1408874395|33.812
1408874415|33.125
1408874435|32.812
1408874455|32.687
1408874476|33.187
1408874496|33.75
1408874516|34.312
1408874536|35.0
1408874556|35.562
1408874576|36.187
1408874596|36.5
1408874617|36.875
1408874637|37.5
1408874657|37.812
1408874677|38.312
1408874697|38.875
1408874717|39.375
1408874737|39.375
1408874757|39.562
1408874777|40.062
1408874797|40.5
1408874817|39.937
1408874838|37.375
1408874858|35.875
1408874878|34.75
1408874898|33.625
1408874918|33.125
1408874938|33.062
1408874958|33.25
1408874978|33.562
1408874998|33.812
1408875018|33.75
1408875039|34.062
1408875059|34.312
1408875079|34.75
1408875099|35.187
1408875119|35.437
1408875140|36.125
1408875160|36.687
1408875180|37.125
1408875200|37.375
1408875220|37.75
1408875240|38.125
1408875260|38.562
1408875280|38.937
1408875301|39.312
1408875321|39.625
1408875341|39.812
1408875361|40.0
1408875381|40.187
1408875401|40.312
1408875421|40.312
1408875441|37.937
1408875461|35.437
1408875481|34.062
1408875502|33.25
1408875522|32.562
1408875542|32.25
1408875562|32.312
1408875582|32.625
1408875602|32.937
1408875622|33.187
1408875642|33.25
1408875662|33.812
1408875683|34.312
1408875703|34.812
1408875723|35.312
1408875743|35.75
1408875763|35.687
1408875784|35.875
1408875804|36.062
1408875824|36.125
1408875844|36.437
1408875864|36.437
1408875884|37.25
1408875904|37.687
1408875924|38.125
1408875944|38.125
1408875964|38.375
1408875984|38.75
1408876005|39.062
1408876025|39.437
1408876045|39.812
1408876065|40.062
1408876085|40.437
1408876105|40.687
1408876125|40.187
1408876145|37.062
1408876165|35.375
1408876185|34.187
1408876206|33.312
1408876226|32.75
1408876246|32.562
1408876266|32.687
1408876287|32.937
1408876307|33.25
1408876328|33.25
1408876348|34.125
1408876368|34.125
1408876388|35.062
1408876408|35.375
1408876428|35.562
1408876448|36.062
1408876468|36.75
1408876489|37.25
1408876509|37.437
1408876529|37.687
1408876549|38.187
1408876569|38.5
1408876589|38.5
1408876609|39.375
1408876629|40.0
1408876649|40.687
1408876669|41.437
1408876690|41.187
1408876710|37.75
1408876730|35.75
1408876750|34.562
1408876770|33.75
1408876790|33.562
1408876810|33.875
1408876830|34.5
1408876850|35.375
1408876870|36.25
1408876890|37.125
1408876911|38.187
1408876931|39.25
1408876951|40.187
1408876971|41.312
1408876992|42.25
1408877012|43.312
1408877032|39.875
1408877052|37.437
1408877072|36.0
1408877092|35.187
1408877112|34.875
1408877132|35.0
1408877152|35.75
1408877172|36.812
1408877193|38.0
1408877213|39.312
1408877233|40.75
1408877253|41.875
1408877273|43.0
1408877293|44.625
1408877313|42.5
1408877333|39.0
1408877353|37.25
1408877373|36.125
1408877394|35.312
1408877414|35.062
1408877434|35.062
1408877454|36.562
1408877474|37.75
1408877494|39.125
1408877514|39.125
1408877534|41.937
1408877555|43.5
1408877575|44.687
1408877595|40.937
1408877615|38.625
1408877635|37.25
1408877655|36.25
1408877676|35.75
1408877696|35.812
1408877716|36.625
1408877736|37.75
1408877756|39.062
1408877776|40.5
1408877796|41.875
1408877816|43.5
1408877836|42.375
1408877857|39.25
1408877877|37.562
1408877897|36.375
1408877917|35.5
1408877937|35.125
1408877957|35.187
1408877977|36.5
1408877997|38.125
1408878017|39.75
1408878037|41.812
1408878057|43.812
1408878078|43.875
1408878098|39.875
1408878118|37.562
1408878138|36.125
1408878158|35.437
1408878178|35.187
1408878198|35.437
1408878219|36.625
1408878239|38.312
1408878259|40.062
1408878279|41.875
1408878299|41.875
1408878319|44.125
1408878339|40.687
1408878360|38.5
1408878380|37.187
1408878400|36.25
1408878420|35.75
1408878440|36.062
1408878460|37.25
1408878480|38.5
1408878500|40.625
1408878520|43.0
1408878540|45.375
1408878561|46.0
1408878581|41.812
1408878601|39.187
1408878621|37.25
1408878641|36.062
1408878661|35.312
1408878681|34.937
1408878701|35.375
1408878721|35.375
1408878741|38.375
1408878762|40.5
1408878782|42.75
1408878802|44.687
1408878822|43.625
1408878842|40.375
1408878862|38.312
1408878883|36.75
1408878903|35.687
1408878923|35.187
1408878943|35.062
1408878963|35.625
1408878983|36.875
1408879003|38.312
1408879023|39.937
1408879044|42.0
1408879064|44.125
1408879084|45.812
1408879104|45.812
1408879124|39.125
1408879144|37.5
1408879164|36.687
1408879184|36.562
1408879204|37.187
1408879224|38.5
1408879245|38.5
1408879265|42.062
1408879285|44.312
1408879305|46.25
1408879325|48.062
1408879346|48.937
1408879366|43.75
1408879386|40.187
1408879406|38.187
1408879426|36.75
1408879446|35.812
1408879466|35.25
1408879487|35.125
1408879507|35.75
1408879527|36.875
1408879547|38.437
1408879568|40.062
1408879588|42.062
1408879608|44.062
1408879628|45.812
1408879648|41.562
1408879668|38.625
1408879688|36.687
1408879708|35.437
1408879728|35.125
1408879748|35.25
1408879768|36.062
1408879789|37.562
1408879809|39.125
1408879829|40.812
1408879849|42.812
1408879869|44.812
1408879889|46.312
1408879909|42.437
1408879929|40.062
1408879949|38.562
1408879969|37.812
1408879990|38.5
1408880010|39.875
1408880030|41.875
1408880050|41.875
1408880070|44.062
1408880090|48.125
1408880111|50.875
1408880131|53.437
1408880151|48.812
1408880171|44.125
1408880192|41.0
1408880212|38.625
1408880232|37.375
1408880252|36.687
1408880272|35.437
1408880292|35.75
1408880312|37.0
1408880332|38.687
1408880352|41.062
1408880372|43.125
1408880393|45.375
1408880413|46.5
1408880433|42.187
1408880453|39.5
1408880473|37.687
1408880493|36.375
1408880513|35.812
1408880533|35.812
1408880553|36.687
1408880573|38.25
1408880594|40.437
1408880614|42.437
1408880634|44.937
1408880654|47.562
1408880674|45.562
1408880694|42.125
1408880714|40.375
1408880735|40.5
1408880755|41.625
1408880775|43.312
1408880795|44.437
1408880815|42.125
1408880835|41.437
1408880855|42.187
1408880876|43.625
1408880896|45.625
1408880916|47.937
1408880936|50.812
1408880956|52.687
1408880976|54.812
1408880996|56.5
1408881016|57.875
1408881036|58.937
1408881056|59.75
1408881077|59.625
1408881097|54.562
1408881117|47.75
1408881137|43.812
1408881157|41.25
1408881177|39.687
1408881197|38.5
1408881217|37.375
1408881237|36.937
1408881257|37.25
1408881278|38.0
1408881298|39.125
1408881318|40.75
1408881338|42.375
1408881359|44.187
1408881379|46.062
1408881400|47.875
1408881420|49.75
1408881440|51.562
1408881460|53.25
1408881480|51.437
1408881500|45.562
1408881521|42.312
1408881541|40.937
1408881561|40.562
1408881581|41.437
1408881601|39.687
1408881621|37.687
1408881641|36.125
1408881661|35.437
1408881681|35.375
1408881701|36.125
1408881722|37.5
1408881742|37.5
1408881762|40.812
1408881782|42.75
1408881802|44.5
1408881822|46.375
1408881842|46.187
1408881862|42.0
1408881882|39.312
1408881902|39.312
1408881922|36.125
1408881943|35.187
1408881963|35.25
1408881983|35.687
1408882003|36.5
1408882024|37.562
1408882044|39.187
1408882064|40.812
1408882084|42.437
1408882105|42.437
1408882126|44.75
1408882146|44.062
1408882166|40.437
1408882186|38.562
1408882206|37.562
1408882226|37.5
1408882246|37.75
1408882266|37.75
1408882286|39.0
1408882306|39.562
1408882327|40.5
1408882347|41.187
1408882367|42.0
1408882387|42.437
1408882407|43.062
1408882427|43.562
1408882447|44.062
1408882467|44.5
1408882487|41.187
1408882507|38.875
1408882528|37.625
1408882548|36.812
1408882568|36.25
1408882588|35.875
1408882608|35.812
1408882629|36.062
1408882649|36.437
1408882669|36.625
1408882689|37.375
1408882709|38.187
1408882730|38.75
1408882750|39.375
1408882770|40.062
1408882790|40.687
1408882810|41.437
1408882830|42.0
1408882850|42.812
1408882870|43.312
1408882890|40.937
1408882911|38.812
1408882931|37.5
1408882951|36.812
1408882971|36.25
1408882991|36.187
1408883011|36.812
1408883031|37.687
1408883051|38.562
1408883071|38.937
1408883091|39.812
1408883112|39.812
1408883132|42.937
1408883152|44.687
1408883172|46.312
1408883192|47.812
1408883212|45.312
1408883232|42.062
1408883252|40.062
1408883272|38.5
1408883293|37.625
1408883313|37.187
1408883333|37.187
1408883353|37.625
1408883373|38.062
1408883393|38.75
1408883414|39.5
1408883434|40.062
1408883454|40.75
1408883474|40.75
1408883494|42.125
1408883517|43.25
1408883537|44.25
1408883557|41.375
1408883577|39.25
1408883597|37.562
1408883617|36.562
1408883637|36.187
1408883657|36.062
1408883677|36.687
1408883697|37.562
1408883718|38.437
1408883738|39.375
1408883758|40.25
1408883778|40.937
1408883798|42.062
1408883818|43.312
1408883839|44.312
1408883859|41.375
1408883879|39.562
1408883899|38.0
1408883919|37.312
1408883939|36.875
1408883959|37.062
1408883979|37.625
1408883999|38.5
1408884019|39.437
1408884040|40.5
1408884060|40.5
1408884080|42.812
1408884100|44.062
1408884120|45.062
1408884141|43.062
1408884161|40.812
1408884181|39.375
1408884201|38.312
1408884221|37.625
1408884241|37.625
1408884261|37.187
1408884282|37.375
1408884302|38.062
1408884322|38.75
1408884354|39.562
1408884374|40.437
1408884394|41.312
1408884415|42.187
1408884435|42.812
1408884455|42.5
1408884475|40.312
1408884495|38.937
1408884515|38.062
1408884535|37.562
1408884555|37.187
1408884575|37.062
1408884595|37.312
1408884616|37.812
1408884636|38.437
1408884656|39.125
1408884676|39.875
1408884696|40.625
1408884716|41.5
1408884736|42.375
1408884756|43.25
1408884776|44.125
1408884796|45.0
1408884817|42.312
1408884837|40.312
1408884857|38.562
1408884877|37.687
1408884897|36.875
1408884917|36.812
1408884937|37.062
1408884958|37.625
1408884978|38.25
1408884999|38.812
1408885019|39.5
1408885039|39.562
1408885059|40.187
1408885079|40.187
1408885099|40.937
1408885120|41.375
1408885140|41.875
1408885160|40.875
1408885180|38.687
1408885200|38.687
1408885220|36.875
1408885240|36.625
1408885260|36.562
1408885280|36.312
1408885300|36.812
1408885321|37.0
1408885341|37.5
1408885361|38.125
1408885381|38.937
1408885401|39.625
1408885421|40.25
1408885442|40.812
1408885462|41.312
1408885482|41.687
1408885502|42.062
1408885522|42.75
1408885543|43.375
1408885563|41.625
1408885583|39.625
1408885603|38.437
1408885623|37.375
1408885643|36.875
1408885664|36.562
1408885685|36.625
1408885705|36.5
1408885725|36.875
1408885745|37.312
1408885765|37.625
1408885785|38.125
1408885806|38.812
1408885826|39.5
1408885846|39.937
1408885866|40.437
1408885886|41.187
1408885906|41.687
1408885926|42.187
1408885946|43.312
1408885966|43.25
1408885986|40.437
1408886007|38.812
1408886027|37.875
1408886047|37.0
1408886067|36.625
1408886087|36.187
1408886107|36.75
1408886127|37.625
1408886147|38.875
1408886167|39.062
1408886187|40.062
1408886208|41.0
1408886228|42.437
1408886249|43.5
1408886269|41.5
1408886290|39.0
1408886310|37.625
1408886330|37.187
1408886350|36.25
1408886370|36.187
1408886390|36.625
1408886410|37.375
1408886430|38.437
1408886451|39.5
1408886471|40.812
1408886491|42.312
1408886511|43.437
1408886531|44.187
1408886551|41.312
1408886571|39.062
1408886592|37.75
1408886612|37.312
1408886632|37.187
1408886653|37.0
1408886673|37.312
1408886694|38.187
1408886714|38.625
1408886734|39.437
1408886754|40.625
1408886774|41.625
1408886794|42.562
1408886814|43.437
1408886834|42.312
1408886855|39.687
1408886876|38.25
1408886896|37.312
1408886916|37.312
1408886936|36.875
1408886956|37.187
1408886976|37.562
1408886996|38.125
1408887016|38.812
1408887037|39.375
1408887058|40.062
1408887078|40.875
1408887098|41.437
1408887118|41.937
1408887138|42.562
1408887158|42.687
1408887178|42.937
1408887199|40.687
1408887219|38.875
1408887239|37.812
1408887259|37.375
1408887279|37.125
1408887299|36.875
1408887319|36.875
1408887339|37.0
1408887359|37.0
1408887379|37.812
1408887400|38.187
1408887420|38.75
1408887440|39.125
1408887460|39.562
1408887481|39.625
1408887501|39.687
1408887521|40.437
1408887541|41.062
1408887561|41.187
1408887581|41.812
1408887601|42.375
1408887621|42.625
1408887641|40.375
1408887661|38.375
1408887682|37.25
1408887702|36.687
1408887722|36.437
1408887742|36.25
1408887762|36.25
1408887782|36.187
1408887802|36.187
1408887822|36.437
1408887842|36.812
1408887862|37.187
1408887882|37.437
1408887903|37.75
1408887923|37.812
1408887943|38.375
1408887963|38.937
1408887983|39.062
1408888003|39.437
1408888023|39.75
1408888044|39.875
1408888064|40.375
1408888084|40.375
1408888104|41.25
1408888124|41.625
1408888144|41.937
1408888164|42.125
1408888185|42.625
1408888205|41.0
1408888225|39.062
1408888245|37.875
1408888265|37.125
1408888285|36.812
1408888305|36.562
1408888325|36.125
1408888345|36.25
1408888366|36.687
1408888386|37.187
1408888406|37.687
1408888426|38.25
1408888446|38.937
1408888466|39.687
1408888486|40.375
1408888506|40.875
1408888526|41.312
1408888546|41.937
1408888567|42.625
1408888587|43.125
1408888607|43.187
1408888627|43.937
1408888647|42.5
1408888667|39.562
1408888688|37.875
1408888708|36.75
1408888728|35.937
1408888748|35.687
1408888768|35.5
1408888789|35.75
1408888809|35.75
1408888829|36.562
1408888849|37.062
1408888869|37.937
1408888889|37.937
1408888909|39.312
1408888929|39.812
1408888949|40.25
1408888969|40.625
1408888989|41.5
1408889010|42.25
1408889030|42.437
1408889050|43.062
1408889070|43.5
1408889090|40.75
1408889110|38.5
1408889130|37.187
1408889150|36.625
1408889170|36.437
1408889190|36.375
1408889211|36.437
1408889231|36.5
1408889251|36.437
1408889271|36.562
1408889291|36.875
1408889311|37.125
1408889332|37.312
1408889352|37.687
1408889372|38.062
1408889392|38.437
1408889412|39.0
1408889432|39.375
1408889452|39.625
1408889472|39.687
1408889492|40.0
1408889513|40.375
1408889533|40.687
1408889553|40.937
1408889573|41.062
1408889593|41.062
1408889613|41.187
1408889633|40.937
1408889653|41.0
1408889673|41.062
1408889693|41.187
1408889714|41.0
1408889734|41.125
1408889754|41.187
1408889774|41.187
1408889794|41.25
1408889814|41.125
1408889834|41.312
1408889854|41.437
1408889875|41.5
1408889895|41.25
1408889915|41.312
1408889935|41.562
1408889956|41.937
1408889976|40.625
1408889996|38.5
1408890016|37.625
1408890036|37.062
1408890056|36.687
1408890076|36.5
1408890096|36.25
1408890116|36.25
1408890136|36.312
1408890157|36.375
1408890177|36.437
1408890197|36.687
1408890217|36.812
1408890237|37.062
1408890257|37.125
1408890277|37.562
1408890297|37.562
1408890317|38.437
1408890337|38.75
1408890357|39.375
1408890378|39.812
1408890398|40.5
1408890418|41.062
1408890438|41.5
1408890458|42.062
1408890478|42.687
1408890499|43.375
1408890519|44.125
1408890539|42.875
1408890559|42.875
1408890579|37.75
1408890599|36.875
1408890620|36.25
1408890640|36.062
1408890660|36.312
1408890680|37.0
1408890701|37.875
1408890721|38.875
1408890741|40.0
1408890761|41.25
1408890781|42.5
1408890801|43.687
1408890821|44.625
1408890841|44.625
1408890861|46.437
1408890881|44.187
1408890902|40.875
1408890922|38.812
1408890942|37.375
1408890962|36.875
1408890982|36.875
1408891002|37.125
1408891022|38.062
1408891042|39.187
1408891062|40.375
1408891082|41.375
1408891103|42.375
1408891123|43.75
1408891143|45.062
1408891163|46.312
1408891183|47.062
1408891203|43.187
1408891224|40.812
1408891244|39.5
1408891265|38.625
1408891285|38.062
1408891305|37.437
1408891325|38.062
1408891345|39.062
1408891365|40.0
1408891385|41.187
1408891405|41.187
1408891425|43.75
1408891445|45.25
1408891466|46.875
1408891486|47.062
1408891506|43.375
1408891526|41.187
1408891546|39.437
1408891566|38.375
1408891586|38.0
1408891606|37.812
1408891626|38.562
1408891646|39.437
1408891667|40.687
1408891687|41.937
1408891707|43.312
1408891727|44.562
1408891747|45.812
1408891767|47.125
1408891787|43.937
1408891808|41.437
1408891828|40.125
1408891848|39.312
1408891868|38.625
1408891888|38.375
1408891908|38.375
1408891928|38.375
1408891949|38.937
1408891969|39.5
1408891989|39.812
1408892009|40.437
1408892029|41.0
1408892051|42.0
1408892071|42.5
1408892091|42.875
1408892111|43.687
1408892131|44.687
1408892151|43.375
1408892171|41.062
1408892191|39.687
1408892212|38.625
1408892232|38.187
1408892252|37.625
1408892272|37.5
1408892292|37.312
1408892312|37.062
1408892332|37.0
1408892352|37.0
1408892372|37.0
1408892392|36.812
1408892413|36.437
1408892433|37.0
1408892453|37.0
1408892473|37.437
1408892493|37.75
1408892513|38.312
1408892533|38.687
1408892553|39.062
1408892574|39.312
1408892594|39.562
1408892614|39.75
1408892634|39.812
1408892654|40.0
1408892674|40.062
1408892695|40.062
1408892715|40.062
1408892735|40.0
1408892755|39.937
1408892775|40.125
1408892795|40.312
1408892815|40.312
1408892835|40.25
1408892855|40.5
1408892875|41.062
1408892895|41.5
1408892916|41.5
1408892936|37.312
1408892956|36.625
1408892976|36.062
1408892996|35.937
1408893016|35.875
1408893036|35.75
1408893056|35.375
1408893076|34.75
1408893096|34.562
1408893117|34.687
1408893137|34.375
1408893157|34.625
1408893177|35.0
1408893197|35.625
1408893218|35.812
1408893238|36.25
1408893258|36.812
1408893278|37.75
1408893298|38.5
1408893319|38.75
1408893339|39.687
1408893359|40.562
1408893379|40.562
1408893399|41.812
1408893419|42.5
1408893439|42.625
1408893459|42.937
1408893479|40.812
1408893499|37.875
1408893520|36.812
1408893540|36.25
1408893560|35.687
1408893580|35.875
1408893600|36.187
1408893620|36.437
1408893640|36.562
1408893660|37.125
1408893680|37.875
1408893700|38.437
1408893720|39.062
1408893741|39.5
1408893761|39.875
1408893781|40.562
1408893801|40.937
1408893821|41.437
1408893841|41.625
1408893862|41.625
1408893882|41.5
1408893902|41.125
1408893922|40.687
1408893942|40.687
1408893962|40.25
1408893982|39.5
1408894002|38.625
1408894023|36.875
1408894043|35.687
1408894063|35.687
1408894083|34.437
1408894103|34.375
1408894123|34.312
1408894143|34.187
1408894163|34.062
1408894183|33.937
1408894203|34.0
1408894224|33.937
1408894244|34.0
1408894264|34.0
1408894284|34.0
1408894304|34.0
1408894324|34.0
1408894344|34.062
1408894364|33.937
1408894384|33.875
1408894404|33.937
1408894425|34.0
1408894445|33.875
1408894465|33.812
1408894485|33.875
1408894505|33.875
1408894526|33.625
1408894546|33.437
1408894567|33.562
1408894587|33.437
1408894607|33.5
1408894627|33.0
1408894647|33.187
1408894667|32.937
1408894687|33.0
1408894707|33.062
1408894727|32.937
1408894747|32.687
1408894767|32.875
1408894788|32.937
1408894808|32.875
1408894828|33.062
1408894848|32.875
1408894868|32.875
1408894888|32.875
1408894908|33.0
1408894928|33.062
1408894948|32.562
1408894968|32.625
1408894989|32.562
1408895009|32.625
1408895029|32.75
1408895049|32.812
1408895069|32.687
1408895089|32.687
1408895109|32.687
1408895130|32.562
1408895150|32.5
1408895170|32.5
1408895190|32.562
1408895210|32.5
1408895230|32.562
1408895251|32.5
1408895271|32.375
1408895291|32.5
1408895311|32.5
1408895331|32.562
1408895351|32.562
1408895371|32.5
1408895392|32.312
1408895412|32.437
1408895432|32.25
1408895452|32.375
1408895472|32.187
1408895492|32.062
1408895512|32.0
1408895532|31.937
1408895552|31.937
1408895572|31.75
1408895593|31.562
1408895613|31.437
1408895633|31.625
1408895653|31.687
1408895673|31.5
1408895693|31.562
1408895713|31.687
1408895733|31.5
1408895753|31.625
1408895774|31.687
1408895794|31.875
1408895814|31.875
1408895834|31.875
1408895855|31.75
1408895875|31.75
1408895895|31.75
1408895915|31.562
1408895935|31.375
1408895955|31.437
1408895975|31.312
1408895995|31.312
1408896015|31.5
1408896035|31.625
1408896055|31.687
1408896076|31.75
1408896096|31.937
1408896116|31.937
1408896136|31.937
1408896156|32.125
1408896176|32.125
1408896196|32.25
1408896216|32.312
1408896236|32.5
1408896256|32.75
1408896277|33.187
1408896297|33.687
1408896317|34.0
1408896337|34.437
1408896357|34.687
1408896377|34.812
1408896397|35.062
1408896418|35.062
1408896438|35.687
1408896458|36.0
1408896478|36.125
1408896498|36.062
1408896518|36.0
1408896539|36.062
1408896559|36.125
1408896579|36.062
1408896599|36.0
1408896619|35.75
1408896639|35.625
1408896659|35.562
1408896679|35.312
1408896699|35.187
1408896719|35.125
1408896740|35.187
1408896760|35.062
1408896780|34.75
1408896800|34.75
1408896820|34.812
1408896840|34.875
1408896860|35.0
1408896880|35.125
1408896900|35.062
1408896920|35.062
1408896941|34.5
1408896961|34.187
1408896981|34.0
1408897001|33.937
1408897022|33.875
1408897042|33.812
1408897063|33.812
1408897083|33.812
1408897103|33.875
1408897123|33.812
1408897144|33.562
1408897164|33.5
1408897184|33.437
1408897204|33.437
1408897224|33.312
1408897245|33.5
1408897265|33.625
1408897285|33.5
1408897305|33.437
1408897325|33.5
1408897345|33.562
1408897365|33.625
1408897385|33.625
1408897406|33.75
1408897426|33.875
1408897446|33.937
1408897466|34.0
1408897486|33.875
1408897506|33.875
1408897526|33.875
1408897546|33.812
1408897566|33.625
1408897586|33.5
1408897606|33.625
1408897627|33.625
1408897648|33.562
1408897668|33.437
1408897688|33.437
1408897708|33.437
1408897728|33.312
1408897748|33.25
1408897768|33.25
1408897788|33.187
1408897808|33.187
1408897828|33.187
1408897849|33.0
1408897869|32.937
1408897889|32.875
1408897909|32.75
1408897929|32.75
1408897949|32.687
1408897970|32.687
1408897990|32.625
1408898010|32.437
1408898030|32.312
1408898050|32.312
1408898070|32.312
1408898090|32.0
1408898111|31.875
1408898131|31.875
1408898151|31.875
1408898171|31.562
1408898191|31.562
1408898211|31.562
1408898231|31.437
1408898251|31.5
1408898271|31.562
1408898291|31.5
1408898311|31.5
1408898332|31.437
1408898352|31.312
1408898372|31.312
1408898392|31.187
1408898412|31.125
1408898432|31.0
1408898452|31.0
1408898472|31.0
1408898492|31.0
1408898512|30.875
1408898533|30.875
1408898553|30.5
1408898573|30.562
1408898593|30.375
1408898614|30.437
1408898634|30.312
1408898654|30.312
