1388834554|0.0
1388834576|0.0
1388834599|0.0
1388834621|0.0
1388834644|0.0
1388834666|0.0
1388834689|0.0
1388834711|0.0
1388834734|0.0
1388834756|0.0
1388834779|0.0
1388834801|0.0
1388834824|0.0
1388834846|0.0
1388834868|0.0
1388834891|0.0
1388834913|0.0
1388834936|0.0
1388834958|0.0
1388834981|0.0
1388835003|0.0
1388835026|0.0
1388835048|0.0
1388835071|0.0
1388835093|0.0
1388835116|0.0
1388835138|0.0
1388835161|0.0
1388835183|0.0
1388835206|0.0
1388835228|0.0
1388835250|0.0
1388835273|0.0
1388835295|0.0
1388835318|0.0
1388835340|0.0
1388835363|0.0
1388835385|0.0
1388835408|0.0
1388835430|0.0
1388835453|0.0
1388835475|0.0
1388835498|0.0
1388835520|0.0
1388835543|0.0
1388835565|0.0
1388835588|0.0
1388835610|0.0
1388835633|0.0
1388835655|0.0
1388835677|0.0
1388835700|0.0
1388835722|0.0
1388835745|0.0
1388835767|0.0
1388835790|0.0
1388835812|0.0
1388835835|0.0
1388835857|0.0
1388835880|0.0
1388835902|0.0
1388835925|0.0
1388835947|0.0
1388835970|0.0
1388835992|0.0
1388836015|0.0
1388836037|0.0
1388836060|0.0
1388836082|0.0
1388836105|0.0
1388836127|0.0
1388836149|0.0
1388836172|0.0
1388836194|0.0
1388836217|0.0
1388836239|0.0
1388836262|0.0
1388836284|0.0
1388836307|0.0
1388836329|0.0
1388836352|0.0
1388836374|0.0
1388836397|0.0
1388836419|0.0
1388836442|0.0
1388836464|0.0
1388836487|0.0
1388836509|0.0
1388836532|0.0
1388836554|0.0
1388836576|0.0
1388836599|0.0
1388836621|0.0
1388836644|0.0
1388836666|0.0
1388836689|0.0
1388836711|0.0
1388836734|0.0
1388836756|0.0
1388836779|0.0
1388836801|0.0
1388836824|0.0
1388836846|0.0
1388836869|0.0
1388836891|0.0
1388836914|0.0
1388836936|0.0
1388836959|0.0
1388836981|0.0
1388837003|0.0
1388837026|0.0
1388837048|0.0
1388837071|0.0
1388837093|0.0
1388837116|0.0
1388837138|0.0
1388837161|0.0
1388837183|0.0
1388837206|0.0
1388837228|0.0
1388837251|0.0
1388837273|0.0
1388837296|0.0
1388837318|0.0
1388837341|0.0
1388837363|0.0
1388837386|0.0
1388837408|0.0
1388837431|0.0
1388837453|0.0
1388837475|0.0
1388837498|0.0
1388837520|0.0
1388837543|0.0
1388837565|0.0
1388837588|0.0
1388837610|0.0
1388837633|0.0
1388837655|0.0
1388837678|0.0
1388837700|0.0
1388837723|0.0
1388837745|0.0
1388837768|0.0
1388837790|0.0
1388837813|0.0
1388837835|0.0
1388837858|0.0
1388837880|0.0
1388837902|0.0
1388837925|0.0
1388837947|0.0
1388837970|0.0
1388837992|0.0
1388838015|0.0
1388838037|0.0
1388838060|0.0
1388838082|0.0
1388838105|0.0
1388838127|0.0
1388838150|0.0
1388838172|0.0
1388838195|0.0
1388838217|0.0
1388838240|0.0
1388838262|0.0
1388838285|0.0
1388838307|0.0
1388838330|0.0
1388838352|0.0
1388838374|0.0
1388838397|0.0
1388838419|0.0
1388838442|0.0
1388838464|0.0
1388838487|0.0
1388838509|0.0
1388838532|0.0
1388838554|0.0
1388838577|0.0
1388838599|0.0
1388838622|0.0
1388838644|0.0
1388838667|0.0
1388838689|0.0
1388838712|0.0
1388838734|0.0
1388838757|0.0
1388838779|0.0
1388838801|0.0
1388838824|0.0
1388838846|0.0
1388838869|0.0
1388838891|0.0
1388838914|0.0
1388838936|0.0
1388838959|0.0
1388838981|0.0
1388839004|0.0
1388839026|0.0
1388839049|0.0
1388839071|0.0
1388839094|0.0
1388839116|0.0
1388839139|0.0
1388839161|0.0
1388839183|0.0
1388839206|0.0
1388839228|0.0
1388839251|0.0
1388839273|0.0
1388839296|0.0
1388839318|0.0
1388839341|0.0
1388839363|0.0
1388839386|0.0
1388839408|0.0
1388839431|0.0
1388839453|0.0
1388839476|0.0
1388839498|0.0
1388839521|0.0
1388839543|0.0
1388839566|0.0
1388839588|0.0
1388839611|0.0
1388839633|0.0
1388839656|0.0
1388839678|0.0
1388839700|0.0
1388839723|0.0
1388839745|0.0
1388839768|0.0
1388839790|0.0
1388839813|0.0
1388839835|0.0
1388839858|0.0
1388839880|0.0
1388839903|0.0
1388839925|0.0
1388839948|0.0
1388839970|0.0
1388839993|0.0
1388840015|0.0
1388840038|0.0
1388840060|0.0
1388840082|0.0
1388840105|0.0
1388840127|0.0
1388840150|0.0
1388840172|0.0
1388840195|0.0
1388840217|0.0
1388840240|0.0
1388840262|0.0
1388840285|0.0
1388840307|0.0
1388840330|0.0
1388840352|0.0
1388840375|0.0
1388840397|0.0
1388840420|0.0
1388840442|0.0
1388840465|0.0
1388840487|0.0
1388840509|0.0
1388840532|0.0
1388840554|0.0
1388840577|0.0
1388840599|0.0
1388840622|0.0
1388840644|0.0
1388840667|0.0
1388840689|0.0
1388840712|0.0
1388840734|0.0
1388840757|0.0
1388840779|0.0
1388840802|0.0
1388840824|0.0
1388840847|0.0
1388840869|0.0
1388840892|0.0
1388840914|0.0
1388840937|0.0
1388840959|0.0
1388840981|0.0
1388841004|0.0
1388841026|0.0
1388841049|0.0
1388841071|0.0
1388841094|0.0
1388841116|0.0
1388841139|0.0
1388841161|0.0
1388841184|0.0
1388841206|0.0
1388841229|0.0
1388841251|0.0
1388841274|0.0
1388841296|0.0
1388841319|0.0
1388841341|0.0
1388841364|0.0
1388841386|0.0
1388841409|0.0
1388841431|0.0
1388841454|0.0
1388841476|0.0
1388841498|0.0
1388841521|0.0
1388841543|0.0
1388841566|0.0
1388841588|0.0
1388841611|0.0
1388841633|0.0
1388841656|0.0
1388841678|0.0
1388841701|0.0
1388841723|0.0
1388841746|0.0
1388841768|0.0
1388841791|0.0
1388841813|0.0
1388841836|0.0
1388841858|0.0
1388841881|0.0
1388841903|0.0
1388841926|0.0
1388841948|0.0
1388841970|0.0
1388841993|0.0
1388842015|0.0
1388842038|0.0
1388842060|0.0
1388842083|0.0
1388842105|0.0
1388842128|0.0
1388842150|0.0
1388842173|0.0
1388842195|0.0
1388842218|0.0
1388842240|0.0
1388842263|0.0
1388842285|0.0
1388842308|0.0
1388842330|0.0
1388842353|0.0
1388842375|0.0
1388842397|0.0
1388842420|0.0
1388842442|0.0
1388842465|0.0
1388842487|0.0
1388842510|0.0
1388842532|0.0
1388842555|0.0
1388842577|0.0
1388842600|0.0
1388842622|0.0
1388842645|0.0
1388842667|0.0
1388842690|0.0
1388842712|0.0
1388842735|0.0
1388842757|0.0
1388842780|0.0
1388842802|0.0
1388842825|0.0
1388842847|0.0
1388842869|0.0
1388842892|0.0
1388842914|0.0
1388842937|0.0
1388842959|0.0
1388842982|0.0
1388843004|0.0
1388843027|0.0
1388843049|0.0
1388843072|0.0
1388843094|0.0
1388843117|0.0
1388843139|0.0
1388843162|0.0
1388843184|0.0
1388843207|0.0
1388843229|0.0
1388843252|0.0
1388843274|0.0
1388843297|0.0
1388843319|0.0
1388843341|0.0
1388843364|0.0
1388843386|0.0
1388843409|0.0
1388843431|0.0
1388843454|0.0
1388843476|0.0
1388843499|0.0
1388843521|0.0
1388843544|0.0
1388843566|0.0
1388843589|0.0
1388843611|0.0
1388843634|0.0
1388843656|0.0
1388843679|0.0
1388843701|0.0
1388843724|0.0
1388843746|0.0
1388843769|0.0
1388843791|0.0
1388843814|0.0
1388843836|0.0
1388843858|0.0
1388843881|0.0
1388843903|0.0
1388843926|0.0
1388843948|0.0
1388843971|0.0
1388843993|0.0
1388844016|0.0
1388844038|0.0
1388844061|0.0
1388844083|0.0
1388844106|0.0
1388844128|0.0
1388844151|0.0
1388844173|0.0
1388844195|0.0
1388844218|0.0
1388844240|0.0
1388844263|0.0
1388844285|0.0
1388844308|0.0
1388844330|0.0
1388844353|0.0
1388844375|0.0
1388844398|0.0
1388844420|0.0
1388844443|0.0
1388844465|0.0
1388844488|0.0
1388844510|0.0
1388844533|0.0
1388844555|0.0
1388844577|0.0
1388844600|0.0
1388844622|0.0
1388844645|0.0
1388844667|0.0
1388844690|0.0
1388844712|0.0
1388844735|0.0
1388844757|0.0
1388844780|0.0
1388844802|0.0
1388844825|0.0
1388844847|0.0
1388844870|0.0
1388844892|0.0
1388844915|0.0
1388844937|0.0
1388844960|0.0
1388844982|0.0
1388845004|0.0
1388845027|0.0
1388845049|0.0
1388845072|0.0
1388845094|0.0
1388845117|0.0
1388845139|0.0
1388845162|0.0
1388845184|0.0
1388845207|0.0
1388845229|0.0
1388845252|0.0
1388845274|0.0
1388845297|0.0
1388845319|0.0
1388845342|0.0
1388845364|0.0
1388845387|0.0
1388845409|0.0
1388845431|0.0
1388845454|0.0
1388845476|0.0
1388845499|0.0
1388845521|0.0
1388845544|0.0
1388845566|0.0
1388845589|0.0
1388845611|0.0
1388845634|0.0
1388845656|0.0
1388845679|0.0
1388845701|0.0
1388845724|0.0
1388845746|0.0
1388845769|0.0
1388845791|0.0
1388845814|0.0
1388845836|0.0
1388845859|0.0
1388845881|0.0
1388845903|0.0
1388845926|0.0
1388845948|0.0
1388845971|0.0
1388845993|0.0
1388846016|0.0
1388846038|0.0
1388846061|0.0
1388846083|0.0
1388846106|0.0
1388846128|0.0
1388846151|0.0
1388846173|0.0
1388846196|0.0
1388846218|0.0
1388846241|0.0
1388846263|0.0
1388846286|0.0
1388846308|0.0
1388846331|0.0
1388846353|0.0
1388846375|0.0
1388846398|0.0
1388846420|0.0
1388846443|0.0
1388846465|0.0
1388846488|0.0
1388846510|0.0
1388846533|0.0
1388846555|0.0
1388846578|0.0
1388846600|0.0
1388846623|0.0
1388846645|0.0
1388846668|0.0
1388846690|0.0
1388846713|0.0
1388846735|0.0
1388846758|0.0
1388846780|0.0
1388846803|0.0
1388846825|0.0
1388846848|0.0
1388846870|0.0
1388846892|0.0
1388846915|0.0
1388846937|0.0
1388846960|0.0
1388846982|0.0
1388847005|0.0
1388847027|0.0
1388847050|0.0
1388847072|0.0
1388847095|0.0
1388847117|0.0
1388847140|0.0
1388847162|0.0
1388847185|0.0
1388847207|0.0
1388847230|0.0
1388847252|0.0
