1390827759|38.312
1390827781|38.375
1390827804|38.437
1390827826|38.437
1390827849|38.437
1390827871|38.437
1390827894|38.5
1390827916|38.625
1390827939|38.625
1390827961|38.625
1390827984|38.625
1390828006|38.687
1390828028|38.75
1390828051|38.75
1390828073|38.75
1390828096|38.812
1390828118|38.812
1390828141|38.875
1390828163|38.875
1390828186|38.875
1390828208|39.0
1390828231|39.0
1390828253|39.062
1390828276|39.062
1390828298|38.937
1390828321|38.937
1390828343|38.687
1390828365|38.5
1390828388|38.312
1390828410|38.125
1390828433|38.0
1390828455|37.75
1390828478|37.625
1390828500|37.437
1390828523|37.25
1390828545|37.125
1390828568|37.062
1390828590|36.937
1390828613|36.812
1390828635|36.687
1390828658|36.625
1390828680|36.5
1390828703|36.375
1390828725|36.312
1390828748|36.25
1390828770|36.187
1390828792|36.125
1390828815|36.062
1390828837|36.0
1390828860|35.937
1390828882|35.937
1390828905|35.75
1390828927|35.687
1390828950|35.687
1390828972|35.625
1390828995|35.562
1390829017|35.5
1390829040|35.437
1390829062|35.375
1390829085|35.312
1390829107|35.25
1390829130|35.187
1390829152|35.125
1390829175|35.062
1390829197|35.062
1390829219|34.937
1390829242|34.875
1390829264|34.875
1390829287|34.937
1390829309|35.125
1390829332|35.375
1390829354|35.5
1390829377|35.625
1390829399|35.875
1390829422|36.125
1390829444|36.125
1390829467|36.312
1390829489|36.437
1390829512|36.437
1390829534|36.437
1390829556|36.437
1390829579|36.437
1390829601|36.437
1390829624|36.437
1390829646|36.375
1390829669|36.375
1390829691|36.375
1390829714|36.312
1390829736|36.25
1390829759|36.312
1390829781|36.25
1390829804|36.25
1390829826|36.187
1390829849|36.187
1390829871|36.187
1390829894|36.187
1390829916|36.187
1390829938|36.5
1390829961|36.687
1390829983|36.812
1390830006|36.875
1390830028|36.937
1390830051|37.0
1390830073|37.0
1390830096|37.062
1390830118|37.062
1390830141|37.062
1390830163|37.062
1390830186|37.062
1390830208|37.125
1390830231|37.125
1390830253|37.125
1390830276|37.125
1390830298|37.125
1390830321|37.125
1390830343|37.125
1390830365|37.125
1390830388|37.125
1390830410|37.125
1390830433|37.125
1390830455|37.125
1390830478|37.125
1390830500|37.125
1390830523|37.125
1390830545|37.125
1390830568|37.187
1390830590|37.187
1390830613|37.187
1390830635|37.187
1390830658|37.125
1390830680|37.125
1390830703|37.187
1390830725|37.187
1390830748|37.187
1390830770|37.187
1390830792|37.187
1390830815|37.187
1390830837|37.187
1390830860|37.25
1390830882|37.187
1390830905|37.187
1390830927|37.25
1390830950|37.187
1390830972|37.25
1390830995|37.25
1390831017|37.187
1390831040|37.187
1390831062|37.25
1390831085|37.25
1390831107|37.25
1390831129|37.25
1390831152|37.25
1390831174|37.25
1390831197|37.187
1390831219|37.25
1390831242|37.25
1390831264|37.312
1390831287|37.25
1390831309|37.312
1390831332|37.25
1390831354|37.25
1390831377|37.25
1390831399|37.25
1390831422|37.25
1390831444|37.312
1390831467|37.25
1390831489|37.312
1390831511|37.312
1390831534|37.25
1390831556|37.312
1390831579|37.312
1390831601|37.312
1390831624|37.312
1390831646|37.312
1390831669|37.312
1390831691|37.312
1390831714|37.312
1390831736|37.25
1390831759|37.312
1390831781|37.312
1390831804|37.312
1390831826|37.312
1390831848|37.312
1390831871|37.312
1390831893|37.312
1390831916|37.312
1390831938|37.312
1390831961|37.312
1390831983|37.312
1390832006|37.312
1390832028|37.312
1390832051|37.312
1390832073|37.312
1390832096|37.312
1390832118|37.312
1390832141|37.312
1390832163|37.312
1390832186|37.25
1390832208|37.25
1390832231|37.312
1390832253|37.312
1390832275|37.312
1390832298|37.312
1390832320|37.312
1390832343|37.312
1390832365|37.312
1390832388|37.312
1390832410|37.312
1390832433|37.312
1390832455|37.312
1390832478|37.25
1390832500|37.312
1390832523|37.25
1390832545|37.25
1390832568|37.25
1390832590|37.25
1390832612|37.25
1390832635|37.25
1390832657|37.25
1390832680|37.25
1390832702|37.25
1390832725|37.25
1390832747|37.25
1390832770|37.25
1390832792|37.25
1390832815|37.187
1390832837|37.25
1390832860|37.187
1390832882|37.25
1390832905|37.187
1390832927|37.25
1390832950|37.187
1390832972|37.187
1390832995|37.187
1390833017|37.187
1390833039|37.187
1390833062|37.187
1390833084|37.187
1390833107|37.187
1390833129|37.187
1390833152|37.187
1390833174|37.187
1390833197|37.187
1390833219|37.187
1390833242|37.187
1390833264|37.125
1390833287|37.187
1390833309|37.187
1390833332|37.187
1390833354|37.187
1390833376|37.187
1390833399|37.125
1390833421|37.125
1390833444|37.125
1390833466|37.125
1390833489|37.125
1390833511|37.125
1390833534|37.125
1390833556|37.125
1390833579|37.125
1390833601|37.125
1390833624|37.125
1390833646|37.062
1390833669|37.125
1390833691|37.062
1390833714|37.125
1390833736|37.062
1390833758|37.062
1390833781|37.062
1390833803|37.062
1390833826|37.062
1390833848|37.062
1390833871|37.062
1390833893|37.062
1390833916|37.062
1390833938|37.0
1390833961|37.0
1390833983|37.0
1390834006|37.0
1390834028|37.0
1390834051|36.937
1390834073|37.0
1390834095|37.0
1390834118|37.0
1390834140|37.0
1390834163|36.937
1390834185|36.937
1390834208|36.937
1390834230|36.937
1390834253|36.875
1390834275|36.937
1390834298|36.875
1390834320|36.937
1390834343|36.937
1390834365|36.875
1390834388|36.875
1390834410|36.812
1390834433|36.812
1390834455|36.875
1390834478|36.812
1390834500|36.812
1390834522|36.812
1390834545|36.812
1390834567|36.812
1390834590|36.875
1390834612|36.875
1390834635|36.875
1390834657|36.875
1390834680|36.875
1390834702|36.875
1390834725|36.875
1390834747|36.875
1390834770|36.937
1390834792|36.937
1390834815|36.937
1390834837|37.0
1390834860|37.0
1390834882|37.0
1390834905|37.062
1390834927|37.062
1390834949|37.187
1390834972|37.187
1390834994|37.25
1390835017|37.375
1390835039|37.437
1390835062|37.625
1390835084|37.75
1390835107|37.875
1390835129|38.0
1390835152|38.125
1390835174|38.25
1390835197|38.375
1390835219|38.5
1390835242|38.5
1390835264|38.625
1390835286|38.562
1390835309|38.562
1390835331|38.625
1390835354|38.5
1390835376|38.437
1390835399|38.437
1390835421|38.437
1390835444|38.437
1390835466|38.375
1390835489|38.25
1390835511|38.25
1390835534|38.25
1390835556|38.25
1390835579|38.312
1390835601|38.25
1390835624|38.25
1390835646|38.187
1390835668|38.25
1390835691|38.25
1390835713|38.25
1390835736|38.25
1390835758|38.312
1390835781|38.437
1390835803|38.437
1390835826|38.437
1390835848|38.5
1390835871|38.562
1390835893|38.625
1390835916|38.625
1390835938|38.687
1390835961|38.687
1390835983|38.75
1390836006|38.75
1390836028|38.875
1390836051|38.937
1390836073|38.937
1390836095|38.937
1390836118|38.937
1390836140|39.062
1390836163|39.062
1390836185|39.125
1390836208|39.125
1390836230|39.187
1390836253|39.062
1390836275|39.062
1390836298|38.937
1390836320|38.687
1390836343|38.562
1390836365|38.437
1390836388|38.312
1390836410|38.125
1390836432|37.937
1390836455|37.812
1390836477|37.625
1390836500|37.5
1390836522|37.312
1390836545|37.187
1390836567|37.125
1390836590|37.0
1390836612|36.875
1390836635|36.812
1390836657|36.687
1390836680|36.562
1390836702|36.5
1390836725|36.437
1390836747|36.375
1390836769|36.312
1390836792|36.187
1390836814|36.125
1390836837|36.062
1390836859|36.0
1390836882|35.937
1390836904|35.937
1390836927|35.812
1390836949|35.812
1390836972|35.875
1390836994|35.812
1390837017|35.812
1390837039|35.75
1390837062|35.75
1390837084|35.687
1390837107|35.625
1390837129|35.562
1390837152|35.5
1390837174|35.5
1390837196|35.437
1390837219|35.375
1390837241|35.312
1390837264|35.312
1390837286|35.187
1390837309|35.125
1390837331|35.062
1390837354|35.0
1390837376|34.937
1390837399|34.937
1390837421|35.0
1390837444|35.125
1390837466|35.312
1390837489|35.437
1390837511|35.812
1390837533|36.062
1390837556|36.062
1390837578|36.062
1390837601|36.375
1390837623|36.437
1390837646|36.437
1390837668|36.5
1390837691|36.812
1390837714|37.062
1390837736|37.125
1390837759|37.25
1390837781|37.25
1390837804|37.312
1390837826|37.312
1390837848|37.375
1390837871|37.375
1390837893|37.375
1390837916|37.375
1390837938|37.375
1390837961|37.312
1390837983|37.312
1390838006|37.312
1390838028|37.312
1390838051|37.312
1390838073|37.312
1390838096|37.312
1390838118|37.312
1390838141|37.5
1390838163|37.812
1390838186|38.0
1390838208|38.125
1390838230|38.187
1390838253|38.25
1390838275|38.312
1390838298|38.375
1390838320|38.375
1390838343|38.437
1390838365|38.5
1390838388|38.5
1390838410|38.5
1390838433|38.562
1390838455|38.562
1390838478|38.5
1390838500|38.562
1390838523|38.562
1390838545|38.562
1390838568|38.625
1390838590|38.625
1390838613|38.625
1390838635|38.625
1390838657|38.625
1390838680|38.687
1390838702|38.687
1390838725|38.75
1390838747|38.75
1390838770|38.75
1390838792|38.75
1390838815|38.812
1390838837|38.812
1390838860|38.812
1390838882|38.812
1390838905|38.812
1390838927|38.875
1390838950|38.875
1390838972|38.875
1390838995|38.875
1390839017|38.875
1390839040|38.875
1390839062|38.937
1390839084|38.937
1390839107|38.937
1390839129|38.937
1390839152|39.0
1390839174|39.0
1390839197|39.0
1390839219|39.0
1390839242|39.0
1390839264|39.0
1390839287|39.0
1390839309|38.937
1390839332|38.937
1390839354|38.937
1390839377|38.875
1390839399|38.812
1390839421|38.75
1390839444|38.75
1390839466|38.75
1390839489|38.75
1390839511|38.687
1390839534|38.437
1390839556|38.312
1390839579|38.187
1390839601|38.125
1390839624|38.062
1390839646|38.0
1390839669|38.0
1390839691|37.937
1390839714|37.937
1390839736|37.937
1390839759|37.937
1390839781|37.875
1390839803|37.875
1390839826|37.937
1390839848|37.875
1390839871|37.875
1390839893|37.875
1390839916|37.937
1390839938|37.937
1390839961|37.875
1390839983|37.937
1390840006|37.875
1390840028|37.875
1390840051|37.875
1390840073|37.875
1390840096|37.875
1390840118|37.812
1390840141|37.812
1390840163|37.812
1390840186|37.812
1390840208|37.75
1390840230|37.75
1390840253|37.75
1390840275|37.75
1390840298|37.75
1390840320|37.75
1390840343|37.75
1390840365|37.75
1390840388|37.75
1390840410|37.687
1390840433|37.687
1390840455|37.687
1390840478|37.687
1390840500|37.687
1390840523|37.687
1390840545|37.625
1390840567|37.687
1390840590|37.625
1390840612|37.625
1390840635|37.625
1390840657|37.625
1390840680|37.625
1390840702|37.562
1390840725|37.625
1390840747|37.562
1390840770|37.562
1390840792|37.562
1390840815|37.562
1390840837|37.562
1390840860|37.5
1390840882|37.562
1390840905|37.5
1390840927|37.5
1390840950|37.5
1390840972|37.5
1390840994|37.5
1390841017|37.437
1390841039|37.5
1390841062|37.437
1390841084|37.437
1390841107|37.437
1390841129|37.437
1390841152|37.437
1390841174|37.437
1390841197|37.375
1390841219|37.375
1390841242|37.375
1390841264|37.375
1390841287|37.375
1390841309|37.375
1390841332|37.312
1390841354|37.375
1390841376|37.312
1390841399|37.312
1390841421|37.312
1390841444|37.312
1390841466|37.25
1390841489|37.312
1390841511|37.25
1390841534|37.25
1390841556|37.25
1390841579|37.187
1390841601|37.25
1390841624|37.25
1390841646|37.187
1390841669|37.187
1390841691|37.187
1390841713|37.187
1390841736|37.187
1390841758|37.125
1390841781|37.125
1390841803|37.125
1390841826|37.062
1390841848|37.062
1390841871|37.062
1390841893|37.062
1390841916|37.062
1390841938|37.062
1390841961|37.062
1390841983|37.0
1390842006|37.0
1390842028|36.937
1390842051|36.937
1390842073|36.937
1390842096|36.875
1390842118|36.875
1390842140|36.875
1390842163|36.812
1390842185|36.875
1390842209|36.812
1390842231|36.812
1390842254|36.812
1390842276|36.812
1390842299|36.812
1390842321|36.812
1390842343|36.812
1390842366|36.812
1390842388|36.812
1390842411|36.812
1390842433|36.812
1390842456|36.812
1390842478|36.812
1390842501|36.812
1390842523|36.812
1390842546|36.812
1390842568|36.812
1390842591|36.875
1390842613|36.937
1390842636|36.937
1390842658|37.0
1390842681|37.0
1390842703|37.062
1390842726|37.125
1390842748|37.187
1390842770|37.312
1390842793|37.5
1390842815|37.625
1390842838|37.75
1390842860|37.875
1390842883|38.062
1390842905|38.187
1390842928|38.125
1390842950|38.125
1390842973|38.187
1390842995|38.312
1390843018|38.312
1390843040|38.187
1390843063|38.25
1390843085|38.25
1390843107|38.312
1390843130|38.312
1390843152|38.375
1390843175|38.312
1390843197|38.312
1390843220|38.25
1390843242|38.25
1390843265|38.25
1390843287|38.312
1390843310|38.375
1390843332|38.375
1390843355|38.437
1390843377|38.375
1390843400|38.437
1390843422|38.437
1390843445|38.5
1390843467|38.562
1390843489|38.562
1390843512|38.625
1390843534|38.687
1390843557|38.687
1390843579|38.75
1390843602|38.875
1390843624|38.937
1390843647|39.0
1390843669|39.125
1390843692|39.125
1390843714|39.187
1390843737|39.187
1390843759|39.25
1390843782|39.312
1390843804|39.375
1390843827|39.437
1390843849|39.375
1390843872|39.312
1390843894|39.25
1390843916|39.25
1390843939|39.25
1390843961|39.062
1390843984|38.937
1390844006|38.812
1390844029|38.687
1390844051|38.562
1390844074|38.437
1390844096|38.312
1390844119|38.125
1390844141|38.125
1390844164|37.875
1390844186|37.75
1390844209|37.625
1390844231|37.5
1390844253|37.375
1390844276|37.25
1390844298|37.062
1390844321|37.0
1390844343|36.875
1390844366|36.75
1390844388|36.687
1390844411|36.562
1390844433|36.5
1390844456|36.437
1390844478|36.375
1390844501|36.25
1390844523|36.187
1390844546|36.125
1390844568|36.062
1390844591|35.937
1390844613|35.937
1390844636|35.875
1390844658|35.875
1390844680|35.875
1390844703|35.875
1390844725|35.875
1390844748|35.875
1390844770|35.875
1390844793|35.812
1390844815|35.875
1390844838|35.812
1390844860|35.812
1390844883|35.812
1390844905|35.812
1390844928|35.687
1390844950|35.625
1390844973|35.562
1390844995|35.5
1390845018|35.437
1390845040|35.375
1390845062|35.312
1390845085|35.25
1390845107|35.187
1390845131|35.125
1390845153|35.062
1390845176|35.0
1390845198|34.937
1390845221|34.875
1390845243|34.875
1390845265|34.875
1390845288|34.937
1390845310|35.125
1390845333|35.25
1390845355|35.375
1390845378|35.562
1390845400|35.937
1390845423|36.125
1390845445|36.25
1390845468|36.312
1390845490|36.375
1390845513|36.437
1390845535|36.437
1390845558|36.437
1390845580|36.437
1390845603|36.375
1390845625|36.375
1390845648|36.375
1390845670|36.375
1390845692|36.375
1390845715|36.312
1390845737|36.312
1390845760|36.312
1390845782|36.25
1390845805|36.25
1390845827|36.25
1390845850|36.187
1390845872|36.187
1390845895|36.187
1390845917|36.187
1390845940|36.125
1390845962|36.125
1390845985|36.125
1390846007|36.125
1390846030|36.125
1390846052|36.375
1390846075|36.625
1390846097|36.75
1390846119|36.812
1390846142|36.875
1390846164|36.937
1390846187|37.0
1390846209|37.0
1390846232|37.0
1390846254|37.062
1390846277|37.062
1390846299|37.062
1390846322|37.062
1390846344|37.062
1390846367|37.062
1390846389|37.062
1390846412|37.062
1390846434|37.062
1390846456|37.062
1390846479|37.0
1390846501|37.062
1390846524|37.0
1390846546|37.0
1390846569|37.0
1390846591|37.0
1390846614|37.062
1390846636|37.062
1390846659|37.062
1390846681|37.062
1390846704|37.062
1390846726|37.062
1390846749|37.062
1390846771|37.062
1390846794|37.125
1390846816|37.062
1390846838|37.125
1390846861|37.062
1390846883|37.062
1390846906|37.062
1390846928|37.062
1390846951|37.125
1390846973|37.125
1390846996|37.125
1390847018|37.125
1390847041|37.125
1390847063|37.125
1390847086|37.125
1390847108|37.125
1390847131|37.125
1390847153|37.125
1390847175|37.125
1390847198|37.125
1390847220|37.125
1390847243|37.125
1390847265|37.187
1390847288|37.187
1390847310|37.187
1390847333|37.187
1390847355|37.125
1390847378|37.187
1390847400|37.125
1390847423|37.125
1390847445|37.187
1390847468|37.125
1390847490|37.125
1390847513|37.125
1390847535|37.125
1390847558|37.125
1390847580|37.125
1390847602|37.125
1390847625|37.125
1390847647|37.125
1390847670|37.125
1390847692|37.125
1390847715|37.125
1390847737|37.125
1390847760|37.125
1390847782|37.125
1390847805|37.125
1390847827|37.125
1390847850|37.125
1390847872|37.125
1390847895|37.062
1390847917|37.062
1390847939|37.062
1390847962|37.062
1390847985|37.062
1390848007|37.062
1390848029|37.062
1390848052|37.125
1390848074|37.062
1390848097|37.062
1390848119|37.062
1390848142|37.062
1390848164|37.062
1390848187|37.062
1390848209|37.062
1390848232|37.062
1390848254|37.062
1390848277|37.062
1390848299|37.062
1390848322|37.062
1390848344|37.062
1390848366|37.062
1390848389|37.062
1390848411|37.062
1390848434|37.062
1390848456|37.062
1390848479|37.062
1390848501|37.062
1390848524|37.062
1390848546|37.062
1390848569|37.062
1390848591|37.062
1390848614|37.062
1390848636|37.062
1390848659|37.062
1390848681|37.062
1390848704|37.062
1390848726|37.062
1390848748|37.062
1390848771|37.062
1390848793|37.062
1390848816|37.062
1390848838|37.062
1390848861|37.062
1390848883|37.062
1390848906|37.062
1390848928|37.0
1390848951|37.062
1390848973|37.062
1390848996|37.062
1390849018|37.062
1390849041|37.0
1390849063|37.062
1390849085|37.062
1390849108|37.062
1390849130|37.0
1390849153|37.062
1390849175|37.0
1390849198|37.0
1390849220|37.0
1390849243|37.062
1390849265|37.0
1390849288|37.0
1390849310|37.062
1390849333|37.0
1390849355|37.0
1390849378|37.0
1390849400|37.0
1390849423|37.0
1390849445|37.0
1390849468|37.0
1390849490|37.0
1390849512|37.0
1390849535|37.0
1390849557|37.0
1390849580|37.0
1390849602|37.0
1390849625|37.0
1390849647|37.0
1390849670|37.0
1390849692|37.0
1390849715|36.937
1390849737|36.937
1390849760|36.937
1390849782|36.937
1390849805|36.937
1390849827|36.937
1390849849|36.937
1390849872|36.937
1390849894|36.937
1390849917|36.937
1390849939|36.937
1390849962|36.937
1390849984|36.937
1390850007|36.937
1390850029|36.937
1390850052|36.937
1390850074|36.937
1390850097|36.875
1390850119|36.875
1390850142|36.875
1390850164|36.875
1390850187|36.875
1390850209|36.875
1390850232|36.875
1390850254|36.875
1390850278|36.875
1390850300|36.875
1390850323|36.812
1390850345|36.812
1390850368|36.812
1390850390|36.875
1390850413|36.812
1390850435|36.812
1390850458|36.812
1390850480|36.812
1390850502|36.812
1390850525|36.75
1390850547|36.75
1390850570|36.75
1390850592|36.75
1390850615|36.75
1390850637|36.75
1390850660|36.75
1390850682|36.75
1390850705|36.75
1390850727|36.75
1390850750|36.75
1390850772|36.75
1390850795|36.75
1390850817|36.75
1390850839|36.75
1390850862|36.75
1390850884|36.75
1390850907|36.75
1390850929|36.812
1390850952|36.75
1390850974|36.812
1390850997|36.812
1390851019|36.812
1390851042|36.875
1390851064|36.875
1390851087|36.875
1390851109|36.937
1390851132|36.937
1390851154|36.937
1390851177|36.937
1390851199|36.937
1390851222|37.062
1390851244|37.062
1390851267|37.187
1390851289|37.25
1390851311|37.25
1390851334|37.5
1390851356|37.625
1390851379|37.75
1390851401|37.875
1390851424|38.0
1390851446|38.125
1390851469|38.25
1390851491|38.437
1390851514|38.437
1390851536|38.562
1390851559|38.5
1390851581|38.5
1390851604|38.5
1390851626|38.5
1390851649|38.375
1390851671|38.375
1390851694|38.375
1390851716|38.375
1390851738|38.375
1390851761|38.25
1390851783|38.25
1390851806|38.187
1390851828|38.25
1390851851|38.25
1390851873|38.312
1390851896|38.375
1390851918|38.375
1390851941|38.375
1390851963|38.375
1390851986|38.437
1390852008|38.437
1390852031|38.5
1390852053|38.5
1390852075|38.625
1390852098|38.625
1390852120|38.687
1390852143|38.812
1390852165|38.875
1390852188|38.937
1390852210|39.0
1390852233|39.125
1390852255|39.125
1390852278|39.125
1390852300|39.25
1390852323|39.312
1390852345|39.312
1390852368|39.375
1390852390|39.375
1390852413|39.312
1390852435|39.25
1390852458|39.187
1390852480|39.125
1390852502|39.0
1390852525|39.0
1390852547|38.937
1390852570|38.875
1390852592|38.75
1390852615|38.625
1390852637|38.5
1390852660|38.437
1390852682|38.312
1390852705|38.187
1390852727|38.062
1390852750|37.937
1390852772|37.812
1390852795|37.687
1390852817|37.562
1390852840|37.437
1390852862|37.25
1390852884|37.187
1390852907|37.125
1390852929|37.0
1390852952|36.937
1390852974|36.812
1390852997|36.75
1390853019|36.687
1390853042|36.562
1390853064|36.5
1390853087|36.375
1390853109|36.312
1390853132|36.25
1390853154|36.187
1390853177|36.187
1390853199|36.187
1390853222|35.937
1390853244|35.937
1390853267|35.875
1390853289|35.875
1390853311|35.875
1390853334|35.812
1390853356|35.812
1390853379|35.875
1390853401|35.875
1390853424|35.812
1390853446|35.875
1390853469|35.875
1390853491|35.812
1390853514|35.875
1390853536|35.875
1390853559|35.875
1390853581|35.812
1390853604|35.812
1390853626|35.75
1390853648|35.75
1390853671|35.625
1390853693|35.625
1390853716|35.5
1390853738|35.437
1390853761|35.437
1390853783|35.375
1390853806|35.25
1390853828|35.187
1390853851|35.125
1390853873|35.062
1390853896|35.0
1390853918|34.937
1390853941|34.875
1390853963|34.812
1390853986|34.812
1390854009|34.875
1390854031|35.0
1390854054|35.125
1390854076|35.25
1390854099|35.375
1390854121|35.687
1390854144|35.875
1390854166|35.437
1390854189|35.062
1390854211|34.75
1390854233|34.562
1390854256|34.375
1390854278|34.187
1390854301|33.937
1390854323|33.687
1390854346|33.5
1390854368|33.5
1390854391|33.062
1390854413|32.875
1390854436|32.687
1390854458|32.5
1390854481|32.312
1390854503|32.187
1390854526|32.0
1390854548|31.812
1390854571|31.625
1390854593|31.5
1390854616|31.312
1390854638|31.125
1390854660|31.0
1390854683|30.812
1390854705|30.687
1390854728|30.562
1390854750|30.437
1390854773|30.312
1390854795|30.187
1390854818|30.062
1390854840|29.937
1390854863|29.812
1390854885|29.812
1390854908|29.625
1390854930|29.5
1390854953|29.375
1390854975|29.312
1390854997|29.187
1390855020|29.125
1390855042|29.0
1390855065|28.937
1390855087|28.875
1390855110|28.875
1390855132|28.687
1390855155|28.562
1390855177|28.5
1390855200|28.437
1390855222|28.375
1390855245|28.312
1390855267|28.25
1390855290|28.187
1390855312|28.062
1390855335|28.0
1390855357|27.937
1390855380|27.875
1390855402|27.812
1390855424|27.75
1390855447|27.687
1390855469|27.625
1390855492|27.562
1390855514|27.5
1390855537|27.437
1390855559|27.437
1390855582|27.375
1390855604|27.375
1390855627|27.312
1390855649|27.312
1390855672|27.312
1390855694|27.312
1390855717|27.312
1390855739|27.375
1390855762|27.375
1390855784|27.437
1390855806|27.437
1390855829|27.437
1390855851|27.5
1390855874|27.5
1390855896|27.5
1390855919|27.562
1390855941|27.625
1390855964|27.625
1390855986|27.687
1390856009|27.687
1390856031|27.687
1390856054|27.687
1390856076|27.687
1390856099|27.687
1390856121|27.687
1390856143|27.687
1390856166|27.687
1390856188|27.687
1390856211|27.625
1390856233|27.625
1390856256|27.625
1390856278|27.625
1390856301|27.625
1390856323|27.687
1390856346|27.687
1390856368|27.687
1390856391|27.75
1390856413|27.75
1390856436|27.75
1390856458|27.75
1390856480|27.75
1390856503|27.75
1390856525|27.75
1390856548|27.75
1390856570|27.75
1390856593|27.75
1390856615|27.75
1390856638|27.75
1390856660|27.75
1390856683|27.75
1390856705|27.75
1390856728|27.687
1390856750|27.687
1390856773|27.687
1390856795|27.687
1390856818|27.687
1390856840|27.687
1390856863|27.687
1390856885|27.687
1390856907|27.625
1390856930|27.625
1390856952|27.625
1390856975|27.625
1390856997|27.625
1390857020|27.625
1390857042|27.625
1390857065|27.625
1390857087|27.687
1390857110|27.687
1390857132|27.75
1390857155|27.75
1390857177|27.75
1390857200|27.75
1390857222|27.75
1390857244|27.75
1390857267|27.75
1390857289|27.75
1390857312|27.75
1390857334|27.75
1390857357|27.75
1390857379|27.75
1390857402|27.75
1390857424|27.75
1390857447|27.75
1390857469|27.75
1390857492|27.75
1390857514|27.75
1390857537|27.687
1390857559|27.687
1390857582|27.687
1390857604|27.687
1390857627|27.687
1390857649|27.687
1390857671|27.687
1390857694|27.687
1390857716|27.625
1390857739|27.687
1390857761|27.625
1390857784|27.625
1390857806|27.625
1390857829|27.625
1390857851|27.625
1390857874|27.625
1390857896|27.625
1390857919|27.625
1390857941|27.687
1390857964|27.687
1390857986|27.687
1390858009|27.687
1390858031|27.687
1390858053|27.75
1390858076|27.75
1390858098|27.75
1390858121|27.687
1390858143|27.687
1390858166|27.687
1390858188|27.687
1390858211|27.687
1390858233|27.687
1390858256|27.687
1390858278|27.687
1390858301|27.687
1390858323|27.625
1390858346|27.625
1390858368|27.687
1390858390|27.625
1390858413|27.625
1390858436|27.687
1390858458|27.687
1390858481|27.687
1390858503|27.687
1390858526|27.687
1390858548|27.687
1390858571|27.687
1390858593|27.687
1390858616|27.687
1390858638|27.687
1390858661|27.687
1390858683|27.687
1390858706|27.687
1390858728|27.625
1390858751|27.625
1390858773|27.625
1390858795|27.687
1390858818|27.687
1390858840|27.687
1390858863|27.687
1390858885|27.687
1390858908|27.687
1390858930|27.687
1390858953|27.687
1390858975|27.687
1390858998|27.687
1390859020|27.687
1390859043|27.687
1390859065|27.625
1390859088|27.625
1390859110|27.687
1390859132|27.687
1390859155|27.687
1390859177|27.687
1390859200|27.687
1390859222|27.687
1390859245|27.687
1390859267|27.687
1390859290|27.687
1390859312|27.687
1390859335|27.687
1390859357|27.687
1390859380|27.625
1390859402|27.687
1390859425|27.687
1390859447|27.687
1390859470|27.687
1390859492|27.687
1390859515|27.687
1390859537|27.687
1390859559|27.687
1390859582|27.625
1390859604|27.687
1390859627|27.687
1390859649|27.687
1390859672|27.687
1390859694|27.687
1390859717|27.687
1390859739|27.687
1390859762|27.687
1390859784|27.687
1390859807|27.625
1390859829|27.625
1390859852|27.687
1390859874|27.687
1390859897|27.687
1390859919|27.687
1390859941|27.687
1390859964|27.687
1390859986|27.687
1390860009|27.625
1390860031|27.687
1390860054|27.687
1390860076|27.687
1390860099|27.687
1390860121|27.687
1390860144|27.687
1390860166|27.687
1390860189|27.687
1390860211|27.687
1390860234|27.687
1390860256|27.687
1390860278|27.687
1390860301|27.687
1390860323|27.625
1390860346|27.625
1390860368|27.687
1390860391|27.687
1390860413|27.687
1390860436|27.687
1390860458|27.625
1390860481|27.625
1390860503|27.687
1390860526|27.687
1390860548|27.687
1390860571|27.625
1390860593|27.625
1390860616|27.625
1390860638|27.687
1390860661|27.687
1390860683|27.687
1390860705|27.625
1390860728|27.625
1390860750|27.687
1390860773|27.687
1390860795|27.625
1390860818|27.625
1390860840|27.625
1390860863|27.625
1390860885|27.625
1390860908|27.625
1390860930|27.625
1390860953|27.562
1390860975|27.562
1390860998|27.562
1390861020|27.5
1390861042|27.5
1390861065|27.5
1390861087|27.5
1390861110|27.437
1390861132|27.437
1390861155|27.437
1390861177|27.375
1390861200|27.375
1390861222|27.375
1390861245|27.375
1390861267|27.312
1390861290|27.312
1390861312|27.312
1390861335|27.312
1390861357|27.25
1390861380|27.25
1390861402|27.25
1390861425|27.187
1390861447|27.187
1390861469|27.187
1390861492|27.187
1390861514|27.125
1390861537|27.125
1390861559|27.125
1390861582|27.125
1390861604|27.187
1390861627|27.187
1390861649|27.312
1390861672|27.562
1390861694|27.75
1390861717|27.875
1390861739|28.0
1390861762|28.125
1390861784|28.187
1390861807|28.187
1390861829|28.25
1390861851|28.312
1390861874|28.312
1390861896|28.312
1390861919|28.312
1390861941|28.312
1390861964|28.312
1390861986|28.312
1390862009|28.375
1390862031|28.375
1390862054|28.375
1390862076|28.375
1390862099|28.375
1390862121|28.375
1390862144|28.375
1390862166|28.375
1390862188|28.375
1390862211|28.375
1390862233|28.375
1390862256|28.375
1390862278|28.375
1390862301|28.375
1390862323|28.375
1390862346|28.375
1390862368|28.375
1390862391|28.375
1390862413|28.375
1390862436|28.375
1390862458|28.375
1390862481|28.375
1390862503|28.375
1390862526|28.375
1390862548|28.375
1390862571|28.375
1390862593|28.375
1390862615|28.375
1390862638|28.375
1390862660|28.375
1390862683|28.375
1390862705|28.375
1390862728|28.375
1390862750|28.375
1390862773|28.437
1390862795|28.437
1390862818|28.375
1390862840|28.375
1390862863|28.375
1390862885|28.375
1390862908|28.375
1390862930|28.437
1390862953|28.375
1390862975|28.375
1390862998|28.437
1390863020|28.437
1390863042|28.437
1390863065|28.437
1390863087|28.375
1390863110|28.437
1390863132|28.375
1390863155|28.437
1390863177|28.437
1390863200|28.437
1390863222|28.437
1390863245|28.437
1390863267|28.437
1390863290|28.375
1390863312|28.375
1390863335|28.437
1390863357|28.375
1390863379|28.437
1390863402|28.437
1390863424|28.375
1390863447|28.375
1390863469|28.437
1390863492|28.375
1390863514|28.437
1390863537|28.437
1390863559|28.437
1390863582|28.437
1390863604|28.437
1390863627|28.437
1390863649|28.437
1390863672|28.437
1390863694|28.437
1390863717|28.437
1390863739|28.437
1390863761|28.437
1390863784|28.437
1390863806|28.375
1390863829|28.437
1390863851|28.437
1390863874|28.437
1390863896|28.437
1390863919|28.437
1390863941|28.437
1390863964|28.437
1390863986|28.437
1390864009|28.437
1390864031|28.437
1390864054|28.437
1390864076|28.437
1390864098|28.437
1390864121|28.437
1390864143|28.437
1390864166|28.437
1390864188|28.375
1390864211|28.437
1390864233|28.437
1390864256|28.437
1390864278|28.437
1390864301|28.437
1390864323|28.437
1390864346|28.437
1390864368|28.437
1390864391|28.437
1390864413|28.375
1390864436|28.375
1390864458|28.375
1390864481|28.437
1390864503|28.375
1390864525|28.375
1390864548|28.375
1390864570|28.375
1390864593|28.375
1390864615|28.375
1390864638|28.375
1390864660|28.375
1390864683|28.375
1390864705|28.375
1390864728|28.375
1390864750|28.375
1390864773|28.437
1390864795|28.375
1390864818|28.375
1390864840|28.375
1390864863|28.375
1390864885|28.437
1390864908|28.437
1390864930|28.437
1390864952|28.375
1390864975|28.375
1390864997|28.375
1390865020|28.375
1390865042|28.375
1390865065|28.375
1390865087|28.375
1390865110|28.375
1390865132|28.375
1390865155|28.375
1390865177|28.375
1390865200|28.375
1390865222|28.375
1390865245|28.375
1390865267|28.375
1390865290|28.375
1390865312|28.375
1390865334|28.375
1390865357|28.375
1390865379|28.375
1390865402|28.375
1390865424|28.375
1390865447|28.375
1390865469|28.375
1390865492|28.375
1390865514|28.375
1390865537|28.375
1390865559|28.375
1390865582|28.375
1390865604|28.312
1390865627|28.375
1390865649|28.375
1390865672|28.312
1390865694|28.312
1390865716|28.312
1390865739|28.375
1390865761|28.312
1390865784|28.312
1390865806|28.312
1390865829|28.312
1390865851|28.312
1390865874|28.312
1390865896|28.312
1390865919|28.312
1390865941|28.312
1390865964|28.312
1390865986|28.312
1390866009|28.312
1390866031|28.312
1390866054|28.25
1390866076|28.25
1390866098|28.312
1390866121|28.25
1390866143|28.25
1390866166|28.25
1390866188|28.25
1390866211|28.25
1390866233|28.25
1390866256|28.25
1390866278|28.25
1390866301|28.25
1390866323|28.187
1390866346|28.25
1390866368|28.25
1390866391|28.187
1390866413|28.25
1390866435|28.25
1390866458|28.25
1390866481|28.25
1390866503|28.187
1390866525|28.187
1390866548|28.187
1390866570|28.187
1390866593|28.187
1390866615|28.187
1390866638|28.187
1390866660|28.187
1390866683|28.187
1390866705|28.187
1390866728|28.187
1390866750|28.187
1390866773|28.187
1390866795|28.187
1390866818|28.187
1390866840|28.187
1390866863|28.187
1390866885|28.187
1390866907|28.187
1390866930|28.187
1390866952|28.187
1390866975|28.187
1390866997|28.187
1390867020|28.187
1390867042|28.187
1390867065|28.187
1390867087|28.187
1390867110|28.187
1390867132|28.187
1390867155|28.187
1390867177|28.187
1390867200|28.187
1390867222|28.187
1390867245|28.187
1390867267|28.187
1390867289|28.187
1390867312|28.187
1390867334|28.187
1390867357|28.187
1390867379|28.187
1390867402|28.187
1390867424|28.187
1390867447|28.187
1390867469|28.187
1390867492|28.187
1390867514|28.187
1390867537|28.187
1390867559|28.187
1390867582|28.187
1390867604|28.187
1390867627|28.187
1390867649|28.187
1390867672|28.187
1390867694|28.187
1390867717|28.187
1390867739|28.187
1390867761|28.187
1390867784|28.187
1390867806|28.187
1390867829|28.125
1390867851|28.125
1390867874|28.187
1390867896|28.187
1390867919|28.187
1390867941|28.125
1390867964|28.125
1390867986|28.125
1390868009|28.125
1390868031|28.125
1390868054|28.125
1390868076|28.125
1390868098|28.125
1390868121|28.187
1390868143|28.125
1390868166|28.125
1390868188|28.125
1390868211|28.125
1390868233|28.125
1390868256|28.125
1390868278|28.125
1390868301|28.125
1390868323|28.125
1390868346|28.125
1390868368|28.125
1390868391|28.125
1390868413|28.125
1390868436|28.125
1390868458|28.125
1390868480|28.125
1390868503|28.062
1390868525|28.062
1390868548|28.125
1390868570|28.062
1390868593|28.062
1390868615|28.125
1390868638|28.062
1390868660|28.062
1390868683|28.125
1390868705|28.125
1390868728|28.125
1390868750|28.062
1390868773|28.062
1390868795|28.062
1390868818|28.062
1390868840|28.062
1390868863|28.062
1390868885|28.125
1390868907|28.062
1390868930|28.062
1390868952|28.062
1390868975|28.062
1390868997|28.062
1390869020|28.062
1390869042|28.062
1390869065|28.062
1390869087|28.062
1390869110|28.062
1390869132|28.062
1390869155|28.062
1390869177|28.062
1390869200|28.062
1390869222|28.062
1390869244|28.062
1390869267|28.062
1390869289|28.062
1390869312|28.062
1390869334|28.062
1390869357|28.062
1390869379|28.062
1390869402|28.062
1390869424|28.062
1390869447|28.062
1390869469|28.0
1390869492|28.0
1390869514|28.0
1390869537|28.062
1390869559|28.062
1390869582|28.0
1390869604|28.062
1390869627|28.062
1390869649|28.0
1390869671|28.0
1390869694|28.0
1390869716|28.0
1390869739|28.0
1390869761|28.0
1390869784|28.0
1390869806|28.0
1390869829|28.0
1390869851|28.0
1390869874|28.0
1390869896|28.0
1390869919|28.0
1390869941|28.0
1390869964|28.0
1390869986|28.0
1390870009|28.0
1390870031|28.0
1390870053|28.0
1390870076|28.0
1390870098|27.937
1390870121|27.937
1390870143|28.0
1390870166|27.937
1390870188|28.0
1390870211|27.937
1390870233|28.0
1390870256|27.937
1390870278|27.937
1390870301|27.937
1390870323|27.937
1390870346|27.937
1390870368|27.937
1390870390|27.937
1390870413|27.937
1390870435|28.0
1390870458|28.0
1390870480|28.0
1390870503|28.0
1390870525|28.0
1390870548|28.0
1390870570|28.062
1390870593|28.062
1390870615|28.062
1390870638|28.062
1390870660|28.125
1390870683|28.125
1390870705|28.187
1390870728|28.187
1390870750|28.187
1390870773|28.187
1390870795|28.25
1390870817|28.312
1390870840|28.375
1390870862|28.375
1390870885|28.437
1390870907|28.5
1390870930|28.562
1390870952|28.625
1390870975|28.687
1390870997|28.812
1390871020|28.875
1390871042|29.0
1390871065|29.062
1390871087|29.187
1390871110|29.312
1390871132|29.437
1390871154|29.562
1390871177|29.687
1390871199|29.812
1390871222|29.937
1390871244|30.0
1390871267|30.062
1390871289|30.125
1390871312|30.125
1390871334|30.187
1390871357|30.187
1390871379|30.25
1390871402|30.25
1390871424|30.312
1390871447|30.5
1390871469|30.625
1390871491|30.687
1390871514|30.875
1390871536|30.937
1390871559|31.062
1390871581|31.125
1390871604|31.25
1390871626|31.312
1390871649|31.312
1390871671|31.375
1390871694|31.375
1390871716|31.25
1390871739|31.187
1390871761|31.125
1390871784|31.062
1390871806|31.062
1390871829|31.062
1390871851|31.062
1390871874|30.937
1390871896|31.0
1390871918|30.937
1390871941|30.937
1390871963|30.937
1390871986|30.937
1390872008|30.875
1390872031|30.812
1390872053|30.812
1390872076|30.812
1390872098|30.75
1390872121|30.687
1390872143|30.625
1390872166|30.562
1390872188|30.5
1390872211|30.375
1390872233|30.312
1390872255|30.25
1390872278|30.187
1390872300|30.125
1390872323|30.062
1390872345|30.0
1390872368|30.0
1390872390|29.937
1390872413|29.875
1390872435|29.875
1390872458|29.812
1390872480|29.75
1390872503|29.75
1390872525|29.687
1390872548|29.687
1390872570|29.625
1390872593|29.562
1390872615|29.562
1390872637|29.5
1390872660|29.5
1390872682|29.437
1390872705|29.375
1390872727|29.375
1390872750|29.312
1390872772|29.312
1390872795|29.25
1390872817|29.187
1390872840|29.187
1390872862|29.125
1390872885|29.125
1390872907|29.062
1390872930|29.0
1390872952|29.0
1390872975|28.937
1390872997|28.937
1390873020|28.937
1390873042|28.812
1390873064|28.812
1390873087|28.75
1390873109|28.75
1390873132|28.687
1390873154|28.625
1390873177|28.625
1390873199|28.625
1390873222|28.562
1390873244|28.5
1390873267|28.5
1390873289|28.437
1390873312|28.437
1390873334|28.375
1390873357|28.312
1390873379|28.312
1390873401|28.312
1390873424|28.25
1390873446|28.187
1390873469|28.187
1390873491|28.125
1390873514|28.125
1390873536|28.062
1390873559|28.062
1390873581|28.062
1390873604|28.0
1390873626|28.0
1390873649|27.937
1390873671|27.937
1390873694|27.875
1390873716|27.875
1390873739|27.812
1390873761|27.812
1390873784|27.75
1390873806|27.75
1390873828|27.687
1390873851|27.687
1390873873|27.687
1390873896|27.625
1390873918|27.625
1390873941|27.625
1390873963|27.562
1390873986|27.562
1390874008|27.562
1390874031|27.625
1390874053|27.625
1390874076|27.625
1390874098|27.625
1390874121|27.625
1390874143|27.625
1390874166|27.625
1390874188|27.625
1390874210|27.625
1390874233|27.625
1390874255|27.625
1390874278|27.687
1390874300|27.687
1390874323|27.687
1390874345|27.687
1390874368|27.687
1390874390|27.687
1390874413|27.625
1390874435|27.687
1390874458|27.687
1390874480|27.687
1390874503|27.75
1390874525|27.687
1390874547|27.687
1390874570|27.687
1390874592|27.687
1390874615|27.75
1390874637|27.687
1390874660|27.687
1390874682|27.687
1390874705|27.687
1390874727|27.687
1390874750|27.687
1390874772|27.687
1390874795|27.687
1390874817|27.625
1390874840|27.687
1390874862|27.687
1390874885|27.687
1390874907|27.687
1390874930|27.625
1390874952|27.625
1390874974|27.625
1390874997|27.625
1390875019|27.562
1390875042|27.562
1390875064|27.625
1390875087|27.625
1390875109|27.562
1390875132|27.562
1390875154|27.562
1390875177|27.562
1390875199|27.562
1390875222|27.562
1390875244|27.562
1390875267|27.562
1390875289|27.562
1390875311|27.562
1390875334|27.625
1390875356|27.562
1390875379|27.562
1390875401|27.562
1390875424|27.625
1390875446|27.562
1390875469|27.562
1390875491|27.562
1390875514|27.625
1390875536|27.625
1390875559|27.625
1390875581|27.562
1390875604|27.625
1390875626|27.625
1390875649|27.625
1390875671|27.562
1390875694|27.562
1390875716|27.687
1390875739|28.437
1390875761|29.75
1390875784|31.125
1390875806|32.062
1390875829|33.125
1390875851|33.125
1390875874|34.312
1390875896|34.687
1390875919|34.937
1390875941|35.125
1390875963|35.312
1390875986|35.437
1390876008|35.562
1390876031|35.625
1390876053|35.75
1390876076|35.812
1390876098|35.875
1390876121|36.0
1390876143|36.062
1390876166|36.125
1390876188|36.187
1390876211|36.312
1390876233|36.437
1390876256|36.5
1390876278|36.562
1390876300|36.625
1390876323|36.75
1390876345|36.875
1390876368|36.937
1390876390|36.937
1390876413|37.125
1390876435|37.187
1390876458|37.312
1390876480|37.375
1390876503|37.437
1390876525|37.5
1390876548|37.5
1390876570|37.687
1390876593|37.812
1390876615|37.875
1390876637|37.937
1390876660|38.0
1390876682|38.062
1390876705|38.125
1390876727|38.125
1390876750|38.062
1390876772|38.062
1390876795|38.125
1390876817|37.937
1390876840|37.75
1390876862|37.625
1390876885|37.625
1390876907|37.562
1390876930|37.562
1390876952|37.562
1390876975|37.562
1390876997|37.562
1390877020|37.625
1390877042|37.625
1390877064|37.625
1390877087|37.687
1390877109|37.75
1390877132|37.75
1390877154|37.812
1390877177|37.812
1390877199|37.875
1390877222|37.937
1390877244|37.937
1390877267|38.0
1390877289|38.0
1390877312|37.687
1390877334|37.5
1390877357|37.437
1390877379|37.312
1390877402|37.25
1390877424|37.25
1390877446|37.25
1390877469|37.25
1390877491|37.25
1390877514|37.187
1390877536|37.187
1390877559|37.187
1390877581|37.187
1390877604|37.25
1390877626|37.25
1390877649|37.25
1390877671|37.25
1390877694|37.25
1390877716|37.25
1390877739|37.25
1390877761|37.25
1390877783|37.25
1390877806|37.25
1390877829|37.312
1390877851|37.312
1390877873|37.312
1390877896|37.312
1390877918|37.312
1390877941|37.312
1390877963|37.312
1390877986|37.375
1390878008|37.375
1390878031|37.375
1390878053|37.375
1390878076|37.375
1390878098|37.375
1390878121|37.375
1390878143|37.375
1390878166|37.375
1390878188|37.375
1390878211|37.375
1390878233|37.375
1390878256|37.375
1390878278|37.375
1390878300|37.375
1390878323|37.375
1390878345|37.375
1390878368|37.375
1390878390|37.437
1390878413|37.437
1390878435|37.437
1390878458|37.437
1390878480|37.437
1390878503|37.437
1390878525|37.437
1390878548|37.437
1390878570|37.375
1390878593|37.375
1390878615|37.375
1390878637|37.375
1390878660|37.437
1390878682|37.437
1390878705|37.437
1390878727|37.437
1390878750|37.437
1390878772|37.437
1390878795|37.437
1390878817|37.437
1390878840|37.5
1390878862|37.5
1390878885|37.5
1390878907|37.562
1390878930|37.562
1390878952|37.562
1390878975|37.625
1390878997|37.625
1390879019|37.625
1390879042|37.625
1390879064|37.687
1390879087|37.625
1390879109|37.625
1390879132|37.687
1390879154|37.687
1390879177|37.687
1390879199|37.687
1390879222|37.687
1390879244|37.687
1390879267|37.687
1390879289|37.75
1390879312|37.875
1390879334|37.875
1390879357|37.812
1390879379|37.687
1390879402|37.687
1390879424|37.687
1390879446|37.75
1390879469|37.875
1390879491|37.75
1390879514|37.687
1390879536|37.75
1390879559|37.812
1390879581|37.875
1390879604|37.812
1390879626|37.812
1390879649|37.812
1390879671|37.937
1390879694|37.875
1390879716|37.875
1390879739|37.812
1390879761|37.875
1390879783|37.875
1390879806|37.875
1390879828|37.812
1390879851|37.937
1390879873|37.937
1390879896|37.937
1390879918|37.937
1390879941|38.0
1390879963|38.062
1390879986|38.125
1390880008|38.187
1390880031|38.25
1390880053|38.312
1390880076|38.312
1390880098|38.312
1390880121|38.375
1390880143|38.375
1390880166|38.5
1390880188|38.5
1390880210|38.562
1390880233|38.5
1390880255|38.5
1390880278|38.5
1390880300|38.5
1390880323|38.562
1390880345|38.625
1390880368|38.687
1390880390|38.687
1390880413|38.75
1390880435|38.75
1390880458|38.687
1390880480|38.562
1390880503|38.562
1390880525|38.5
1390880548|38.437
1390880570|38.437
1390880592|38.375
1390880615|38.312
1390880637|38.312
1390880660|38.25
1390880682|38.312
1390880705|38.187
1390880727|38.062
1390880750|38.0
1390880772|37.875
1390880795|37.75
1390880817|37.625
1390880840|37.5
1390880862|37.437
1390880885|37.437
1390880907|37.125
1390880930|37.0
1390880952|36.875
1390880974|36.812
1390880997|36.812
1390881019|36.562
1390881042|36.5
1390881064|36.375
1390881087|36.312
1390881109|36.187
1390881132|36.125
1390881154|36.125
1390881177|35.937
1390881199|35.812
1390881222|35.75
1390881244|35.687
1390881267|35.625
1390881289|35.562
1390881312|35.5
1390881334|35.437
1390881356|35.437
1390881379|35.437
1390881401|35.375
1390881424|35.375
1390881446|35.375
1390881469|35.375
1390881491|35.375
1390881514|35.437
1390881536|35.375
1390881559|35.437
1390881581|35.437
1390881604|35.375
1390881626|35.437
1390881649|35.437
1390881671|35.437
1390881694|35.437
1390881716|35.375
1390881739|35.312
1390881761|35.25
1390881783|35.187
1390881806|35.187
1390881828|35.062
1390881851|35.0
1390881873|34.937
1390881896|34.875
1390881918|34.812
1390881941|34.687
1390881963|34.625
1390881986|34.562
1390882008|34.5
1390882031|34.437
1390882053|34.375
1390882076|34.375
1390882098|34.437
1390882120|34.437
1390882143|34.437
1390882165|35.062
1390882188|35.312
1390882210|35.437
1390882233|35.5
1390882255|35.562
1390882278|35.625
1390882300|35.625
1390882323|35.625
1390882345|35.625
1390882368|35.937
1390882390|36.062
1390882413|36.187
1390882435|36.312
1390882458|36.375
1390882480|36.375
1390882502|36.375
1390882525|36.437
1390882547|36.375
1390882570|36.375
1390882592|36.375
1390882615|36.312
1390882637|36.312
1390882660|36.312
1390882682|36.25
1390882705|36.25
1390882727|36.25
1390882750|36.25
1390882772|36.25
1390882795|36.25
1390882817|36.25
1390882840|36.25
1390882862|36.25
1390882885|36.187
1390882907|36.187
1390882929|36.187
1390882952|36.187
1390882974|36.187
1390882997|36.187
1390883019|36.187
1390883042|36.187
1390883064|36.187
1390883087|36.187
1390883109|36.187
1390883132|36.187
1390883154|36.125
1390883177|36.187
1390883199|36.187
1390883222|36.187
1390883244|36.125
1390883267|36.187
1390883289|36.187
1390883312|36.187
1390883334|36.125
1390883356|36.125
1390883379|36.125
1390883401|36.125
1390883424|36.125
1390883446|36.125
1390883469|36.125
1390883491|36.125
1390883514|36.125
1390883536|36.187
1390883559|36.125
1390883581|36.125
1390883604|36.125
1390883626|36.125
1390883649|36.125
1390883671|36.125
1390883693|36.125
1390883716|36.125
1390883738|36.125
1390883761|36.125
1390883783|36.125
1390883806|36.125
1390883828|36.125
1390883851|36.125
1390883873|36.125
1390883896|36.125
1390883918|36.062
1390883941|36.062
1390883963|36.125
1390883986|36.125
1390884008|36.125
1390884031|36.062
1390884053|36.125
1390884075|36.062
1390884098|36.125
1390884120|36.062
1390884143|36.062
1390884165|36.062
1390884188|36.125
1390884210|36.062
1390884233|36.125
1390884255|36.062
1390884278|36.125
1390884300|36.062
1390884323|36.062
1390884345|36.062
1390884368|36.062
1390884390|36.062
1390884413|36.062
1390884435|36.062
1390884457|36.062
1390884480|36.062
1390884502|36.062
1390884525|36.062
1390884547|36.062
1390884570|36.062
1390884592|36.062
1390884615|36.062
1390884637|36.062
1390884660|36.062
1390884682|36.062
1390884705|36.062
1390884727|36.062
1390884750|36.062
1390884772|36.0
1390884795|36.062
1390884817|36.062
1390884839|36.062
1390884862|36.062
1390884884|36.0
1390884907|36.062
1390884929|36.062
1390884952|36.062
1390884974|36.0
1390884997|36.0
1390885019|36.0
1390885042|36.0
1390885064|36.0
1390885087|36.0
1390885109|36.0
1390885132|36.0
1390885154|36.0
1390885177|36.0
1390885199|36.0
1390885222|36.0
1390885244|36.0
1390885266|36.0
1390885289|36.0
1390885311|36.0
1390885334|36.0
1390885356|35.937
1390885379|35.937
1390885401|35.937
1390885424|36.0
1390885446|35.937
1390885469|35.937
1390885491|35.937
1390885514|35.937
1390885536|35.937
1390885559|35.937
1390885581|35.937
1390885603|35.937
1390885626|35.937
1390885648|35.937
1390885671|35.937
1390885693|35.937
1390885716|35.937
1390885738|35.937
1390885761|35.937
1390885783|35.937
1390885806|35.937
1390885828|35.937
1390885851|35.937
1390885873|35.937
1390885896|35.937
1390885918|35.937
1390885941|35.937
1390885963|35.875
1390885985|35.875
1390886008|35.875
1390886031|35.937
1390886054|35.875
1390886076|35.875
1390886099|35.875
1390886121|35.875
1390886144|35.875
1390886166|35.875
1390886188|35.875
1390886211|35.875
1390886233|35.875
1390886256|35.875
1390886278|35.875
1390886301|35.875
1390886323|35.812
1390886346|35.875
1390886368|35.875
1390886391|35.812
1390886413|35.812
1390886436|35.812
1390886458|35.812
1390886481|35.812
1390886503|35.812
1390886526|35.812
1390886548|35.812
1390886571|35.75
1390886593|35.812
1390886615|35.812
1390886638|35.812
1390886660|35.812
1390886683|35.812
1390886705|35.812
1390886728|35.75
1390886750|35.75
1390886773|35.812
1390886795|35.75
1390886818|35.75
1390886840|35.75
1390886863|36.062
1390886885|36.312
1390886908|36.437
1390886930|36.562
1390886953|36.562
1390886975|36.625
1390886998|36.687
1390887020|36.687
1390887042|36.687
1390887065|36.75
1390887087|36.75
1390887110|36.75
1390887132|36.75
1390887155|36.75
1390887177|36.812
1390887200|36.812
1390887222|36.812
1390887245|36.812
1390887267|36.812
1390887290|36.812
1390887312|36.812
1390887335|36.812
1390887357|36.812
1390887380|36.812
1390887402|36.812
1390887424|36.812
1390887447|36.812
1390887469|36.812
1390887492|36.812
1390887514|36.812
1390887537|36.812
1390887559|36.812
1390887582|36.812
1390887604|36.75
1390887627|36.812
1390887649|36.75
1390887672|36.812
1390887694|36.812
1390887717|36.812
1390887739|36.875
1390887761|36.875
1390887784|36.937
1390887806|36.937
1390887829|36.937
1390887851|36.937
1390887874|36.937
1390887896|37.0
1390887919|37.0
1390887941|37.0
1390887964|37.0
1390887986|37.0
1390888009|37.062
1390888031|37.062
1390888054|37.062
1390888076|37.062
1390888099|37.125
1390888121|37.125
1390888144|37.187
1390888166|37.187
1390888188|37.25
1390888211|37.312
1390888233|37.312
1390888256|37.312
1390888278|37.312
1390888301|37.312
1390888323|37.312
1390888346|37.312
1390888368|37.25
1390888391|37.25
1390888413|37.25
1390888436|37.25
1390888458|37.25
1390888481|37.187
1390888503|37.125
1390888526|37.125
1390888548|37.125
1390888570|37.125
1390888593|37.062
1390888615|37.062
1390888638|37.0
1390888660|37.0
1390888683|37.0
1390888705|37.0
1390888728|37.0
1390888750|37.0
1390888773|37.0
1390888795|37.0
1390888818|37.0
1390888840|37.0
1390888863|37.0
1390888885|37.0
1390888908|36.937
1390888930|36.937
1390888952|36.937
1390888975|36.875
1390888997|36.875
1390889020|36.875
1390889042|36.937
1390889065|36.937
1390889087|36.937
1390889110|37.0
1390889132|37.062
1390889155|37.125
1390889177|37.25
1390889200|37.25
1390889222|37.312
1390889245|37.375
1390889267|37.5
1390889290|37.562
1390889312|37.687
1390889334|37.75
1390889357|37.875
1390889379|37.937
1390889402|38.0
1390889424|38.062
1390889447|38.125
1390889469|38.125
1390889492|38.125
1390889514|38.125
1390889537|38.062
1390889559|38.062
1390889582|38.062
1390889604|38.0
1390889627|38.0
1390889649|38.062
1390889672|38.0
1390889694|38.0
1390889717|38.062
1390889739|38.062
1390889761|38.125
1390889784|38.187
1390889806|38.187
1390889829|38.187
1390889851|38.25
1390889874|38.25
1390889896|38.375
1390889919|38.437
1390889941|38.562
1390889964|38.562
1390889986|38.562
1390890009|38.562
1390890031|38.687
1390890054|38.75
1390890076|38.75
1390890098|38.75
1390890121|38.812
1390890143|38.875
1390890166|38.937
1390890188|38.937
1390890211|38.875
1390890233|38.75
1390890256|38.625
1390890278|38.562
1390890301|38.5
1390890323|38.375
1390890346|38.375
1390890368|38.25
1390890391|38.125
1390890413|38.0
1390890436|37.875
1390890458|37.687
1390890481|37.562
1390890503|37.5
1390890525|37.312
1390890548|37.187
1390890570|37.062
1390890593|36.937
1390890615|36.875
1390890638|36.75
1390890660|36.75
1390890683|36.562
1390890705|36.437
1390890728|36.375
1390890750|36.375
1390890773|36.25
1390890795|36.125
1390890818|36.062
1390890840|36.0
1390890862|35.875
1390890885|35.812
1390890907|35.75
1390890930|35.687
1390890952|35.625
1390890975|35.562
1390890997|35.5
1390891020|35.5
1390891042|35.437
1390891065|35.437
1390891087|35.5
1390891110|35.437
1390891132|35.5
1390891155|35.5
1390891177|35.5
1390891200|35.5
1390891222|35.5
1390891244|35.5
1390891267|35.437
1390891289|35.375
1390891312|35.375
1390891334|35.312
1390891357|35.187
1390891379|35.187
1390891402|35.125
1390891424|35.062
1390891447|35.0
1390891469|34.937
1390891492|34.875
1390891514|34.812
1390891537|34.75
1390891559|34.687
1390891581|34.625
1390891604|34.562
1390891626|34.5
1390891649|34.5
1390891671|34.562
1390891694|34.625
1390891716|34.937
1390891739|35.187
1390891761|35.375
1390891784|35.5
1390891806|35.562
1390891829|35.625
1390891851|35.687
1390891874|35.687
1390891896|35.687
1390891919|35.687
1390891941|35.625
1390891964|35.937
1390891986|36.125
1390892008|36.25
1390892031|36.312
1390892053|36.375
1390892076|36.375
1390892098|36.375
1390892121|36.375
1390892143|36.375
1390892166|36.375
1390892188|36.375
1390892211|36.375
1390892233|36.375
1390892256|36.312
1390892278|36.312
1390892301|36.312
1390892323|36.312
1390892346|36.312
1390892368|36.312
1390892391|36.25
1390892413|36.25
1390892435|36.25
1390892458|36.25
1390892480|36.25
1390892503|36.25
1390892525|36.25
1390892548|36.25
1390892570|36.25
1390892593|36.25
1390892615|36.25
1390892638|36.25
1390892660|36.25
1390892683|36.25
1390892705|36.25
1390892728|36.187
1390892750|36.25
1390892772|36.187
1390892795|36.187
1390892817|36.25
1390892840|36.25
1390892862|36.25
1390892885|36.25
1390892907|36.25
1390892930|36.187
1390892952|36.187
1390892975|36.25
1390892997|36.25
1390893020|36.187
1390893042|36.25
1390893065|36.25
1390893087|36.187
1390893110|36.187
1390893132|36.187
1390893154|36.187
1390893177|36.187
1390893199|36.125
1390893222|36.187
1390893244|36.187
1390893267|36.187
1390893289|36.187
1390893312|36.125
1390893334|36.125
1390893357|36.125
1390893379|36.125
1390893402|36.125
1390893424|36.125
1390893447|36.125
1390893469|36.125
1390893492|36.125
1390893515|36.125
1390893537|36.125
1390893560|36.062
1390893582|36.062
1390893605|36.062
1390893627|36.062
1390893650|36.062
1390893672|36.062
1390893695|36.062
1390893717|36.062
1390893740|36.062
1390893762|36.062
1390893784|36.062
1390893807|36.062
1390893829|36.062
1390893852|36.062
1390893874|36.062
1390893897|36.062
1390893919|36.062
1390893942|36.0
1390893964|36.0
1390893987|36.0
1390894009|36.062
1390894032|36.062
1390894054|36.062
1390894077|36.062
1390894099|36.0
1390894122|36.0
1390894144|36.0
1390894167|36.062
1390894189|36.0
1390894211|36.0
1390894234|36.0
1390894256|35.937
1390894279|35.937
1390894301|35.937
1390894324|35.937
1390894346|35.937
1390894369|35.937
1390894391|35.937
1390894414|35.937
1390894436|35.937
1390894459|35.875
1390894481|35.875
1390894504|35.875
1390894526|35.875
1390894549|35.875
1390894571|35.875
1390894593|35.875
1390894616|35.875
1390894638|35.812
1390894661|35.875
1390894683|35.812
1390894706|35.812
1390894728|35.812
1390894751|35.812
1390894773|35.812
1390894796|35.812
1390894818|35.812
1390894841|36.0
1390894863|36.25
1390894886|36.375
1390894908|36.562
1390894930|36.625
1390894953|36.625
1390894976|36.75
1390894998|36.75
1390895020|36.812
1390895043|36.812
1390895065|36.812
1390895088|36.812
1390895110|36.812
1390895133|36.812
1390895155|36.875
1390895178|36.875
1390895200|36.875
1390895223|36.875
1390895245|36.875
1390895268|36.875
1390895290|36.875
1390895313|36.875
1390895335|36.875
1390895357|36.875
1390895380|36.875
1390895402|36.937
1390895425|36.937
1390895447|36.937
1390895470|36.937
1390895492|36.937
1390895515|36.937
1390895537|36.937
1390895560|37.0
1390895582|37.0
1390895605|37.0
1390895627|37.0
1390895650|37.0
1390895672|37.0
1390895695|37.0
1390895717|37.0
1390895740|37.0
1390895762|37.0
1390895784|37.0
1390895807|37.0
1390895829|37.0
1390895852|37.062
1390895874|37.0
1390895897|37.0
1390895919|37.062
1390895942|37.062
1390895964|37.062
1390895987|37.062
1390896009|37.062
1390896032|37.062
1390896054|37.062
1390896077|37.062
1390896099|37.062
1390896121|37.062
1390896144|37.062
1390896166|37.062
1390896189|37.062
1390896211|37.062
1390896234|37.062
1390896256|37.125
1390896279|37.125
1390896301|37.125
1390896324|37.125
1390896346|37.125
1390896369|37.125
1390896391|37.125
1390896414|37.125
1390896436|37.125
1390896459|37.125
1390896481|37.125
1390896503|37.125
1390896526|37.125
1390896548|37.125
1390896571|37.125
1390896593|37.062
1390896616|37.125
1390896638|37.125
1390896661|37.125
1390896683|37.125
1390896706|37.125
1390896728|37.062
1390896751|36.875
1390896773|35.75
1390896796|35.062
1390896818|34.625
1390896840|34.312
1390896863|34.062
1390896885|33.875
1390896908|33.687
1390896930|33.5
1390896953|33.312
1390896975|33.125
1390896998|32.937
1390897020|32.812
1390897043|32.625
1390897065|32.625
1390897088|32.312
1390897110|32.187
1390897133|32.0
1390897155|31.875
1390897178|31.687
1390897200|31.562
1390897223|31.437
1390897245|31.25
1390897267|31.125
1390897290|31.0
1390897312|30.812
1390897335|30.687
1390897357|30.562
1390897380|30.437
1390897402|30.312
1390897425|30.187
1390897447|30.062
1390897470|29.937
1390897492|29.812
1390897515|29.75
1390897537|29.625
1390897560|29.5
1390897582|29.437
1390897604|29.312
1390897627|29.187
1390897649|29.125
1390897672|29.062
1390897694|29.062
1390897717|28.875
1390897739|28.812
1390897762|28.812
1390897784|28.625
1390897807|28.562
1390897829|28.437
1390897852|28.375
1390897874|28.312
1390897897|28.25
1390897919|28.187
1390897942|28.125
1390897965|28.062
1390897987|27.937
1390898010|27.937
1390898032|27.812
1390898055|27.812
1390898077|27.75
1390898100|27.687
1390898122|27.625
1390898145|27.625
1390898167|27.562
1390898190|27.562
1390898212|27.5
1390898234|27.5
1390898257|27.562
1390898279|27.562
1390898302|27.562
1390898324|27.625
1390898347|27.625
1390898369|27.625
1390898392|27.75
1390898414|27.812
1390898437|27.875
1390898459|27.937
1390898482|28.0
1390898504|28.062
1390898527|28.125
1390898549|28.187
1390898572|28.187
1390898594|28.25
1390898616|28.312
1390898639|28.312
1390898661|28.312
1390898684|28.375
1390898706|28.375
1390898729|28.375
1390898751|28.375
1390898774|28.375
1390898796|28.437
1390898819|28.437
1390898841|28.437
1390898864|28.437
1390898886|28.437
1390898909|28.437
1390898931|28.437
1390898953|28.437
1390898976|28.437
1390898999|28.437
1390899021|28.437
1390899043|28.437
1390899066|28.5
1390899088|28.437
1390899111|28.5
1390899133|28.437
1390899156|28.437
1390899178|28.437
1390899201|28.437
1390899223|28.437
1390899246|28.437
1390899268|28.437
1390899291|28.437
1390899313|28.437
1390899336|28.437
1390899358|28.437
1390899380|28.437
1390899403|28.375
1390899425|28.375
1390899448|28.375
1390899470|28.375
1390899493|28.375
1390899515|28.375
1390899538|28.375
1390899560|28.375
1390899583|28.375
1390899605|28.375
1390899628|28.375
1390899650|28.375
1390899673|28.312
1390899695|28.312
1390899718|28.312
1390899740|28.312
1390899763|28.312
1390899785|28.25
1390899807|28.25
1390899830|28.25
1390899852|28.25
1390899875|28.25
1390899897|28.25
1390899920|28.25
1390899942|28.25
1390899965|28.187
1390899987|28.187
1390900010|28.187
1390900032|28.187
1390900055|28.125
1390900077|28.125
1390900100|28.125
1390900122|28.062
1390900145|28.062
1390900167|28.062
1390900189|28.062
1390900212|28.062
1390900234|28.0
1390900257|28.0
1390900279|28.0
1390900302|28.0
1390900324|28.0
1390900347|27.937
1390900369|27.937
1390900392|27.937
1390900414|27.937
1390900437|27.875
1390900459|27.875
1390900482|27.875
1390900504|27.875
1390900526|27.875
1390900549|27.812
1390900571|27.812
1390900594|27.812
1390900616|27.75
1390900639|27.75
1390900661|27.75
1390900684|27.75
1390900706|27.75
1390900729|27.687
1390900751|27.687
1390900774|27.687
1390900796|27.687
1390900819|27.687
1390900841|27.625
1390900864|27.625
1390900886|27.625
1390900909|27.625
1390900931|27.562
1390900953|27.625
1390900976|27.687
1390900998|27.75
1390901021|27.75
1390901043|27.75
1390901066|27.812
1390901088|27.812
1390901111|27.812
1390901133|27.812
1390901156|27.812
1390901178|27.812
1390901201|27.812
1390901223|27.812
1390901246|27.812
1390901268|27.812
1390901290|27.812
1390901313|27.812
1390901335|27.812
1390901358|27.812
1390901380|27.812
1390901403|27.812
1390901425|27.812
1390901448|27.75
1390901470|27.75
1390901493|27.75
1390901515|27.75
1390901538|27.75
1390901560|27.75
1390901583|27.687
1390901605|27.687
1390901628|27.687
1390901650|27.687
1390901673|27.687
1390901695|27.687
1390901717|27.687
1390901740|27.625
1390901762|27.625
1390901785|27.625
1390901807|27.625
1390901830|27.562
1390901852|27.625
1390901875|27.562
1390901897|27.562
1390901920|27.562
1390901942|27.562
1390901965|27.625
1390901987|27.687
1390902010|27.687
1390902032|27.75
1390902054|27.75
1390902077|27.75
1390902099|27.75
1390902122|27.75
1390902144|27.75
1390902167|27.75
1390902189|27.75
1390902212|27.75
1390902234|27.75
1390902257|27.75
1390902279|27.75
1390902302|27.75
1390902324|27.75
1390902347|27.75
1390902369|27.75
1390902392|27.687
1390902414|27.687
1390902437|27.687
1390902460|27.687
1390902482|27.625
1390902505|27.625
1390902527|27.625
1390902550|27.625
1390902572|27.562
1390902595|27.562
1390902617|27.562
1390902640|27.562
1390902662|27.562
1390902685|27.5
1390902707|27.5
1390902729|27.5
1390902752|27.437
1390902774|27.5
1390902797|27.562
1390902819|27.562
1390902842|27.562
1390902864|27.625
1390902887|27.625
1390902909|27.562
1390902932|27.625
1390902954|27.562
1390902977|27.562
1390902999|27.562
1390903022|27.562
1390903044|27.562
1390903066|27.562
1390903089|27.562
1390903111|27.5
1390903134|27.5
1390903156|27.5
1390903179|27.5
1390903201|27.437
1390903224|27.437
1390903246|27.437
1390903269|27.437
1390903291|27.437
1390903314|27.375
1390903336|27.437
1390903359|27.437
1390903381|27.437
1390903404|27.5
1390903426|27.5
1390903448|27.5
1390903471|27.5
1390903493|27.5
1390903516|27.437
1390903538|27.437
1390903561|27.437
1390903583|27.437
1390903606|27.437
1390903628|27.375
1390903651|27.375
1390903673|27.375
1390903696|27.312
1390903718|27.312
1390903741|27.375
1390903763|27.375
1390903785|27.375
1390903808|27.375
1390903830|27.375
1390903853|27.375
1390903875|27.375
1390903898|27.375
1390903920|27.375
1390903943|27.312
1390903965|27.312
1390903988|27.312
1390904010|27.312
1390904033|27.312
1390904055|27.375
1390904078|27.375
1390904100|27.375
1390904123|27.375
1390904145|27.375
1390904168|27.375
1390904190|27.375
1390904212|27.375
1390904235|27.375
1390904257|27.375
1390904280|27.312
1390904302|27.312
1390904325|27.375
1390904347|27.375
1390904370|27.375
1390904392|27.375
1390904415|27.375
1390904437|27.375
1390904460|27.375
1390904482|27.375
1390904505|27.375
1390904527|27.375
1390904550|27.312
1390904572|27.312
1390904595|27.312
1390904617|27.375
1390904639|27.375
1390904662|27.375
1390904684|27.375
1390904707|27.375
1390904729|27.375
1390904752|27.375
1390904774|27.375
1390904797|27.375
1390904819|27.375
1390904842|27.312
1390904864|27.312
1390904887|27.375
1390904909|27.375
1390904932|27.375
1390904954|27.375
1390904976|27.375
1390904999|27.312
1390905021|27.312
1390905044|27.312
1390905066|27.312
1390905089|27.312
1390905111|27.312
1390905134|27.375
1390905156|27.375
1390905179|27.375
1390905201|27.375
1390905224|27.312
1390905246|27.312
1390905269|27.312
1390905291|27.312
1390905314|27.312
1390905336|27.375
1390905359|27.312
1390905381|27.312
1390905403|27.312
1390905426|27.312
1390905448|27.312
1390905471|27.312
1390905493|27.312
1390905516|27.312
1390905538|27.312
1390905561|27.312
1390905583|27.312
1390905606|27.25
1390905628|27.312
1390905651|27.312
1390905673|27.312
1390905696|27.312
1390905718|27.312
1390905741|27.312
1390905763|27.25
1390905785|27.312
1390905808|27.312
1390905830|27.312
1390905853|27.312
1390905875|27.25
1390905898|27.25
1390905920|27.312
1390905943|27.312
1390905965|27.312
1390905988|27.312
1390906010|27.25
1390906033|27.25
1390906055|27.25
1390906078|27.312
1390906100|27.312
1390906123|27.312
1390906145|27.25
1390906168|27.25
1390906190|27.25
1390906212|27.312
1390906235|27.312
1390906257|27.312
1390906280|27.312
1390906302|27.25
1390906325|27.25
1390906347|27.25
1390906370|27.312
1390906392|27.25
1390906415|27.25
1390906437|27.25
1390906460|27.25
1390906482|27.25
1390906505|27.187
1390906527|27.187
1390906550|27.187
1390906572|27.187
1390906594|27.187
1390906617|27.125
1390906639|27.125
1390906662|27.125
1390906684|27.125
1390906707|27.062
1390906729|27.062
1390906752|27.0
1390906774|27.0
1390906797|27.0
1390906819|27.0
1390906842|27.0
1390906864|26.937
1390906887|26.937
1390906909|26.937
1390906932|26.937
1390906954|26.875
1390906977|26.875
1390906999|26.875
1390907021|26.875
1390907044|26.812
1390907066|26.812
1390907089|26.812
1390907111|26.812
1390907134|26.812
1390907156|26.75
1390907179|26.812
1390907201|26.875
1390907224|27.0
1390907246|27.125
1390907269|27.312
1390907291|27.312
1390907314|27.5
1390907336|27.562
1390907358|27.625
1390907381|27.687
1390907403|27.687
1390907426|27.75
1390907448|27.687
1390907471|27.75
1390907493|27.75
1390907516|27.75
1390907538|27.75
1390907561|27.75
1390907583|27.75
1390907606|27.75
1390907628|27.75
1390907651|27.75
1390907673|27.75
1390907696|27.75
1390907718|27.75
1390907741|27.75
1390907763|27.687
1390907785|27.75
1390907808|27.687
1390907830|27.687
1390907853|27.625
1390907875|27.625
1390907898|27.562
1390907920|27.562
1390907943|27.5
1390907965|27.5
1390907988|27.5
1390908010|27.437
1390908033|27.437
1390908055|27.437
1390908078|27.5
1390908100|27.5
1390908122|27.5
1390908145|27.5
1390908167|27.5
1390908190|27.437
1390908212|27.437
1390908235|27.437
1390908257|27.375
1390908280|27.5
1390908302|27.562
1390908325|27.562
1390908347|27.625
1390908370|27.687
1390908392|27.687
1390908415|27.687
1390908437|27.687
1390908460|27.625
1390908482|27.625
1390908504|27.687
1390908527|27.75
1390908549|27.812
1390908572|27.812
1390908594|27.812
1390908617|27.812
1390908639|27.875
1390908662|27.875
1390908684|27.875
1390908707|27.875
1390908729|27.875
1390908752|27.875
1390908774|27.875
1390908797|27.875
1390908819|27.875
1390908842|27.937
1390908864|27.937
1390908887|27.937
1390908909|27.937
1390908931|27.875
1390908954|27.875
1390908976|27.812
1390908999|27.812
1390909021|27.812
1390909044|27.75
1390909066|27.75
1390909089|27.75
1390909111|27.75
1390909134|27.75
1390909156|27.812
1390909179|27.875
1390909201|27.875
1390909224|27.937
1390909246|27.937
1390909269|28.0
1390909291|28.062
1390909314|28.125
1390909336|28.187
1390909358|28.25
1390909381|28.312
1390909403|28.375
1390909426|28.5
1390909448|28.625
1390909471|28.75
1390909493|28.812
1390909516|29.0
1390909538|29.125
1390909561|29.187
1390909583|29.312
1390909606|29.437
1390909628|29.5
1390909651|29.562
1390909673|29.625
1390909696|29.625
1390909718|29.625
1390909740|29.625
1390909763|29.625
1390909785|29.687
1390909808|29.687
1390909830|29.687
1390909853|29.687
1390909875|29.687
1390909898|29.75
1390909920|29.812
1390909943|29.937
1390909965|30.0
1390909988|30.062
1390910010|30.187
1390910033|30.25
1390910055|30.375
1390910077|30.5
1390910100|30.562
1390910122|30.625
1390910145|30.75
1390910167|30.875
1390910190|31.0
1390910212|31.0
1390910235|30.937
1390910257|30.875
1390910280|30.75
1390910302|30.687
1390910325|30.687
1390910347|30.625
1390910370|30.625
1390910392|30.562
1390910415|30.625
1390910437|30.562
1390910460|30.562
1390910482|30.562
1390910504|30.5
1390910527|30.5
1390910549|30.437
1390910572|30.375
1390910594|30.375
1390910617|30.312
1390910639|30.25
1390910662|30.187
1390910684|30.125
1390910707|30.062
1390910729|30.0
1390910752|29.875
1390910774|29.812
1390910797|29.75
1390910819|29.687
1390910841|29.687
1390910864|29.625
1390910886|29.562
1390910909|29.562
1390910931|29.5
1390910954|29.5
1390910976|29.437
1390910999|29.437
1390911021|29.375
1390911044|29.312
1390911066|29.312
1390911089|29.25
1390911111|29.25
1390911134|29.187
1390911156|29.187
1390911179|29.125
1390911201|29.125
1390911224|29.125
1390911246|29.062
1390911268|29.0
1390911291|29.0
1390911313|28.937
1390911336|28.937
1390911358|28.875
1390911381|28.875
1390911403|28.812
1390911426|28.812
1390911448|28.75
1390911471|28.687
1390911493|28.687
1390911516|28.687
1390911538|28.625
1390911561|28.562
1390911583|28.562
1390911606|28.5
1390911628|28.5
1390911650|28.437
1390911673|28.437
1390911695|28.375
1390911718|28.375
1390911740|28.312
1390911763|28.312
1390911785|28.25
1390911808|28.25
1390911830|28.187
1390911853|28.187
1390911875|28.125
1390911898|28.062
1390911920|28.062
1390911943|28.062
1390911965|28.0
1390911987|28.0
1390912010|27.937
1390912033|27.937
1390912055|27.875
1390912077|27.875
1390912100|27.812
1390912122|27.812
1390912145|27.75
1390912167|27.75
1390912190|27.687
1390912212|27.687
1390912235|28.375
1390912257|28.937
1390912280|29.625
1390912302|30.25
1390912325|30.937
1390912347|31.437
1390912370|31.687
1390912392|31.625
1390912414|31.5
1390912437|31.25
1390912459|31.0
1390912482|30.937
1390912504|31.437
1390912527|32.062
1390912549|32.812
1390912572|33.25
1390912594|33.875
1390912617|34.375
1390912639|34.687
1390912662|34.687
1390912684|35.125
1390912707|35.25
1390912729|35.312
1390912752|35.437
1390912774|35.437
1390912797|35.562
1390912819|35.625
1390912841|35.687
1390912864|35.687
1390912886|35.812
1390912909|35.812
1390912931|35.875
1390912954|36.0
1390912976|36.062
1390912999|36.125
1390913021|36.187
1390913044|36.25
1390913066|36.312
1390913089|36.437
1390913111|36.5
1390913134|36.562
1390913156|36.562
1390913178|36.687
1390913201|36.75
1390913223|36.812
1390913246|36.937
1390913268|36.937
1390913291|37.062
1390913313|37.125
1390913336|37.187
1390913358|37.187
1390913381|37.25
1390913403|37.312
1390913426|37.375
1390913448|37.437
1390913471|37.437
1390913493|37.5
1390913516|37.562
1390913538|37.437
1390913560|37.5
1390913583|37.437
1390913605|37.437
1390913628|37.5
1390913650|37.25
1390913673|37.062
1390913695|37.0
1390913718|37.0
1390913741|36.937
1390913763|36.937
1390913786|36.937
1390913808|36.937
1390913831|36.937
1390913853|37.0
1390913875|37.0
1390913898|37.062
1390913920|37.062
1390913943|37.125
1390913965|37.125
1390913988|37.187
1390914010|37.187
1390914033|37.187
1390914055|37.187
1390914078|37.25
1390914100|37.312
1390914123|37.312
1390914145|37.312
