1390050101|28.25
1390050124|28.25
1390050146|28.25
1390050169|28.25
1390050191|28.25
1390050214|28.25
1390050236|28.25
1390050259|28.25
1390050281|28.25
1390050304|28.25
1390050326|28.25
1390050349|28.25
1390050371|28.25
1390050394|28.25
1390050416|28.25
1390050439|28.25
1390050461|28.25
1390050483|28.25
1390050506|28.25
1390050528|28.25
1390050551|28.25
1390050573|28.25
1390050596|28.25
1390050618|28.25
1390050641|28.25
1390050663|28.25
1390050686|28.25
1390050708|28.187
1390050731|28.187
1390050753|28.187
1390050776|28.25
1390050798|28.25
1390050820|28.25
1390050843|28.187
1390050865|28.187
1390050888|28.187
1390050910|28.25
1390050933|28.187
1390050955|28.187
1390050978|28.187
1390051000|28.187
1390051023|28.187
1390051045|28.187
1390051068|28.187
1390051090|28.187
1390051113|28.187
1390051135|28.187
1390051158|28.187
1390051180|28.187
1390051203|28.187
1390051225|28.187
1390051248|28.187
1390051270|28.187
1390051293|28.187
1390051315|28.187
1390051337|28.187
1390051360|28.187
1390051382|28.187
1390051405|28.125
1390051427|28.125
1390051450|28.187
1390051472|28.125
1390051495|28.125
1390051517|28.125
1390051540|28.125
1390051562|28.125
1390051585|28.125
1390051607|28.125
1390051630|28.125
1390051652|28.125
1390051674|28.125
1390051697|28.125
1390051719|28.125
1390051742|28.125
1390051764|28.125
1390051787|28.125
1390051809|28.125
1390051832|28.125
1390051854|28.125
1390051877|28.125
1390051899|28.125
1390051922|28.125
1390051944|28.125
1390051967|28.125
1390051989|28.125
1390052012|28.062
1390052034|28.062
1390052056|28.125
1390052079|28.125
1390052101|28.062
1390052124|28.062
1390052146|28.062
1390052169|28.062
1390052191|28.062
1390052214|28.062
1390052236|28.062
1390052259|28.062
1390052281|28.062
1390052304|28.062
1390052326|28.062
1390052349|28.062
1390052371|28.062
1390052394|28.062
1390052416|28.0
1390052438|28.062
1390052461|28.062
1390052483|28.0
1390052506|28.0
1390052528|28.0
1390052551|28.0
1390052573|28.0
1390052596|28.0
1390052618|28.0
1390052641|28.0
1390052663|28.0
1390052686|27.937
1390052708|28.0
1390052731|28.0
1390052753|27.937
1390052776|27.937
1390052798|27.937
1390052820|27.937
1390052843|27.937
1390052865|28.125
1390052888|28.375
1390052910|28.5
1390052933|28.625
1390052955|28.75
1390052978|28.812
1390053000|28.875
1390053023|28.875
1390053045|28.937
1390053068|28.937
1390053090|28.937
1390053113|29.0
1390053135|29.0
1390053157|29.0
1390053180|29.0
1390053202|29.0
1390053225|29.0
1390053247|29.0
1390053270|29.0
1390053292|29.062
1390053315|29.062
1390053337|29.062
1390053360|29.062
1390053382|29.062
1390053405|29.062
1390053427|29.062
1390053450|29.062
1390053472|29.062
1390053495|29.062
1390053517|29.125
1390053540|29.125
1390053562|29.125
1390053584|29.125
1390053607|29.125
1390053629|29.125
1390053652|29.125
1390053674|29.187
1390053697|29.187
1390053719|29.125
1390053742|29.187
1390053764|29.187
1390053787|29.187
1390053809|29.187
1390053832|29.187
1390053854|29.187
1390053877|29.187
1390053899|29.25
1390053921|29.187
1390053944|29.25
1390053966|29.25
1390053989|29.25
1390054011|29.25
1390054034|29.25
1390054056|29.25
1390054079|29.25
1390054101|29.312
1390054124|29.312
1390054146|29.312
1390054169|29.312
1390054191|29.312
1390054214|29.312
1390054236|29.312
1390054258|29.312
1390054281|29.312
1390054303|29.312
1390054326|29.375
1390054348|29.312
1390054371|29.375
1390054393|29.375
1390054416|29.375
1390054438|29.375
1390054461|29.375
1390054483|29.375
1390054506|29.375
1390054528|29.375
1390054551|29.375
1390054573|29.375
1390054596|29.375
1390054618|29.375
1390054640|29.375
1390054663|29.437
1390054685|29.437
1390054708|29.375
1390054730|29.375
1390054753|29.437
1390054775|29.437
1390054798|29.437
1390054820|29.437
1390054843|29.437
1390054865|29.437
1390054888|29.437
1390054910|29.437
1390054933|29.437
1390054955|29.437
1390054977|29.437
1390055000|29.437
1390055022|29.5
1390055045|29.5
1390055067|29.5
1390055090|29.5
1390055112|29.5
1390055135|29.5
1390055157|29.5
1390055180|29.5
1390055202|29.5
1390055225|29.5
1390055247|29.5
1390055270|29.5
1390055292|29.5
1390055315|29.5
1390055337|29.5
1390055360|29.562
1390055382|29.562
1390055404|29.562
1390055427|29.562
1390055449|29.562
1390055472|29.625
1390055494|29.625
1390055517|29.625
1390055539|29.625
1390055562|29.687
1390055584|29.687
1390055607|29.687
1390055629|29.75
1390055652|29.75
1390055674|29.75
1390055697|29.812
1390055719|29.812
1390055742|29.75
1390055764|29.812
1390055787|29.875
1390055809|29.937
1390055831|29.937
1390055854|30.0
1390055876|30.0
1390055899|30.125
1390055921|30.125
1390055944|30.187
1390055966|30.25
1390055989|30.25
1390056011|30.312
1390056034|30.375
1390056056|30.375
1390056079|30.375
1390056101|30.437
1390056124|30.375
1390056146|30.375
1390056168|30.437
1390056191|30.312
1390056213|30.375
1390056236|30.437
1390056258|30.5
1390056281|30.562
1390056303|30.625
1390056326|30.687
1390056348|30.812
1390056371|31.0
1390056393|31.125
1390056416|31.25
1390056438|31.375
1390056461|31.375
1390056483|31.562
1390056505|31.625
1390056528|31.687
1390056550|31.812
1390056573|31.75
1390056595|31.687
1390056618|31.562
1390056640|31.5
1390056663|31.437
1390056685|31.312
1390056708|31.25
1390056730|31.187
1390056753|31.187
1390056776|31.125
1390056798|31.062
1390056821|31.062
1390056843|31.062
1390056866|31.0
1390056888|31.0
1390056911|30.937
1390056933|30.937
1390056956|30.875
1390056978|30.875
1390057001|30.812
1390057023|30.75
1390057046|30.687
1390057068|30.687
1390057090|30.625
1390057113|30.562
1390057135|30.5
1390057158|30.5
1390057180|30.437
1390057203|30.375
1390057225|30.312
1390057248|30.312
1390057270|30.312
1390057293|30.312
1390057315|30.25
1390057338|30.125
1390057360|30.125
1390057383|30.062
1390057405|30.062
1390057428|30.062
1390057450|30.0
1390057473|30.0
1390057495|29.937
1390057517|29.937
1390057540|29.937
1390057562|29.875
1390057585|29.812
1390057607|29.812
1390057630|29.812
1390057652|29.75
1390057675|29.687
1390057697|29.687
1390057720|29.625
1390057742|29.562
1390057765|29.562
1390057787|29.5
1390057810|29.437
1390057832|29.437
1390057854|29.375
1390057877|29.312
1390057899|29.312
1390057922|29.312
1390057944|29.187
1390057967|29.187
1390057989|29.125
1390058012|29.125
1390058034|29.062
1390058057|29.062
1390058079|29.062
1390058102|28.937
1390058124|28.875
1390058147|28.875
1390058169|28.812
1390058192|28.75
1390058214|28.75
1390058236|28.687
1390058259|28.625
1390058281|28.625
1390058304|28.562
1390058326|28.562
1390058349|28.5
1390058371|28.437
1390058394|28.437
1390058416|28.375
1390058439|28.312
1390058461|28.312
1390058484|28.25
1390058506|28.187
1390058529|28.187
1390058551|28.125
1390058574|28.125
1390058596|28.062
1390058619|28.062
1390058641|28.0
1390058663|28.0
1390058686|28.0
1390058708|28.0
1390058731|28.062
1390058753|28.062
1390058776|28.062
1390058798|28.062
1390058821|28.062
1390058843|28.125
1390058866|28.125
1390058888|28.125
1390058911|28.125
1390058933|28.125
1390058956|28.125
1390058978|28.187
1390059001|28.187
1390059023|28.187
1390059046|28.187
1390059068|28.187
1390059090|28.125
1390059113|28.125
1390059135|28.187
1390059158|28.187
1390059180|28.187
1390059203|28.187
1390059225|28.187
1390059248|28.187
1390059270|28.125
1390059293|28.187
1390059315|28.187
1390059338|28.187
1390059360|28.125
1390059383|28.125
1390059405|28.125
1390059427|28.187
1390059450|28.125
1390059472|28.125
1390059495|28.062
1390059517|28.125
1390059540|28.125
1390059562|28.125
1390059585|28.062
1390059607|28.062
1390059630|28.062
1390059652|28.062
1390059675|28.0
1390059697|28.062
1390059720|28.062
1390059742|28.0
1390059765|28.0
1390059787|28.0
1390059809|28.0
1390059832|27.937
1390059854|28.0
1390059877|27.937
1390059899|27.937
1390059922|27.937
1390059944|27.937
1390059967|27.937
1390059989|28.0
1390060012|27.937
1390060034|27.937
1390060057|27.937
1390060079|28.0
1390060102|28.0
1390060124|27.937
1390060146|28.0
1390060169|28.0
1390060191|28.0
1390060214|28.0
1390060236|28.0
1390060259|27.937
1390060281|27.937
1390060304|27.875
1390060326|27.812
1390060349|27.812
1390060371|27.75
1390060394|27.75
1390060416|27.687
1390060439|27.687
1390060461|27.625
1390060484|27.625
1390060506|27.562
1390060529|27.562
1390060551|27.562
1390060573|27.5
1390060596|27.5
1390060618|27.437
1390060641|27.437
1390060663|27.437
1390060686|27.437
1390060708|27.437
1390060731|27.437
1390060753|27.5
1390060776|27.625
1390060798|27.875
1390060821|28.062
1390060843|28.187
1390060866|28.312
1390060888|28.375
1390060910|28.437
1390060933|28.437
1390060955|28.5
1390060978|28.5
1390061000|28.5
1390061023|28.5
1390061045|28.5
1390061068|28.5
1390061090|28.5
1390061113|28.5
1390061135|28.437
1390061158|28.437
1390061180|28.437
1390061203|28.437
1390061225|28.437
1390061248|28.437
1390061270|28.5
1390061293|28.437
1390061315|28.437
1390061337|28.437
1390061360|28.437
1390061382|28.437
1390061405|28.437
1390061427|28.437
1390061450|28.437
1390061472|28.437
1390061495|28.375
1390061517|28.375
1390061540|28.375
1390061562|28.375
1390061585|28.375
1390061607|28.375
1390061630|28.375
1390061652|28.375
1390061675|28.375
1390061697|28.375
1390061719|28.375
1390061742|28.375
1390061764|28.375
1390061787|28.375
1390061809|28.375
1390061832|28.375
1390061854|28.375
1390061877|28.375
1390061899|28.375
1390061922|28.312
1390061944|28.312
1390061967|28.312
1390061989|28.312
1390062012|28.312
1390062034|28.375
1390062057|28.312
1390062079|28.312
1390062101|28.312
1390062124|28.312
1390062146|28.312
1390062169|28.312
1390062191|28.312
1390062214|28.25
1390062236|28.25
1390062259|28.25
1390062281|28.312
1390062304|28.312
1390062326|28.312
1390062349|28.312
1390062371|28.312
1390062394|28.312
1390062416|28.25
1390062439|28.25
1390062461|28.25
1390062484|28.25
1390062506|28.25
1390062529|28.25
1390062551|28.25
1390062573|28.25
1390062596|28.25
1390062618|28.25
1390062641|28.25
1390062663|28.25
1390062686|28.375
1390062708|28.375
1390062731|28.375
1390062753|28.937
1390062776|29.062
1390062798|29.062
1390062821|29.125
1390062843|29.187
1390062866|29.187
1390062888|29.187
1390062910|29.25
1390062933|29.25
1390062955|29.25
1390062978|29.25
1390063000|29.312
1390063023|29.312
1390063045|29.312
1390063068|29.312
1390063090|29.312
1390063113|29.312
1390063135|29.312
1390063158|29.312
1390063180|29.312
1390063203|29.312
1390063225|29.375
1390063248|29.375
1390063270|29.375
1390063292|29.375
1390063315|29.375
1390063337|29.375
1390063360|29.375
1390063382|29.375
1390063405|29.375
1390063427|29.375
1390063450|29.375
1390063472|29.375
1390063495|29.437
1390063517|29.437
1390063540|29.437
1390063562|29.437
1390063585|29.437
1390063607|29.437
1390063629|29.437
1390063652|29.437
1390063674|29.437
1390063697|29.437
1390063719|29.437
1390063742|29.437
1390063764|29.437
1390063787|29.437
1390063809|29.437
1390063832|29.437
1390063854|29.437
1390063877|29.437
1390063899|29.437
1390063922|29.5
1390063944|29.5
1390063967|29.5
1390063989|29.5
1390064012|29.5
1390064034|29.5
1390064056|29.5
1390064079|29.5
1390064101|29.5
1390064124|29.5
1390064146|29.562
1390064169|29.5
1390064191|29.5
1390064214|29.562
1390064236|29.562
1390064259|29.562
1390064281|29.562
1390064304|29.562
1390064326|29.562
1390064349|29.562
1390064371|29.562
1390064393|29.562
1390064416|29.562
1390064438|29.562
1390064461|29.562
1390064483|29.562
1390064506|29.562
1390064528|29.562
1390064551|29.562
1390064573|29.562
1390064596|29.562
1390064618|29.562
1390064641|29.562
1390064663|29.562
1390064686|29.625
1390064708|29.625
1390064731|29.625
1390064753|29.625
1390064776|29.625
1390064798|29.625
1390064820|29.625
1390064843|29.625
1390064865|29.625
1390064888|29.625
1390064910|29.687
1390064933|29.625
1390064955|29.625
1390064978|29.687
1390065000|29.625
1390065023|29.687
1390065045|29.625
1390065068|29.625
1390065090|29.687
1390065113|29.687
1390065135|29.687
1390065157|29.687
1390065180|29.687
1390065202|29.687
1390065225|29.687
1390065247|29.687
1390065270|29.687
1390065292|29.687
1390065315|29.687
1390065337|29.687
1390065360|29.687
1390065382|29.687
1390065405|29.687
1390065427|29.687
1390065450|29.75
1390065472|29.687
1390065495|29.687
1390065517|29.75
1390065539|29.75
1390065562|29.75
1390065584|29.75
1390065607|29.75
1390065629|29.75
1390065652|29.75
1390065674|29.75
1390065697|29.75
1390065719|29.75
1390065742|29.75
1390065764|29.75
1390065787|29.75
1390065809|29.75
1390065832|29.75
1390065854|29.75
1390065876|29.75
1390065899|29.75
1390065921|29.75
1390065944|29.75
1390065966|29.812
1390065989|29.75
1390066011|29.812
1390066034|29.812
1390066056|29.812
1390066079|29.75
1390066101|29.812
1390066124|29.812
1390066146|29.812
1390066169|29.812
1390066191|29.812
1390066214|29.812
1390066236|29.812
1390066258|29.812
1390066281|29.812
1390066303|29.812
1390066326|29.812
1390066348|29.812
1390066371|29.812
1390066393|29.812
1390066416|29.812
1390066438|29.812
1390066461|29.812
1390066483|29.812
1390066506|29.812
1390066528|29.812
1390066551|29.812
1390066573|29.812
1390066596|29.812
1390066618|29.812
1390066640|29.812
1390066663|29.812
1390066685|29.812
1390066708|29.812
1390066730|29.812
1390066753|29.812
1390066775|29.812
1390066798|29.812
1390066820|29.812
1390066843|29.812
1390066865|29.812
1390066888|29.812
1390066910|29.812
1390066933|29.812
1390066955|29.812
1390066977|29.812
1390067000|29.812
1390067023|29.812
1390067045|29.812
1390067067|29.812
1390067090|29.812
1390067112|29.812
1390067135|29.812
1390067157|29.812
1390067180|29.812
1390067202|29.812
1390067225|29.812
1390067247|29.812
1390067270|29.812
1390067292|29.812
1390067315|29.812
1390067337|29.812
1390067360|29.812
1390067382|29.812
1390067404|29.812
1390067427|29.812
1390067449|29.812
1390067472|29.812
1390067494|29.812
1390067517|29.812
1390067539|29.812
1390067562|29.812
1390067584|29.812
1390067607|29.812
1390067629|29.812
1390067652|29.812
1390067674|29.812
1390067697|29.812
1390067719|29.812
1390067741|29.812
1390067764|29.812
1390067786|29.812
1390067809|29.812
1390067831|29.812
1390067854|29.812
1390067876|29.812
1390067899|29.812
1390067921|29.812
1390067944|29.812
1390067966|29.812
1390067989|29.812
1390068011|29.812
1390068034|29.812
1390068056|29.812
1390068079|29.812
1390068101|29.812
1390068123|29.812
1390068146|29.812
1390068168|29.812
1390068191|29.812
1390068213|29.812
1390068236|29.812
1390068258|29.812
1390068281|29.812
1390068303|29.812
1390068326|29.812
1390068348|29.812
1390068371|29.812
1390068393|29.812
1390068416|29.812
1390068438|29.812
1390068460|29.812
1390068483|29.812
1390068505|29.812
1390068528|29.875
1390068550|29.875
1390068573|29.875
1390068595|29.875
1390068618|29.875
1390068640|29.937
1390068663|29.937
1390068685|29.937
1390068708|29.937
1390068730|30.0
1390068753|30.0
1390068775|30.062
1390068798|30.062
1390068820|30.125
1390068843|30.125
1390068865|30.187
1390068887|30.25
1390068910|30.312
1390068932|30.312
1390068955|30.312
1390068977|30.375
1390069000|30.437
1390069022|30.437
1390069045|30.437
1390069067|30.5
1390069090|30.5
1390069112|30.5
1390069135|30.5
1390069157|30.562
1390069180|30.625
1390069202|30.625
1390069224|30.625
1390069247|30.75
1390069269|30.812
1390069292|30.875
1390069314|31.0
1390069337|31.062
1390069359|31.187
1390069382|31.312
1390069404|31.437
1390069427|31.562
1390069449|31.625
1390069472|31.687
1390069494|31.75
1390069517|31.812
1390069539|31.687
1390069562|31.687
1390069584|31.562
1390069607|31.437
1390069629|31.375
1390069651|31.312
1390069674|31.25
1390069696|31.187
1390069719|31.187
1390069741|31.125
1390069764|31.125
1390069786|31.125
1390069809|31.0
1390069831|31.0
1390069854|31.0
1390069876|30.937
1390069899|30.937
1390069921|30.875
1390069944|30.812
1390069966|30.812
1390069989|30.75
1390070011|30.687
1390070033|30.687
1390070056|30.625
1390070078|30.562
1390070101|30.562
1390070123|30.562
1390070146|30.5
1390070168|30.375
1390070191|30.312
1390070213|30.312
1390070236|30.312
1390070258|30.312
1390070281|30.312
1390070303|30.187
1390070326|30.125
1390070348|30.062
1390070370|30.0
1390070393|30.0
1390070415|30.0
1390070438|29.937
1390070460|29.937
1390070483|29.875
1390070505|29.875
1390070528|29.812
1390070550|29.812
1390070573|29.75
1390070595|29.75
1390070618|29.687
1390070640|29.625
1390070663|29.625
1390070685|29.562
1390070708|29.562
1390070730|29.5
1390070753|29.437
1390070775|29.437
1390070797|29.375
1390070820|29.312
1390070842|29.312
1390070865|29.25
1390070887|29.187
1390070910|29.187
1390070932|29.125
1390070955|29.125
1390070977|29.062
1390071000|29.0
1390071022|28.937
1390071045|28.937
1390071067|28.937
1390071090|28.875
1390071112|28.875
1390071134|28.75
1390071157|28.687
1390071179|28.687
1390071202|28.625
1390071224|28.625
1390071247|28.562
1390071269|28.562
1390071292|28.5
1390071314|28.437
1390071337|28.375
1390071359|28.312
1390071382|28.312
1390071404|28.25
1390071427|28.25
1390071449|28.187
1390071472|28.125
1390071494|28.125
1390071517|28.125
1390071539|28.062
1390071561|28.0
1390071584|28.0
1390071606|28.0
1390071629|27.937
1390071651|27.937
1390071674|28.0
1390071696|28.0
1390071719|28.0
1390071741|28.0
1390071764|28.0
1390071786|28.0
1390071809|28.062
1390071831|28.125
1390071854|28.062
1390071876|28.062
1390071899|28.125
1390071921|28.062
1390071943|28.062
1390071966|28.125
1390071988|28.125
1390072011|28.125
1390072033|28.125
1390072056|28.125
1390072078|28.125
1390072101|28.125
1390072123|28.062
1390072146|28.125
1390072168|28.125
1390072191|28.125
1390072213|28.125
1390072236|28.125
1390072258|28.062
1390072281|28.062
1390072303|28.062
1390072326|28.125
1390072348|28.125
1390072370|28.062
1390072393|28.062
1390072415|28.0
1390072438|28.062
1390072460|28.062
1390072483|28.062
1390072505|28.062
1390072528|28.0
1390072550|28.062
1390072573|28.062
1390072595|28.0
1390072618|28.0
1390072640|28.0
1390072663|28.0
1390072685|28.0
1390072707|27.937
1390072730|27.937
1390072752|28.0
1390072775|27.937
1390072797|27.937
1390072820|27.937
1390072842|27.937
1390072865|27.937
1390072887|27.875
1390072910|27.875
1390072932|27.875
1390072955|27.875
1390072977|27.875
1390073000|27.937
1390073022|27.875
1390073045|27.875
1390073067|27.937
1390073090|27.937
1390073112|27.875
1390073134|27.937
1390073157|27.937
1390073179|27.937
1390073202|27.875
1390073224|27.875
1390073247|28.0
1390073269|27.937
1390073292|27.937
1390073314|27.937
1390073337|27.937
1390073359|27.937
1390073382|27.875
1390073404|27.875
1390073427|27.875
1390073449|27.875
1390073472|27.812
1390073494|27.812
1390073516|27.75
1390073539|27.75
1390073561|27.687
1390073584|27.687
1390073606|27.687
1390073629|27.625
1390073651|27.625
1390073674|27.562
1390073696|27.562
1390073719|27.562
1390073741|27.5
1390073764|27.5
1390073786|27.437
1390073809|27.437
1390073831|27.437
1390073853|27.375
1390073876|27.375
1390073898|27.375
1390073921|27.375
1390073943|27.437
1390073966|27.562
1390073988|27.687
1390074011|27.812
1390074033|27.937
1390074056|27.937
1390074078|28.062
1390074101|28.125
1390074123|28.125
1390074146|28.187
1390074168|28.187
1390074190|28.187
1390074213|28.187
1390074235|28.187
1390074258|28.187
1390074280|28.187
1390074303|28.125
1390074325|28.125
1390074348|28.125
1390074370|28.125
1390074393|28.062
1390074415|28.062
1390074438|28.062
1390074460|28.062
1390074483|28.312
1390074505|28.5
1390074528|28.625
1390074550|28.75
1390074573|28.75
1390074595|28.812
1390074617|28.875
1390074640|28.875
1390074662|28.875
1390074685|28.937
1390074707|28.937
1390074730|28.937
1390074752|28.937
1390074775|28.937
1390074797|28.937
1390074820|28.937
1390074842|28.937
1390074865|28.937
1390074887|28.937
1390074910|28.937
1390074932|28.937
1390074954|28.937
1390074977|28.937
1390075000|28.937
1390075022|28.937
1390075044|28.937
1390075067|29.0
1390075089|28.937
1390075112|29.0
1390075134|29.0
1390075157|28.937
1390075179|29.0
1390075202|29.0
1390075224|29.0
1390075247|29.0
1390075269|29.0
1390075292|29.0
1390075314|29.0
1390075337|29.0
1390075359|29.0
1390075381|29.0
1390075404|29.0
1390075426|29.0
1390075449|29.062
1390075471|29.0
1390075494|29.0
1390075516|29.0
1390075539|29.062
1390075561|29.062
1390075584|29.062
1390075606|29.062
1390075629|29.062
1390075651|29.062
1390075674|29.062
1390075696|29.062
1390075718|29.062
1390075741|29.062
1390075763|29.062
1390075786|29.062
1390075808|29.062
1390075831|29.062
1390075853|29.125
1390075876|29.062
1390075898|29.125
1390075921|29.062
1390075943|29.125
1390075966|29.125
1390075988|29.125
1390076011|29.125
1390076033|29.125
1390076056|29.125
1390076078|29.125
1390076101|29.125
1390076123|29.125
1390076146|29.125
1390076168|29.125
1390076190|29.125
1390076213|29.125
1390076235|29.125
1390076258|29.125
1390076280|29.125
1390076303|29.125
1390076325|29.125
1390076348|29.125
1390076370|29.125
1390076393|29.125
1390076415|29.125
1390076438|29.125
1390076460|29.125
1390076483|29.125
1390076505|29.125
1390076527|29.187
1390076550|29.125
1390076572|29.125
1390076595|29.125
1390076617|29.125
1390076640|29.125
1390076662|29.125
1390076685|29.125
1390076707|29.125
1390076730|29.125
1390076752|29.125
1390076775|29.125
1390076797|29.125
1390076820|29.125
1390076842|29.125
1390076865|29.187
1390076887|29.125
1390076910|29.187
1390076932|29.187
1390076954|29.187
1390076977|29.187
1390076999|29.187
1390077022|29.187
1390077044|29.187
1390077067|29.187
1390077089|29.187
1390077112|29.187
1390077134|29.187
1390077157|29.187
1390077179|29.187
1390077202|29.187
1390077224|29.187
1390077247|29.187
1390077269|29.187
1390077292|29.187
1390077314|29.187
1390077336|29.187
1390077359|29.187
1390077381|29.187
1390077404|29.187
1390077426|29.187
1390077449|29.187
1390077471|29.187
1390077494|29.187
1390077516|29.125
1390077539|29.187
1390077561|29.187
1390077584|29.187
1390077606|29.187
1390077629|29.187
1390077651|29.187
1390077674|29.125
1390077696|29.187
1390077719|29.187
1390077741|29.187
1390077763|29.187
1390077786|29.187
1390077808|29.187
1390077831|29.187
1390077853|29.187
1390077876|29.187
1390077898|29.187
1390077921|29.187
1390077943|29.187
1390077966|29.187
1390077988|29.187
1390078011|29.187
1390078033|29.187
1390078056|29.187
1390078078|29.187
1390078100|29.187
1390078123|29.187
1390078145|29.187
1390078168|29.187
1390078190|29.187
1390078213|29.187
1390078235|29.187
1390078258|29.187
1390078280|29.187
1390078303|29.187
1390078325|29.187
1390078348|29.125
1390078370|29.187
1390078393|29.187
1390078415|29.187
1390078438|29.187
1390078460|29.187
1390078483|29.187
1390078505|29.187
1390078527|29.187
1390078550|29.125
1390078572|29.187
1390078595|29.187
1390078617|29.125
1390078640|29.125
1390078662|29.125
1390078685|29.125
1390078707|29.187
1390078730|29.187
1390078752|29.187
1390078775|29.125
1390078797|29.125
1390078820|29.125
1390078842|29.125
1390078865|29.125
1390078887|29.125
1390078909|29.187
1390078932|29.187
1390078954|29.187
1390078977|29.187
1390078999|29.187
1390079022|29.187
1390079044|29.187
1390079067|29.125
1390079089|29.125
1390079112|29.187
1390079134|29.125
1390079157|29.125
1390079179|29.125
1390079202|29.125
1390079224|29.125
1390079246|29.125
1390079269|29.125
1390079291|29.125
1390079314|29.125
1390079336|29.125
1390079359|29.125
1390079381|29.125
1390079404|29.125
1390079426|29.125
1390079449|29.125
1390079471|29.125
1390079494|29.125
1390079516|29.125
1390079539|29.125
1390079561|29.125
1390079584|29.125
1390079606|29.125
1390079629|29.125
1390079651|29.125
1390079673|29.125
1390079696|29.125
1390079718|29.125
1390079741|29.125
1390079763|29.125
1390079786|29.125
1390079808|29.125
1390079831|29.125
1390079853|29.125
1390079876|29.125
1390079898|29.125
1390079921|29.125
1390079943|29.125
1390079966|29.125
1390079988|29.125
1390080010|29.125
1390080033|29.062
1390080055|29.062
1390080078|29.062
1390080100|29.062
1390080123|29.062
1390080145|29.062
1390080168|29.062
1390080190|29.062
1390080213|29.062
1390080235|29.062
1390080258|29.062
1390080280|29.062
1390080303|29.062
1390080325|29.062
1390080348|29.062
1390080370|29.062
1390080393|29.062
1390080415|29.0
1390080437|29.0
1390080460|29.0
1390080482|29.0
1390080505|29.0
1390080527|29.0
1390080550|29.0
1390080572|29.0
1390080595|29.0
1390080617|29.0
1390080640|29.0
1390080662|29.0
1390080685|29.0
1390080707|28.937
1390080730|28.937
1390080752|28.937
1390080774|28.937
1390080797|29.0
1390080819|28.937
1390080842|28.937
1390080864|28.937
1390080887|28.937
1390080909|28.937
1390080932|28.937
1390080954|28.937
1390080977|28.937
1390080999|28.937
1390081022|28.937
1390081044|28.937
1390081067|28.937
1390081089|28.937
1390081112|28.875
1390081134|28.875
1390081156|28.875
1390081179|28.875
1390081201|28.875
1390081224|28.875
1390081246|28.875
1390081269|28.875
1390081291|28.875
1390081314|28.875
1390081336|28.875
1390081359|28.875
1390081381|28.875
1390081404|28.875
1390081426|28.875
1390081449|28.875
1390081471|28.875
1390081493|28.875
1390081516|28.875
1390081538|28.875
1390081561|28.875
1390081583|28.875
1390081606|28.875
1390081628|28.875
1390081651|28.875
1390081673|28.875
1390081696|28.812
1390081718|28.875
1390081741|28.875
1390081763|28.812
1390081786|28.812
1390081808|28.812
1390081831|28.875
1390081853|28.812
1390081876|28.812
1390081898|28.812
1390081920|28.812
1390081943|28.812
1390081965|28.812
1390081988|28.812
1390082010|28.875
1390082033|28.875
1390082055|28.875
1390082078|28.875
1390082100|28.875
1390082123|28.875
1390082145|28.875
1390082168|28.875
1390082190|28.937
1390082213|28.937
1390082235|28.937
1390082257|29.0
1390082280|29.0
1390082302|29.0
1390082325|29.0
1390082347|29.0
1390082370|29.0
1390082392|29.062
1390082415|29.062
1390082437|29.062
1390082460|29.125
1390082482|29.187
1390082505|29.25
1390082527|29.312
1390082550|29.375
1390082572|29.437
1390082595|29.562
1390082617|29.625
1390082640|29.625
1390082662|29.812
1390082684|29.937
1390082707|30.062
1390082729|30.125
1390082752|30.25
1390082774|30.375
1390082797|30.375
1390082819|30.5
1390082842|30.5
1390082864|30.5
1390082887|30.562
1390082909|30.562
1390082932|30.562
1390082954|30.562
1390082977|30.625
1390082999|30.687
1390083022|30.75
1390083044|30.812
1390083066|30.875
1390083089|30.937
1390083111|31.062
1390083134|31.125
1390083156|31.25
1390083179|31.312
1390083201|31.375
1390083224|31.437
1390083246|31.437
1390083269|31.562
1390083291|31.5
1390083314|31.437
1390083336|31.375
1390083359|31.312
1390083381|31.312
1390083403|31.187
1390083426|31.125
1390083448|31.062
1390083471|31.125
1390083493|31.125
1390083516|31.062
1390083538|31.0
1390083561|31.0
1390083583|30.937
1390083606|30.937
1390083628|30.875
1390083651|30.875
1390083673|30.812
1390083696|30.812
1390083718|30.75
1390083741|30.75
1390083763|30.687
1390083786|30.625
1390083808|30.625
1390083830|30.562
1390083853|30.562
1390083875|30.437
1390083898|30.375
1390083920|30.375
1390083943|30.25
1390083965|30.25
1390083988|30.187
1390084010|30.187
1390084033|30.125
1390084055|30.062
1390084078|30.062
1390084100|30.0
1390084123|29.937
1390084145|29.875
1390084168|29.875
1390084190|29.875
1390084213|29.812
1390084235|29.75
1390084257|29.687
1390084280|29.625
1390084302|29.562
1390084325|29.562
1390084347|29.5
1390084370|29.437
1390084392|29.437
1390084415|29.437
1390084437|29.312
1390084460|29.25
1390084482|29.187
1390084505|29.187
1390084527|29.125
1390084550|29.125
1390084572|29.0
1390084594|29.0
1390084617|28.937
1390084639|28.875
1390084662|28.812
1390084684|28.75
1390084707|28.687
1390084729|28.687
1390084752|28.625
1390084774|28.562
1390084797|28.562
1390084819|28.5
1390084842|28.437
1390084864|28.375
1390084887|28.375
1390084909|28.312
1390084932|28.25
1390084954|28.187
1390084977|28.187
1390084999|28.187
1390085022|28.125
1390085044|28.062
1390085066|28.062
1390085089|28.0
1390085111|28.0
1390085134|27.937
1390085156|27.937
1390085179|27.875
1390085201|27.937
1390085224|27.937
1390085246|27.875
1390085269|27.875
1390085291|27.937
1390085314|27.937
1390085336|27.937
1390085359|27.937
1390085381|28.0
1390085403|28.0
1390085426|28.0
1390085448|28.0
1390085471|28.0
1390085493|28.0
1390085516|28.0
1390085538|28.0
1390085561|27.937
1390085583|28.0
1390085606|28.0
1390085628|28.0
1390085651|28.0
1390085673|28.0
1390085696|28.0
1390085718|28.0
1390085741|28.0
1390085763|28.0
1390085786|28.0
1390085808|28.0
1390085830|28.0
1390085853|27.937
1390085875|28.0
1390085898|28.0
1390085920|27.937
1390085943|27.937
1390085965|27.937
1390085988|27.875
1390086010|27.875
1390086033|27.937
1390086055|27.937
1390086078|27.875
1390086100|27.875
1390086123|27.875
1390086145|27.875
1390086167|27.875
1390086190|27.875
1390086212|27.875
1390086235|27.875
1390086257|27.937
1390086280|27.937
1390086302|27.875
1390086325|27.875
1390086347|27.937
1390086370|27.875
1390086392|27.875
1390086415|27.875
1390086437|27.812
1390086460|27.812
1390086482|27.75
1390086505|27.687
1390086527|27.687
1390086549|27.625
1390086572|27.625
1390086594|27.562
1390086617|27.5
1390086639|27.5
1390086662|27.437
1390086684|27.437
1390086707|27.375
1390086729|27.375
1390086752|27.312
1390086774|27.312
1390086797|27.312
1390086819|27.25
1390086842|27.25
1390086864|27.25
1390086886|27.312
1390086909|27.375
1390086932|27.687
1390086954|27.875
1390086976|28.125
1390086999|28.25
1390087021|28.312
1390087044|28.437
1390087066|28.437
1390087089|28.5
1390087111|28.5
1390087134|28.5
1390087156|28.5
1390087179|28.5
1390087201|28.5
1390087224|28.562
1390087246|28.5
1390087269|28.5
1390087291|28.5
1390087313|28.5
1390087336|28.5
1390087358|28.5
1390087381|28.5
1390087403|28.5
1390087426|28.5
1390087448|28.5
1390087471|28.5
1390087493|28.5
1390087516|28.5
1390087538|28.5
1390087561|28.437
1390087583|28.5
1390087606|28.5
1390087628|28.437
1390087650|28.437
1390087673|28.5
1390087695|28.5
1390087718|28.437
1390087740|28.5
1390087763|28.5
1390087785|28.5
1390087808|28.437
1390087830|28.437
1390087853|28.437
1390087875|28.437
1390087898|28.5
1390087920|28.437
1390087943|28.437
1390087965|28.5
1390087988|28.437
1390088010|28.437
1390088033|28.437
1390088055|28.437
1390088077|28.437
1390088100|28.437
1390088122|28.437
1390088145|28.437
1390088167|28.437
1390088190|28.437
1390088212|28.437
1390088235|28.437
1390088257|28.437
1390088280|28.437
1390088302|28.437
1390088325|28.437
1390088347|28.437
1390088370|28.437
1390088392|28.437
1390088415|28.437
1390088437|28.437
1390088459|28.437
1390088482|28.437
1390088504|28.437
1390088527|28.375
1390088549|28.375
1390088572|28.437
1390088594|28.437
1390088617|28.437
1390088639|28.375
1390088662|28.375
1390088684|28.437
1390088707|28.437
1390088729|28.375
1390088752|28.375
1390088774|28.375
1390088796|28.375
1390088819|28.375
1390088841|28.375
1390088864|28.375
1390088886|28.375
1390088909|28.375
1390088931|28.375
1390088954|28.375
1390088976|28.375
1390088999|28.375
1390089021|28.375
1390089044|28.375
1390089066|28.375
1390089089|28.375
1390089111|28.375
1390089134|28.375
1390089156|28.375
1390089179|28.375
1390089201|28.375
1390089223|28.375
1390089246|28.375
1390089268|28.375
1390089291|28.375
1390089313|28.375
1390089336|28.437
1390089358|28.375
1390089381|28.375
1390089403|28.375
1390089426|28.375
1390089448|28.437
1390089471|28.375
1390089493|28.375
1390089516|28.375
1390089538|28.375
1390089560|28.375
1390089583|28.375
1390089605|28.375
1390089628|28.375
1390089650|28.375
1390089673|28.375
1390089695|28.375
1390089718|28.437
1390089740|28.375
1390089763|28.375
1390089785|28.375
1390089808|28.375
1390089830|28.375
1390089853|28.375
1390089875|28.375
1390089898|28.375
1390089920|28.375
1390089943|28.375
1390089965|28.375
1390089987|28.375
1390090010|28.375
1390090032|28.375
1390090055|28.375
1390090077|28.375
1390090100|28.375
1390090122|28.375
1390090145|28.375
1390090167|28.375
1390090190|28.375
1390090212|28.375
1390090235|28.375
1390090257|28.375
1390090280|28.312
1390090302|28.312
1390090324|28.312
1390090347|28.375
1390090369|28.375
1390090392|28.312
1390090414|28.312
1390090437|28.312
1390090459|28.312
1390090482|28.312
1390090504|28.312
1390090527|28.312
1390090549|28.312
1390090572|28.312
1390090594|28.312
1390090617|28.312
1390090639|28.312
1390090662|28.312
1390090684|28.312
1390090706|28.312
1390090729|28.312
1390090751|28.312
1390090774|28.312
1390090796|28.25
1390090819|28.312
1390090841|28.25
1390090864|28.25
1390090886|28.25
1390090909|28.25
1390090931|28.25
1390090954|28.25
1390090976|28.25
1390090999|28.25
1390091021|28.25
1390091043|28.187
1390091066|28.25
1390091088|28.25
1390091111|28.25
1390091133|28.187
1390091156|28.187
1390091178|28.5
1390091201|28.5
1390091223|28.875
1390091246|28.937
1390091268|29.062
1390091291|29.125
1390091313|29.125
1390091336|29.187
1390091358|29.187
1390091381|29.25
1390091403|29.25
1390091426|29.25
1390091448|29.25
1390091470|29.25
1390091493|29.25
1390091515|29.25
1390091538|29.312
1390091560|29.312
1390091583|29.312
1390091605|29.312
1390091628|29.312
1390091650|29.312
1390091673|29.312
1390091695|29.312
1390091718|29.375
1390091740|29.375
1390091763|29.375
1390091785|29.375
1390091808|29.375
1390091830|29.375
1390091853|29.375
1390091875|29.375
1390091897|29.375
1390091920|29.375
1390091942|29.375
1390091965|29.437
1390091987|29.437
1390092010|29.437
1390092032|29.437
1390092055|29.437
1390092077|29.5
1390092100|29.5
1390092122|29.5
1390092145|29.5
1390092167|29.5
1390092190|29.5
1390092212|29.5
1390092234|29.5
1390092257|29.5
1390092279|29.5
1390092302|29.562
1390092324|29.562
1390092347|29.562
1390092369|29.562
1390092392|29.562
1390092414|29.562
1390092437|29.625
1390092459|29.562
1390092482|29.625
1390092504|29.625
1390092527|29.625
1390092549|29.625
1390092572|29.625
1390092594|29.625
1390092616|29.625
1390092639|29.625
1390092661|29.625
1390092684|29.625
1390092706|29.625
1390092729|29.687
1390092751|29.687
1390092774|29.687
1390092796|29.687
1390092819|29.687
1390092841|29.687
1390092864|29.687
1390092886|29.687
1390092909|29.687
1390092931|29.75
1390092954|29.687
1390092976|29.687
1390092998|29.687
1390093021|29.75
1390093043|29.687
1390093066|29.75
1390093088|29.75
1390093111|29.75
1390093133|29.75
1390093156|29.75
1390093178|29.75
1390093201|29.75
1390093223|29.75
1390093246|29.75
1390093268|29.75
1390093291|29.75
1390093313|29.75
1390093336|29.812
1390093358|29.812
1390093380|29.812
1390093403|29.812
1390093425|29.75
1390093448|29.812
1390093470|29.812
1390093493|29.812
1390093515|29.812
1390093538|29.812
1390093560|29.812
1390093583|29.812
1390093605|29.812
1390093628|29.812
1390093650|29.812
1390093673|29.812
1390093695|29.875
1390093717|29.812
1390093740|29.812
1390093762|29.812
1390093785|29.875
1390093807|29.812
1390093830|29.812
1390093852|29.812
1390093875|29.875
1390093897|29.875
1390093920|29.875
1390093942|29.875
1390093965|29.875
1390093987|29.875
1390094010|29.875
1390094032|29.875
1390094055|29.875
1390094077|29.812
1390094100|29.875
1390094122|29.875
1390094144|29.875
1390094167|29.875
1390094189|29.875
1390094212|29.875
1390094234|29.875
1390094257|29.875
1390094279|29.875
1390094302|29.875
1390094324|29.875
1390094347|29.875
1390094369|29.875
1390094392|29.937
1390094414|29.937
1390094437|29.937
1390094459|29.937
1390094481|29.937
1390094504|29.937
1390094526|30.0
1390094549|30.0
1390094571|30.0
1390094594|30.062
1390094616|30.062
1390094639|30.125
1390094661|30.125
1390094684|30.125
1390094706|30.125
1390094729|30.187
1390094751|30.187
1390094774|30.187
1390094796|30.187
1390094819|30.25
1390094841|30.25
1390094863|30.312
1390094886|30.312
1390094908|30.375
1390094931|30.375
1390094953|30.5
1390094976|30.562
1390094998|30.562
1390095021|30.625
1390095043|30.687
1390095066|30.625
1390095088|30.625
1390095111|30.625
1390095133|30.625
1390095156|30.687
1390095178|30.687
1390095200|30.687
1390095223|30.812
1390095245|30.812
1390095268|30.875
1390095290|31.0
1390095313|31.125
1390095335|31.125
1390095358|31.312
1390095380|31.5
1390095403|31.562
1390095425|31.687
1390095448|31.75
1390095470|31.75
1390095493|31.875
1390095515|31.812
1390095538|31.75
1390095560|31.687
1390095583|31.625
1390095605|31.5
1390095627|31.437
1390095650|31.375
1390095672|31.375
1390095695|31.312
1390095717|31.25
1390095740|31.25
1390095762|31.187
1390095785|31.187
1390095807|31.187
1390095830|31.125
1390095852|31.062
1390095875|31.0
1390095897|31.0
1390095920|30.937
1390095942|30.937
1390095965|30.875
1390095987|30.875
1390096010|30.812
1390096032|30.75
1390096054|30.75
1390096077|30.687
1390096099|30.625
1390096122|30.625
1390096144|30.625
1390096167|30.5
1390096189|30.5
1390096212|30.437
1390096234|30.437
1390096257|30.437
1390096279|30.437
1390096302|30.312
1390096324|30.25
1390096347|30.25
1390096369|30.187
1390096391|30.187
1390096414|30.125
1390096436|30.125
1390096459|30.125
1390096481|30.062
1390096504|30.0
1390096526|30.0
1390096549|29.937
1390096571|29.937
1390096594|29.875
1390096616|29.875
1390096639|29.812
1390096661|29.812
1390096684|29.75
1390096706|29.687
1390096729|29.625
1390096751|29.625
1390096773|29.562
1390096796|29.562
1390096818|29.5
1390096841|29.437
1390096863|29.375
1390096886|29.312
1390096908|29.312
1390096931|29.312
1390096953|29.25
1390096976|29.187
1390096998|29.187
1390097021|29.187
1390097043|29.062
1390097066|29.0
1390097088|29.0
1390097110|28.937
1390097133|28.937
1390097156|28.875
1390097178|28.812
1390097200|28.75
1390097223|28.687
1390097245|28.687
1390097268|28.625
1390097290|28.562
1390097313|28.562
1390097335|28.562
1390097358|28.437
1390097380|28.437
1390097403|28.375
1390097425|28.375
1390097448|28.312
1390097470|28.25
1390097493|28.25
1390097515|28.25
1390097537|28.187
1390097560|28.187
1390097582|28.187
1390097605|28.187
1390097627|28.187
1390097650|28.187
1390097672|28.187
1390097695|28.187
1390097717|28.187
1390097740|28.312
1390097762|28.25
1390097785|28.25
1390097807|28.25
1390097830|28.25
1390097852|28.312
1390097875|28.312
1390097897|28.312
1390097920|28.375
1390097942|28.312
1390097964|28.25
1390097987|28.312
1390098009|28.312
1390098032|28.375
1390098054|28.312
1390098077|28.312
1390098099|28.25
1390098122|28.312
1390098144|28.375
1390098167|28.312
1390098189|28.312
1390098212|28.312
1390098234|28.25
1390098257|28.312
1390098279|28.312
1390098302|28.312
1390098324|28.25
1390098346|28.25
1390098369|28.312
1390098391|28.312
1390098414|28.25
1390098436|28.25
1390098459|28.25
1390098481|28.25
1390098504|28.187
1390098526|28.187
1390098549|28.25
1390098571|28.187
1390098594|28.125
1390098616|28.187
1390098639|28.187
1390098661|28.125
1390098683|28.187
1390098706|28.187
1390098728|28.125
1390098751|28.187
1390098773|28.187
1390098796|28.187
1390098818|28.187
1390098841|28.187
1390098863|28.187
1390098886|28.125
1390098908|28.187
1390098931|28.25
1390098953|28.187
1390098976|28.187
1390098998|28.25
1390099021|28.187
1390099043|28.187
1390099066|28.187
1390099088|28.187
1390099110|28.187
1390099133|28.125
1390099155|28.062
1390099178|28.062
1390099200|28.0
1390099223|28.0
1390099245|28.0
1390099268|27.937
1390099290|27.937
1390099313|27.875
1390099335|27.875
1390099358|27.875
1390099380|27.812
1390099403|27.812
1390099425|27.812
1390099447|27.75
1390099470|27.687
1390099492|27.687
1390099515|27.687
1390099537|27.687
1390099560|27.625
1390099582|27.625
1390099605|27.687
1390099627|27.75
1390099650|27.937
1390099672|28.125
1390099695|28.312
1390099717|28.437
1390099740|28.562
1390099762|28.625
1390099785|28.625
1390099807|28.687
1390099830|28.687
1390099852|28.75
1390099874|28.687
1390099897|28.687
1390099919|28.687
1390099942|28.687
1390099964|28.687
1390099987|28.687
1390100009|28.687
1390100032|28.687
1390100054|28.687
1390100077|28.687
1390100099|28.687
1390100122|28.687
1390100144|28.625
1390100167|28.625
1390100189|28.687
1390100212|28.687
1390100234|28.625
1390100256|28.625
1390100279|28.625
1390100301|28.625
1390100324|28.625
1390100346|28.625
1390100369|28.625
1390100391|28.625
1390100414|28.625
1390100436|28.625
1390100459|28.625
1390100481|28.562
1390100504|28.562
1390100526|28.562
1390100549|28.562
1390100571|28.562
1390100594|28.562
1390100616|28.562
1390100639|28.562
1390100661|28.562
1390100683|28.562
1390100706|28.5
1390100728|28.562
1390100751|28.562
1390100773|28.562
1390100796|28.5
1390100818|28.5
1390100841|28.5
1390100863|28.5
1390100886|28.5
1390100908|28.5
1390100931|28.5
1390100953|28.5
1390100976|28.5
1390100998|28.5
1390101020|28.5
1390101043|28.5
1390101065|28.5
1390101088|28.5
1390101110|28.5
1390101133|28.437
1390101155|28.5
1390101178|28.437
1390101200|28.437
1390101223|28.687
1390101245|28.687
1390101268|28.687
1390101290|29.187
1390101313|29.25
1390101335|29.312
1390101357|29.375
1390101380|29.375
1390101402|29.437
1390101425|29.437
1390101447|29.437
1390101470|29.437
1390101492|29.437
1390101515|29.5
1390101537|29.5
1390101560|29.5
1390101582|29.5
1390101605|29.5
1390101627|29.5
1390101650|29.5
1390101672|29.5
1390101695|29.562
1390101717|29.562
1390101740|29.562
1390101762|29.562
1390101784|29.562
1390101807|29.562
1390101829|29.562
1390101852|29.562
1390101874|29.562
1390101897|29.625
1390101919|29.625
1390101942|29.625
1390101964|29.625
1390101987|29.625
1390102009|29.625
1390102032|29.625
1390102054|29.625
1390102077|29.625
1390102099|29.625
1390102122|29.625
1390102144|29.687
1390102166|29.687
1390102189|29.625
1390102211|29.687
1390102234|29.687
1390102256|29.687
1390102279|29.687
1390102301|29.75
1390102324|29.687
1390102346|29.75
1390102369|29.75
1390102391|29.75
1390102414|29.75
1390102436|29.75
1390102459|29.75
1390102481|29.75
1390102504|29.75
1390102526|29.75
1390102549|29.75
1390102571|29.75
1390102594|29.75
1390102616|29.75
1390102639|29.812
1390102661|29.812
1390102683|29.812
1390102706|29.812
1390102728|29.812
1390102751|29.812
1390102773|29.812
1390102796|29.812
1390102818|29.812
1390102841|29.812
1390102863|29.812
1390102886|29.812
1390102908|29.812
1390102931|29.812
1390102953|29.812
1390102976|29.812
1390102998|29.812
1390103020|29.812
1390103043|29.875
1390103065|29.875
1390103088|29.812
1390103110|29.875
1390103133|29.875
1390103155|29.875
1390103178|29.875
1390103200|29.875
1390103223|29.875
1390103245|29.875
1390103268|29.875
1390103290|29.875
1390103313|29.875
1390103335|29.875
1390103358|29.875
1390103380|29.875
1390103403|29.875
1390103425|29.875
1390103447|29.875
1390103470|29.937
1390103492|29.937
1390103515|29.875
1390103537|29.937
1390103560|29.937
1390103582|29.875
1390103605|29.875
1390103627|29.937
1390103650|29.937
1390103672|29.937
1390103695|29.937
1390103717|29.937
1390103740|29.875
1390103762|29.937
1390103785|29.937
1390103807|29.937
1390103829|29.937
1390103852|29.937
1390103874|29.937
1390103897|29.937
1390103919|29.937
1390103942|29.937
1390103964|29.937
1390103987|29.937
1390104009|29.937
1390104032|29.937
1390104054|29.937
1390104077|29.937
1390104099|29.937
1390104122|29.937
1390104144|29.937
1390104167|29.937
1390104189|30.0
1390104211|30.0
1390104234|30.0
1390104256|30.0
1390104279|30.0
1390104301|30.0
1390104324|30.0
1390104346|30.0
1390104369|30.0
1390104391|30.0
1390104414|29.937
1390104436|30.0
1390104459|30.0
1390104481|30.0
1390104504|30.0
1390104526|30.0
1390104549|30.0
1390104571|30.0
1390104593|30.0
1390104616|30.0
1390104638|30.0
1390104661|30.0
1390104683|30.0
1390104706|30.0
1390104728|30.0
1390104751|30.062
1390104773|30.0
1390104796|30.062
1390104818|30.0
1390104841|30.0
1390104863|30.062
1390104886|30.062
1390104908|30.0
1390104931|30.062
1390104953|30.062
1390104976|30.0
1390104998|30.0
1390105020|30.0
1390105043|30.0
1390105065|30.062
1390105088|30.0
1390105110|30.062
1390105133|30.0
1390105155|30.062
1390105178|30.062
1390105200|30.062
1390105223|30.062
1390105245|30.062
1390105268|30.062
1390105290|30.062
1390105313|30.062
1390105335|30.062
1390105357|30.062
1390105380|30.062
1390105402|30.062
1390105425|30.062
1390105447|30.062
1390105470|30.062
1390105492|30.062
1390105515|30.062
1390105537|30.062
1390105560|30.062
1390105582|30.062
1390105605|30.062
1390105627|30.062
1390105650|30.062
1390105672|30.062
1390105695|30.062
1390105717|30.062
1390105739|30.062
1390105762|30.062
1390105784|30.062
1390105807|30.062
1390105829|30.062
1390105852|30.062
1390105874|30.062
1390105897|30.062
1390105919|30.062
1390105942|30.062
1390105964|30.062
1390105987|30.062
1390106009|30.062
1390106032|30.062
1390106054|30.062
1390106076|30.0
1390106099|30.0
1390106121|30.0
1390106144|30.062
1390106166|30.062
1390106189|30.0
1390106211|30.062
1390106234|30.062
1390106256|30.0
1390106279|30.062
1390106301|30.062
1390106324|30.0
1390106346|30.0
1390106369|30.0
1390106391|30.0
1390106414|30.062
1390106436|30.0
1390106459|30.0
1390106481|30.0
1390106503|30.0
1390106526|30.0
1390106548|30.0
1390106571|30.0
1390106593|30.0
1390106616|30.0
1390106638|30.0
1390106661|30.0
1390106683|30.0
1390106706|30.0
1390106728|30.0
1390106751|30.0
1390106773|30.0
1390106796|30.0
1390106818|30.0
1390106841|30.0
1390106863|30.0
1390106886|30.0
1390106908|30.0
1390106930|30.0
1390106953|30.0
1390106975|30.0
1390106998|29.937
1390107020|30.0
1390107043|30.0
1390107065|30.0
1390107088|30.0
1390107110|30.0
1390107133|30.0
1390107155|30.0
1390107178|30.062
1390107200|30.062
1390107223|30.062
1390107245|30.125
1390107267|30.062
1390107290|30.125
1390107312|30.125
1390107335|30.125
1390107357|30.187
1390107380|30.187
1390107402|30.187
1390107425|30.25
1390107447|30.25
1390107470|30.312
1390107492|30.312
1390107515|30.312
1390107537|30.437
1390107560|30.5
1390107582|30.562
1390107605|30.687
1390107627|30.75
1390107649|30.75
1390107672|30.812
1390107694|30.937
1390107717|30.937
1390107739|31.062
1390107762|31.0
1390107784|31.0
1390107807|31.0
1390107829|31.062
1390107852|31.125
1390107874|31.062
1390107897|31.125
1390107919|31.125
1390107942|31.187
1390107964|31.312
1390107987|31.437
1390108009|31.625
1390108032|31.75
1390108054|31.812
1390108076|31.937
1390108099|32.0
1390108121|32.062
1390108144|32.125
1390108166|32.187
1390108189|32.25
1390108211|32.25
1390108234|32.125
1390108256|32.062
1390108279|32.0
1390108301|31.937
1390108324|31.875
1390108346|31.812
1390108369|31.812
1390108391|31.687
1390108413|31.687
1390108436|31.687
1390108458|31.625
1390108481|31.625
1390108503|31.562
1390108526|31.562
1390108548|31.5
1390108571|31.5
1390108593|31.437
1390108616|31.375
1390108638|31.375
1390108661|31.312
1390108683|31.25
1390108706|31.25
1390108728|31.187
1390108751|31.125
1390108773|31.125
1390108796|31.062
1390108818|31.0
1390108840|31.0
1390108863|30.937
1390108885|31.0
1390108908|30.875
1390108930|30.812
1390108953|30.812
1390108975|30.75
1390108998|30.75
1390109020|30.687
1390109043|30.687
1390109065|30.687
1390109088|30.625
1390109110|30.625
1390109133|30.562
1390109155|30.562
1390109177|30.5
1390109200|30.437
1390109222|30.437
1390109245|30.375
1390109267|30.312
1390109290|30.312
1390109312|30.25
1390109335|30.25
1390109357|30.125
1390109380|30.062
1390109402|30.062
1390109425|30.0
1390109447|29.937
1390109470|29.937
1390109492|29.875
1390109515|29.812
1390109537|29.75
1390109559|29.75
1390109582|29.687
1390109604|29.625
1390109627|29.625
1390109649|29.562
1390109672|29.5
1390109694|29.437
1390109717|29.375
1390109739|29.375
1390109762|29.312
1390109784|29.25
1390109807|29.187
1390109829|29.125
1390109852|29.125
1390109874|29.062
1390109897|29.0
1390109919|29.0
1390109942|28.937
1390109964|28.875
1390109986|28.812
1390110009|28.75
1390110031|28.75
1390110054|28.75
1390110076|28.625
1390110100|28.625
1390110122|28.625
1390110145|28.625
1390110167|28.562
1390110189|28.562
1390110212|28.562
1390110234|28.562
1390110257|28.562
1390110279|28.562
1390110302|28.625
1390110324|28.625
1390110347|28.625
1390110369|28.625
1390110392|28.625
1390110414|28.687
1390110437|28.687
1390110459|28.687
1390110482|28.687
1390110505|28.687
1390110527|28.75
1390110550|28.687
1390110572|28.687
1390110595|28.687
1390110617|28.687
1390110640|28.75
1390110662|28.687
1390110685|28.687
1390110707|28.687
1390110730|28.687
1390110752|28.687
1390110775|28.687
1390110797|28.687
1390110819|28.687
1390110842|28.687
1390110864|28.687
1390110887|28.687
1390110909|28.625
1390110932|28.687
1390110954|28.687
1390110977|28.625
1390110999|28.625
1390111022|28.625
1390111044|28.625
1390111067|28.562
1390111089|28.625
1390111112|28.625
1390111134|28.562
1390111157|28.625
1390111179|28.625
1390111201|28.562
1390111224|28.625
1390111246|28.625
1390111269|28.625
1390111291|28.625
1390111314|28.625
1390111336|28.625
1390111359|28.625
1390111381|28.687
1390111404|28.687
1390111426|28.625
1390111449|28.687
1390111471|28.687
1390111494|28.625
1390111516|28.625
1390111539|28.625
1390111561|28.625
1390111584|28.5
1390111606|28.5
1390111628|28.437
1390111651|28.437
1390111673|28.437
1390111696|28.375
1390111718|28.375
1390111741|28.312
1390111763|28.312
1390111786|28.25
1390111808|28.25
1390111831|28.187
1390111853|28.187
1390111876|28.125
1390111898|28.125
1390111921|28.125
1390111943|28.125
1390111965|28.125
1390111988|28.25
1390112010|28.375
1390112033|28.5
1390112055|28.625
1390112078|28.75
1390112100|28.812
1390112123|28.875
1390112145|28.937
1390112168|28.937
1390112190|28.937
1390112213|29.187
1390112235|29.375
1390112258|29.562
1390112280|29.625
1390112303|29.687
1390112325|29.75
1390112348|29.812
1390112370|29.812
1390112392|29.875
1390112415|29.875
1390112437|29.875
1390112460|29.875
1390112482|29.875
1390112505|29.875
1390112527|29.875
1390112550|29.875
1390112572|29.875
1390112595|29.875
1390112617|29.875
1390112640|29.875
1390112662|29.875
1390112685|29.875
1390112707|29.875
1390112729|29.875
1390112752|29.875
1390112774|29.875
1390112797|29.875
1390112819|29.875
1390112842|29.875
1390112864|29.875
1390112887|29.875
1390112909|29.875
1390112932|29.875
1390112954|29.875
1390112977|29.875
1390112999|29.875
1390113022|29.875
1390113044|29.937
1390113067|29.875
1390113089|29.937
1390113111|29.937
1390113134|29.937
1390113156|29.937
1390113179|29.937
1390113201|29.937
1390113224|29.937
1390113246|29.937
1390113269|29.937
1390113291|29.937
1390113314|29.937
1390113336|29.875
1390113359|29.937
1390113381|29.937
1390113404|29.937
1390113426|29.937
1390113448|29.937
1390113471|29.937
1390113493|29.937
1390113516|29.937
1390113538|29.937
1390113561|29.937
1390113583|29.937
1390113606|29.937
1390113628|29.937
1390113651|29.937
1390113673|29.937
1390113696|29.937
1390113718|29.937
1390113741|29.937
1390113763|29.937
1390113786|29.937
1390113808|29.937
1390113831|29.937
1390113853|29.937
1390113875|29.937
1390113898|29.937
1390113920|29.937
1390113943|29.937
1390113965|29.937
1390113988|29.937
1390114010|29.937
1390114033|29.937
1390114055|29.937
1390114078|29.937
1390114100|29.937
1390114123|29.937
1390114145|29.937
1390114168|29.937
1390114190|29.937
1390114213|29.937
1390114235|29.937
1390114258|29.937
1390114280|29.937
1390114302|29.937
1390114325|29.937
1390114347|29.937
1390114370|29.937
1390114392|29.937
1390114415|29.937
1390114437|29.937
1390114460|29.937
1390114482|29.937
1390114505|29.937
1390114527|29.937
1390114550|29.937
1390114572|29.937
1390114595|29.937
1390114617|29.937
1390114640|29.937
1390114662|29.937
1390114685|29.937
1390114707|29.937
1390114730|29.937
1390114752|29.937
1390114775|29.937
1390114797|29.937
1390114820|29.937
1390114842|29.937
1390114865|29.937
1390114887|29.937
1390114910|29.937
1390114932|29.937
1390114954|29.937
1390114977|29.937
1390114999|29.937
1390115022|29.937
1390115044|29.937
1390115067|29.937
1390115089|29.937
1390115112|29.875
1390115134|29.937
1390115157|29.937
1390115179|29.937
1390115202|29.937
1390115224|29.937
1390115247|29.937
1390115269|29.875
1390115291|29.875
1390115314|29.937
1390115336|29.875
1390115359|29.875
1390115381|29.875
1390115404|29.875
1390115426|29.875
1390115449|29.875
1390115471|29.875
1390115494|29.875
1390115516|29.875
1390115539|29.875
1390115561|29.937
1390115584|29.875
1390115606|29.875
1390115629|29.875
1390115651|29.875
1390115673|29.875
1390115696|29.875
1390115718|29.875
1390115741|29.875
1390115763|29.875
1390115786|29.875
1390115808|29.875
1390115831|29.875
1390115853|29.875
1390115876|29.875
1390115898|29.875
1390115921|29.875
1390115943|29.875
1390115966|29.875
1390115988|29.875
1390116010|29.812
1390116033|29.812
1390116055|29.812
1390116078|29.812
1390116100|29.812
1390116123|29.812
1390116145|29.812
1390116168|29.812
1390116190|29.812
1390116213|29.812
1390116235|29.812
1390116258|29.75
1390116280|29.812
1390116303|29.75
1390116325|29.75
1390116348|29.812
1390116370|29.812
1390116393|29.812
1390116415|29.75
1390116437|29.75
1390116460|29.75
1390116482|29.812
1390116505|29.75
1390116527|29.812
1390116550|29.75
1390116572|29.75
1390116595|29.75
1390116617|29.75
1390116640|29.75
1390116662|29.75
1390116685|29.75
1390116707|29.75
1390116730|29.75
1390116752|29.75
1390116775|29.75
1390116797|29.75
1390116820|29.75
1390116842|29.75
1390116864|29.75
1390116887|29.687
1390116909|29.75
1390116932|29.75
1390116954|29.687
1390116977|29.75
1390116999|29.687
1390117022|29.75
1390117044|29.687
1390117067|29.687
1390117089|29.687
1390117112|29.687
1390117134|29.687
1390117157|29.687
1390117179|29.687
1390117202|29.687
1390117224|29.687
1390117246|29.687
1390117269|29.687
1390117291|29.687
1390117314|29.687
1390117336|29.687
1390117359|29.687
1390117381|29.687
1390117404|29.687
1390117426|29.687
1390117449|29.687
1390117471|29.687
1390117494|29.687
1390117516|29.687
1390117539|29.687
1390117561|29.687
1390117583|29.687
1390117606|29.687
1390117628|29.687
1390117651|29.687
1390117673|29.687
1390117696|29.687
1390117718|29.625
1390117741|29.687
1390117763|29.625
1390117786|29.687
1390117808|29.687
1390117831|29.687
1390117853|29.687
1390117876|29.625
1390117898|29.625
1390117921|29.625
1390117943|29.625
1390117966|29.625
1390117988|29.625
1390118010|29.625
1390118033|29.625
1390118055|29.625
1390118078|29.625
1390118100|29.625
1390118123|29.625
1390118145|29.625
1390118168|29.625
1390118190|29.625
1390118213|29.625
1390118235|29.562
1390118258|29.625
1390118280|29.625
1390118303|29.625
1390118325|29.625
1390118347|29.562
1390118370|29.625
1390118392|29.625
1390118415|29.625
1390118437|29.562
1390118460|29.625
1390118482|29.562
1390118505|29.562
1390118527|29.562
1390118550|29.562
1390118572|29.562
1390118595|29.562
1390118617|29.562
1390118640|29.562
1390118662|29.562
1390118685|29.562
1390118707|29.562
1390118730|29.562
1390118752|29.562
1390118774|29.562
1390118797|29.5
1390118819|29.562
1390118842|29.5
1390118864|29.562
1390118887|29.562
1390118909|29.562
1390118932|29.5
1390118954|29.562
1390118977|29.5
1390118999|29.5
1390119022|29.5
1390119044|29.5
1390119067|29.5
1390119089|29.5
1390119112|29.5
1390119134|29.5
1390119156|29.5
1390119179|29.5
1390119201|29.5
1390119224|29.5
1390119246|29.5
1390119269|29.5
1390119291|29.5
1390119314|29.5
1390119336|29.5
1390119359|29.5
1390119381|29.5
1390119404|29.5
1390119426|29.437
1390119449|29.5
1390119471|29.437
1390119493|29.437
1390119516|29.437
1390119538|29.437
1390119561|29.437
1390119583|29.437
1390119606|29.437
1390119628|29.437
1390119651|29.437
1390119673|29.437
1390119696|29.437
1390119718|29.437
1390119741|29.437
1390119763|29.5
1390119786|29.437
1390119808|29.5
1390119831|29.5
1390119853|29.5
1390119876|29.5
1390119898|29.562
1390119920|29.562
1390119943|29.562
1390119965|29.562
1390119988|29.562
1390120010|29.562
1390120033|29.625
1390120055|29.625
1390120078|29.625
1390120100|29.687
1390120123|29.687
1390120145|29.75
1390120168|29.75
1390120190|29.875
1390120213|29.937
1390120235|29.937
1390120258|30.062
1390120280|30.125
1390120303|30.187
1390120325|30.187
1390120347|30.375
1390120370|30.437
1390120392|30.625
1390120415|30.75
1390120437|30.875
1390120460|31.062
1390120482|31.062
1390120505|31.375
1390120527|31.5
1390120550|31.562
1390120572|31.562
1390120595|31.625
1390120617|31.625
1390120640|31.625
1390120662|31.625
1390120684|31.625
1390120707|31.625
1390120729|31.625
1390120752|31.625
1390120774|31.625
1390120797|31.625
1390120819|31.687
1390120842|31.75
1390120864|31.75
1390120887|31.875
1390120909|31.875
1390120932|31.937
1390120954|32.0
1390120977|32.062
1390120999|32.125
1390121022|32.187
1390121044|32.25
1390121066|32.375
1390121089|32.375
1390121111|32.437
1390121134|32.375
1390121156|32.312
1390121179|32.187
1390121201|32.187
1390121224|32.125
1390121246|32.0
1390121269|32.062
1390121291|32.0
1390121314|32.0
1390121336|32.0
1390121359|32.0
1390121381|32.0
1390121403|31.937
1390121426|32.0
1390121448|31.937
1390121471|31.875
1390121493|31.875
1390121516|31.875
1390121538|31.812
1390121561|31.812
1390121583|31.75
1390121606|31.75
1390121628|31.625
1390121651|31.562
1390121673|31.562
1390121696|31.5
1390121718|31.437
1390121741|31.375
1390121763|31.375
1390121786|31.312
1390121808|31.25
1390121830|31.187
1390121853|31.125
1390121875|31.125
1390121898|31.062
1390121920|31.0
1390121943|30.937
1390121965|30.875
1390121988|30.812
1390122010|30.75
1390122033|30.687
1390122055|30.625
1390122078|30.562
1390122100|30.5
1390122123|30.437
1390122145|30.375
1390122168|30.312
1390122190|30.312
1390122213|30.25
1390122235|30.125
1390122257|30.125
1390122280|30.062
1390122302|30.0
1390122325|29.875
1390122347|29.875
1390122370|29.812
1390122392|29.75
1390122415|29.687
1390122437|29.625
1390122460|29.562
1390122482|29.5
1390122505|29.437
1390122527|29.437
1390122550|29.375
1390122572|29.312
1390122594|29.25
1390122617|29.187
1390122639|29.125
1390122662|29.062
1390122684|29.062
1390122707|29.0
1390122729|28.937
1390122752|28.937
1390122774|28.875
1390122797|28.875
1390122819|28.875
1390122842|28.875
1390122864|28.812
1390122887|28.875
1390122909|28.875
1390122932|28.812
1390122954|28.875
1390122976|28.875
1390122999|28.875
1390123021|28.875
1390123044|28.875
1390123066|28.875
1390123089|28.875
1390123111|28.875
1390123134|28.875
1390123156|28.875
1390123179|28.875
1390123201|28.875
1390123224|28.937
1390123246|28.875
1390123269|28.875
1390123291|28.875
1390123313|28.875
1390123336|28.875
1390123358|28.875
1390123381|28.875
1390123403|28.875
1390123426|28.812
1390123448|28.875
1390123471|28.875
1390123493|28.875
1390123516|28.875
1390123538|28.875
1390123561|28.875
1390123583|28.875
1390123606|28.875
1390123628|28.875
1390123651|28.875
1390123673|28.875
1390123696|28.875
1390123718|28.875
1390123740|28.875
1390123763|28.812
1390123785|28.75
1390123808|28.75
1390123830|28.687
1390123853|28.625
1390123875|28.625
1390123898|28.562
1390123920|28.5
1390123943|28.437
1390123965|28.437
1390123988|28.437
1390124010|28.437
1390124033|28.312
1390124055|28.25
1390124077|28.187
1390124100|28.187
1390124122|28.125
1390124145|28.125
1390124167|28.125
1390124190|28.187
1390124212|28.25
1390124235|28.375
1390124257|28.687
1390124280|28.937
1390124302|29.125
1390124325|29.25
1390124347|29.25
1390124370|29.437
1390124392|29.5
1390124415|29.5
1390124437|29.5
1390124460|29.5
1390124482|29.5
1390124504|29.5
1390124527|29.5
1390124549|29.5
1390124572|29.5
1390124594|29.5
1390124617|29.5
1390124639|29.437
1390124662|29.5
1390124684|29.5
1390124707|29.5
1390124729|29.437
1390124752|29.437
1390124774|29.437
1390124797|29.437
1390124819|29.437
1390124842|29.437
1390124864|29.437
1390124886|29.437
1390124909|29.437
1390124931|29.437
1390124954|29.437
1390124976|29.437
1390124999|29.437
1390125021|29.437
1390125044|29.437
1390125066|29.437
1390125089|29.437
1390125111|29.437
1390125134|29.437
1390125156|29.375
1390125179|29.375
1390125201|29.375
1390125223|29.375
1390125246|29.375
1390125268|29.375
1390125291|29.375
1390125313|29.437
1390125336|29.437
1390125358|29.375
1390125381|29.375
1390125403|29.375
1390125426|29.375
1390125448|29.375
1390125471|29.375
1390125493|29.375
1390125516|29.375
1390125538|29.375
1390125561|29.375
1390125583|29.375
1390125606|29.375
1390125628|29.375
1390125650|29.375
1390125673|29.375
1390125695|29.375
1390125718|29.375
1390125740|29.375
1390125763|29.375
1390125785|29.375
1390125808|29.375
1390125830|29.375
1390125853|29.375
1390125875|29.375
1390125898|29.375
1390125920|29.375
1390125943|29.375
1390125965|29.375
1390125987|29.312
1390126010|29.312
1390126032|29.375
1390126055|29.312
1390126077|29.375
1390126100|29.375
1390126122|29.375
1390126145|29.312
1390126167|29.312
1390126190|29.312
1390126212|29.312
1390126235|29.375
1390126257|29.375
1390126280|29.312
1390126302|29.312
1390126325|29.312
1390126347|29.312
1390126370|29.312
1390126392|29.312
1390126414|29.312
1390126437|29.312
1390126459|29.312
1390126482|29.312
1390126504|29.312
1390126527|29.312
1390126549|29.312
1390126572|29.312
1390126594|29.312
1390126617|29.25
1390126639|29.312
1390126662|29.312
1390126684|29.312
1390126707|29.312
1390126729|29.312
1390126752|29.312
1390126774|29.312
1390126796|29.312
1390126819|29.312
1390126841|29.25
1390126864|29.25
1390126886|29.25
1390126909|29.25
1390126931|29.25
1390126954|29.25
1390126976|29.25
1390126999|29.25
1390127021|29.25
1390127044|29.25
1390127066|29.25
1390127089|29.25
1390127111|29.25
1390127133|29.25
1390127156|29.25
1390127178|29.25
1390127201|29.25
1390127223|29.25
1390127246|29.187
1390127268|29.25
1390127291|29.25
1390127313|29.25
1390127336|29.25
1390127358|29.25
1390127381|29.187
1390127403|29.187
1390127426|29.187
1390127448|29.187
1390127471|29.187
1390127493|29.187
1390127516|29.25
1390127538|29.187
1390127560|29.187
1390127583|29.187
1390127605|29.187
1390127628|29.187
1390127650|29.187
1390127673|29.187
1390127695|29.187
1390127718|29.125
1390127740|29.187
1390127763|29.187
1390127785|29.125
1390127808|29.125
1390127830|29.187
1390127853|29.125
1390127875|29.125
1390127898|29.125
1390127920|29.125
1390127943|29.187
1390127965|29.125
1390127987|29.125
1390128010|29.125
1390128032|29.125
1390128055|29.125
1390128077|29.125
1390128100|29.125
1390128122|29.125
1390128145|29.125
1390128167|29.125
1390128190|29.125
1390128212|29.125
1390128235|29.125
1390128257|29.125
1390128280|29.125
1390128302|29.125
1390128325|29.125
1390128347|29.125
1390128369|29.062
1390128392|29.062
1390128414|29.125
1390128437|29.062
1390128459|29.062
1390128482|29.062
1390128504|29.062
1390128527|29.062
1390128549|29.062
1390128572|29.062
1390128594|29.062
1390128617|29.062
1390128639|29.062
1390128662|29.062
1390128685|29.062
1390128707|29.0
1390128730|29.062
1390128752|29.062
1390128775|29.062
1390128797|29.062
1390128820|29.0
1390128842|29.0
1390128865|29.0
1390128887|29.0
1390128910|29.062
1390128932|29.0
1390128954|29.0
1390128977|29.062
1390128999|29.0
1390129022|29.0
1390129044|29.0
1390129067|29.0
1390129089|29.0
1390129112|29.0
1390129134|29.0
1390129157|29.0
1390129179|29.0
1390129202|29.0
1390129224|29.312
1390129247|29.5
1390129269|29.687
1390129292|29.75
1390129314|29.875
1390129336|29.937
1390129359|29.937
1390129381|30.0
1390129404|30.0
1390129426|30.062
1390129449|30.062
1390129471|30.062
1390129494|30.062
1390129516|30.125
1390129539|30.125
1390129561|30.125
1390129584|30.125
1390129606|30.125
1390129629|30.125
1390129651|30.125
1390129673|30.125
1390129696|30.187
1390129718|30.125
1390129741|30.187
1390129763|30.187
1390129786|30.187
1390129808|30.187
1390129831|30.187
1390129853|30.187
1390129876|30.187
1390129898|30.187
1390129921|30.25
1390129943|30.25
1390129966|30.25
1390129988|30.25
1390130011|30.25
1390130033|30.25
1390130056|30.25
1390130078|30.312
1390130100|30.312
1390130123|30.312
1390130145|30.312
1390130168|30.312
1390130190|30.312
1390130213|30.312
1390130235|30.312
1390130258|30.312
1390130280|30.375
1390130303|30.375
1390130325|30.375
1390130348|30.375
1390130370|30.375
1390130393|30.375
1390130415|30.375
1390130437|30.375
1390130460|30.375
1390130482|30.375
1390130505|30.375
1390130527|30.375
1390130550|30.375
1390130572|30.375
1390130595|30.437
1390130617|30.437
1390130640|30.437
1390130662|30.437
1390130685|30.437
1390130707|30.437
1390130730|30.437
1390130752|30.437
1390130775|30.437
1390130797|30.437
1390130819|30.5
1390130842|30.5
1390130864|30.5
1390130887|30.5
1390130909|30.5
1390130932|30.5
1390130954|30.5
1390130977|30.5
1390130999|30.5
1390131022|30.5
1390131044|30.5
1390131067|30.5
1390131089|30.5
1390131112|30.5
1390131134|30.5
1390131156|30.5
1390131179|30.5
1390131201|30.5
1390131224|30.5
1390131246|30.5
1390131269|30.5
1390131291|30.562
1390131314|30.562
1390131336|30.5
1390131359|30.5
1390131381|30.5
1390131404|30.562
1390131426|30.5
1390131449|30.5
1390131471|30.5
1390131494|30.562
1390131516|30.5
1390131539|30.562
1390131561|30.562
1390131583|30.562
1390131606|30.562
1390131628|30.562
1390131651|30.562
1390131673|30.562
1390131696|30.562
1390131718|30.562
1390131741|30.562
1390131763|30.562
1390131786|30.625
1390131808|30.625
1390131831|30.625
1390131853|30.625
1390131876|30.625
1390131898|30.625
1390131921|30.687
1390131943|30.687
1390131966|30.687
1390131988|30.687
1390132010|30.75
1390132033|30.687
1390132055|30.75
1390132078|30.75
1390132100|30.75
1390132123|30.75
1390132145|30.812
1390132168|30.812
1390132190|30.812
1390132213|30.875
1390132235|30.937
1390132258|31.0
1390132280|31.062
1390132303|31.125
1390132325|31.187
1390132347|31.187
1390132370|31.187
1390132392|31.312
1390132415|31.375
1390132437|31.375
1390132460|31.375
1390132482|31.375
1390132505|31.437
1390132527|31.437
1390132550|31.437
1390132572|31.5
1390132595|31.437
1390132617|31.437
1390132640|31.5
1390132662|31.562
1390132685|31.687
1390132707|31.75
1390132729|31.75
1390132752|32.0
1390132774|32.062
1390132797|32.187
1390132819|32.25
1390132842|32.25
1390132864|32.375
1390132887|32.375
1390132909|32.375
1390132932|32.437
1390132954|32.562
1390132977|32.5
1390132999|32.375
1390133022|32.312
1390133044|32.312
1390133066|32.125
1390133089|32.062
1390133111|32.0
1390133134|31.937
1390133156|31.937
1390133179|31.875
1390133201|31.875
1390133224|31.812
1390133246|31.812
1390133269|31.75
1390133291|31.75
1390133314|31.687
1390133336|31.687
1390133359|31.625
1390133381|31.687
1390133404|31.625
1390133426|31.625
1390133449|31.562
1390133471|31.5
1390133493|31.5
1390133516|31.437
1390133538|31.437
1390133561|31.437
1390133583|31.437
1390133606|31.312
1390133628|31.312
1390133651|31.312
1390133673|31.312
1390133696|31.187
1390133718|31.187
1390133741|31.125
1390133763|31.062
1390133786|31.0
1390133808|31.0
1390133831|30.937
1390133853|30.937
1390133876|30.875
1390133898|30.812
1390133920|30.812
1390133943|30.75
1390133965|30.75
1390133988|30.687
1390134010|30.625
1390134033|30.625
1390134055|30.562
1390134078|30.5
1390134100|30.437
1390134123|30.375
1390134145|30.312
1390134168|30.25
1390134190|30.25
1390134213|30.187
1390134235|30.125
1390134258|30.062
1390134280|30.0
1390134302|30.0
1390134325|29.937
1390134347|29.875
1390134370|29.812
1390134392|29.75
1390134415|29.687
1390134437|29.625
1390134460|29.625
1390134482|29.562
1390134505|29.5
1390134527|29.437
1390134550|29.375
1390134572|29.312
1390134595|29.312
1390134617|29.25
1390134639|29.187
1390134662|29.125
1390134684|29.125
1390134707|29.062
1390134729|29.0
1390134752|29.0
1390134774|29.0
1390134797|28.937
1390134819|28.875
1390134842|28.875
1390134864|28.937
1390134887|28.875
1390134909|28.875
1390134932|28.937
1390134954|28.937
1390134976|28.937
1390134999|28.875
1390135021|28.875
1390135044|28.937
1390135066|28.937
1390135089|28.937
1390135111|28.937
1390135134|29.0
1390135156|29.0
1390135179|29.0
1390135201|28.937
1390135224|29.0
1390135246|29.0
1390135269|29.0
1390135291|28.937
1390135314|28.937
1390135336|29.0
1390135359|29.0
1390135381|28.937
1390135403|28.937
1390135426|28.937
1390135448|28.937
1390135471|28.937
1390135493|28.875
1390135516|28.937
1390135538|28.937
1390135561|28.937
1390135583|28.875
1390135606|28.875
1390135628|28.875
1390135651|28.812
1390135673|28.875
1390135696|28.875
1390135718|28.812
1390135741|28.875
1390135763|28.875
1390135786|28.875
1390135808|28.875
1390135830|28.875
1390135853|28.875
1390135875|28.812
1390135898|28.875
1390135920|28.937
1390135943|28.875
1390135965|28.875
1390135988|28.875
1390136010|28.875
1390136033|28.875
1390136055|28.875
1390136078|28.812
1390136100|28.812
1390136123|28.75
1390136145|28.687
1390136167|28.687
1390136190|28.687
1390136212|28.625
1390136235|28.625
1390136257|28.562
1390136280|28.5
1390136302|28.5
1390136325|28.5
1390136347|28.437
1390136370|28.437
1390136392|28.375
1390136415|28.375
1390136437|28.312
1390136460|28.312
1390136482|28.25
