1390136505|28.25
1390136527|28.25
1390136549|28.312
1390136572|28.375
1390136594|28.437
1390136617|28.75
1390136639|29.0
1390136662|29.187
1390136684|29.25
1390136707|29.25
1390136729|29.375
1390136752|29.437
1390136774|29.5
1390136797|29.5
1390136819|29.5
1390136842|29.5
1390136864|29.5
1390136887|29.562
1390136909|29.562
1390136932|29.5
1390136954|29.5
1390136976|29.5
1390136999|29.5
1390137021|29.5
1390137044|29.5
1390137066|29.5
1390137089|29.5
1390137111|29.437
1390137134|29.437
1390137156|29.437
1390137179|29.437
1390137201|29.437
1390137224|29.437
1390137246|29.437
1390137269|29.437
1390137291|29.437
1390137313|29.437
1390137336|29.375
1390137358|29.437
1390137381|29.375
1390137403|29.375
1390137426|29.437
1390137448|29.375
1390137471|29.375
1390137493|29.375
1390137516|29.437
1390137538|29.375
1390137561|29.375
1390137583|29.375
1390137606|29.375
1390137628|29.375
1390137651|29.375
1390137673|29.375
1390137696|29.375
1390137718|29.375
1390137740|29.375
1390137763|29.312
1390137785|29.312
1390137808|29.312
1390137830|29.312
1390137853|29.312
1390137875|29.312
1390137898|29.312
1390137920|29.312
1390137943|29.312
1390137965|29.312
1390137988|29.25
1390138010|29.312
1390138033|29.312
1390138055|29.312
1390138077|29.312
1390138100|29.25
1390138122|29.25
1390138145|29.25
1390138167|29.25
1390138190|29.25
1390138212|29.25
1390138235|29.25
1390138257|29.25
1390138280|29.25
1390138302|29.25
1390138325|29.25
1390138347|29.25
1390138370|29.25
1390138392|29.25
1390138415|29.25
1390138437|29.187
1390138459|29.25
1390138482|29.187
1390138504|29.25
1390138527|29.312
1390138549|29.562
1390138572|29.812
1390138594|29.937
1390138617|30.0
1390138639|30.062
1390138662|30.125
1390138684|30.187
1390138707|30.187
1390138729|30.187
1390138752|30.25
1390138774|30.25
1390138796|30.25
1390138819|30.25
1390138841|30.25
1390138864|30.25
1390138886|30.25
1390138909|30.312
1390138931|30.312
1390138954|30.312
1390138976|30.312
1390138999|30.312
1390139021|30.312
1390139044|30.312
1390139066|30.312
1390139089|30.312
1390139111|30.312
1390139134|30.375
1390139156|30.375
1390139179|30.375
1390139201|30.375
1390139223|30.375
1390139246|30.375
1390139268|30.375
1390139291|30.375
1390139313|30.375
1390139336|30.437
1390139358|30.437
1390139381|30.437
1390139403|30.437
1390139426|30.437
1390139448|30.437
1390139471|30.437
1390139493|30.437
1390139516|30.437
1390139538|30.437
1390139561|30.437
1390139583|30.437
1390139606|30.5
1390139628|30.5
1390139650|30.5
1390139673|30.5
1390139695|30.5
1390139718|30.5
1390139740|30.5
1390139763|30.5
1390139785|30.5
1390139808|30.5
1390139830|30.5
1390139853|30.5
1390139875|30.5
1390139898|30.562
1390139920|30.562
1390139943|30.562
1390139965|30.562
1390139987|30.562
1390140010|30.562
1390140032|30.562
1390140055|30.562
1390140077|30.562
1390140100|30.562
1390140122|30.562
1390140145|30.562
1390140167|30.562
1390140190|30.562
1390140212|30.562
1390140235|30.562
1390140257|30.625
1390140280|30.562
1390140302|30.625
1390140325|30.625
1390140347|30.625
1390140369|30.625
1390140392|30.625
1390140414|30.625
1390140437|30.625
1390140459|30.625
1390140482|30.625
1390140504|30.625
1390140527|30.625
1390140549|30.625
1390140572|30.625
1390140594|30.625
1390140617|30.625
1390140639|30.625
1390140662|30.687
1390140684|30.625
1390140707|30.687
1390140729|30.687
1390140751|30.687
1390140774|30.687
1390140796|30.687
1390140819|30.687
1390140841|30.687
1390140864|30.687
1390140886|30.687
1390140909|30.687
1390140931|30.687
1390140954|30.687
1390140976|30.687
1390140999|30.687
1390141021|30.687
1390141044|30.687
1390141066|30.687
1390141089|30.687
1390141111|30.687
1390141133|30.75
1390141156|30.687
1390141178|30.687
1390141201|30.75
1390141223|30.75
1390141246|30.687
1390141268|30.687
1390141291|30.687
1390141313|30.687
1390141336|30.687
1390141358|30.75
1390141381|30.75
1390141403|30.75
1390141426|30.75
1390141448|30.75
1390141470|30.75
1390141493|30.75
1390141515|30.75
1390141538|30.75
1390141560|30.75
1390141583|30.75
1390141605|30.75
1390141628|30.75
1390141650|30.75
1390141673|30.75
1390141695|30.75
1390141718|30.75
1390141740|30.75
1390141763|30.75
1390141785|30.75
1390141808|30.75
1390141830|30.812
1390141853|30.75
1390141875|30.75
1390141897|30.75
1390141920|30.812
1390141942|30.75
1390141965|30.75
1390141987|30.75
1390142010|30.75
1390142032|30.75
1390142055|30.75
1390142077|30.75
1390142100|30.75
1390142122|30.75
1390142145|30.75
1390142167|30.75
1390142190|30.75
1390142212|30.75
1390142235|30.75
1390142257|30.75
1390142279|30.75
1390142302|30.75
1390142324|30.75
1390142347|30.75
1390142369|30.75
1390142392|30.75
1390142414|30.75
1390142437|30.75
1390142459|30.75
1390142482|30.75
1390142504|30.75
1390142527|30.75
1390142549|30.75
1390142572|30.75
1390142594|30.75
1390142616|30.75
1390142639|30.75
1390142661|30.75
1390142684|30.75
1390142706|30.75
1390142729|30.75
1390142751|30.75
1390142774|30.75
1390142796|30.75
1390142819|30.75
1390142841|30.75
1390142864|30.75
1390142886|30.75
1390142909|30.75
1390142931|30.75
1390142954|30.75
1390142976|30.75
1390142999|30.75
1390143021|30.75
1390143043|30.75
1390143066|30.75
1390143088|30.75
1390143111|30.687
1390143133|30.75
1390143156|30.75
1390143178|30.75
1390143201|30.75
1390143223|30.75
1390143246|30.75
1390143268|30.687
1390143291|30.75
1390143313|30.687
1390143336|30.75
1390143358|30.75
1390143381|30.75
1390143403|30.75
1390143426|30.687
1390143448|30.75
1390143470|30.687
1390143493|30.687
1390143515|30.687
1390143538|30.687
1390143560|30.687
1390143583|30.687
1390143605|30.687
1390143628|30.687
1390143650|30.75
1390143673|30.75
1390143695|30.75
1390143718|30.75
1390143740|30.75
1390143763|30.75
1390143785|30.75
1390143808|30.75
1390143830|30.812
1390143852|30.812
1390143875|30.812
1390143897|30.875
1390143920|30.875
1390143942|30.875
1390143965|30.875
1390143987|30.937
1390144010|30.937
1390144032|31.0
1390144055|31.0
1390144077|31.125
1390144100|31.125
1390144122|31.25
1390144145|31.312
1390144167|31.437
1390144189|31.5
1390144212|31.625
1390144234|31.687
1390144257|31.75
1390144279|31.875
1390144302|31.937
1390144324|32.0
1390144347|32.062
1390144369|32.062
1390144392|32.125
1390144414|32.125
1390144437|32.187
1390144459|32.125
1390144482|32.187
1390144504|32.187
1390144527|32.25
1390144549|32.312
1390144572|32.375
1390144594|32.5
1390144616|32.5
1390144639|32.625
1390144661|32.687
1390144684|32.812
1390144706|32.812
1390144729|32.875
1390144751|32.875
1390144774|32.937
1390144796|33.0
1390144819|33.0
1390144841|32.937
1390144864|32.875
1390144886|32.75
1390144909|32.625
1390144931|32.625
1390144953|32.562
1390144976|32.5
1390144999|32.5
1390145021|32.437
1390145043|32.437
1390145066|32.375
1390145088|32.375
1390145111|32.375
1390145133|32.312
1390145156|32.312
1390145178|32.312
1390145201|32.25
1390145223|32.25
1390145246|32.187
1390145268|32.125
1390145291|32.187
1390145313|32.062
1390145336|32.125
1390145358|32.062
1390145380|32.0
1390145403|32.062
1390145425|32.062
1390145448|31.937
1390145470|31.937
1390145493|31.937
1390145515|31.937
1390145538|31.875
1390145560|31.812
1390145583|31.75
1390145605|31.687
1390145628|31.687
1390145650|31.625
1390145673|31.562
1390145695|31.5
1390145718|31.5
1390145740|31.375
1390145762|31.312
1390145785|31.312
1390145807|31.25
1390145830|31.187
1390145852|31.125
1390145875|31.125
1390145897|31.062
1390145920|31.0
1390145942|30.937
1390145965|30.875
1390145987|30.812
1390146010|30.75
1390146033|30.687
1390146055|30.625
1390146078|30.625
1390146100|30.5
1390146124|30.5
1390146146|30.437
1390146169|30.375
1390146191|30.312
1390146214|30.187
1390146236|30.187
1390146258|30.125
1390146281|30.062
1390146303|30.0
1390146326|29.937
1390146348|29.875
1390146371|29.875
1390146393|29.812
1390146416|29.75
1390146438|29.75
1390146461|29.687
1390146483|29.625
1390146506|29.562
1390146528|29.562
1390146551|29.562
1390146573|29.562
1390146596|29.562
1390146618|29.625
1390146640|29.562
1390146663|29.562
1390146685|29.625
1390146708|29.625
1390146730|29.625
1390146753|29.625
1390146775|29.687
1390146798|29.687
1390146820|29.687
1390146843|29.687
1390146865|29.687
1390146888|29.687
1390146910|29.625
1390146933|29.687
1390146955|29.687
1390146977|29.687
1390147000|29.687
1390147022|29.687
1390147045|29.687
1390147067|29.687
1390147090|29.687
1390147112|29.687
1390147135|29.625
1390147157|29.687
1390147180|29.625
1390147202|29.625
1390147225|29.687
1390147247|29.625
1390147270|29.625
1390147292|29.687
1390147315|29.625
1390147337|29.687
1390147360|29.687
1390147382|29.625
1390147404|29.687
1390147427|29.687
1390147449|29.625
1390147472|29.625
1390147494|29.625
1390147517|29.562
1390147539|29.562
1390147562|29.5
1390147584|29.437
1390147607|29.375
1390147629|29.312
1390147652|29.25
1390147674|29.25
1390147697|29.187
1390147719|29.125
1390147741|29.062
1390147764|29.062
1390147786|29.0
1390147809|29.0
1390147831|28.937
1390147854|28.937
1390147876|29.0
1390147899|29.125
1390147921|29.375
1390147944|29.562
1390147966|29.75
1390147989|29.875
1390148011|29.937
1390148034|30.0
1390148056|30.062
1390148079|30.062
1390148101|30.062
1390148124|30.25
1390148146|30.562
1390148168|30.687
1390148191|30.812
1390148213|30.875
1390148236|30.875
1390148258|30.937
1390148281|30.937
1390148303|31.0
1390148326|31.0
1390148348|31.0
1390148371|31.0
1390148393|31.0
1390148416|31.0
1390148438|31.062
1390148461|31.062
1390148483|31.0
1390148506|31.062
1390148528|31.062
1390148550|31.062
1390148573|31.0
1390148595|31.062
1390148618|31.062
1390148640|31.062
1390148663|31.062
1390148685|31.062
1390148708|31.062
1390148730|31.062
1390148753|31.062
1390148775|31.062
1390148798|31.062
1390148820|31.125
1390148843|31.125
1390148865|31.125
1390148887|31.125
1390148910|31.125
1390148932|31.125
1390148955|31.125
1390148977|31.125
1390149000|31.125
1390149022|31.125
1390149045|31.125
1390149067|31.125
1390149090|31.125
1390149112|31.125
1390149135|31.125
1390149157|31.125
1390149180|31.125
1390149202|31.125
1390149224|31.125
1390149247|31.187
1390149269|31.125
1390149292|31.125
1390149314|31.187
1390149337|31.125
1390149359|31.125
1390149382|31.125
1390149404|31.125
1390149427|31.125
1390149449|31.125
1390149472|31.125
1390149494|31.125
1390149517|31.125
1390149539|31.125
1390149562|31.125
1390149584|31.125
1390149607|31.125
1390149629|31.125
1390149651|31.125
1390149674|31.187
1390149696|31.125
1390149719|31.187
1390149741|31.187
1390149764|31.187
1390149786|31.187
1390149809|31.187
1390149831|31.187
1390149854|31.187
1390149876|31.187
1390149899|31.125
1390149921|31.125
1390149944|31.187
1390149966|31.187
1390149989|31.187
1390150011|31.187
1390150034|31.187
1390150056|31.187
1390150078|31.187
1390150101|31.187
1390150123|31.187
1390150146|31.187
1390150168|31.187
1390150191|31.187
1390150213|31.187
1390150236|31.25
1390150258|31.187
1390150281|31.187
1390150303|31.187
1390150326|31.187
1390150348|31.187
1390150371|31.187
1390150393|31.25
1390150416|31.25
1390150438|31.187
1390150460|31.25
1390150483|31.25
1390150505|31.25
1390150528|31.187
1390150550|31.25
1390150573|31.187
1390150595|31.25
1390150618|31.25
1390150640|31.25
1390150663|31.25
1390150685|31.25
1390150708|31.25
1390150730|31.25
1390150753|31.25
1390150775|31.25
1390150797|31.25
1390150820|31.25
1390150842|31.25
1390150865|31.25
1390150887|31.25
1390150910|31.25
1390150932|31.25
1390150955|31.25
1390150977|31.25
1390151000|31.25
1390151022|31.25
1390151045|31.187
1390151067|31.25
1390151090|31.25
1390151112|31.25
1390151135|31.187
1390151157|31.25
1390151180|31.25
1390151202|31.25
1390151224|31.25
1390151247|31.25
1390151269|31.25
1390151292|31.25
1390151314|31.25
1390151337|31.25
1390151359|31.25
1390151382|31.25
1390151404|31.25
1390151427|31.25
1390151449|31.25
1390151472|31.25
1390151494|31.25
1390151517|31.25
1390151539|31.25
1390151561|31.25
1390151584|31.25
1390151606|31.25
1390151629|31.25
1390151651|31.25
1390151674|31.25
1390151696|31.25
1390151719|31.25
1390151741|31.25
1390151764|31.25
1390151786|31.25
1390151809|31.25
1390151831|31.25
1390151854|31.25
1390151876|31.25
1390151899|31.25
1390151921|31.25
1390151944|31.25
1390151966|31.25
1390151988|31.25
1390152011|31.25
1390152033|31.25
1390152056|31.25
1390152078|31.25
1390152101|31.25
1390152123|31.25
1390152146|31.25
1390152168|31.25
1390152191|31.25
1390152213|31.25
1390152236|31.25
1390152258|31.25
1390152281|31.25
1390152303|31.25
1390152326|31.187
1390152348|31.25
1390152370|31.25
1390152393|31.25
1390152415|31.25
1390152438|31.25
1390152460|31.25
1390152483|31.25
1390152505|31.25
1390152528|31.25
1390152550|31.25
1390152573|31.25
1390152596|31.25
1390152618|31.25
1390152640|31.25
1390152663|31.25
1390152685|31.25
1390152708|31.25
1390152730|31.25
1390152753|31.25
1390152775|31.25
1390152798|31.25
1390152820|31.25
1390152843|31.25
1390152865|31.25
1390152888|31.25
1390152910|31.25
1390152933|31.25
1390152955|31.25
1390152978|31.25
1390153000|31.25
1390153022|31.187
1390153045|31.187
1390153067|31.187
1390153090|31.25
1390153112|31.187
1390153135|31.25
1390153157|31.187
1390153180|31.187
1390153202|31.187
1390153225|31.25
1390153247|31.187
1390153270|31.187
1390153292|31.187
1390153315|31.187
1390153337|31.187
1390153359|31.187
1390153382|31.187
1390153404|31.187
1390153427|31.187
1390153449|31.187
1390153472|31.187
1390153494|31.187
1390153517|31.187
1390153539|31.187
1390153562|31.187
1390153584|31.187
1390153607|31.187
1390153629|31.187
1390153652|31.187
1390153674|31.187
1390153697|31.187
1390153719|31.125
1390153742|31.125
1390153764|31.125
1390153786|31.187
1390153809|31.187
1390153831|31.187
1390153854|31.125
1390153876|31.125
1390153899|31.125
1390153921|31.125
1390153944|31.125
1390153966|31.125
1390153989|31.125
1390154011|31.125
1390154034|31.125
1390154056|31.125
1390154079|31.125
1390154101|31.125
1390154123|31.125
1390154146|31.125
1390154168|31.125
1390154191|31.125
1390154213|31.125
1390154236|31.125
1390154258|31.125
1390154281|31.125
1390154303|31.062
1390154326|31.062
1390154348|31.125
1390154371|31.062
1390154393|31.062
1390154416|31.062
1390154438|31.062
1390154461|31.062
1390154483|31.062
1390154506|31.062
1390154528|31.062
1390154550|31.062
1390154573|31.062
1390154595|31.062
1390154618|31.062
1390154640|31.062
1390154663|31.062
1390154685|31.062
1390154708|31.062
1390154730|31.062
1390154753|31.062
1390154775|31.062
1390154798|31.125
1390154820|31.125
1390154843|31.125
1390154865|31.125
1390154888|31.187
1390154910|31.187
1390154932|31.187
1390154955|31.25
1390154977|31.25
1390155000|31.312
1390155022|31.375
1390155045|31.437
1390155067|31.5
1390155090|31.562
1390155112|31.625
1390155135|31.687
1390155157|31.812
1390155180|31.937
1390155202|32.062
1390155225|32.187
1390155247|32.312
1390155269|32.437
1390155292|32.562
1390155314|32.625
1390155337|32.687
1390155359|32.75
1390155382|32.75
1390155404|32.812
1390155427|32.75
1390155449|32.75
1390155472|32.812
1390155494|32.75
1390155517|32.75
1390155539|32.812
1390155562|32.812
1390155584|32.812
1390155607|32.875
1390155629|32.937
1390155652|32.937
1390155674|32.937
1390155696|32.937
1390155719|33.062
1390155741|33.125
1390155764|33.125
1390155786|33.187
1390155809|33.187
1390155831|33.187
1390155854|33.312
1390155876|33.375
1390155899|33.437
1390155921|33.5
1390155944|33.562
1390155966|33.562
1390155989|33.437
1390156011|33.375
1390156034|33.312
1390156056|33.312
1390156079|33.187
1390156101|33.187
1390156123|33.125
1390156146|33.125
1390156168|33.062
1390156191|33.062
1390156213|33.062
1390156236|33.0
1390156258|33.0
1390156281|33.0
1390156303|32.937
1390156326|32.937
1390156348|32.937
1390156371|32.875
1390156393|32.875
1390156416|32.812
1390156438|32.812
1390156460|32.75
1390156483|32.75
1390156505|32.687
1390156528|32.687
1390156550|32.625
1390156573|32.5
1390156595|32.375
1390156618|32.375
1390156640|32.25
1390156663|32.25
1390156685|32.187
1390156708|32.125
1390156730|32.062
1390156753|31.937
1390156775|31.875
1390156798|31.875
1390156820|31.75
1390156842|31.687
1390156865|31.625
1390156887|31.562
1390156910|31.5
1390156932|31.437
1390156955|31.375
1390156977|31.312
1390157000|31.25
1390157022|31.187
1390157045|31.125
1390157067|31.062
1390157090|30.937
1390157112|30.875
1390157135|30.875
1390157157|30.812
1390157179|30.687
1390157202|30.687
1390157224|30.562
1390157247|30.5
1390157269|30.5
1390157292|30.375
1390157314|30.375
1390157337|30.312
1390157359|30.25
1390157382|30.187
1390157404|30.187
1390157427|30.125
1390157449|30.125
1390157472|30.125
1390157494|30.062
1390157517|30.062
1390157539|30.062
1390157562|30.062
1390157584|30.062
1390157606|30.125
1390157629|30.062
1390157651|30.062
1390157674|30.062
1390157696|30.062
1390157719|30.062
1390157741|30.062
1390157764|30.125
1390157786|30.062
1390157809|30.062
1390157831|30.125
1390157854|30.125
1390157876|30.062
1390157899|30.125
1390157921|30.125
1390157943|30.062
1390157966|30.125
1390157988|30.125
1390158011|30.062
1390158033|30.125
1390158056|30.125
1390158078|30.062
1390158101|30.125
1390158123|30.125
1390158146|30.062
1390158168|30.062
1390158191|30.125
1390158213|30.062
1390158236|30.062
1390158258|30.062
1390158281|30.062
1390158303|30.062
1390158326|30.0
1390158348|29.937
1390158370|29.937
1390158393|29.875
1390158415|29.812
1390158438|29.75
1390158460|29.75
1390158483|29.687
1390158505|29.687
1390158528|29.625
1390158550|29.562
1390158573|29.5
1390158595|29.5
1390158618|29.437
1390158640|29.375
1390158663|29.375
1390158685|29.312
1390158707|29.312
1390158730|29.375
1390158752|29.437
1390158775|29.625
1390158797|29.75
1390158820|29.875
1390158842|29.937
1390158865|30.0
1390158887|30.25
1390158910|30.5
1390158932|30.625
1390158955|30.75
1390158977|30.812
1390159000|30.875
1390159022|30.875
1390159045|30.937
1390159067|30.937
1390159089|30.937
1390159112|30.937
1390159134|30.937
1390159157|30.937
1390159179|30.937
1390159202|30.937
1390159224|30.937
1390159247|30.937
1390159269|30.937
1390159292|30.875
1390159314|30.875
1390159337|30.937
1390159359|30.875
1390159382|30.875
1390159404|30.875
1390159427|30.875
1390159449|30.875
1390159472|30.875
1390159494|30.875
1390159516|30.875
1390159539|30.875
1390159561|30.875
1390159584|30.812
1390159606|30.812
1390159629|30.812
1390159651|30.812
1390159674|30.812
1390159696|30.812
1390159719|30.812
1390159741|30.812
1390159764|30.812
1390159786|30.812
1390159809|30.75
1390159831|30.812
1390159853|30.75
1390159876|30.75
1390159898|30.75
1390159921|30.75
1390159943|30.75
1390159966|30.75
1390159988|30.75
1390160011|30.75
1390160033|30.75
1390160056|30.75
1390160078|30.75
1390160101|30.75
1390160123|30.75
1390160146|30.687
1390160168|30.687
1390160191|30.687
1390160213|30.687
1390160236|30.687
1390160258|30.687
1390160280|30.687
1390160303|30.687
1390160325|30.687
1390160348|30.687
1390160370|30.687
1390160393|30.625
1390160415|30.687
1390160438|30.625
1390160460|30.625
1390160483|30.625
1390160505|30.625
1390160528|30.625
1390160550|30.687
1390160573|30.625
1390160595|30.687
1390160618|30.625
1390160640|30.625
1390160662|30.625
1390160685|30.625
1390160707|30.625
1390160730|30.625
1390160752|30.625
1390160775|30.625
1390160797|30.625
1390160820|30.625
1390160842|30.625
1390160865|30.625
1390160887|30.625
1390160910|30.625
1390160932|30.625
1390160955|30.625
1390160977|30.625
1390160999|30.625
1390161022|30.562
1390161044|30.625
1390161067|30.562
1390161089|30.562
1390161112|30.562
1390161134|30.562
1390161157|30.562
1390161179|30.562
1390161202|30.562
1390161224|30.562
1390161247|30.562
1390161269|30.562
1390161292|30.562
1390161314|30.562
1390161337|30.562
1390161359|30.562
1390161382|30.562
1390161404|30.562
1390161426|30.562
1390161449|30.562
1390161471|30.562
1390161494|30.562
1390161516|30.562
1390161539|30.562
1390161561|30.562
1390161584|30.562
1390161606|30.562
1390161629|30.562
1390161651|30.562
1390161674|30.562
1390161696|30.5
1390161719|30.562
1390161741|30.562
1390161764|30.5
1390161786|30.5
1390161809|30.5
1390161831|30.5
1390161853|30.562
1390161876|30.5
1390161898|30.562
1390161921|30.5
1390161943|30.5
1390161966|30.5
1390161988|30.5
1390162011|30.5
1390162033|30.5
1390162056|30.5
1390162078|30.5
1390162101|30.5
1390162123|30.5
1390162146|30.5
1390162168|30.5
1390162190|30.5
1390162213|30.5
1390162235|30.5
1390162258|30.437
1390162280|30.437
1390162303|30.437
1390162325|30.5
1390162348|30.437
1390162370|30.437
1390162393|30.437
1390162415|30.437
1390162438|30.437
1390162460|30.437
1390162483|30.437
1390162505|30.437
1390162528|30.437
1390162550|30.437
1390162572|30.437
1390162595|30.437
1390162617|30.437
1390162640|30.437
1390162662|30.437
1390162685|30.437
1390162707|30.437
1390162730|30.437
1390162752|30.437
1390162775|30.437
1390162797|30.437
1390162820|30.437
1390162842|30.437
1390162865|30.375
1390162887|30.375
1390162909|30.375
1390162932|30.375
1390162954|30.375
1390162977|30.375
1390162999|30.375
1390163022|30.375
1390163044|30.375
1390163067|30.375
1390163089|30.375
1390163112|30.375
1390163134|30.375
1390163157|30.375
1390163179|30.375
1390163202|30.375
1390163224|30.375
1390163247|30.375
1390163269|30.375
1390163292|30.375
1390163314|30.312
1390163336|30.375
1390163359|30.375
1390163381|30.312
1390163404|30.375
1390163426|30.312
1390163449|30.312
1390163471|30.375
1390163494|30.312
1390163516|30.312
1390163539|30.312
1390163561|30.312
1390163584|30.312
1390163606|30.312
1390163629|30.312
1390163651|30.312
1390163673|30.25
1390163696|30.312
1390163718|30.312
1390163741|30.312
1390163763|30.312
1390163786|30.312
1390163808|30.25
1390163831|30.25
1390163853|30.25
1390163876|30.25
1390163898|30.25
1390163921|30.25
1390163943|30.25
1390163966|30.25
1390163988|30.25
1390164010|30.25
1390164033|30.25
1390164056|30.25
1390164078|30.25
1390164100|30.25
1390164123|30.562
1390164145|30.812
1390164168|30.937
1390164190|31.062
1390164213|31.125
1390164235|31.187
1390164258|31.25
1390164280|31.25
1390164303|31.25
1390164325|31.312
1390164348|31.312
1390164370|31.312
1390164393|31.375
1390164415|31.375
1390164437|31.375
1390164460|31.375
1390164482|31.375
1390164505|31.375
1390164527|31.375
1390164550|31.375
1390164572|31.375
1390164595|31.375
1390164617|31.375
1390164640|31.375
1390164662|31.375
1390164685|31.375
1390164707|31.375
1390164730|31.437
1390164752|31.437
1390164774|31.437
1390164797|31.437
1390164819|31.437
1390164842|31.437
1390164864|31.437
1390164887|31.437
1390164909|31.437
1390164932|31.437
1390164954|31.437
1390164977|31.437
1390164999|31.375
1390165022|31.437
1390165044|31.437
1390165067|31.437
1390165089|31.437
1390165112|31.437
1390165134|31.437
1390165156|31.437
1390165179|31.437
1390165201|31.5
1390165224|31.5
1390165246|31.5
1390165269|31.5
1390165291|31.5
1390165314|31.5
1390165336|31.5
1390165359|31.5
1390165381|31.5
1390165404|31.5
1390165426|31.5
1390165449|31.5
1390165471|31.5
1390165493|31.5
1390165516|31.5
1390165538|31.5
1390165561|31.5
1390165583|31.5
1390165606|31.5
1390165628|31.562
1390165651|31.5
1390165673|31.5
1390165696|31.5
1390165718|31.5
1390165741|31.5
1390165763|31.5
1390165786|31.562
1390165808|31.562
1390165831|31.562
1390165853|31.562
1390165876|31.562
1390165898|31.625
1390165920|31.625
1390165943|31.625
1390165966|31.625
1390165988|31.625
1390166010|31.687
1390166033|31.687
1390166055|31.75
1390166078|31.75
1390166100|31.75
1390166123|31.812
1390166145|31.812
1390166168|31.875
1390166190|31.875
1390166213|31.937
1390166235|32.0
1390166258|32.0
1390166280|32.062
1390166303|32.125
1390166325|32.187
1390166347|32.312
1390166370|32.375
1390166392|32.437
1390166415|32.5
1390166437|32.562
1390166460|32.625
1390166482|32.687
1390166505|32.75
1390166527|32.812
1390166550|32.75
1390166572|32.812
1390166595|32.812
1390166617|32.687
1390166640|32.687
1390166662|32.75
1390166684|32.687
1390166707|32.75
1390166729|32.812
1390166752|32.875
1390166774|32.937
1390166797|32.937
1390166819|33.0
1390166842|33.125
1390166864|33.187
1390166887|33.312
1390166909|33.375
1390166932|33.375
1390166954|33.5
1390166977|33.562
1390166999|33.562
1390167022|33.625
1390167044|33.687
1390167066|33.75
1390167089|33.75
1390167111|33.687
1390167134|33.625
1390167156|33.562
1390167179|33.5
1390167201|33.375
1390167224|33.312
1390167246|33.25
1390167269|33.187
1390167291|33.125
1390167314|33.062
1390167336|32.937
1390167359|32.875
1390167381|32.75
1390167404|32.687
1390167426|32.625
1390167449|32.562
1390167471|32.5
1390167493|32.375
1390167516|32.312
1390167538|32.25
1390167561|32.125
1390167583|32.0
1390167606|31.937
1390167628|31.875
1390167651|31.75
1390167673|31.687
1390167696|31.625
1390167718|31.562
1390167741|31.437
1390167763|31.375
1390167786|31.312
1390167808|31.25
1390167830|31.187
1390167853|31.125
1390167875|31.062
1390167898|31.0
1390167920|30.937
1390167943|30.875
1390167965|30.875
1390167988|30.875
1390168010|30.687
1390168033|30.625
1390168055|30.562
1390168078|30.5
1390168100|30.437
1390168123|30.375
1390168145|30.375
1390168168|30.25
1390168190|30.187
1390168213|30.187
1390168235|30.125
1390168257|30.125
1390168280|30.062
1390168302|30.062
1390168325|30.0
1390168347|30.0
1390168370|30.0
1390168392|30.0
1390168415|30.0
1390168437|30.0
1390168460|30.0
1390168482|30.062
1390168505|30.062
1390168527|30.0
1390168550|30.062
1390168572|30.062
1390168594|30.062
1390168617|30.0
1390168639|30.125
1390168662|30.062
1390168684|30.062
1390168707|30.062
1390168729|30.062
1390168752|30.062
1390168774|30.0
1390168797|30.0
1390168819|30.0
1390168842|29.875
1390168864|29.875
1390168887|29.812
1390168909|29.812
1390168932|29.75
1390168954|29.687
1390168976|29.687
1390168999|29.625
1390169021|29.562
1390169044|29.562
1390169066|29.5
1390169089|29.5
1390169111|29.437
1390169134|29.437
1390169156|29.375
1390169179|29.312
1390169201|29.312
1390169224|29.312
1390169246|29.312
1390169269|29.375
1390169291|29.5
1390169313|29.562
1390169336|29.812
1390169358|30.062
1390169381|30.187
1390169403|30.312
1390169426|30.375
1390169448|30.437
1390169471|30.437
1390169493|30.5
1390169516|30.437
1390169538|30.437
1390169561|30.5
1390169583|30.5
1390169606|30.5
1390169628|30.5
1390169651|30.437
1390169673|30.437
1390169696|30.375
1390169718|30.375
1390169740|30.375
1390169763|30.375
1390169785|30.312
1390169808|30.312
1390169830|30.312
1390169853|30.312
1390169875|30.25
1390169898|30.25
1390169920|30.25
1390169943|30.25
1390169965|30.25
1390169988|30.187
1390170010|30.187
1390170033|30.187
1390170055|30.187
1390170077|30.25
1390170100|30.5
1390170122|30.687
1390170145|30.812
1390170167|30.812
1390170190|30.812
1390170212|31.0
1390170235|31.0
1390170257|31.0
1390170280|31.0
1390170302|31.062
1390170325|31.0
1390170347|31.062
1390170370|31.062
1390170392|31.062
1390170415|31.062
1390170437|31.062
1390170460|31.062
1390170482|31.062
1390170504|31.062
1390170527|31.062
1390170549|31.062
1390170572|31.062
1390170594|31.062
1390170617|31.062
1390170639|31.062
1390170662|31.062
1390170684|31.062
1390170707|31.125
1390170729|31.125
1390170752|31.125
1390170774|31.125
1390170797|31.125
1390170819|31.125
1390170842|31.125
1390170864|31.125
1390170886|31.187
1390170909|31.187
1390170931|31.187
1390170954|31.187
1390170976|31.187
1390170999|31.187
1390171021|31.187
1390171044|31.187
1390171066|31.187
1390171089|31.187
1390171111|31.187
1390171134|31.187
1390171156|31.187
1390171179|31.187
1390171201|31.187
1390171224|31.25
1390171246|31.187
1390171269|31.187
1390171291|31.25
1390171313|31.25
1390171336|31.25
1390171358|31.25
1390171381|31.25
1390171403|31.25
1390171426|31.25
1390171448|31.25
1390171471|31.25
1390171493|31.25
1390171516|31.312
1390171538|31.25
1390171561|31.25
1390171583|31.25
1390171606|31.25
1390171628|31.25
1390171650|31.25
1390171673|31.25
1390171695|31.25
1390171718|31.25
1390171740|31.25
1390171763|31.25
1390171785|31.25
1390171808|31.25
1390171830|31.25
1390171853|31.25
1390171875|31.25
1390171898|31.25
1390171920|31.312
1390171943|31.25
1390171965|31.25
1390171988|31.25
1390172010|31.312
1390172033|31.312
1390172055|31.312
1390172077|31.312
1390172100|31.312
1390172122|31.312
1390172145|31.312
1390172167|31.312
1390172190|31.312
1390172212|31.312
1390172235|31.312
1390172257|31.312
1390172280|31.312
1390172302|31.312
1390172325|31.312
1390172347|31.312
1390172370|31.312
1390172392|31.312
1390172415|31.312
1390172437|31.312
1390172459|31.312
1390172482|31.312
1390172504|31.312
1390172527|31.312
1390172549|31.312
1390172572|31.312
1390172594|31.312
1390172617|31.312
1390172639|31.312
1390172662|31.312
1390172684|31.312
1390172707|31.312
1390172729|31.312
1390172752|31.312
1390172774|31.312
1390172796|31.312
1390172819|31.312
1390172841|31.312
1390172864|31.312
1390172886|31.312
1390172909|31.312
1390172931|31.312
1390172954|31.312
1390172976|31.312
1390172999|31.312
1390173021|31.312
1390173044|31.312
1390173066|31.312
1390173089|31.312
1390173111|31.312
1390173134|31.312
1390173156|31.312
1390173179|31.312
1390173201|31.312
1390173223|31.312
1390173246|31.312
1390173268|31.312
1390173291|31.312
1390173313|31.312
1390173336|31.312
1390173358|31.312
1390173381|31.312
1390173403|31.312
1390173426|31.312
1390173448|31.312
1390173471|31.312
1390173493|31.312
1390173516|31.312
1390173538|31.312
1390173561|31.312
1390173583|31.312
1390173606|31.312
1390173628|31.312
1390173650|31.25
1390173673|31.312
1390173695|31.312
1390173718|31.25
1390173740|31.312
1390173763|31.25
1390173785|31.312
1390173808|31.25
1390173830|31.25
1390173853|31.312
1390173875|31.25
1390173898|31.25
1390173920|31.312
1390173943|31.25
1390173965|31.25
1390173988|31.25
1390174010|31.25
1390174032|31.25
1390174055|31.25
1390174077|31.25
1390174100|31.25
1390174122|31.25
1390174145|31.25
1390174167|31.25
1390174190|31.25
1390174212|31.25
1390174235|31.25
1390174257|31.25
1390174280|31.25
1390174302|31.25
1390174325|31.25
1390174347|31.25
1390174369|31.25
1390174392|31.25
1390174414|31.25
1390174437|31.25
1390174459|31.25
1390174482|31.25
1390174504|31.312
1390174527|31.25
1390174549|31.312
1390174572|31.312
1390174594|31.312
1390174617|31.312
1390174639|31.375
1390174662|31.312
1390174684|31.375
1390174707|31.375
1390174729|31.375
1390174752|31.375
1390174774|31.375
1390174796|31.375
1390174819|31.437
1390174841|31.5
1390174864|31.5
1390174886|31.5
1390174909|31.625
1390174931|31.687
1390174954|31.75
1390174976|31.75
1390174999|31.875
1390175021|31.937
1390175044|32.062
1390175066|32.125
1390175089|32.187
1390175111|32.25
1390175133|32.375
1390175156|32.375
1390175178|32.375
1390175201|32.562
1390175223|32.625
1390175246|32.625
1390175268|32.625
1390175291|32.625
1390175313|32.625
1390175336|32.562
1390175358|32.625
1390175381|32.625
1390175403|32.562
1390175426|32.625
1390175448|32.687
1390175471|32.75
1390175493|32.812
1390175516|32.875
1390175538|32.937
1390175560|33.0
1390175583|33.125
1390175605|33.187
1390175628|33.25
1390175650|33.312
1390175673|33.312
1390175695|33.375
1390175718|33.5
1390175740|33.625
1390175763|33.625
1390175785|33.687
1390175808|33.687
1390175830|33.625
1390175853|33.5
1390175875|33.5
1390175897|33.375
1390175920|33.25
1390175942|33.187
1390175965|33.187
1390175987|33.125
1390176010|33.062
1390176032|33.062
1390176055|33.062
1390176077|33.0
1390176100|33.0
1390176122|33.0
1390176145|32.937
1390176167|32.937
1390176190|32.875
1390176212|32.875
1390176235|32.875
1390176257|32.812
1390176279|32.812
1390176302|32.75
1390176324|32.75
1390176347|32.75
1390176369|32.625
1390176392|32.562
1390176414|32.562
1390176437|32.5
1390176459|32.5
1390176482|32.5
1390176504|32.375
1390176527|32.375
1390176549|32.312
1390176572|32.312
1390176594|32.25
1390176617|32.125
1390176639|32.125
1390176662|32.062
1390176684|32.0
1390176706|31.937
1390176729|31.875
1390176751|31.812
1390176774|31.75
1390176796|31.687
1390176819|31.562
1390176841|31.5
1390176864|31.437
1390176886|31.437
1390176909|31.437
1390176931|31.25
1390176954|31.187
1390176976|31.125
1390176999|31.062
1390177021|31.0
1390177044|30.937
1390177066|30.812
1390177088|30.75
1390177111|30.75
1390177133|30.687
1390177156|30.625
1390177178|30.562
1390177201|30.5
1390177223|30.437
1390177246|30.375
1390177268|30.375
1390177291|30.25
1390177314|30.187
1390177336|30.125
1390177359|30.062
1390177381|30.062
1390177404|30.0
1390177426|29.937
1390177449|30.0
1390177471|30.0
1390177494|29.937
1390177516|30.0
1390177539|30.0
1390177561|29.937
1390177584|30.0
1390177606|30.0
1390177629|30.0
1390177651|30.0
1390177673|30.0
1390177696|30.0
1390177718|29.937
1390177741|30.0
1390177763|30.0
1390177786|30.0
1390177808|30.062
1390177831|30.062
1390177853|30.0
1390177876|30.0
1390177898|30.0
1390177921|30.0
1390177943|30.0
1390177966|30.062
1390177988|30.062
1390178011|30.0
1390178033|30.062
1390178055|30.062
1390178078|30.0
1390178100|30.062
1390178123|30.062
1390178145|30.0
1390178168|30.062
1390178190|30.062
1390178213|30.0
1390178235|30.0
1390178258|30.062
1390178280|30.0
1390178303|30.0
1390178325|30.0
1390178348|29.937
1390178370|29.875
1390178392|29.812
1390178415|29.75
1390178437|29.75
1390178460|29.687
1390178482|29.625
1390178505|29.562
1390178527|29.5
1390178550|29.5
1390178572|29.5
1390178595|29.375
1390178617|29.312
1390178640|29.312
1390178662|29.25
1390178685|29.25
1390178707|29.25
1390178730|29.312
1390178752|29.5
1390178775|29.812
1390178797|30.125
1390178819|30.25
1390178842|30.375
1390178864|30.437
1390178887|30.5
1390178909|30.5
1390178932|30.562
1390178954|30.562
1390178977|30.562
1390178999|30.562
1390179022|30.562
1390179044|30.562
1390179067|30.562
1390179089|30.562
1390179112|30.5
1390179134|30.5
1390179156|30.5
1390179179|30.5
1390179201|30.5
1390179224|30.5
1390179246|30.437
1390179269|30.437
1390179291|30.437
1390179314|30.437
1390179336|30.437
1390179359|30.437
1390179381|30.437
1390179404|30.375
1390179426|30.687
1390179449|30.875
1390179471|30.875
1390179494|31.187
1390179516|31.25
1390179539|31.312
1390179561|31.312
1390179583|31.375
1390179606|31.375
1390179628|31.375
1390179651|31.437
1390179673|31.437
1390179696|31.437
1390179718|31.437
1390179741|31.437
1390179763|31.437
1390179786|31.437
1390179808|31.437
1390179831|31.437
1390179853|31.437
1390179876|31.437
1390179898|31.437
1390179921|31.437
1390179943|31.437
1390179965|31.5
1390179988|31.5
1390180010|31.437
1390180033|31.5
1390180055|31.5
1390180078|31.5
1390180100|31.5
1390180123|31.5
1390180145|31.5
1390180168|31.5
1390180190|31.5
1390180213|31.5
1390180235|31.5
1390180258|31.5
1390180280|31.562
1390180302|31.5
1390180325|31.562
1390180347|31.562
1390180370|31.562
1390180392|31.562
1390180415|31.562
1390180437|31.562
1390180460|31.562
1390180482|31.562
1390180505|31.562
1390180527|31.562
1390180550|31.562
1390180572|31.562
1390180595|31.562
1390180617|31.562
1390180640|31.625
1390180662|31.625
1390180685|31.625
1390180707|31.625
1390180729|31.625
1390180752|31.625
1390180774|31.625
1390180797|31.625
1390180819|31.625
1390180842|31.625
1390180864|31.687
1390180887|31.625
1390180909|31.625
1390180932|31.625
1390180954|31.625
1390180977|31.687
1390180999|31.687
1390181022|31.687
1390181044|31.687
1390181067|31.687
1390181089|31.687
1390181112|31.687
1390181134|31.687
1390181156|31.687
1390181179|31.687
1390181201|31.687
1390181224|31.687
1390181246|31.687
1390181269|31.687
1390181291|31.687
1390181314|31.687
1390181336|31.687
1390181359|31.75
1390181381|31.687
1390181404|31.75
1390181426|31.75
1390181449|31.75
1390181471|31.75
1390181493|31.75
1390181516|31.75
1390181538|31.75
1390181561|31.75
1390181583|31.75
1390181606|31.75
1390181628|31.75
1390181651|31.75
1390181673|31.75
1390181696|31.812
1390181718|31.75
1390181741|31.75
1390181763|31.75
1390181786|31.812
1390181808|31.812
1390181831|31.812
1390181853|31.812
1390181875|31.812
1390181898|31.812
1390181920|31.812
1390181943|31.812
1390181965|31.812
1390181988|31.812
1390182010|31.812
1390182033|31.812
1390182055|31.812
1390182078|31.812
1390182100|31.812
1390182123|31.812
1390182145|31.812
1390182168|31.812
1390182190|31.812
1390182212|31.812
1390182235|31.812
1390182257|31.812
1390182280|31.812
1390182302|31.812
1390182325|31.812
1390182347|31.812
1390182370|31.875
1390182392|31.875
1390182415|31.875
1390182437|31.875
1390182460|31.875
1390182482|31.875
1390182505|31.875
1390182527|31.875
1390182549|31.875
1390182572|31.875
1390182594|31.875
1390182617|31.875
1390182639|31.875
1390182662|31.875
1390182684|31.875
1390182707|31.875
1390182729|31.875
1390182752|31.875
1390182774|31.875
1390182797|31.875
1390182819|31.875
1390182842|31.875
1390182864|31.875
1390182887|31.875
1390182909|31.875
1390182932|31.875
1390182954|31.875
1390182976|31.875
1390182999|31.875
1390183021|31.875
1390183044|31.875
1390183066|31.875
1390183089|31.875
1390183111|31.875
1390183134|31.875
1390183156|31.875
1390183179|31.875
1390183201|31.875
1390183224|31.875
1390183246|31.875
1390183269|31.875
1390183291|31.875
1390183313|31.875
1390183336|31.875
1390183358|31.875
1390183381|31.875
1390183403|31.875
1390183426|31.875
1390183448|31.875
1390183471|31.875
1390183493|31.875
1390183516|31.875
1390183538|31.875
1390183561|31.875
1390183583|31.875
1390183606|31.875
1390183628|31.875
1390183651|31.875
1390183673|31.875
1390183696|31.875
1390183718|31.875
1390183740|31.875
1390183763|31.875
1390183785|31.875
1390183808|31.875
1390183830|31.875
1390183853|31.875
1390183875|31.875
1390183898|31.875
1390183920|31.875
1390183943|31.875
1390183965|31.875
1390183988|31.875
1390184010|31.875
1390184033|31.875
1390184055|31.875
1390184077|31.875
1390184100|31.875
1390184122|31.875
1390184145|31.875
1390184167|31.875
1390184190|31.875
1390184212|31.875
1390184235|31.875
1390184257|31.875
1390184280|31.875
1390184302|31.875
1390184325|31.875
1390184348|31.875
1390184370|31.875
1390184393|31.875
1390184415|31.875
1390184438|31.875
1390184460|31.875
1390184483|31.875
1390184505|31.875
1390184528|31.875
1390184550|31.875
1390184573|31.812
1390184595|31.875
1390184618|31.812
1390184640|31.812
1390184662|31.812
1390184685|31.812
1390184707|31.812
1390184730|31.812
1390184752|31.812
1390184775|31.812
1390184797|31.812
1390184820|31.812
1390184842|31.812
1390184865|31.812
1390184887|31.812
1390184910|31.812
1390184932|31.812
1390184955|31.75
1390184977|31.75
1390185000|31.75
1390185022|31.75
1390185045|31.75
1390185067|31.75
1390185089|31.75
1390185112|31.75
1390185134|31.75
1390185157|31.75
1390185179|31.75
1390185202|31.75
1390185224|31.75
1390185247|31.75
1390185269|31.75
1390185292|31.75
1390185314|31.812
1390185337|31.812
1390185359|31.812
1390185382|31.812
1390185404|31.812
1390185426|31.875
1390185449|31.875
1390185471|31.875
1390185494|31.937
1390185516|31.937
1390185539|32.0
1390185561|32.062
1390185584|32.125
1390185606|32.187
1390185629|32.25
1390185651|32.312
1390185674|32.375
1390185696|32.437
1390185719|32.5
1390185741|32.562
1390185764|32.625
1390185786|32.687
1390185809|32.625
1390185831|32.687
1390185853|32.687
1390185876|32.625
1390185898|32.625
1390185921|32.687
1390185943|32.625
1390185966|32.687
1390185988|32.687
1390186011|32.75
1390186033|32.812
1390186056|32.875
1390186078|32.937
1390186101|33.0
1390186123|33.125
1390186146|33.187
1390186168|33.187
1390186190|33.25
1390186213|33.312
1390186235|33.375
1390186258|33.437
1390186280|33.5
1390186303|33.5
1390186325|33.562
1390186348|33.625
1390186370|33.562
1390186393|33.5
1390186415|33.437
1390186438|33.312
1390186460|33.312
1390186483|33.187
1390186505|33.187
1390186528|33.125
1390186550|33.125
1390186572|33.062
1390186595|33.062
1390186617|33.062
1390186640|32.937
1390186662|33.0
1390186685|32.937
1390186707|32.937
1390186730|32.937
1390186752|32.875
1390186775|32.937
1390186797|32.875
1390186820|32.875
1390186842|32.812
1390186865|32.75
1390186887|32.812
1390186910|32.75
1390186932|32.687
1390186955|32.687
1390186977|32.625
1390186999|32.562
1390187022|32.562
1390187044|32.5
1390187067|32.5
1390187089|32.437
1390187112|32.375
1390187134|32.312
1390187157|32.25
1390187179|32.25
1390187202|32.125
1390187224|32.062
1390187247|32.062
1390187269|32.0
1390187292|32.0
1390187314|31.875
1390187336|31.812
1390187359|31.75
1390187381|31.687
1390187404|31.625
1390187426|31.562
1390187449|31.5
1390187471|31.437
1390187494|31.375
1390187516|31.312
1390187539|31.312
1390187561|31.187
1390187584|31.125
1390187606|31.062
1390187629|31.0
1390187651|30.937
1390187673|30.875
1390187696|30.875
1390187719|30.75
1390187741|30.625
1390187763|30.625
1390187786|30.562
1390187808|30.5
1390187831|30.437
1390187853|30.375
1390187876|30.312
1390187898|30.25
1390187921|30.187
1390187943|30.187
1390187966|30.125
1390187988|30.125
1390188011|30.125
1390188033|30.062
1390188056|30.062
1390188078|30.125
1390188100|30.125
1390188123|30.062
1390188145|30.125
1390188168|30.125
1390188190|30.125
1390188213|30.125
1390188235|30.125
1390188258|30.125
1390188280|30.187
1390188303|30.187
1390188325|30.187
1390188348|30.125
1390188370|30.125
1390188393|30.187
1390188415|30.125
1390188438|30.187
1390188460|30.187
1390188482|30.125
1390188505|30.187
1390188527|30.187
1390188550|30.125
1390188572|30.187
1390188595|30.187
1390188617|30.125
1390188640|30.125
1390188662|30.187
1390188685|30.187
1390188707|30.187
1390188730|30.187
1390188752|30.187
1390188775|30.187
1390188797|30.187
1390188819|30.187
1390188842|30.187
1390188864|30.187
1390188887|30.125
1390188909|30.125
1390188932|30.062
1390188954|30.0
1390188977|29.937
1390188999|29.937
1390189022|29.875
1390189044|29.812
1390189067|29.75
1390189089|29.687
1390189112|29.687
1390189134|29.625
1390189157|29.562
1390189179|29.5
1390189202|29.5
1390189224|29.437
1390189246|29.437
1390189269|29.375
1390189291|29.375
1390189314|29.437
1390189336|29.5
1390189359|29.687
1390189381|29.937
1390189404|30.062
1390189426|30.187
1390189449|30.25
1390189471|30.312
1390189494|30.312
1390189516|30.312
1390189539|30.375
1390189561|30.312
1390189583|30.312
1390189606|30.312
1390189628|30.375
1390189651|30.562
1390189673|30.75
1390189696|30.937
1390189718|31.0
1390189741|31.062
1390189763|31.062
1390189786|31.125
1390189808|31.125
1390189831|31.125
1390189853|31.125
1390189876|31.125
1390189898|31.125
1390189921|31.125
1390189943|31.125
1390189966|31.125
1390189988|31.125
1390190010|31.125
1390190033|31.125
1390190055|31.125
1390190078|31.125
1390190100|31.062
1390190123|31.125
1390190145|31.125
1390190168|31.125
1390190190|31.062
1390190213|31.062
1390190235|31.062
1390190258|31.062
1390190280|31.062
1390190303|31.062
1390190325|31.062
1390190348|31.062
1390190370|31.062
1390190392|31.062
1390190415|31.062
1390190437|31.125
1390190460|31.062
1390190483|31.062
1390190505|31.062
1390190528|31.125
1390190550|31.125
1390190573|31.125
1390190595|31.125
1390190618|31.062
1390190640|31.062
1390190662|31.125
1390190685|31.062
1390190707|31.125
1390190730|31.062
1390190752|31.062
1390190775|31.062
1390190797|31.062
1390190820|31.062
1390190842|31.062
1390190865|31.062
1390190887|31.062
1390190910|31.062
1390190932|31.062
1390190955|31.062
1390190977|31.062
1390191000|31.062
1390191022|31.062
1390191044|31.062
1390191067|31.062
1390191089|31.125
1390191112|31.062
1390191134|31.125
1390191157|31.125
1390191179|31.062
1390191202|31.062
1390191224|31.125
1390191247|31.062
1390191269|31.062
1390191292|31.062
1390191314|31.062
1390191337|31.125
1390191359|31.125
1390191381|31.125
1390191404|31.125
1390191426|31.062
1390191449|31.062
1390191471|31.125
1390191494|31.125
1390191516|31.125
1390191539|31.125
1390191561|31.125
1390191584|31.062
1390191606|31.125
1390191629|31.125
1390191651|31.125
1390191674|31.125
1390191696|31.125
1390191719|31.125
1390191741|31.125
1390191764|31.125
1390191786|31.125
1390191808|31.125
1390191831|31.125
1390191853|31.125
1390191876|31.125
1390191898|31.125
1390191921|31.125
1390191943|31.125
1390191966|31.125
1390191988|31.125
1390192011|31.125
1390192033|31.125
1390192056|31.125
1390192078|31.125
1390192101|31.125
1390192123|31.125
1390192145|31.125
1390192168|31.125
1390192190|31.125
1390192213|31.125
1390192235|31.125
1390192258|31.125
1390192280|31.125
1390192303|31.125
1390192325|31.125
1390192348|31.125
1390192370|31.125
1390192393|31.125
1390192415|31.125
1390192438|31.125
1390192460|31.125
1390192483|31.125
1390192505|31.125
1390192528|31.125
1390192550|31.125
1390192572|31.062
1390192595|31.062
1390192617|31.062
1390192640|31.062
1390192662|31.062
1390192685|31.125
1390192707|31.125
1390192730|31.125
1390192752|31.062
1390192775|31.125
1390192797|31.125
1390192820|31.125
1390192842|31.062
1390192865|31.125
1390192887|31.062
1390192910|31.125
1390192932|31.062
1390192954|31.062
1390192977|31.062
1390192999|31.125
1390193022|31.062
1390193044|31.062
1390193067|31.062
1390193089|31.125
1390193112|31.125
1390193134|31.062
1390193157|31.125
1390193179|31.062
1390193202|31.062
1390193224|31.062
1390193247|31.062
1390193269|31.062
1390193291|31.062
1390193314|31.062
1390193336|31.062
1390193359|31.062
1390193381|31.062
1390193404|31.062
1390193426|31.062
1390193449|31.062
1390193471|31.062
1390193494|31.062
1390193516|31.062
1390193539|31.062
1390193561|31.062
1390193584|31.062
1390193606|31.062
1390193628|31.062
1390193651|31.062
1390193673|31.062
1390193696|31.062
1390193718|31.062
1390193741|31.062
1390193763|31.062
1390193786|31.062
1390193808|31.062
1390193831|31.062
1390193853|31.062
1390193876|31.0
1390193898|31.0
1390193921|31.0
1390193943|31.062
1390193966|31.0
1390193988|31.0
1390194011|31.0
1390194033|31.062
1390194055|31.0
1390194078|31.062
1390194100|31.0
1390194123|31.0
1390194145|31.0
1390194168|31.0
1390194190|31.0
1390194213|31.0
1390194235|31.0
1390194258|31.0
1390194280|31.0
1390194303|31.0
1390194325|31.0
1390194348|31.0
1390194370|31.0
1390194393|31.0
1390194415|31.0
1390194438|31.0
1390194460|31.0
1390194482|31.0
1390194505|31.0
1390194527|31.0
1390194550|31.0
1390194572|31.0
1390194595|30.937
1390194617|31.0
1390194640|30.937
1390194662|30.937
1390194685|30.937
1390194707|30.937
1390194730|30.937
1390194752|30.937
1390194775|30.937
1390194797|30.937
1390194819|30.937
1390194842|30.937
1390194864|30.937
1390194887|30.937
1390194909|30.937
1390194932|30.937
1390194954|30.937
1390194977|30.875
1390194999|30.875
1390195022|30.875
1390195044|30.875
1390195067|30.875
1390195089|30.875
1390195112|30.875
1390195134|30.875
1390195157|30.875
1390195179|30.812
1390195201|30.812
1390195224|30.812
1390195246|30.812
1390195269|30.812
1390195291|30.812
1390195314|30.812
1390195336|30.812
1390195359|30.812
1390195381|30.812
1390195404|30.812
1390195426|30.812
1390195449|30.812
1390195471|30.812
1390195494|30.812
1390195516|30.812
1390195539|30.75
1390195561|30.75
1390195584|30.75
1390195606|30.75
1390195628|30.75
1390195651|30.75
1390195673|30.75
1390195696|30.75
1390195718|30.75
1390195741|30.75
1390195763|30.75
1390195786|30.687
1390195808|30.75
1390195831|30.687
1390195853|30.687
1390195876|30.687
1390195898|30.687
1390195921|30.75
1390195943|31.125
1390195966|31.312
1390195988|31.437
1390196011|31.5
1390196033|31.562
1390196055|31.625
1390196078|31.687
1390196100|31.687
1390196123|31.75
1390196145|31.75
1390196168|31.75
1390196190|31.812
1390196213|31.812
1390196235|31.812
1390196258|31.812
1390196280|31.812
1390196303|31.812
1390196325|31.812
1390196348|31.812
1390196370|31.812
1390196392|31.812
1390196415|31.812
1390196437|31.875
1390196460|31.875
1390196482|31.875
1390196505|31.875
1390196527|31.937
1390196550|31.937
1390196572|31.937
1390196595|32.0
1390196617|32.0
1390196640|32.0
1390196662|32.062
1390196685|32.062
1390196707|32.062
1390196730|32.062
1390196752|32.125
1390196774|32.125
1390196797|32.187
1390196819|32.187
1390196842|32.25
1390196864|32.312
1390196887|32.312
1390196909|32.437
1390196932|32.5
1390196954|32.562
1390196977|32.687
1390196999|32.812
1390197022|32.812
1390197044|32.937
1390197067|33.0
1390197089|33.062
1390197112|33.125
1390197134|33.125
1390197157|33.062
1390197179|33.125
1390197201|33.0
1390197224|33.0
1390197246|33.062
1390197269|33.0
1390197291|33.0
1390197314|33.0
1390197336|33.062
1390197359|33.0
1390197381|33.062
1390197404|33.062
1390197426|33.125
1390197449|33.187
1390197471|33.187
1390197494|33.25
1390197516|33.312
1390197538|33.375
1390197561|33.437
1390197583|33.5
1390197606|33.562
1390197628|33.562
1390197651|33.562
1390197673|33.562
1390197696|33.625
1390197718|33.687
1390197741|33.75
1390197763|33.812
1390197786|33.812
1390197808|33.75
1390197831|33.687
1390197853|33.625
1390197876|33.625
1390197898|33.562
1390197921|33.5
1390197943|33.5
1390197965|33.437
1390197988|33.437
1390198010|33.375
1390198033|33.375
1390198055|33.375
1390198078|33.375
1390198100|33.312
1390198123|33.312
1390198145|33.312
1390198168|33.312
1390198190|33.187
1390198213|33.25
1390198235|33.125
1390198258|33.187
1390198280|33.125
1390198302|33.125
1390198325|33.062
1390198347|33.0
1390198370|33.0
1390198392|32.937
1390198415|32.937
1390198437|32.812
1390198460|32.75
1390198482|32.687
1390198505|32.687
1390198527|32.625
1390198550|32.562
1390198572|32.5
1390198595|32.437
1390198617|32.375
1390198640|32.312
1390198662|32.25
1390198684|32.187
1390198707|32.125
1390198729|32.062
1390198752|32.0
1390198774|31.937
1390198797|31.875
1390198819|31.812
1390198842|31.75
1390198864|31.687
1390198887|31.625
1390198909|31.562
1390198932|31.5
1390198954|31.437
1390198977|31.375
1390198999|31.25
1390199021|31.25
1390199044|31.187
1390199066|31.062
1390199089|31.0
1390199111|30.937
1390199134|30.937
1390199156|30.812
1390199179|30.75
1390199201|30.687
1390199224|30.687
1390199246|30.625
1390199269|30.562
1390199291|30.5
1390199314|30.437
1390199336|30.375
1390199359|30.312
1390199381|30.25
1390199403|30.25
1390199426|30.187
1390199448|30.187
1390199471|30.187
1390199493|30.125
1390199516|30.125
1390199538|30.187
1390199561|30.125
1390199583|30.125
1390199606|30.187
1390199628|30.187
1390199651|30.125
1390199673|30.187
1390199696|30.187
1390199718|30.187
1390199741|30.187
1390199763|30.187
1390199785|30.187
1390199808|30.187
1390199830|30.187
1390199853|30.25
1390199875|30.187
1390199898|30.187
1390199920|30.187
1390199943|30.187
1390199965|30.187
1390199988|30.125
1390200010|30.187
1390200033|30.187
1390200055|30.125
1390200078|30.187
1390200100|30.125
1390200123|30.125
1390200145|30.125
1390200168|30.125
1390200190|30.125
1390200212|30.125
1390200235|30.125
1390200257|30.125
1390200280|30.125
1390200302|30.125
1390200325|30.062
1390200347|30.062
1390200370|30.062
1390200392|30.062
1390200415|30.062
1390200437|29.937
1390200460|29.875
1390200482|29.812
1390200505|29.75
1390200527|29.687
1390200549|29.687
1390200572|29.625
1390200594|29.562
1390200617|29.5
1390200639|29.5
1390200662|29.437
1390200684|29.437
1390200707|29.375
1390200729|29.312
1390200752|29.312
1390200774|29.312
1390200797|29.375
1390200819|29.5
1390200842|29.75
1390200864|29.937
1390200887|30.062
1390200909|30.187
1390200931|30.187
1390200954|30.25
1390200976|30.312
1390200999|30.312
1390201021|30.312
1390201044|30.312
1390201066|30.437
1390201089|30.687
1390201111|30.875
1390201134|31.0
1390201156|31.0
1390201179|31.125
1390201201|31.125
1390201224|31.125
1390201246|31.187
1390201269|31.187
1390201291|31.187
1390201314|31.187
1390201336|31.25
1390201358|31.25
1390201381|31.187
1390201403|31.187
1390201426|31.187
1390201448|31.187
1390201471|31.187
1390201493|31.187
1390201516|31.187
1390201538|31.187
1390201561|31.25
1390201583|31.187
1390201606|31.187
1390201628|31.187
1390201651|31.187
1390201673|31.25
1390201695|31.25
1390201718|31.25
1390201740|31.187
1390201763|31.187
1390201785|31.187
1390201808|31.25
1390201830|31.25
1390201853|31.25
1390201875|31.25
1390201898|31.25
1390201920|31.25
1390201943|31.25
1390201965|31.25
1390201988|31.25
1390202010|31.25
1390202033|31.25
1390202055|31.25
1390202078|31.25
1390202100|31.25
1390202122|31.25
1390202145|31.25
1390202167|31.25
1390202190|31.25
1390202212|31.25
1390202235|31.25
1390202257|31.25
1390202280|31.25
1390202302|31.25
1390202325|31.25
1390202347|31.25
1390202370|31.25
1390202392|31.25
1390202415|31.25
1390202437|31.25
1390202460|31.25
1390202482|31.25
1390202504|31.25
1390202527|31.25
1390202549|31.25
1390202572|31.25
1390202594|31.25
1390202617|31.25
1390202639|31.25
1390202662|31.25
1390202684|31.25
1390202707|31.25
1390202729|31.25
1390202752|31.25
1390202774|31.312
1390202797|31.312
1390202819|31.25
1390202841|31.312
1390202864|31.25
1390202886|31.312
1390202909|31.312
1390202931|31.312
1390202954|31.25
1390202976|31.312
1390202999|31.312
1390203021|31.312
1390203044|31.312
1390203066|31.312
1390203089|31.312
1390203111|31.312
1390203134|31.25
1390203156|31.312
1390203179|31.312
1390203201|31.312
1390203224|31.25
1390203246|31.312
1390203268|31.312
1390203291|31.312
1390203313|31.312
1390203336|31.312
1390203358|31.312
1390203381|31.312
1390203403|31.312
1390203426|31.312
1390203448|31.312
1390203471|31.312
1390203493|31.312
1390203516|31.312
1390203538|31.312
1390203561|31.312
1390203583|31.312
1390203605|31.312
1390203628|31.312
1390203650|31.312
1390203673|31.312
1390203695|31.312
1390203718|31.312
1390203740|31.312
1390203763|31.312
1390203785|31.312
1390203808|31.312
1390203830|31.312
1390203853|31.312
1390203875|31.312
1390203898|31.312
1390203920|31.312
1390203943|31.312
1390203966|31.312
1390203988|31.312
1390204011|31.312
1390204033|31.312
1390204056|31.312
1390204078|31.312
1390204101|31.312
1390204123|31.312
1390204146|31.312
1390204168|31.312
1390204191|31.312
1390204213|31.25
1390204236|31.312
1390204258|31.312
1390204280|31.312
1390204303|31.312
1390204325|31.312
1390204348|31.312
1390204370|31.312
1390204393|31.312
1390204415|31.312
1390204438|31.312
1390204460|31.312
1390204483|31.312
1390204505|31.312
1390204528|31.312
1390204550|31.312
1390204573|31.312
1390204595|31.25
1390204617|31.312
1390204640|31.25
1390204662|31.25
1390204685|31.25
1390204707|31.25
1390204730|31.25
1390204752|31.25
1390204775|31.25
1390204797|31.25
1390204820|31.25
1390204842|31.25
1390204865|31.25
1390204887|31.25
1390204910|31.25
1390204932|31.25
1390204955|31.25
1390204977|31.25
1390205000|31.187
1390205022|31.187
1390205044|31.187
1390205067|31.187
1390205089|31.187
1390205112|31.187
1390205134|31.187
1390205157|31.25
1390205179|31.187
1390205202|31.187
1390205224|31.187
1390205247|31.187
1390205269|31.187
1390205292|31.187
1390205314|31.187
1390205337|31.187
1390205359|31.187
1390205381|31.187
1390205404|31.187
1390205426|31.187
1390205449|31.187
1390205471|31.187
1390205494|31.125
1390205516|31.125
1390205539|31.125
1390205561|31.125
1390205584|31.125
1390205606|31.125
1390205629|31.125
1390205651|31.125
1390205674|31.125
1390205696|31.125
1390205719|31.125
1390205741|31.125
1390205764|31.125
1390205786|31.125
1390205808|31.125
1390205831|31.125
1390205853|31.125
1390205876|31.125
1390205898|31.125
1390205921|31.125
1390205943|31.062
1390205966|31.125
1390205988|31.062
1390206011|31.062
1390206033|31.062
1390206056|31.062
1390206078|31.125
1390206101|31.062
1390206123|31.062
1390206145|31.062
1390206168|31.062
1390206190|31.062
1390206213|31.062
1390206235|31.062
1390206258|31.062
1390206280|31.062
1390206303|31.062
1390206325|31.062
1390206348|31.062
1390206370|31.062
1390206393|31.062
1390206415|31.062
1390206438|31.062
1390206460|31.062
1390206483|31.062
1390206505|31.062
1390206527|31.062
1390206550|31.062
1390206572|31.062
1390206595|31.0
1390206617|31.062
1390206640|31.0
1390206662|31.062
1390206685|31.0
1390206707|31.0
1390206730|31.0
1390206752|31.0
1390206775|31.0
1390206797|31.0
1390206820|31.0
1390206842|31.0
1390206865|31.0
1390206887|31.0
1390206910|31.0
1390206932|31.0
1390206954|31.0
1390206977|31.0
1390206999|30.937
1390207022|30.937
1390207044|30.937
1390207067|30.937
1390207089|30.937
1390207112|30.937
1390207134|30.937
1390207157|30.937
1390207179|30.937
1390207202|30.937
1390207224|30.937
1390207247|30.937
1390207269|30.937
1390207291|30.937
1390207314|30.937
1390207336|30.937
1390207359|30.937
1390207381|30.937
1390207404|30.937
1390207426|30.937
1390207449|30.875
1390207471|30.937
1390207494|30.937
1390207516|30.875
1390207539|30.875
1390207561|30.875
1390207584|30.875
1390207606|30.875
1390207629|30.875
1390207651|30.875
1390207674|30.875
1390207696|30.875
1390207718|30.875
1390207741|30.875
1390207763|30.875
1390207786|30.875
1390207808|30.875
1390207831|30.875
1390207853|30.937
1390207876|30.937
1390207898|30.937
1390207921|30.937
1390207943|30.937
1390207966|30.937
1390207988|30.937
1390208011|31.0
1390208033|30.937
1390208055|31.0
1390208078|31.0
1390208100|31.0
1390208123|31.062
1390208145|31.062
1390208168|31.062
1390208190|31.125
1390208213|31.187
1390208235|31.187
1390208258|31.25
1390208280|31.25
1390208303|31.375
1390208325|31.437
1390208348|31.5
1390208370|31.562
1390208393|31.625
1390208415|31.75
1390208437|31.812
1390208460|31.937
1390208482|32.125
1390208505|32.25
1390208527|32.375
1390208550|32.437
1390208572|32.5
1390208595|32.5
1390208617|32.562
1390208640|32.562
1390208662|32.562
1390208685|32.562
1390208707|32.562
1390208730|32.625
1390208752|32.625
1390208774|32.687
1390208797|32.75
1390208819|32.75
1390208842|32.875
1390208864|32.875
1390208887|32.937
1390208909|33.0
1390208932|33.062
1390208954|33.125
1390208977|33.187
1390208999|33.25
1390209022|33.312
1390209044|33.375
1390209067|33.375
1390209089|33.375
1390209112|33.312
1390209134|33.312
1390209157|33.187
1390209179|33.125
1390209201|33.062
1390209224|33.0
1390209246|32.937
1390209269|32.875
1390209291|32.875
1390209314|32.812
1390209336|32.75
1390209359|32.812
1390209381|32.75
1390209404|32.75
1390209426|32.687
1390209449|32.687
1390209471|32.625
1390209494|32.625
1390209516|32.562
1390209539|32.562
1390209561|32.562
1390209584|32.562
1390209606|32.5
1390209628|32.5
1390209651|32.375
1390209673|32.375
1390209696|32.375
1390209718|32.375
1390209741|32.187
1390209763|32.187
1390209786|32.125
1390209808|32.062
1390209831|32.0
1390209853|32.0
1390209876|31.937
1390209898|31.875
1390209921|31.812
1390209943|31.75
1390209965|31.687
1390209988|31.625
1390210010|31.625
1390210033|31.562
1390210055|31.437
1390210078|31.375
1390210100|31.312
1390210123|31.312
1390210145|31.187
1390210168|31.125
1390210190|31.062
1390210213|31.0
1390210235|30.937
1390210258|30.875
1390210280|30.812
1390210302|30.75
1390210325|30.687
1390210347|30.687
1390210370|30.562
1390210392|30.5
1390210415|30.5
1390210437|30.437
1390210460|30.312
1390210482|30.312
1390210505|30.25
1390210527|30.187
1390210550|30.125
1390210572|30.062
1390210595|30.0
1390210617|30.0
1390210640|29.875
1390210662|29.875
1390210684|29.75
1390210707|29.75
1390210729|29.75
1390210752|29.687
1390210774|29.687
1390210797|29.687
1390210819|29.687
1390210842|29.625
1390210864|29.625
1390210887|29.687
1390210909|29.625
1390210932|29.687
1390210954|29.687
1390210977|29.687
1390210999|29.687
1390211022|29.687
1390211044|29.687
1390211067|29.687
1390211089|29.625
1390211111|29.687
1390211134|29.687
1390211156|29.687
1390211179|29.687
1390211201|29.75
1390211224|29.75
1390211246|29.687
1390211269|29.687
1390211291|29.687
1390211314|29.687
1390211336|29.625
1390211359|29.687
1390211381|29.687
1390211404|29.625
1390211426|29.687
1390211449|29.687
1390211471|29.687
1390211494|29.625
1390211516|29.687
1390211538|29.687
1390211561|29.625
1390211583|29.687
1390211606|29.687
1390211628|29.625
1390211651|29.687
1390211673|29.687
1390211696|29.687
1390211718|29.625
1390211741|29.687
1390211763|29.625
1390211786|29.625
1390211808|29.562
1390211831|29.562
1390211853|29.5
1390211875|29.5
1390211898|29.437
1390211920|29.375
1390211943|29.375
1390211965|29.312
1390211988|29.312
1390212010|29.25
1390212033|29.25
1390212055|29.187
1390212078|29.187
1390212100|29.125
1390212123|29.125
1390212145|29.062
1390212168|29.062
1390212190|29.0
1390212212|29.0
1390212235|29.0
1390212257|29.0
1390212280|29.0
1390212302|29.125
1390212325|29.187
1390212347|29.187
1390212370|29.375
1390212392|29.375
1390212415|29.625
1390212437|29.625
1390212460|29.687
1390212482|29.687
1390212505|29.75
1390212527|29.937
1390212550|30.187
1390212572|30.25
1390212594|30.312
1390212617|30.375
1390212639|30.437
1390212662|30.5
1390212684|30.5
1390212707|30.5
1390212729|30.5
1390212752|30.5
1390212774|30.5
1390212797|30.5
1390212819|30.5
1390212842|30.5
1390212864|30.5
1390212887|30.5
1390212909|30.5
1390212932|30.5
1390212954|30.5
1390212977|30.5
1390212999|30.5
1390213021|30.437
1390213044|30.5
1390213066|30.5
1390213089|30.5
1390213111|30.5
1390213134|30.437
1390213156|30.437
1390213179|30.437
1390213201|30.437
1390213224|30.437
1390213246|30.437
1390213269|30.437
1390213291|30.437
1390213314|30.437
1390213336|30.437
1390213358|30.437
1390213381|30.437
1390213403|30.437
1390213426|30.437
1390213448|30.437
1390213471|30.437
1390213493|30.437
1390213516|30.437
1390213538|30.437
1390213561|30.437
1390213583|30.437
1390213606|30.437
1390213628|30.437
1390213651|30.437
1390213673|30.437
1390213696|30.437
1390213718|30.375
1390213741|30.375
1390213763|30.437
1390213785|30.437
1390213808|30.437
1390213830|30.437
1390213853|30.437
1390213875|30.375
1390213898|30.375
1390213920|30.437
1390213943|30.437
1390213965|30.437
1390213988|30.437
1390214010|30.437
1390214033|30.437
1390214055|30.437
1390214078|30.437
1390214100|30.437
1390214122|30.437
1390214145|30.437
1390214167|30.437
1390214190|30.437
1390214212|30.375
1390214235|30.437
1390214257|30.437
1390214280|30.437
1390214302|30.437
1390214325|30.375
1390214347|30.375
1390214370|30.437
1390214392|30.437
1390214415|30.375
1390214437|30.375
1390214460|30.375
1390214482|30.375
1390214504|30.375
1390214527|30.375
1390214549|30.375
1390214572|30.375
1390214594|30.375
1390214617|30.375
1390214639|30.375
1390214662|30.375
1390214684|30.375
1390214707|30.375
1390214729|30.375
1390214752|30.312
1390214774|30.312
1390214797|30.312
1390214819|30.312
1390214842|30.312
1390214864|30.312
1390214887|30.312
1390214909|30.312
1390214931|30.312
1390214954|30.312
1390214976|30.312
1390214999|30.312
1390215021|30.312
1390215044|30.312
1390215066|30.312
1390215089|30.312
1390215111|30.312
1390215134|30.312
1390215156|30.312
1390215179|30.312
1390215201|30.312
1390215224|30.25
1390215246|30.312
1390215268|30.312
1390215291|30.312
1390215313|30.312
1390215336|30.25
1390215358|30.25
1390215381|30.25
1390215403|30.25
1390215426|30.25
1390215448|30.25
1390215471|30.25
1390215493|30.25
1390215516|30.25
1390215538|30.25
1390215561|30.25
1390215583|30.25
1390215606|30.25
1390215628|30.25
1390215651|30.25
1390215673|30.25
1390215695|30.25
1390215718|30.25
1390215740|30.25
1390215763|30.25
1390215785|30.187
1390215808|30.187
1390215830|30.187
1390215853|30.187
1390215875|30.187
1390215898|30.187
1390215920|30.187
1390215943|30.187
1390215965|30.187
1390215988|30.187
1390216010|30.187
1390216032|30.187
1390216055|30.187
1390216077|30.187
1390216100|30.187
1390216122|30.187
1390216145|30.187
1390216167|30.187
1390216190|30.187
1390216212|30.187
1390216235|30.187
1390216257|30.187
1390216280|30.125
1390216302|30.125
1390216325|30.125
1390216347|30.125
1390216370|30.125
1390216392|30.125
1390216414|30.125
1390216437|30.125
1390216459|30.125
1390216482|30.125
1390216504|30.125
1390216527|30.125
1390216549|30.125
1390216572|30.125
1390216594|30.125
1390216617|30.125
1390216639|30.125
1390216662|30.125
1390216684|30.125
1390216707|30.125
1390216729|30.125
1390216751|30.125
1390216774|30.125
1390216796|30.125
1390216819|30.125
1390216841|30.125
1390216864|30.125
1390216886|30.062
1390216909|30.125
1390216931|30.125
1390216954|30.062
1390216976|30.062
1390216999|30.062
1390217021|30.062
1390217044|30.062
1390217066|30.062
1390217089|30.062
1390217111|30.062
1390217134|30.062
1390217156|30.062
1390217178|30.062
1390217201|30.062
1390217223|30.062
1390217246|30.062
1390217268|30.062
1390217291|30.062
1390217313|30.062
1390217336|30.0
1390217358|30.0
1390217381|30.062
1390217403|30.062
1390217426|30.0
1390217448|30.0
1390217471|30.0
1390217493|30.0
1390217516|30.0
1390217538|30.0
1390217561|30.0
1390217583|30.0
1390217605|30.0
1390217628|30.0
1390217650|30.0
1390217673|30.0
1390217695|30.0
1390217718|30.0
1390217740|30.0
1390217763|29.937
1390217785|30.0
1390217808|30.0
1390217830|30.0
1390217853|30.0
1390217875|30.0
1390217898|29.937
1390217920|29.937
1390217943|29.937
1390217965|29.937
1390217987|29.937
1390218010|29.937
1390218032|29.937
1390218055|29.937
1390218077|29.937
1390218100|29.937
1390218122|29.937
1390218145|29.937
1390218167|29.937
1390218190|29.937
1390218212|29.937
1390218235|29.937
1390218257|29.937
1390218280|29.937
1390218302|29.937
1390218325|29.937
1390218347|29.937
1390218370|29.937
1390218392|29.937
1390218414|29.937
1390218437|29.937
1390218459|29.937
1390218482|29.937
1390218504|29.937
1390218527|29.937
1390218549|29.937
1390218572|29.937
1390218594|29.937
1390218617|29.937
1390218639|29.937
1390218662|29.937
1390218684|29.937
1390218707|29.937
1390218729|29.937
1390218752|29.937
1390218774|29.937
1390218797|29.937
1390218819|29.875
1390218841|29.937
1390218864|29.875
1390218886|29.875
1390218909|29.875
1390218931|29.875
1390218954|29.875
1390218976|29.875
1390218999|29.875
1390219021|29.875
1390219044|29.875
1390219066|29.875
1390219089|29.875
1390219111|29.875
1390219134|29.875
1390219156|29.812
1390219178|29.812
1390219201|29.875
1390219223|29.875
1390219246|29.875
1390219268|29.937
1390219291|29.937
1390219313|30.0
1390219336|29.937
1390219358|29.937
1390219381|30.0
1390219403|29.937
1390219426|29.937
1390219448|29.937
1390219471|29.937
1390219493|29.937
1390219515|29.937
1390219538|29.875
1390219560|29.875
1390219583|29.875
1390219605|29.875
1390219628|29.875
1390219650|29.875
1390219673|29.875
1390219695|29.875
1390219718|29.937
1390219740|30.0
1390219763|30.0
1390219785|30.0
1390219808|30.062
1390219830|30.062
1390219853|30.0
1390219875|30.0
1390219897|30.0
1390219920|29.937
1390219942|29.937
1390219965|29.937
1390219987|29.937
1390220010|29.937
1390220032|29.937
1390220055|29.937
1390220077|29.875
1390220100|29.875
1390220122|29.937
1390220145|29.875
1390220167|29.875
1390220190|29.875
1390220212|29.937
1390220235|30.0
1390220257|30.062
1390220280|30.125
1390220302|30.125
1390220324|30.125
1390220347|30.125
1390220369|30.125
1390220392|30.125
1390220414|30.125
1390220437|30.187
1390220459|30.187
1390220482|30.187
1390220504|30.187
1390220527|30.25
1390220549|30.25
1390220572|30.25
1390220594|30.312
1390220617|30.312
1390220639|30.375
1390220662|30.437
1390220684|30.5
1390220707|30.562
1390220729|30.625
1390220751|30.75
1390220774|30.75
1390220796|30.875
1390220819|31.0
1390220841|31.125
1390220864|31.25
1390220886|31.375
1390220909|31.437
1390220931|31.562
1390220954|31.687
1390220976|31.75
1390220999|31.812
1390221021|31.812
1390221044|31.812
1390221066|31.812
1390221089|31.812
1390221111|31.875
1390221133|31.875
1390221156|31.875
1390221178|31.937
1390221201|31.937
1390221223|31.937
1390221246|32.0
1390221268|32.125
1390221291|32.187
1390221313|32.312
1390221336|32.375
1390221358|32.437
1390221381|32.437
1390221403|32.562
1390221426|32.562
1390221448|32.625
1390221471|32.687
1390221493|32.812
1390221516|32.812
1390221538|32.812
1390221560|32.687
1390221583|32.687
1390221605|32.562
1390221628|32.5
1390221650|32.437
1390221673|32.437
1390221695|32.375
1390221718|32.312
1390221740|32.312
1390221763|32.312
1390221785|32.312
1390221808|32.312
1390221830|32.312
1390221853|32.312
1390221875|32.25
1390221897|32.25
1390221920|32.25
1390221942|32.187
1390221965|32.125
1390221987|32.125
1390222010|32.125
1390222032|32.125
1390222055|32.062
1390222077|32.0
1390222100|31.937
1390222122|31.875
1390222145|31.812
1390222167|31.812
1390222190|31.75
1390222212|31.75
1390222235|31.687
1390222257|31.625
1390222280|31.625
1390222302|31.562
1390222324|31.5
1390222347|31.437
1390222369|31.375
1390222392|31.312
1390222414|31.25
1390222437|31.187
1390222459|31.125
1390222482|31.062
1390222504|31.0
1390222527|30.937
1390222549|30.875
1390222572|30.875
1390222594|30.75
1390222617|30.687
1390222639|30.625
1390222662|30.562
1390222684|30.5
1390222706|30.437
1390222729|30.375
1390222751|30.312
1390222774|30.312
1390222796|30.25
1390222819|30.187
1390222841|30.125
1390222864|30.062
1390222886|30.0
