1395344001|29.875
1395344023|29.875
1395344046|29.937
1395344068|29.937
1395344091|29.937
1395344113|29.937
1395344136|29.937
1395344158|29.937
1395344181|29.937
1395344203|29.937
1395344226|30.0
1395344248|30.0
1395344271|29.937
1395344293|29.937
1395344315|29.937
1395344338|29.937
1395344360|29.937
1395344383|30.0
1395344405|30.0
1395344428|30.0
1395344450|30.0
1395344473|29.937
1395344495|29.937
1395344518|29.937
1395344540|30.0
1395344563|30.0
1395344585|30.0
1395344608|30.0
1395344630|30.0
1395344652|29.937
1395344675|29.937
1395344697|29.937
1395344720|29.875
1395344742|29.937
1395344765|29.937
1395344787|29.937
1395344810|29.937
1395344832|29.937
1395344855|29.937
1395344877|29.937
1395344900|29.937
1395344922|29.937
1395344945|29.875
1395344967|29.937
1395344989|29.875
1395345012|29.812
1395345034|29.812
1395345057|29.875
1395345079|29.812
1395345102|29.812
1395345124|29.812
1395345147|29.75
1395345169|29.75
1395345192|29.687
1395345214|29.75
1395345237|29.687
1395345259|29.687
1395345282|29.625
1395345304|29.687
1395345327|29.625
1395345349|29.625
1395345371|29.562
1395345394|29.562
1395345416|29.562
1395345439|29.562
1395345461|29.562
1395345484|29.5
1395345506|29.5
1395345529|29.5
1395345551|29.437
1395345574|29.437
1395345596|29.437
1395345619|29.5
1395345641|29.5
1395345664|29.562
1395345686|29.687
1395345709|29.812
1395345731|29.937
1395345753|30.062
1395345776|30.125
1395345798|30.125
1395345821|30.187
1395345843|30.187
1395345866|30.187
1395345888|30.187
1395345911|30.25
1395345933|30.187
1395345956|30.187
1395345978|30.187
1395346001|30.187
1395346023|30.187
1395346046|30.187
1395346068|30.187
1395346090|30.187
1395346113|30.187
1395346135|30.187
1395346158|30.187
1395346180|30.187
1395346203|30.187
1395346225|30.187
1395346248|30.187
1395346270|30.187
1395346293|30.187
1395346315|30.125
1395346338|30.187
1395346360|30.187
1395346383|30.125
1395346405|30.125
1395346427|30.187
1395346450|30.187
1395346472|30.187
1395346495|30.187
1395346517|30.187
1395346540|30.125
1395346562|30.125
1395346585|30.187
1395346607|30.187
1395346630|30.125
1395346652|30.125
1395346675|30.187
1395346697|30.187
1395346720|30.187
1395346742|30.125
1395346765|30.125
1395346787|30.125
1395346809|30.125
1395346832|30.125
1395346854|30.125
1395346877|30.125
1395346899|30.125
1395346922|30.125
1395346944|30.125
1395346967|29.937
1395346989|29.75
1395347012|29.562
1395347034|29.375
1395347057|29.312
1395347079|29.125
1395347102|29.0
1395347124|28.937
1395347146|28.812
1395347169|28.687
1395347191|28.562
1395347214|28.5
1395347236|28.375
1395347259|28.312
1395347281|28.187
1395347304|28.125
1395347326|28.062
1395347349|28.0
1395347371|27.937
1395347394|27.812
1395347416|27.75
1395347439|27.75
1395347461|27.625
1395347484|27.625
1395347506|27.562
1395347528|27.5
1395347551|27.437
1395347573|27.375
1395347596|27.375
1395347618|27.25
1395347641|27.25
1395347663|27.187
1395347686|27.125
1395347708|27.062
1395347731|27.062
1395347753|27.0
1395347776|26.937
1395347798|26.937
1395347821|26.937
1395347843|26.812
1395347866|26.812
1395347888|26.812
1395347910|26.687
1395347933|26.687
1395347955|26.625
1395347978|26.625
1395348000|26.562
1395348023|26.5
1395348045|26.5
1395348068|26.437
1395348090|26.437
1395348113|26.375
1395348135|26.375
1395348158|26.312
1395348180|26.25
1395348203|26.25
1395348225|26.187
1395348247|26.187
1395348270|26.187
1395348292|26.125
1395348315|26.062
1395348337|26.062
1395348360|26.0
1395348382|25.937
1395348405|25.937
1395348427|25.937
1395348450|25.875
1395348472|25.875
1395348495|25.812
1395348517|25.812
1395348540|25.75
1395348562|25.75
1395348584|25.75
1395348607|25.687
1395348629|25.625
1395348652|25.625
1395348674|25.562
1395348697|25.562
1395348719|25.5
1395348742|25.5
1395348764|25.437
1395348787|25.437
1395348809|25.437
1395348832|25.375
1395348854|25.375
1395348877|25.312
1395348899|25.312
1395348921|25.25
1395348944|25.25
1395348966|25.25
1395348989|25.187
1395349011|25.187
1395349034|25.125
1395349056|25.125
1395349079|25.125
1395349101|25.062
1395349124|25.062
1395349146|25.062
1395349169|25.0
1395349191|25.0
1395349214|24.937
1395349236|24.937
1395349259|24.875
1395349281|24.875
1395349304|24.875
1395349326|24.875
1395349348|24.812
1395349371|24.812
1395349393|24.812
1395349416|24.75
1395349438|24.75
1395349461|24.75
1395349483|24.687
1395349506|24.687
1395349528|24.625
1395349551|24.625
1395349573|24.625
1395349596|24.562
1395349618|24.562
1395349641|24.562
1395349663|24.5
1395349685|24.5
1395349708|24.5
1395349730|24.5
1395349753|24.437
1395349775|24.437
1395349798|24.437
1395349820|24.375
1395349843|24.375
1395349865|24.375
1395349888|24.312
1395349910|24.312
1395349933|24.312
1395349955|24.312
1395349978|24.312
1395350000|24.25
1395350022|24.25
1395350045|24.25
1395350067|24.187
1395350090|24.187
1395350112|24.125
1395350135|24.125
1395350157|24.125
1395350180|24.062
1395350202|24.062
1395350225|24.062
1395350247|24.062
1395350270|24.0
1395350292|24.0
1395350315|24.0
1395350337|24.0
1395350359|23.937
1395350382|23.937
1395350404|23.937
1395350427|23.875
1395350449|23.875
1395350472|23.875
1395350494|23.875
1395350517|23.875
1395350539|23.875
1395350562|23.812
1395350584|23.812
1395350607|23.812
1395350629|23.812
1395350652|23.75
1395350674|23.75
1395350696|23.75
1395350719|23.75
1395350741|23.687
1395350764|23.687
1395350786|23.687
1395350809|23.687
1395350831|23.625
1395350854|23.625
1395350876|23.625
1395350899|23.625
1395350921|23.625
1395350944|23.562
1395350966|23.562
1395350989|23.562
1395351011|23.562
1395351034|23.5
1395351056|23.5
1395351078|23.5
1395351101|23.5
1395351123|23.437
1395351146|23.437
1395351168|23.437
1395351191|23.437
1395351213|23.437
1395351236|23.437
1395351258|23.437
1395351281|23.375
1395351303|23.375
1395351326|23.375
1395351348|23.375
1395351371|23.312
1395351393|23.312
1395351415|23.312
1395351438|23.312
1395351460|23.312
1395351483|23.25
1395351505|23.25
1395351528|23.25
1395351550|23.25
1395351573|23.25
1395351595|23.25
1395351618|23.25
1395351640|23.25
1395351663|23.187
1395351685|23.187
1395351708|23.187
1395351730|23.187
1395351752|23.187
1395351775|23.125
1395351797|23.125
1395351820|23.125
1395351842|23.125
1395351865|23.125
1395351887|23.062
1395351910|23.062
1395351932|23.062
1395351955|23.062
1395351977|23.062
1395352000|23.062
1395352022|23.0
1395352045|23.0
1395352067|23.0
1395352089|23.0
1395352112|23.0
1395352134|23.0
1395352157|22.937
1395352179|22.937
1395352202|22.937
1395352224|22.937
1395352247|22.937
1395352269|22.937
1395352292|22.937
1395352314|22.875
1395352337|22.875
1395352359|22.875
1395352382|22.875
1395352404|22.875
1395352426|22.875
1395352449|22.875
1395352471|22.812
1395352494|22.812
1395352516|22.812
1395352539|22.812
1395352561|22.812
1395352584|22.812
1395352606|22.812
1395352629|22.812
1395352651|22.75
1395352674|22.75
1395352696|22.75
1395352719|22.75
1395352741|22.75
1395352763|22.75
1395352786|22.75
1395352808|22.75
1395352831|22.687
1395352853|22.687
1395352876|22.687
1395352898|22.687
1395352921|22.687
1395352943|22.687
1395352966|22.687
1395352988|22.625
1395353011|22.687
1395353033|22.625
1395353056|22.625
1395353078|22.625
1395353101|22.625
1395353123|22.625
1395353146|22.625
1395353168|22.625
1395353190|22.625
1395353213|22.625
1395353235|22.562
1395353258|22.562
1395353280|22.562
1395353303|22.562
1395353325|22.562
1395353348|22.562
1395353370|22.562
1395353393|22.562
1395353415|22.562
1395353438|22.5
1395353460|22.562
1395353483|22.562
1395353505|22.5
1395353527|22.5
1395353550|22.5
1395353572|22.5
1395353595|22.5
1395353617|22.5
1395353640|22.5
1395353662|22.437
1395353685|22.5
1395353707|22.437
1395353730|22.437
1395353752|22.437
1395353775|22.437
1395353797|22.437
1395353820|22.437
1395353842|22.437
1395353864|22.437
1395353887|22.375
1395353909|22.437
1395353932|22.375
1395353954|22.375
1395353977|22.375
1395353999|22.375
1395354022|22.375
1395354044|22.375
1395354067|22.375
1395354089|22.375
1395354112|22.375
1395354134|22.375
1395354157|22.375
1395354179|22.375
1395354201|22.312
1395354224|22.312
1395354246|22.312
1395354269|22.312
1395354291|22.312
1395354314|22.312
1395354336|22.312
1395354359|22.312
1395354381|22.312
1395354404|22.312
1395354426|22.25
1395354449|22.312
1395354471|22.25
1395354494|22.25
1395354516|22.25
1395354539|22.25
1395354561|22.25
1395354584|22.25
1395354606|22.25
1395354628|22.25
1395354651|22.25
1395354673|22.187
1395354696|22.25
1395354718|22.25
1395354741|22.25
1395354763|22.25
1395354786|22.25
1395354808|22.25
1395354831|22.312
1395354853|22.375
1395354876|22.437
1395354898|22.437
1395354921|22.5
1395354943|22.5
1395354965|22.562
1395354988|22.562
1395355010|22.562
1395355033|22.625
1395355055|22.625
1395355078|22.625
1395355100|22.687
1395355123|22.687
1395355145|22.687
1395355168|22.75
1395355190|22.75
1395355213|22.75
1395355235|22.75
1395355258|22.75
1395355280|22.812
1395355302|22.812
1395355325|22.812
1395355347|22.875
1395355370|22.875
1395355392|22.875
1395355415|22.875
1395355437|22.875
1395355460|22.875
1395355482|22.875
1395355505|22.937
1395355527|22.937
1395355550|22.937
1395355572|22.937
1395355595|22.937
1395355617|22.937
1395355639|22.937
1395355662|23.0
1395355684|23.0
1395355707|23.0
1395355729|23.0
1395355752|23.0
1395355774|23.0
1395355797|23.0
1395355819|23.0
1395355842|23.0
1395355864|23.062
1395355887|23.062
1395355909|23.062
1395355932|23.062
1395355954|23.062
1395355977|23.062
1395355999|23.062
1395356021|23.062
1395356044|23.125
1395356066|23.125
1395356089|23.125
1395356111|23.125
1395356134|23.125
1395356156|23.125
1395356179|23.125
1395356201|23.125
1395356224|23.125
1395356246|23.125
1395356269|23.125
1395356291|23.125
1395356314|23.125
1395356336|23.125
1395356358|23.187
1395356381|23.187
1395356403|23.187
1395356426|23.187
1395356448|23.187
1395356471|23.187
1395356493|23.187
1395356516|23.187
1395356538|23.187
1395356561|23.187
1395356583|23.187
1395356606|23.187
1395356628|23.187
1395356651|23.187
1395356673|23.187
1395356695|23.187
1395356718|23.25
1395356740|23.187
1395356763|23.25
1395356785|23.25
1395356808|23.25
1395356830|23.25
1395356853|23.25
1395356875|23.25
1395356898|23.25
1395356920|23.25
1395356943|23.25
1395356965|23.25
1395356988|23.25
1395357010|23.25
1395357032|23.25
1395357055|23.25
1395357077|23.25
1395357100|23.25
1395357122|23.25
1395357145|23.25
1395357167|23.25
1395357190|23.25
1395357212|23.25
1395357235|23.25
1395357257|23.25
1395357280|23.25
1395357302|23.25
1395357325|23.25
1395357347|23.312
1395357370|23.312
1395357392|23.312
1395357414|23.312
1395357437|23.312
1395357459|23.312
1395357482|23.312
1395357504|23.312
1395357527|23.312
1395357549|23.312
1395357572|23.312
1395357594|23.312
1395357617|23.312
1395357639|23.312
1395357662|23.312
1395357684|23.312
1395357707|23.312
1395357729|23.312
1395357752|23.312
1395357774|23.312
1395357796|23.312
1395357819|23.312
1395357841|23.312
1395357864|23.312
1395357886|23.312
1395357909|23.312
1395357931|23.312
1395357954|23.312
1395357976|23.312
1395357999|23.312
1395358021|23.312
1395358044|23.312
1395358067|23.312
1395358089|23.312
1395358112|23.312
1395358134|23.312
1395358157|23.312
1395358179|23.312
1395358202|23.312
1395358224|23.312
1395358247|23.312
1395358269|23.312
1395358292|23.312
1395358314|23.312
1395358336|23.312
1395358359|23.312
1395358381|23.312
1395358404|23.312
1395358426|23.312
1395358449|23.312
1395358471|23.312
1395358494|23.312
1395358516|23.312
1395358539|23.312
1395358561|23.312
1395358584|23.312
1395358606|23.312
1395358629|23.312
1395358651|23.312
1395358674|23.312
1395358696|23.312
1395358719|23.312
1395358741|23.312
1395358763|23.312
1395358786|23.312
1395358808|23.312
1395358831|23.375
1395358853|23.312
1395358876|23.312
1395358898|23.312
1395358921|23.312
1395358943|23.312
1395358966|23.312
1395358988|23.375
1395359011|23.312
1395359033|23.375
1395359056|23.312
1395359078|23.312
1395359100|23.312
1395359123|23.312
1395359145|23.312
1395359168|23.312
1395359190|23.312
1395359213|23.312
1395359235|23.375
1395359258|23.312
1395359280|23.312
1395359303|23.375
1395359325|23.312
1395359348|23.312
1395359370|23.312
1395359393|23.312
1395359415|23.312
1395359437|23.312
1395359460|23.312
1395359482|23.312
1395359505|23.312
1395359527|23.312
1395359550|23.312
1395359572|23.312
1395359595|23.312
1395359617|23.312
1395359640|23.312
1395359662|23.312
1395359685|23.312
1395359707|23.312
1395359730|23.312
1395359752|23.312
1395359774|23.312
1395359797|23.312
1395359819|23.312
1395359842|23.312
1395359864|23.312
1395359887|23.312
1395359909|23.312
1395359932|23.312
1395359954|23.312
1395359977|23.312
1395359999|23.312
1395360022|23.312
1395360044|23.312
1395360067|23.312
1395360089|23.312
1395360112|23.312
1395360134|23.312
1395360156|23.312
1395360179|23.312
1395360201|23.312
1395360224|23.312
1395360246|23.312
1395360269|23.312
1395360291|23.312
1395360314|23.312
1395360336|23.312
1395360359|23.312
1395360381|23.312
1395360404|23.312
1395360426|23.312
1395360449|23.312
1395360471|23.312
1395360493|23.312
1395360516|23.312
1395360538|23.312
1395360561|23.312
1395360583|23.312
1395360606|23.312
1395360628|23.312
1395360651|23.312
1395360673|23.312
1395360696|23.312
1395360718|23.312
1395360741|23.312
1395360763|23.312
1395360786|23.312
1395360808|23.312
1395360830|23.25
1395360853|23.312
1395360876|23.312
1395360898|23.312
1395360920|23.312
1395360943|23.312
1395360965|23.25
1395360988|23.312
1395361010|23.312
1395361033|23.25
1395361055|23.312
1395361078|23.312
1395361100|23.25
1395361123|23.25
1395361145|23.25
1395361168|23.25
1395361190|23.25
1395361213|23.25
1395361235|23.312
1395361257|23.25
1395361280|23.25
1395361302|23.25
1395361325|23.25
1395361347|23.25
1395361370|23.25
1395361392|23.25
1395361415|23.25
1395361437|23.25
1395361460|23.25
1395361482|23.25
1395361505|23.25
1395361527|23.25
1395361550|23.25
1395361572|23.25
1395361594|23.25
1395361617|23.25
1395361639|23.25
1395361662|23.25
1395361684|23.25
1395361707|23.25
1395361729|23.25
1395361752|23.25
1395361774|23.25
1395361797|23.25
1395361819|23.25
1395361842|23.25
1395361864|23.25
1395361887|23.25
1395361909|23.25
1395361931|23.25
1395361954|23.25
1395361976|23.25
1395361999|23.25
1395362021|23.25
1395362044|23.25
1395362066|23.25
1395362089|23.25
1395362111|23.25
1395362134|23.25
1395362156|23.25
1395362179|23.25
1395362201|23.25
1395362224|23.25
1395362246|23.25
1395362269|23.25
1395362291|23.187
1395362314|23.187
1395362336|23.187
1395362358|23.187
1395362381|23.187
1395362403|23.25
1395362426|23.187
1395362448|23.187
1395362471|23.187
1395362493|23.187
1395362516|23.187
1395362538|23.187
1395362561|23.187
1395362583|23.187
1395362606|23.187
1395362628|23.187
1395362651|23.187
1395362673|23.187
1395362695|23.187
1395362718|23.187
1395362740|23.187
1395362763|23.187
1395362785|23.187
1395362808|23.187
1395362830|23.187
1395362853|23.187
1395362875|23.187
1395362898|23.187
1395362920|23.187
1395362943|23.187
1395362965|23.187
1395362988|23.187
1395363010|23.187
1395363032|23.187
1395363055|23.187
1395363077|23.187
1395363100|23.187
1395363122|23.187
1395363145|23.187
1395363167|23.187
1395363190|23.187
1395363212|23.187
1395363235|23.187
1395363257|23.187
1395363280|23.187
1395363302|23.187
1395363325|23.187
1395363347|23.187
1395363369|23.125
1395363392|23.125
1395363414|23.125
1395363437|23.125
1395363459|23.187
1395363482|23.187
1395363504|23.125
1395363527|23.187
1395363549|23.125
1395363572|23.125
1395363594|23.125
1395363617|23.125
1395363639|23.125
1395363662|23.125
1395363684|23.125
1395363707|23.125
1395363729|23.125
1395363751|23.125
1395363774|23.125
1395363796|23.125
1395363819|23.125
1395363841|23.125
1395363864|23.125
1395363886|23.125
1395363909|23.125
1395363931|23.125
1395363954|23.125
1395363976|23.125
1395363999|23.125
1395364021|23.125
1395364044|23.125
1395364066|23.125
1395364089|23.125
1395364111|23.125
1395364133|23.125
1395364156|23.125
1395364178|23.125
1395364201|23.125
1395364223|23.125
1395364246|23.125
1395364268|23.125
1395364291|23.125
1395364313|23.125
1395364336|23.062
1395364358|23.125
1395364381|23.062
1395364403|23.062
1395364426|23.062
1395364448|23.062
1395364471|23.125
1395364493|23.062
1395364515|23.062
1395364538|23.062
1395364560|23.062
1395364583|23.062
1395364605|23.062
1395364628|23.062
1395364650|23.062
1395364673|23.062
1395364695|23.062
1395364718|23.062
1395364740|23.062
1395364763|23.062
1395364785|23.062
1395364808|23.062
1395364830|23.062
1395364852|23.062
1395364875|23.062
1395364897|23.062
1395364920|23.062
1395364942|23.062
1395364965|23.062
1395364987|23.062
1395365010|23.062
1395365032|23.062
1395365055|23.062
1395365077|23.062
1395365100|23.062
1395365122|23.062
1395365145|23.062
1395365167|23.062
1395365189|23.062
1395365212|23.062
1395365234|23.062
1395365257|23.062
1395365279|23.062
1395365302|23.062
1395365324|23.062
1395365347|23.0
1395365369|23.062
1395365392|23.0
1395365414|23.0
1395365437|23.0
1395365459|23.062
1395365482|23.0
1395365504|23.0
1395365526|23.062
1395365549|23.0
1395365571|23.0
1395365594|23.0
1395365616|23.062
1395365639|23.0
1395365661|23.0
1395365684|23.0
1395365706|23.0
1395365729|23.0
1395365751|23.0
1395365774|23.0
1395365796|23.0
1395365819|23.0
1395365841|23.0
1395365864|23.0
1395365886|23.0
1395365909|23.0
1395365931|23.0
1395365953|23.0
1395365976|23.0
1395365998|23.0
1395366021|23.0
1395366043|23.0
1395366066|23.0
1395366088|23.0
1395366111|23.0
1395366133|23.0
1395366156|22.937
1395366178|23.0
1395366201|23.0
1395366223|23.0
1395366246|23.0
1395366268|22.937
1395366290|23.0
1395366313|23.0
1395366335|23.0
1395366358|22.937
1395366380|22.937
1395366403|23.0
1395366425|22.937
1395366448|22.937
1395366470|22.937
1395366493|22.937
1395366515|22.937
1395366538|22.937
1395366560|22.937
1395366583|22.937
1395366605|22.937
1395366627|22.937
1395366650|22.937
1395366672|22.937
1395366695|22.937
1395366717|22.937
1395366740|22.937
1395366762|22.937
1395366785|22.937
1395366807|22.937
1395366830|22.937
1395366852|22.937
1395366875|22.937
1395366897|22.937
1395366920|22.937
1395366942|22.937
1395366964|22.875
1395366987|22.937
1395367009|22.937
1395367032|22.937
1395367054|22.875
1395367077|22.937
1395367099|22.875
1395367122|22.875
1395367144|22.937
1395367167|22.875
1395367189|22.875
1395367212|22.875
1395367234|22.875
1395367257|22.875
1395367279|22.875
1395367302|22.875
1395367324|22.875
1395367346|22.875
1395367369|22.875
1395367391|22.875
1395367414|22.875
1395367436|22.875
1395367459|22.875
1395367481|22.875
1395367504|22.875
1395367526|22.875
1395367549|22.875
1395367571|22.875
1395367594|22.875
1395367616|22.875
1395367639|22.875
1395367661|22.875
1395367683|22.875
1395367706|22.875
1395367728|22.875
1395367751|22.875
1395367773|22.875
1395367796|22.875
1395367818|22.875
1395367841|22.875
1395367863|22.875
1395367886|22.875
1395367908|22.875
1395367931|22.812
1395367953|22.812
1395367976|22.875
1395367998|22.875
1395368020|22.875
1395368043|22.812
1395368065|22.812
1395368088|22.812
1395368110|22.812
1395368133|22.812
1395368155|22.812
1395368178|22.812
1395368200|22.875
1395368223|22.812
1395368245|22.812
1395368268|22.812
1395368290|22.812
1395368313|22.812
1395368335|22.812
1395368358|22.812
1395368380|22.812
1395368402|22.812
1395368425|22.812
1395368447|22.812
1395368470|22.812
1395368492|22.812
1395368515|23.125
1395368537|23.562
1395368560|24.0
1395368582|24.5
1395368605|25.187
1395368627|25.75
1395368650|26.312
1395368672|26.312
1395368695|27.0
1395368717|27.125
1395368740|27.187
1395368762|27.187
1395368784|27.125
1395368807|27.125
1395368829|27.0
1395368852|27.0
1395368874|27.312
1395368897|27.875
1395368919|28.187
1395368942|28.687
1395368964|29.062
1395368987|29.312
1395369009|29.5
1395369032|29.625
1395369054|29.625
1395369077|29.812
1395369099|29.875
1395369121|29.937
1395369144|30.0
1395369166|30.062
1395369189|30.062
1395369211|30.125
1395369234|30.125
1395369256|30.125
1395369279|30.187
1395369301|30.25
1395369324|30.25
1395369346|30.312
1395369369|30.312
1395369391|30.312
1395369414|30.375
1395369436|30.375
1395369458|30.437
1395369481|30.437
1395369503|30.5
1395369526|30.562
1395369548|30.562
1395369571|30.562
1395369593|30.625
1395369616|30.687
1395369638|30.687
1395369661|30.75
1395369683|30.75
1395369706|30.812
1395369728|30.812
1395369751|30.875
1395369773|30.875
1395369795|30.937
1395369818|30.937
1395369840|31.0
1395369863|31.0
1395369885|31.062
1395369908|31.062
1395369930|31.062
1395369953|31.125
1395369975|31.187
1395369998|31.187
1395370020|31.25
1395370043|31.25
1395370065|31.312
1395370088|31.312
1395370110|31.312
1395370133|31.312
1395370155|31.375
1395370178|31.375
1395370200|31.437
1395370223|31.437
1395370245|31.437
1395370268|31.5
1395370290|31.5
1395370313|31.5
1395370335|31.562
1395370358|31.562
1395370380|31.562
1395370403|31.625
1395370425|31.625
1395370447|31.687
1395370470|31.687
1395370492|31.75
1395370515|31.812
1395370537|31.812
1395370560|31.875
1395370582|31.875
1395370605|31.937
1395370627|31.937
1395370650|31.937
1395370672|32.0
1395370695|32.062
1395370717|32.062
1395370740|32.125
1395370762|32.125
1395370784|32.125
1395370807|32.125
1395370829|32.125
1395370852|32.125
1395370874|32.187
1395370897|32.125
1395370919|32.125
1395370942|32.187
1395370964|32.187
1395370987|32.25
1395371009|32.062
1395371032|32.0
1395371054|32.0
1395371077|32.0
1395371099|32.062
1395371121|32.125
1395371144|32.0
1395371166|32.0
1395371189|32.0
1395371211|32.0
1395371234|32.125
1395371256|32.062
1395371279|32.062
1395371301|32.062
1395371324|32.187
1395371346|32.25
1395371369|32.25
1395371391|32.375
1395371414|32.437
1395371436|32.625
1395371458|32.75
1395371481|32.875
1395371503|33.0
1395371526|33.0
1395371548|33.312
1395371571|33.5
1395371593|33.687
1395371616|33.875
1395371638|34.062
1395371661|34.125
1395371683|34.125
1395371706|34.062
1395371728|33.937
1395371751|33.875
1395371773|33.75
1395371796|33.812
1395371818|33.75
1395371841|33.687
1395371863|33.687
1395371885|33.687
1395371908|33.625
1395371930|33.562
1395371953|33.5
1395371975|33.5
1395371998|33.437
1395372020|33.375
1395372043|33.312
1395372065|33.25
1395372088|33.125
1395372110|33.0
1395372133|32.937
1395372155|32.812
1395372178|32.687
1395372200|32.625
1395372222|32.562
1395372245|32.5
1395372267|32.437
1395372290|32.375
1395372312|32.375
1395372335|32.312
1395372357|32.25
1395372380|32.25
1395372402|32.187
1395372425|32.125
1395372447|32.125
1395372470|32.062
1395372492|32.0
1395372515|32.0
1395372537|31.937
1395372559|31.875
1395372582|31.875
1395372604|31.812
1395372627|31.75
1395372649|31.75
1395372672|31.687
1395372694|31.625
1395372717|31.625
1395372739|31.562
1395372762|31.562
1395372784|31.5
1395372807|31.5
1395372829|31.437
1395372852|31.375
1395372874|31.375
1395372897|31.312
1395372919|31.312
1395372941|31.25
1395372964|31.187
1395372986|31.187
1395373009|31.125
1395373031|31.125
1395373054|31.062
1395373076|31.062
1395373099|31.0
1395373121|30.937
1395373144|30.937
1395373166|30.937
1395373189|30.875
1395373211|30.812
1395373234|30.812
1395373256|30.75
1395373278|30.75
1395373301|30.687
1395373323|30.687
1395373346|30.625
1395373368|30.625
1395373391|30.562
1395373413|30.5
1395373436|30.5
1395373458|30.5
1395373481|30.437
1395373503|30.437
1395373526|30.375
1395373548|30.375
1395373571|30.312
1395373593|30.312
1395373615|30.25
1395373638|30.25
1395373660|30.25
1395373683|30.25
1395373705|30.187
1395373728|30.187
1395373750|30.187
1395373773|30.25
1395373795|30.25
1395373818|30.25
1395373840|30.25
1395373863|30.25
1395373885|30.312
1395373908|30.312
1395373930|30.312
1395373953|30.312
1395373975|30.312
1395373998|30.312
1395374020|30.312
1395374042|30.312
1395374065|30.312
1395374087|30.375
1395374110|30.375
1395374132|30.375
1395374155|30.375
1395374177|30.375
1395374200|30.312
1395374222|30.312
1395374245|30.312
1395374267|30.312
1395374290|30.375
1395374312|30.375
1395374335|30.375
1395374357|30.312
1395374379|30.312
1395374402|30.312
1395374424|30.312
1395374447|30.375
1395374469|30.312
1395374492|30.312
1395374514|30.312
1395374537|30.312
1395374559|30.312
1395374582|30.312
1395374604|30.312
1395374627|30.312
1395374649|30.312
1395374672|30.25
1395374694|30.25
1395374716|30.312
1395374739|30.25
1395374761|30.25
1395374784|30.25
1395374806|30.25
1395374829|30.25
1395374851|30.25
1395374874|30.187
1395374896|30.187
1395374919|30.187
1395374941|30.187
1395374964|30.187
1395374986|30.187
1395375009|30.187
1395375031|30.125
1395375053|30.187
1395375076|30.187
1395375098|30.125
1395375121|30.125
1395375143|30.125
1395375166|30.125
1395375188|30.125
1395375211|30.125
1395375233|30.187
1395375256|30.125
1395375278|30.125
1395375301|30.125
1395375323|30.187
1395375346|30.125
1395375368|30.125
1395375391|30.187
1395375413|30.187
1395375436|30.187
1395375458|30.187
1395375480|30.187
1395375503|30.187
1395375525|30.125
1395375548|30.187
1395375570|30.125
1395375593|30.125
1395375615|30.125
1395375638|30.062
1395375660|30.062
1395375683|30.062
1395375705|30.0
1395375728|30.0
1395375750|29.937
1395375773|29.937
1395375795|29.937
1395375817|29.875
1395375840|29.875
1395375862|29.812
1395375885|29.812
1395375907|29.812
1395375930|29.812
1395375952|29.75
1395375975|29.75
1395375997|29.687
1395376020|29.687
1395376042|29.625
1395376065|29.687
1395376087|29.625
1395376110|29.687
1395376132|29.812
1395376154|29.875
1395376177|30.0
1395376199|30.062
1395376222|30.187
1395376244|30.187
1395376267|30.25
1395376289|30.25
1395376312|30.375
1395376334|30.625
1395376357|30.75
1395376379|30.875
1395376402|30.937
1395376424|31.0
1395376447|31.0
1395376469|31.062
1395376491|31.062
1395376514|31.062
1395376536|31.125
1395376559|31.125
1395376581|31.062
1395376604|31.125
1395376626|31.125
1395376649|31.125
1395376671|31.125
1395376694|31.125
1395376716|31.125
1395376739|31.125
1395376761|31.125
1395376784|31.125
1395376806|31.125
1395376829|31.125
1395376851|31.125
1395376873|31.125
1395376896|31.125
1395376918|31.125
1395376941|31.187
1395376963|31.187
1395376986|31.187
1395377008|31.187
1395377031|31.187
1395377053|31.187
1395377076|31.187
1395377098|31.187
1395377121|31.187
1395377143|31.187
1395377166|31.187
1395377188|31.187
1395377210|31.187
1395377233|31.25
1395377255|31.25
1395377278|31.187
1395377300|31.187
1395377323|31.187
1395377345|31.25
1395377368|31.25
1395377390|31.25
1395377413|31.25
1395377435|31.25
1395377458|31.25
1395377480|31.25
1395377503|31.25
1395377525|31.25
1395377547|31.25
1395377570|31.25
1395377592|31.25
1395377615|31.25
1395377637|31.25
1395377660|31.25
1395377682|31.312
1395377705|31.25
1395377727|31.312
1395377750|31.25
1395377772|31.25
1395377795|31.312
1395377817|31.312
1395377840|31.312
1395377862|31.312
1395377884|31.312
1395377907|31.312
1395377929|31.312
1395377952|31.312
1395377974|31.312
1395377997|31.312
1395378019|31.312
1395378042|31.375
1395378064|31.375
1395378087|31.312
1395378109|31.312
1395378132|31.312
1395378154|31.375
1395378177|31.312
1395378199|31.312
1395378222|31.375
1395378244|31.375
1395378267|31.375
1395378289|31.375
1395378311|31.375
1395378334|31.312
1395378356|31.375
1395378379|31.375
1395378401|31.375
1395378424|31.375
1395378446|31.375
1395378469|31.375
1395378491|31.375
1395378514|31.375
1395378536|31.375
1395378559|31.375
1395378581|31.375
1395378604|31.375
1395378626|31.375
1395378648|31.375
1395378671|31.375
1395378693|31.375
1395378716|31.437
1395378738|31.437
1395378761|31.437
1395378783|31.437
1395378806|31.437
1395378828|31.437
1395378851|31.375
1395378873|31.437
1395378896|31.437
1395378918|31.437
1395378941|31.437
1395378963|31.437
1395378985|31.437
1395379008|31.437
1395379030|31.437
1395379053|31.437
1395379075|31.437
1395379098|31.437
1395379120|31.437
1395379143|31.437
1395379165|31.437
1395379188|31.437
1395379210|31.437
1395379233|31.437
1395379255|31.437
1395379278|31.437
1395379300|31.437
1395379322|31.437
1395379345|31.437
1395379367|31.437
1395379390|31.5
1395379412|31.437
1395379435|31.5
1395379457|31.437
1395379480|31.5
1395379502|31.5
1395379525|31.5
1395379547|31.5
1395379570|31.437
1395379592|31.437
1395379615|31.437
1395379637|31.5
1395379659|31.5
1395379682|31.5
1395379704|31.437
1395379727|31.5
1395379749|31.5
1395379772|31.5
1395379794|31.5
1395379817|31.5
1395379839|31.5
1395379862|31.5
1395379884|31.5
1395379907|31.5
1395379929|31.5
1395379952|31.5
1395379974|31.5
1395379997|31.5
1395380019|31.5
1395380042|31.5
1395380064|31.5
1395380086|31.5
1395380109|31.5
1395380131|31.5
1395380154|31.437
1395380176|31.437
1395380199|31.437
1395380221|31.437
1395380244|31.437
1395380266|31.437
1395380289|31.5
1395380311|31.437
1395380334|31.5
1395380356|31.5
1395380379|31.5
1395380401|31.5
1395380423|31.5
1395380446|31.5
1395380468|31.5
1395380491|31.5
1395380513|31.5
1395380536|31.5
1395380558|31.5
1395380581|31.5
1395380603|31.5
1395380626|31.5
1395380648|31.5
1395380671|31.5
1395380693|31.5
1395380716|31.5
1395380738|31.5
1395380760|31.5
1395380783|31.5
1395380805|31.5
1395380828|31.5
1395380850|31.5
1395380873|31.5
1395380895|31.5
1395380918|31.5
1395380940|31.5
1395380963|31.5
1395380985|31.5
1395381008|31.5
1395381030|31.5
1395381053|31.5
1395381075|31.5
1395381098|31.5
1395381120|31.5
1395381142|31.5
1395381165|31.5
1395381187|31.5
1395381210|31.5
1395381232|31.5
1395381255|31.437
1395381277|31.5
1395381300|31.437
1395381322|31.437
1395381345|31.5
1395381367|31.5
1395381390|31.5
1395381412|31.437
1395381435|31.5
1395381457|31.5
1395381479|31.5
1395381502|31.437
1395381524|31.5
1395381547|31.5
1395381569|31.5
1395381592|31.5
1395381614|31.5
1395381637|31.5
1395381659|31.5
1395381682|31.5
1395381704|31.437
1395381727|31.437
1395381749|31.437
1395381772|31.5
1395381794|31.437
1395381816|31.437
1395381839|31.437
1395381861|31.437
1395381884|31.437
1395381906|31.437
1395381929|31.5
1395381951|31.437
1395381974|31.437
1395381996|31.437
1395382019|31.437
1395382041|31.437
1395382064|31.437
1395382086|31.437
1395382109|31.437
1395382131|31.437
1395382154|31.437
1395382176|31.437
1395382198|31.437
1395382221|31.437
1395382243|31.437
1395382266|31.437
1395382288|31.437
1395382311|31.437
1395382333|31.375
1395382356|31.437
1395382378|31.437
1395382401|31.437
1395382423|31.437
1395382446|31.437
1395382468|31.437
1395382491|31.437
1395382513|31.437
1395382536|31.437
1395382558|31.437
1395382580|31.437
1395382603|31.437
1395382625|31.437
1395382648|31.437
1395382671|31.437
1395382693|31.437
1395382716|31.437
1395382738|31.437
1395382761|31.437
1395382783|31.437
1395382806|31.437
1395382828|31.437
1395382851|31.437
1395382873|31.437
1395382895|31.437
1395382918|31.437
1395382940|31.437
1395382963|31.437
1395382985|31.437
1395383008|31.375
1395383030|31.437
1395383053|31.375
1395383075|31.437
1395383098|31.437
1395383120|31.437
1395383143|31.375
1395383165|31.375
1395383188|31.437
1395383210|31.375
1395383232|31.375
1395383255|31.375
1395383277|31.375
1395383300|31.312
1395383322|31.375
1395383345|31.375
1395383367|31.375
1395383390|31.375
1395383412|31.375
1395383435|31.375
1395383457|31.375
1395383480|31.375
1395383502|31.312
1395383525|31.375
1395383547|31.375
1395383570|31.375
1395383592|31.375
1395383615|31.375
1395383637|31.312
1395383659|31.312
1395383682|31.312
1395383704|31.312
1395383727|31.312
1395383749|31.312
1395383772|31.375
1395383794|31.312
1395383817|31.312
1395383839|31.312
1395383862|31.312
1395383884|31.312
1395383907|31.312
1395383929|31.312
1395383952|31.312
1395383974|31.312
1395383997|31.312
1395384019|31.312
1395384041|31.312
1395384064|31.312
1395384086|31.312
1395384109|31.375
1395384131|31.312
1395384154|31.312
1395384176|31.312
1395384199|31.312
1395384221|31.375
1395384244|31.312
1395384266|31.375
1395384289|31.375
1395384311|31.375
1395384334|31.375
1395384356|31.375
1395384378|31.437
1395384401|31.437
1395384423|31.437
1395384446|31.437
1395384468|31.375
1395384491|31.375
1395384513|31.375
1395384536|31.437
1395384558|31.437
1395384581|31.375
1395384603|31.375
1395384626|31.437
1395384648|31.437
1395384671|31.437
1395384693|31.437
1395384715|31.437
1395384738|31.437
1395384760|31.437
1395384783|31.375
1395384805|31.437
1395384828|31.437
1395384850|31.437
1395384873|31.437
1395384895|31.437
1395384918|31.437
1395384940|31.437
1395384963|31.375
1395384985|31.437
1395385008|31.437
1395385030|31.375
1395385052|31.312
1395385075|31.25
1395385097|31.187
1395385120|31.187
1395385142|31.187
1395385165|31.25
1395385187|31.25
1395385210|31.25
1395385232|31.187
1395385255|31.187
1395385277|31.312
1395385300|31.312
1395385322|31.437
1395385345|31.5
1395385367|31.625
1395385390|31.812
1395385412|32.0
1395385434|32.187
1395385457|32.375
1395385479|32.562
1395385502|32.75
1395385524|32.937
1395385547|33.125
1395385569|33.125
1395385592|33.062
1395385614|33.062
1395385637|32.937
1395385659|32.937
1395385682|32.875
1395385704|32.875
1395385727|32.812
1395385749|32.812
1395385772|32.75
1395385794|32.687
1395385816|32.625
1395385839|32.562
1395385861|32.562
1395385884|32.375
1395385906|32.312
1395385929|32.187
1395385951|32.125
1395385974|31.937
1395385996|31.812
1395386019|31.687
1395386041|31.625
1395386064|31.5
1395386086|31.375
1395386109|31.375
1395386131|31.25
1395386153|31.125
1395386176|31.062
1395386198|31.0
1395386221|30.875
1395386243|30.812
1395386266|30.812
1395386288|30.75
1395386311|30.625
1395386333|30.625
1395386356|30.562
1395386378|30.5
1395386401|30.437
1395386423|30.375
1395386446|30.375
1395386468|30.312
1395386490|30.25
1395386513|30.187
1395386535|30.187
1395386558|30.125
1395386580|30.062
1395386603|30.0
1395386625|29.937
1395386648|29.875
1395386670|29.875
1395386693|29.812
1395386715|29.75
1395386738|29.687
1395386760|29.687
1395386783|29.625
1395386805|29.625
1395386827|29.562
1395386850|29.5
1395386872|29.5
1395386895|29.437
1395386917|29.375
1395386940|29.375
1395386962|29.312
1395386985|29.312
1395387007|29.25
1395387030|29.25
1395387052|29.187
1395387075|29.187
1395387097|29.125
1395387120|29.062
1395387142|29.062
1395387165|29.0
1395387187|29.0
1395387210|28.937
1395387232|28.937
1395387254|28.875
1395387277|28.875
1395387299|28.875
1395387322|28.812
1395387344|28.812
1395387367|28.75
1395387389|28.75
1395387412|28.75
1395387434|28.687
1395387457|28.687
1395387479|28.687
1395387502|28.75
1395387524|28.75
1395387547|28.75
1395387569|28.75
1395387591|28.75
1395387614|28.812
1395387636|28.812
1395387659|28.875
1395387681|28.875
1395387704|28.875
1395387726|28.875
1395387749|28.812
1395387771|28.875
1395387794|28.875
1395387816|28.875
1395387839|28.937
1395387861|28.937
1395387884|29.0
1395387906|28.937
1395387928|28.937
1395387951|28.937
1395387973|28.937
1395387996|28.937
1395388018|28.937
1395388041|28.937
1395388063|28.937
1395388086|28.937
1395388108|28.937
1395388131|28.937
1395388153|28.937
1395388176|28.937
1395388198|28.937
1395388221|28.937
1395388243|28.937
1395388265|28.937
1395388288|29.0
1395388310|29.0
1395388333|29.0
1395388355|28.937
1395388378|29.0
1395388400|28.937
1395388423|28.937
1395388445|28.937
1395388468|28.937
1395388490|28.937
1395388513|28.937
1395388535|28.937
1395388558|28.937
1395388580|28.875
1395388603|28.937
1395388625|28.937
1395388647|28.937
1395388670|28.937
1395388692|28.875
1395388715|28.875
1395388737|28.937
1395388760|28.875
1395388782|28.875
1395388805|28.812
1395388827|28.875
1395388850|28.812
1395388872|28.812
1395388895|28.812
1395388917|28.812
1395388940|28.812
1395388962|28.75
1395388984|28.75
1395389007|28.75
1395389029|28.75
1395389052|28.687
1395389074|28.687
1395389097|28.687
1395389119|28.687
1395389142|28.625
1395389164|28.687
1395389187|28.625
1395389209|28.625
1395389232|28.687
1395389254|28.625
1395389277|28.625
1395389299|28.625
1395389321|28.625
1395389344|28.625
1395389366|28.625
1395389389|28.687
1395389411|28.687
1395389434|28.625
1395389456|28.687
1395389479|28.687
1395389501|28.625
1395389524|28.625
1395389546|28.625
1395389569|28.562
1395389591|28.375
1395389614|28.187
1395389636|28.062
1395389659|27.937
1395389681|27.812
1395389704|27.687
1395389726|27.562
1395389748|27.5
1395389771|27.375
1395389793|27.312
1395389816|27.25
1395389838|27.187
1395389861|27.125
1395389883|27.062
1395389906|27.0
1395389928|26.937
1395389951|26.875
1395389973|26.812
1395389996|26.75
1395390018|26.687
1395390041|26.625
1395390063|26.625
1395390085|26.5
1395390108|26.5
1395390130|26.437
1395390153|26.375
1395390175|26.375
1395390198|26.312
1395390220|26.25
1395390243|26.25
1395390265|26.187
1395390288|26.125
1395390310|26.125
1395390333|26.062
1395390355|26.0
1395390378|26.0
1395390400|25.937
1395390422|25.937
1395390445|25.875
1395390468|25.875
1395390490|25.812
1395390512|25.75
1395390535|25.75
1395390557|25.687
1395390580|25.687
1395390602|25.625
1395390625|25.625
1395390647|25.562
1395390670|25.562
1395390692|25.5
1395390715|25.437
1395390737|25.437
1395390760|25.437
1395390782|25.375
1395390805|25.375
1395390827|25.312
1395390849|25.312
1395390872|25.25
1395390894|25.25
1395390917|25.187
1395390939|25.187
1395390962|25.187
1395390984|25.125
1395391007|25.125
1395391029|25.062
1395391052|25.062
1395391074|25.0
1395391097|25.0
1395391119|25.0
1395391142|24.937
1395391164|24.875
1395391186|24.875
1395391209|24.875
1395391231|24.875
1395391254|24.812
1395391276|24.812
1395391299|24.75
1395391321|24.75
1395391344|24.687
1395391366|24.687
1395391389|24.687
1395391411|24.625
1395391434|24.625
1395391456|24.562
1395391479|24.562
1395391501|24.5
1395391524|24.5
1395391546|24.5
1395391568|24.437
1395391591|24.437
1395391613|24.437
1395391636|24.437
1395391658|24.375
1395391681|24.375
1395391703|24.375
1395391726|24.312
1395391748|24.312
1395391771|24.312
1395391793|24.25
1395391816|24.25
1395391838|24.187
1395391861|24.187
1395391883|24.187
1395391905|24.187
1395391928|24.125
1395391950|24.125
1395391973|24.125
1395391995|24.125
1395392018|24.062
1395392040|24.062
1395392063|24.062
1395392085|24.0
1395392108|24.0
1395392130|24.0
1395392153|23.937
1395392175|23.937
1395392198|23.937
1395392220|23.937
1395392242|23.875
1395392265|23.875
1395392287|23.812
1395392310|23.812
1395392332|23.812
1395392355|23.812
1395392377|23.75
1395392400|23.75
1395392422|23.75
1395392445|23.75
1395392467|23.75
1395392490|23.75
1395392512|23.687
1395392535|23.687
1395392557|23.687
1395392579|23.687
1395392602|23.625
1395392624|23.625
1395392647|23.625
1395392669|23.562
1395392692|23.562
1395392714|23.562
1395392737|23.562
1395392759|23.5
1395392782|23.5
1395392804|23.5
1395392827|23.5
1395392849|23.5
1395392872|23.5
1395392894|23.437
1395392916|23.437
1395392939|23.437
1395392961|23.437
1395392984|23.375
1395393006|23.375
1395393029|23.375
1395393051|23.375
1395393074|23.312
1395393096|23.312
1395393119|23.312
1395393141|23.312
1395393164|23.312
1395393186|23.25
1395393209|23.25
1395393231|23.25
1395393253|23.25
1395393276|23.25
1395393298|23.187
1395393321|23.187
1395393343|23.187
1395393366|23.187
1395393388|23.187
1395393411|23.125
1395393433|23.125
1395393456|23.125
1395393478|23.125
1395393501|23.125
1395393523|23.062
1395393546|23.062
1395393568|23.062
1395393591|23.062
1395393613|23.0
1395393635|23.062
1395393658|23.0
1395393680|23.0
1395393703|23.0
1395393725|23.0
1395393748|23.0
1395393770|22.937
1395393793|22.937
1395393815|22.937
1395393838|22.937
1395393860|22.937
1395393883|22.875
1395393905|22.875
1395393928|22.875
1395393950|22.875
1395393973|22.875
1395393995|22.812
1395394017|22.875
1395394040|22.812
1395394062|22.812
1395394085|22.812
1395394107|22.812
1395394130|22.812
1395394152|22.75
1395394175|22.75
1395394197|22.75
1395394220|22.75
1395394242|22.75
1395394265|22.75
1395394287|22.687
1395394310|22.75
1395394332|22.687
1395394354|22.687
1395394377|22.687
1395394399|22.687
1395394422|22.687
1395394444|22.687
1395394467|22.625
1395394489|22.625
1395394512|22.625
1395394534|22.625
1395394557|22.625
1395394579|22.625
1395394602|22.562
1395394624|22.562
1395394647|22.562
1395394669|22.562
1395394691|22.562
1395394714|22.562
1395394736|22.5
1395394759|22.562
1395394781|22.5
1395394804|22.5
1395394826|22.5
1395394849|22.5
1395394871|22.5
1395394894|22.5
1395394916|22.5
1395394939|22.437
1395394961|22.437
1395394984|22.437
1395395006|22.437
1395395028|22.437
1395395051|22.437
1395395073|22.437
1395395096|22.375
1395395118|22.375
1395395141|22.375
1395395163|22.375
1395395186|22.375
1395395208|22.375
1395395231|22.312
1395395253|22.375
1395395276|22.312
1395395298|22.312
1395395321|22.312
1395395343|22.312
1395395365|22.312
1395395388|22.312
1395395410|22.312
1395395433|22.25
1395395455|22.25
1395395478|22.312
1395395500|22.25
1395395523|22.25
1395395545|22.25
1395395568|22.25
1395395590|22.25
1395395613|22.25
1395395635|22.187
1395395658|22.25
1395395680|22.187
1395395702|22.187
1395395725|85.0
1395395747|22.187
1395395770|22.187
1395395792|22.187
1395395815|22.187
1395395837|22.187
1395395860|22.187
1395395882|22.125
1395395905|22.125
1395395927|22.125
1395395950|22.125
1395395972|22.125
1395395995|22.125
1395396017|22.125
1395396040|22.125
1395396062|22.062
1395396085|22.062
1395396107|22.062
1395396129|22.062
1395396152|22.062
1395396174|22.062
1395396197|22.062
1395396219|22.062
1395396242|22.062
1395396264|22.062
1395396287|22.062
1395396309|22.0
1395396332|22.0
1395396354|22.0
1395396377|22.0
1395396399|22.0
1395396422|22.0
1395396444|22.0
1395396466|22.0
1395396489|22.0
1395396511|21.937
1395396534|21.937
1395396556|21.937
1395396579|21.937
1395396601|21.937
1395396624|21.937
1395396646|21.937
1395396669|21.937
1395396691|21.937
1395396714|21.875
1395396736|21.875
1395396759|21.937
1395396781|21.875
1395396803|21.875
1395396826|21.875
1395396848|21.875
1395396871|21.875
1395396893|21.875
1395396916|21.875
1395396938|21.875
1395396961|21.875
1395396983|21.875
1395397006|21.812
1395397028|21.812
1395397051|21.812
1395397073|21.812
1395397096|21.812
1395397118|21.812
1395397141|21.812
1395397163|21.812
1395397185|21.812
1395397208|21.812
1395397230|21.812
1395397253|21.812
1395397275|21.812
1395397298|21.812
1395397320|21.812
1395397343|21.75
1395397365|21.75
1395397388|21.75
1395397410|21.75
1395397433|21.75
1395397455|21.75
1395397478|21.75
1395397500|21.75
1395397522|21.75
1395397545|21.75
1395397567|21.75
1395397590|21.75
1395397612|21.75
1395397635|21.75
1395397657|21.75
1395397680|21.687
1395397702|21.687
1395397725|21.687
1395397747|21.687
1395397770|21.687
1395397792|21.687
1395397815|21.687
1395397837|21.687
1395397859|21.687
1395397882|21.687
1395397904|21.687
1395397927|21.687
1395397949|21.687
1395397972|21.687
1395397994|21.687
1395398017|21.687
1395398039|21.687
1395398062|21.687
1395398084|21.625
1395398107|21.625
1395398129|21.625
1395398152|21.625
1395398174|21.625
1395398197|21.625
1395398219|21.625
1395398242|21.625
1395398264|21.625
1395398286|21.625
1395398309|21.625
1395398331|21.625
1395398354|21.625
1395398376|21.625
1395398399|21.562
1395398421|21.625
1395398444|21.562
1395398466|21.562
1395398489|21.625
1395398511|21.562
1395398534|21.562
1395398556|21.562
1395398579|21.562
1395398601|21.562
1395398623|21.562
1395398646|21.562
1395398668|21.562
1395398691|21.562
1395398713|21.562
1395398736|21.562
1395398758|21.562
1395398781|21.562
1395398803|21.562
1395398826|21.562
1395398848|21.562
1395398871|21.5
1395398893|21.562
1395398916|21.562
1395398938|21.5
1395398960|21.562
1395398983|21.5
1395399005|21.5
1395399028|21.5
1395399050|21.5
1395399073|21.5
1395399095|21.5
1395399118|21.5
1395399140|21.5
1395399163|21.5
1395399185|21.5
1395399208|21.5
1395399230|21.5
1395399253|21.5
1395399275|21.5
1395399297|21.5
1395399320|21.5
1395399342|21.5
1395399365|21.5
1395399387|21.5
1395399410|21.5
1395399432|21.5
1395399455|21.5
1395399478|21.5
1395399501|21.437
1395399523|21.437
1395399546|21.437
1395399568|21.5
1395399590|21.437
1395399613|21.437
1395399635|21.437
1395399658|21.437
1395399680|21.5
1395399703|21.437
1395399725|21.437
1395399748|21.437
1395399770|21.437
1395399793|21.437
1395399815|21.437
1395399838|21.437
1395399860|21.437
1395399883|21.437
1395399905|21.437
1395399927|21.437
1395399950|21.437
1395399972|21.437
1395399995|21.437
1395400017|21.437
1395400040|21.437
1395400062|21.437
1395400085|21.437
1395400107|21.437
1395400130|21.375
1395400152|21.375
1395400175|21.375
1395400197|21.375
1395400220|21.375
1395400242|21.375
1395400264|21.375
1395400287|21.375
1395400309|21.375
1395400332|21.375
1395400354|21.375
1395400377|21.375
1395400399|21.375
1395400422|21.375
1395400444|21.375
1395400467|21.375
1395400489|21.375
1395400512|21.375
1395400535|21.375
1395400557|21.375
1395400580|21.375
1395400602|21.375
1395400625|21.375
1395400647|21.375
1395400670|21.375
1395400692|21.375
1395400715|21.375
1395400737|21.375
1395400760|21.375
1395400782|21.375
1395400805|21.375
1395400827|21.375
1395400849|21.375
1395400872|21.375
1395400894|21.375
1395400917|21.312
1395400939|21.312
1395400962|21.312
1395400984|21.312
1395401007|21.375
1395401029|21.312
1395401052|21.312
1395401074|21.312
1395401097|21.312
1395401119|21.312
1395401142|21.312
1395401164|21.375
1395401186|21.312
1395401209|21.312
1395401231|21.312
1395401254|21.312
1395401276|21.312
1395401299|21.312
1395401321|21.312
1395401344|21.312
1395401366|21.312
1395401389|21.312
1395401411|21.312
1395401434|21.312
1395401456|21.312
1395401479|21.312
1395401501|21.312
1395401523|21.312
1395401546|21.312
1395401568|21.312
1395401591|21.312
1395401613|21.312
1395401636|21.312
1395401658|21.312
1395401681|21.312
1395401703|21.312
1395401726|21.312
1395401748|21.312
1395401771|21.312
1395401793|21.312
1395401816|21.312
1395401838|21.312
1395401860|21.312
1395401883|21.312
1395401905|21.312
1395401928|21.312
1395401950|21.312
1395401973|21.312
1395401995|21.25
1395402018|21.312
1395402040|21.25
1395402063|21.25
1395402085|21.312
1395402108|21.312
1395402130|21.312
1395402153|21.25
1395402175|21.25
1395402198|21.25
1395402220|21.312
1395402243|21.25
1395402265|21.312
1395402287|21.25
1395402310|21.25
1395402332|21.25
1395402355|21.25
1395402377|21.25
1395402400|21.25
1395402422|21.25
1395402445|21.25
1395402467|21.25
1395402490|21.25
1395402512|21.25
1395402535|21.25
1395402557|21.25
1395402580|21.25
1395402602|21.25
1395402624|21.25
1395402647|21.25
1395402669|21.25
1395402692|21.25
1395402714|21.25
1395402737|21.25
1395402759|21.25
1395402782|21.25
1395402804|21.25
1395402827|21.25
1395402849|21.25
1395402872|21.25
1395402894|21.25
1395402917|21.25
1395402939|21.25
1395402961|21.25
1395402984|21.25
1395403006|21.25
1395403029|21.25
1395403051|21.25
1395403074|21.25
1395403096|21.25
1395403119|21.25
1395403141|21.25
1395403164|21.187
1395403186|21.25
1395403209|21.25
1395403231|21.25
1395403254|21.25
1395403276|21.187
1395403298|21.25
1395403321|21.187
1395403343|21.187
1395403366|21.187
1395403388|21.25
1395403411|21.187
1395403433|21.25
1395403456|21.187
1395403478|21.187
1395403501|21.25
1395403523|21.187
1395403546|21.187
1395403568|21.187
1395403591|21.187
1395403613|21.187
1395403636|21.187
1395403658|21.187
1395403680|21.187
1395403703|21.187
1395403725|21.187
1395403748|21.187
1395403770|21.187
1395403793|21.187
1395403815|21.187
1395403838|21.187
1395403860|21.187
1395403883|21.187
1395403905|21.187
1395403928|21.187
1395403950|21.187
1395403973|21.187
1395403995|21.187
1395404017|21.187
1395404040|21.187
1395404062|21.187
1395404085|21.187
1395404107|21.187
1395404130|21.187
1395404152|21.187
1395404175|21.187
1395404197|21.187
1395404220|21.187
1395404242|21.187
1395404265|21.187
1395404287|21.187
1395404310|21.187
1395404332|21.187
1395404354|21.187
1395404377|21.125
1395404399|21.187
1395404422|21.187
1395404444|21.187
1395404467|21.187
1395404489|21.187
1395404512|21.187
1395404534|21.187
1395404557|21.187
1395404579|21.187
1395404602|21.187
1395404624|21.187
1395404647|21.187
1395404669|21.125
1395404692|21.187
1395404714|21.187
1395404736|21.125
1395404759|21.187
1395404781|21.125
1395404804|21.125
1395404826|21.187
1395404849|21.125
1395404871|21.125
1395404894|21.125
1395404916|21.125
1395404939|21.125
1395404961|21.125
1395404984|21.125
1395405006|21.125
1395405029|21.125
1395405051|21.25
1395405074|21.687
1395405096|22.125
1395405118|22.687
1395405141|23.25
1395405163|23.875
1395405186|24.437
1395405208|24.937
1395405231|25.375
1395405253|25.812
1395405276|26.125
1395405298|26.375
1395405321|26.562
1395405343|26.75
1395405366|26.875
1395405388|27.0
1395405411|27.125
1395405433|27.25
1395405455|27.312
1395405478|27.437
1395405500|27.5
1395405523|27.562
1395405545|27.625
1395405568|27.625
1395405590|27.687
1395405613|27.687
1395405635|27.687
1395405658|27.687
1395405680|27.687
1395405703|27.687
1395405725|27.687
1395405748|27.625
1395405770|27.625
1395405792|27.562
1395405815|27.562
1395405837|27.5
1395405860|27.437
1395405882|27.437
1395405905|27.375
1395405927|27.375
1395405950|27.312
1395405972|27.312
1395405995|27.25
1395406017|27.187
1395406040|27.125
1395406062|27.125
1395406085|27.125
1395406107|27.125
1395406130|27.062
1395406152|27.062
1395406175|27.0
1395406197|27.0
1395406219|27.0
1395406242|27.0
1395406264|27.0
1395406287|27.0
1395406309|27.0
1395406332|26.937
1395406354|27.0
1395406377|27.0
1395406399|26.937
1395406422|26.937
1395406444|26.937
1395406467|26.937
1395406489|27.0
1395406512|27.0
1395406534|27.125
1395406556|27.25
1395406579|27.5
1395406601|27.687
1395406624|27.75
1395406646|27.75
1395406669|27.75
1395406691|27.687
1395406714|27.687
1395406736|27.687
1395406759|27.625
1395406781|27.625
1395406804|27.562
1395406826|27.562
1395406849|27.5
1395406871|27.5
1395406893|27.437
1395406916|27.437
1395406938|27.375
1395406961|27.375
1395406983|27.312
1395407006|27.25
1395407028|27.25
1395407051|27.187
1395407073|27.187
1395407096|27.125
1395407118|27.125
1395407141|27.062
1395407163|27.062
1395407186|27.062
1395407208|27.062
1395407230|27.062
1395407253|27.0
1395407275|27.0
1395407298|27.0
1395407320|27.0
1395407343|27.0
1395407365|27.0
1395407388|27.0
1395407410|27.0
1395407433|27.0
1395407455|27.0
1395407478|27.0
1395407500|27.0
1395407523|27.0
1395407545|26.937
1395407568|26.937
1395407590|26.937
1395407612|26.937
1395407635|26.937
1395407657|26.937
1395407680|26.937
1395407702|26.937
1395407725|26.937
1395407747|26.937
1395407770|27.0
1395407792|27.0
1395407815|27.0
1395407837|27.0
1395407860|27.062
1395407882|27.062
1395407905|27.062
1395407927|27.125
1395407949|27.125
1395407972|27.187
1395407994|27.187
1395408017|27.25
1395408039|27.312
1395408062|27.437
1395408085|27.5
1395408107|27.625
1395408130|27.75
1395408152|27.875
1395408175|28.0
1395408197|28.125
1395408220|28.312
1395408242|28.437
1395408264|28.437
1395408287|28.812
1395408309|29.0
1395408332|29.0
1395408354|29.312
1395408377|29.437
1395408399|29.625
1395408422|29.75
1395408444|29.875
1395408467|30.062
1395408489|30.062
1395408512|30.25
1395408534|30.25
1395408557|30.25
1395408579|30.312
1395408601|30.25
1395408624|30.25
1395408646|30.312
1395408669|30.312
1395408691|30.312
1395408714|30.312
1395408736|30.375
1395408759|30.437
1395408781|30.437
1395408804|30.437
1395408826|30.5
1395408849|30.437
1395408871|30.437
1395408894|30.437
1395408916|30.437
1395408938|30.375
1395408961|30.312
1395408983|30.25
1395409006|30.25
1395409028|30.062
1395409051|30.0
1395409073|29.875
1395409096|29.812
1395409118|29.812
1395409141|29.687
1395409163|29.562
1395409186|29.5
1395409208|29.5
1395409231|29.437
1395409253|29.375
1395409275|29.312
1395409298|29.312
1395409320|29.25
1395409343|29.25
1395409365|29.187
1395409388|29.187
1395409410|29.125
1395409433|29.125
1395409455|29.062
1395409478|29.062
1395409500|29.062
1395409523|29.0
1395409545|29.0
1395409568|29.0
1395409590|28.937
1395409613|28.937
1395409635|28.875
1395409658|28.875
1395409680|28.812
1395409702|28.812
1395409725|28.812
1395409747|28.812
1395409770|28.75
1395409792|28.75
1395409815|28.75
1395409837|28.75
1395409860|28.687
1395409882|28.687
1395409905|28.687
1395409927|28.625
1395409950|28.625
1395409972|28.625
1395409995|28.625
1395410017|28.562
1395410039|28.562
1395410062|28.562
1395410084|28.5
1395410107|28.5
1395410129|28.437
1395410152|28.437
1395410174|28.437
1395410197|28.437
1395410219|28.375
1395410242|28.375
1395410264|28.312
1395410287|28.312
1395410309|28.312
1395410332|28.312
1395410354|28.25
1395410377|28.25
1395410399|28.25
1395410422|28.25
1395410444|28.187
1395410466|28.187
1395410489|28.187
1395410511|28.187
1395410534|28.125
1395410556|28.125
1395410579|28.125
1395410601|28.062
1395410624|28.062
1395410646|28.062
1395410669|28.0
1395410691|28.0
1395410714|28.0
1395410736|27.937
1395410759|27.937
1395410781|27.937
1395410803|27.937
1395410826|27.875
1395410848|27.875
1395410871|27.875
1395410893|27.875
1395410916|27.812
1395410938|27.812
1395410961|27.812
1395410983|27.812
1395411006|27.75
1395411028|27.75
1395411051|27.75
1395411073|27.687
1395411096|27.687
1395411118|27.687
1395411140|27.687
1395411163|27.625
1395411185|27.625
1395411208|27.625
1395411230|27.625
1395411253|27.625
1395411275|27.625
1395411298|27.625
1395411320|27.625
1395411343|27.625
1395411365|27.687
1395411388|27.687
1395411410|27.687
1395411433|27.75
1395411455|27.687
1395411478|27.687
1395411500|27.687
1395411522|27.812
1395411545|27.812
1395411567|27.812
1395411590|27.812
1395411612|27.812
1395411635|27.812
1395411657|27.812
1395411680|27.812
1395411702|27.812
1395411725|27.812
1395411747|27.812
1395411770|27.875
1395411792|27.875
1395411815|27.875
1395411837|27.875
1395411859|27.875
1395411882|27.875
1395411904|27.875
1395411927|27.875
1395411949|27.812
1395411972|27.812
1395411994|27.812
1395412017|27.875
1395412039|27.812
1395412062|27.875
1395412084|27.812
1395412107|27.812
1395412129|27.812
1395412152|27.812
1395412174|27.812
1395412196|27.812
1395412219|27.812
1395412241|27.812
1395412264|27.812
1395412286|27.812
1395412309|27.812
1395412331|27.812
1395412354|27.812
1395412376|27.812
1395412399|27.812
1395412421|27.812
1395412444|27.812
1395412466|27.812
1395412489|27.812
1395412511|27.812
1395412534|27.75
1395412556|27.75
1395412579|27.75
1395412601|27.75
1395412623|27.75
1395412646|27.75
1395412668|27.687
1395412691|27.75
1395412713|27.687
1395412736|27.687
1395412758|27.687
1395412781|27.687
1395412803|27.687
1395412826|27.687
1395412848|27.687
1395412871|27.687
1395412893|27.687
1395412916|27.687
1395412938|27.687
1395412960|27.687
1395412983|27.687
1395413005|27.687
1395413028|27.687
1395413050|27.687
1395413073|27.687
1395413095|27.687
1395413118|27.687
1395413140|27.687
1395413163|27.687
1395413185|27.687
1395413208|27.687
1395413230|27.687
1395413253|27.687
1395413275|27.687
1395413297|27.75
1395413320|27.75
1395413342|27.75
1395413365|27.75
1395413387|27.75
1395413410|27.75
1395413432|27.75
1395413455|27.75
1395413477|27.75
1395413500|27.75
1395413522|27.75
1395413545|27.75
1395413567|27.75
1395413590|27.687
1395413612|27.687
1395413634|27.687
1395413657|27.687
1395413679|27.687
1395413702|27.687
1395413724|27.687
1395413747|27.625
1395413769|27.687
1395413792|27.625
1395413814|27.625
1395413837|27.625
1395413859|27.625
1395413882|27.625
1395413904|27.625
1395413927|27.625
1395413949|27.562
1395413971|27.562
1395413994|27.562
1395414016|27.562
1395414039|27.562
1395414061|27.562
1395414084|27.562
1395414106|27.562
1395414129|27.562
1395414151|27.625
1395414174|27.687
1395414196|27.875
1395414219|28.0
1395414241|28.187
1395414264|28.25
1395414286|28.312
1395414308|28.375
1395414331|28.375
1395414353|28.437
1395414376|28.437
1395414398|28.437
1395414421|28.5
1395414443|28.5
1395414466|28.5
1395414488|28.5
1395414511|28.5
1395414533|28.5
1395414556|28.5
1395414578|28.562
1395414601|28.562
1395414623|28.562
1395414646|28.562
1395414668|28.562
1395414690|28.562
1395414713|28.562
1395414735|28.562
1395414758|28.562
1395414780|28.562
1395414803|28.562
1395414825|28.562
1395414848|28.562
1395414870|28.625
1395414893|28.625
1395414915|28.562
1395414938|28.625
1395414960|28.625
1395414983|28.625
1395415005|28.625
1395415028|28.625
1395415050|28.625
1395415072|28.625
1395415095|28.625
1395415117|28.625
1395415140|28.625
1395415162|28.625
1395415185|28.625
1395415207|28.625
1395415230|28.687
1395415252|28.687
1395415275|28.625
1395415297|28.687
1395415320|28.687
1395415342|28.687
1395415365|28.687
1395415387|28.687
1395415409|28.687
1395415432|28.687
1395415454|28.687
1395415477|28.687
1395415499|28.687
1395415522|28.687
1395415544|28.687
1395415567|28.687
1395415589|28.75
1395415612|28.687
1395415634|28.75
1395415657|28.687
1395415679|28.75
1395415702|28.75
1395415724|28.75
1395415746|28.75
1395415769|28.75
1395415791|28.75
1395415814|28.75
1395415836|28.75
1395415859|28.75
1395415881|28.75
1395415904|28.75
1395415926|28.75
1395415949|28.75
1395415971|28.75
1395415994|28.75
1395416016|28.75
1395416039|28.812
1395416061|28.812
1395416083|28.812
1395416106|28.812
1395416128|28.812
1395416151|28.812
1395416173|28.812
1395416196|28.812
1395416218|28.812
1395416241|28.812
1395416263|28.812
1395416286|28.812
1395416308|28.812
1395416331|28.812
1395416353|28.812
1395416376|28.812
1395416398|28.812
1395416420|28.812
1395416443|28.812
1395416465|28.812
1395416488|28.812
1395416510|28.812
1395416533|28.812
1395416555|28.812
1395416578|28.812
1395416600|28.812
1395416623|28.812
1395416645|28.812
1395416668|28.875
1395416690|28.812
1395416713|28.875
1395416735|28.875
1395416758|28.875
1395416780|28.875
1395416802|28.875
1395416825|28.875
1395416847|28.812
1395416870|28.875
1395416892|28.875
1395416915|28.875
1395416937|28.875
1395416960|28.875
1395416982|28.875
1395417005|28.875
1395417027|28.875
1395417050|28.875
1395417072|28.812
1395417095|28.875
1395417117|28.875
1395417139|28.875
1395417162|28.875
1395417184|28.875
1395417207|28.875
1395417229|28.875
1395417252|28.875
1395417274|28.875
1395417297|28.875
1395417319|28.875
1395417342|28.875
1395417364|28.875
1395417387|28.875
1395417409|28.875
1395417432|28.875
1395417454|28.875
1395417476|28.875
1395417499|28.875
1395417521|28.875
1395417544|28.875
1395417566|28.875
1395417589|28.875
1395417611|28.875
1395417634|28.875
1395417656|28.875
1395417679|28.875
1395417701|28.875
1395417724|28.875
1395417746|28.875
1395417769|28.875
1395417791|28.875
1395417814|28.875
1395417836|28.875
1395417859|28.875
1395417881|28.875
1395417903|28.937
1395417926|29.187
1395417948|29.187
1395417971|29.437
1395417993|29.562
1395418016|29.562
1395418038|29.625
1395418061|29.687
1395418083|29.687
1395418106|29.75
1395418128|29.75
1395418151|29.75
1395418173|29.75
1395418196|29.812
1395418218|29.812
1395418240|29.812
1395418263|29.812
1395418285|29.812
1395418308|29.812
1395418330|29.875
1395418353|29.875
1395418375|29.875
1395418398|29.875
1395418420|29.875
1395418443|29.875
1395418465|29.937
1395418488|29.937
1395418510|29.937
1395418533|29.937
1395418555|29.937
1395418577|30.0
1395418600|29.937
1395418622|30.0
1395418645|30.0
1395418667|30.0
1395418690|30.0
1395418712|30.0
1395418735|30.062
1395418757|30.062
1395418780|30.062
1395418802|30.062
1395418825|30.062
1395418847|30.125
1395418870|30.125
1395418892|30.125
1395418914|30.125
1395418937|30.125
1395418959|30.125
1395418982|30.125
1395419004|30.125
1395419027|30.125
1395419049|30.187
1395419072|30.187
1395419094|30.187
1395419117|30.187
1395419139|30.187
1395419162|30.25
1395419184|30.25
1395419207|30.25
1395419229|30.25
1395419251|30.25
1395419274|30.25
1395419296|30.25
1395419319|30.312
1395419341|30.312
1395419364|30.312
1395419386|30.312
1395419409|30.312
1395419431|30.312
1395419454|30.312
1395419476|30.312
1395419499|30.312
1395419521|30.375
1395419544|30.375
1395419566|30.375
1395419588|30.375
1395419611|30.375
1395419633|30.375
1395419656|30.437
1395419678|30.437
1395419701|30.437
1395419723|30.437
1395419746|30.437
1395419768|30.437
1395419791|30.437
1395419813|30.437
1395419836|30.437
1395419858|30.5
1395419881|30.437
1395419903|30.5
1395419926|30.5
1395419948|30.5
1395419971|30.5
1395419993|30.5
1395420015|30.5
1395420038|30.5
1395420060|30.5
1395420083|30.5
1395420105|30.5
1395420128|30.5
1395420150|30.5
1395420173|30.562
1395420195|30.562
1395420218|30.562
1395420240|30.562
1395420263|30.562
1395420285|30.562
1395420308|30.562
1395420330|30.562
1395420352|30.562
1395420375|30.562
1395420397|30.562
1395420420|30.625
1395420442|30.625
1395420465|30.625
1395420487|30.625
1395420510|30.625
1395420532|30.625
1395420555|30.625
1395420577|30.625
1395420600|30.625
1395420622|30.625
1395420645|30.687
1395420667|30.687
1395420689|30.687
1395420712|30.687
1395420734|30.687
1395420757|30.687
1395420779|30.687
1395420802|30.687
1395420824|30.687
1395420847|30.687
1395420869|30.687
1395420892|30.687
1395420914|30.687
1395420937|30.687
1395420959|30.687
1395420982|30.687
1395421004|30.75
1395421026|30.75
1395421049|30.75
1395421071|30.75
1395421094|30.75
1395421116|30.75
1395421139|30.75
1395421161|30.75
1395421184|30.75
1395421206|30.75
1395421229|30.75
1395421251|30.75
1395421274|30.75
1395421296|30.75
1395421319|30.75
1395421341|30.75
1395421364|30.75
1395421386|30.75
1395421408|30.75
1395421431|30.812
1395421453|30.812
1395421476|30.812
1395421498|30.812
1395421521|30.812
1395421543|30.812
1395421566|30.812
1395421588|30.812
1395421611|30.812
1395421633|30.812
1395421656|30.812
1395421678|30.812
1395421701|30.812
1395421723|30.812
1395421745|30.812
1395421768|30.812
1395421790|30.812
1395421813|30.875
1395421835|30.875
1395421858|30.875
1395421880|30.875
1395421903|30.875
1395421925|30.875
1395421948|30.875
1395421970|30.875
1395421993|30.875
1395422015|30.875
1395422038|30.875
1395422060|30.875
1395422082|30.875
1395422105|30.875
1395422127|30.875
1395422150|30.875
1395422172|30.875
1395422195|30.875
1395422217|30.937
1395422240|30.937
1395422262|30.937
1395422285|30.937
1395422307|30.937
1395422330|31.0
1395422352|30.937
1395422375|31.0
1395422397|31.0
1395422419|31.0
1395422442|31.0
1395422464|31.0
1395422487|31.0
1395422509|31.0
1395422532|31.0
1395422554|31.0
1395422577|31.062
1395422599|31.062
1395422622|31.062
1395422644|31.062
1395422667|31.062
1395422689|31.125
1395422712|31.125
1395422734|31.187
1395422756|31.187
1395422779|31.25
1395422801|31.25
1395422824|31.25
1395422846|31.25
1395422869|31.312
1395422891|31.312
1395422914|31.312
1395422936|31.375
1395422959|31.375
1395422981|31.312
1395423004|31.375
1395423026|31.375
1395423049|31.437
1395423071|31.437
1395423094|31.5
1395423116|31.562
1395423139|31.625
1395423161|31.687
1395423183|31.812
1395423206|31.875
1395423228|32.0
1395423251|32.125
1395423273|32.312
1395423296|32.437
1395423318|32.562
1395423341|32.687
1395423363|32.812
1395423386|32.812
1395423408|32.937
1395423431|32.937
1395423453|33.0
1395423476|33.062
1395423498|33.125
1395423520|33.187
1395423543|33.312
1395423565|33.437
1395423588|33.562
1395423610|33.75
1395423633|33.875
1395423655|34.062
1395423678|34.125
1395423700|34.25
1395423723|34.437
1395423745|34.5
1395423768|34.437
1395423790|34.312
1395423813|34.25
1395423835|34.187
1395423857|34.125
1395423880|34.125
1395423902|34.125
1395423925|34.062
1395423947|34.062
1395423970|34.062
1395423992|34.062
1395424015|34.0
1395424037|33.937
1395424060|33.875
1395424082|33.875
1395424105|33.812
1395424127|33.75
1395424150|33.625
1395424172|33.5
1395424194|33.437
1395424217|33.375
1395424239|33.187
1395424262|33.125
1395424284|33.062
1395424307|33.0
1395424329|32.875
1395424352|32.875
1395424374|32.812
1395424397|32.812
1395424419|32.687
1395424442|32.687
1395424464|32.625
1395424487|32.625
1395424509|32.562
1395424532|32.5
1395424554|32.5
1395424576|32.437
1395424599|32.375
1395424621|32.375
1395424644|32.312
1395424666|32.25
1395424689|32.25
1395424711|32.187
1395424734|32.187
1395424756|32.125
1395424779|32.062
1395424801|32.062
1395424824|32.0
1395424846|32.0
1395424869|31.937
1395424891|31.937
1395424914|31.875
1395424936|31.875
1395424958|31.812
1395424981|31.812
1395425003|31.75
1395425026|31.75
1395425048|31.687
1395425071|31.687
1395425093|31.625
1395425116|31.625
1395425138|31.562
1395425161|31.562
1395425183|31.5
1395425206|31.5
1395425228|31.437
1395425251|31.437
1395425273|31.375
1395425295|31.375
1395425318|31.312
1395425340|31.312
1395425363|31.25
1395425385|31.25
1395425408|31.187
1395425430|31.187
1395425453|31.125
1395425475|31.125
1395425498|31.062
1395425520|31.062
1395425543|31.0
1395425565|31.0
1395425588|30.937
1395425610|30.937
1395425632|30.875
1395425655|30.875
1395425677|30.812
1395425700|30.812
1395425722|30.812
1395425745|30.75
1395425767|30.75
1395425790|30.687
1395425812|30.687
1395425835|30.687
1395425857|30.625
1395425880|30.687
1395425902|30.625
1395425925|30.687
1395425947|30.687
1395425969|30.75
1395425992|30.687
1395426014|30.687
1395426037|30.812
1395426059|30.812
1395426082|30.812
1395426104|30.812
1395426127|30.812
1395426149|30.812
1395426172|30.875
1395426194|30.937
1395426217|30.937
1395426239|30.937
1395426262|30.875
1395426284|30.875
1395426307|30.875
1395426329|30.937
1395426351|30.937
1395426374|30.937
1395426396|30.937
1395426419|30.937
1395426441|30.937
1395426464|30.937
1395426486|31.0
1395426509|31.0
1395426531|31.0
1395426554|31.0
1395426576|30.937
1395426599|31.0
1395426621|31.0
1395426644|31.0
1395426666|31.0
1395426688|31.0
1395426711|31.0
1395426733|31.0
1395426756|31.0
1395426778|31.0
1395426801|31.0
1395426823|31.0
1395426846|31.0
1395426868|30.937
1395426891|31.0
1395426913|31.0
1395426936|30.937
1395426958|31.0
1395426981|30.937
1395427003|30.937
1395427025|30.937
1395427048|30.937
1395427070|30.937
1395427093|30.937
1395427115|30.937
1395427138|30.937
1395427160|31.0
1395427183|30.937
1395427205|30.937
1395427228|31.0
1395427250|30.937
1395427273|31.0
1395427295|31.0
1395427318|31.0
1395427340|31.062
1395427362|31.0
1395427385|31.0
1395427407|31.0
1395427430|30.937
1395427452|30.937
1395427475|30.937
1395427497|30.875
1395427520|30.875
1395427542|30.812
1395427565|30.812
1395427587|30.75
1395427610|30.687
1395427632|30.687
1395427655|30.687
1395427677|30.625
1395427699|30.625
1395427722|30.625
1395427744|30.562
1395427767|30.5
1395427789|30.5
1395427812|30.562
1395427834|30.625
1395427857|30.75
1395427879|31.062
1395427902|31.312
1395427924|31.5
1395427947|31.625
1395427969|31.687
1395427992|31.812
1395428014|31.875
1395428036|31.875
1395428059|31.875
1395428081|31.937
1395428104|31.937
1395428126|31.937
1395428149|31.937
1395428171|31.937
1395428194|31.937
1395428216|31.937
1395428239|31.937
1395428261|31.937
1395428284|31.937
1395428306|31.937
1395428329|31.937
1395428351|31.937
1395428373|31.937
1395428396|31.937
1395428418|31.937
1395428441|32.0
1395428463|32.0
1395428486|32.0
1395428508|32.0
1395428531|32.0
1395428553|32.0
1395428576|32.0
1395428598|32.0
1395428621|32.0
1395428643|32.0
1395428666|32.0
1395428688|32.0
1395428710|32.0
1395428733|32.0
1395428755|32.0
1395428778|32.062
1395428800|32.062
1395428823|32.062
1395428845|32.062
1395428868|32.062
1395428890|32.062
1395428913|32.062
1395428935|32.062
1395428958|32.062
1395428980|32.062
1395429003|32.062
1395429025|32.062
1395429048|32.062
1395429070|32.062
1395429092|32.062
1395429115|32.062
1395429137|32.062
1395429160|32.125
1395429182|32.125
1395429205|32.125
1395429227|32.125
1395429250|32.125
1395429272|32.125
1395429295|32.125
1395429317|32.125
1395429340|32.125
1395429362|32.125
1395429385|32.125
1395429407|32.125
1395429430|32.125
1395429452|32.125
1395429474|32.125
1395429497|32.125
1395429519|32.125
1395429542|32.125
1395429564|32.125
1395429587|32.125
1395429609|32.187
1395429632|32.125
1395429654|32.187
1395429677|32.125
1395429699|32.125
1395429722|32.187
1395429744|32.125
1395429767|32.187
1395429789|32.187
1395429811|32.125
1395429834|32.125
1395429856|32.187
1395429879|32.187
1395429901|32.187
1395429924|32.187
1395429946|32.187
1395429969|32.187
1395429991|32.187
1395430014|32.187
1395430036|32.187
1395430059|32.187
1395430081|32.187
1395430104|32.187
1395430126|32.187
1395430149|32.187
1395430171|32.187
1395430193|32.187
1395430216|32.187
1395430238|32.187
1395430261|32.187
1395430283|32.187
1395430306|32.187
1395430328|32.187
1395430351|32.187
1395430373|32.25
1395430396|32.187
