1396121761|26.0
1396121784|26.0
1396121806|26.062
1396121830|26.062
1396121852|26.062
1396121874|26.0
1396121897|26.0
1396121919|26.0
1396121942|26.0
1396121964|26.0
1396121987|26.0
1396122009|26.0
1396122032|26.0
1396122054|26.062
1396122077|26.0
1396122099|26.0
1396122122|26.0
1396122144|26.0
1396122167|26.0
1396122189|26.0
1396122211|26.0
1396122234|26.0
1396122256|26.0
1396122279|26.0
1396122301|26.0
1396122324|26.0
1396122346|26.0
1396122369|26.0
1396122391|26.0
1396122414|26.0
1396122436|26.0
1396122459|26.0
1396122481|26.0
1396122504|26.0
1396122526|26.0
1396122549|25.937
1396122571|26.0
1396122593|25.937
1396122616|26.0
1396122638|26.0
1396122661|25.937
1396122683|26.0
1396122706|26.0
1396122728|26.0
1396122751|26.0
1396122773|26.0
1396122796|26.0
1396122818|25.937
1396122841|26.0
1396122863|26.0
1396122886|25.937
1396122908|25.937
1396122931|26.0
1396122953|25.937
1396122975|25.937
1396122998|25.937
1396123020|25.937
1396123043|25.937
1396123065|25.937
1396123088|25.937
1396123110|25.937
1396123133|25.937
1396123155|25.937
1396123178|25.937
1396123200|25.937
1396123223|25.937
1396123245|25.937
1396123268|25.937
1396123290|25.937
1396123312|25.937
1396123335|25.937
1396123357|25.937
1396123380|25.937
1396123402|25.937
1396123425|25.937
1396123447|25.875
1396123470|25.875
1396123492|25.937
1396123515|25.937
1396123537|25.937
1396123560|25.875
1396123582|25.875
1396123605|25.875
1396123627|25.875
1396123649|25.875
1396123672|25.875
1396123694|25.875
1396123717|25.875
1396123739|25.875
1396123762|25.875
1396123784|25.875
1396123807|25.875
1396123829|25.875
1396123852|25.875
1396123874|25.875
1396123897|25.875
1396123919|25.875
1396123942|25.875
1396123964|25.875
1396123986|25.875
1396124009|25.875
1396124031|25.875
1396124054|25.875
1396124076|25.875
1396124099|25.812
1396124121|25.875
1396124144|25.812
1396124166|25.875
1396124189|25.812
1396124211|25.812
1396124234|25.812
1396124256|25.812
1396124279|25.812
1396124301|25.812
1396124323|25.812
1396124346|25.812
1396124368|25.812
1396124391|25.812
1396124413|25.812
1396124436|25.812
1396124458|25.812
1396124481|25.812
1396124503|25.812
1396124526|25.812
1396124548|25.812
1396124571|25.812
1396124593|25.812
1396124616|25.812
1396124638|25.812
1396124661|25.812
1396124683|25.75
1396124705|25.75
1396124728|25.75
1396124750|25.75
1396124773|25.75
1396124795|25.75
1396124818|25.75
1396124840|25.75
1396124863|25.75
1396124885|25.75
1396124908|25.75
1396124930|25.875
1396124953|25.937
1396124975|26.0
1396124998|26.062
1396125020|26.125
1396125043|26.125
1396125065|26.125
1396125087|26.187
1396125110|26.187
1396125132|26.25
1396125155|26.25
1396125177|26.25
1396125200|26.25
1396125222|26.25
1396125245|26.312
1396125267|26.312
1396125290|26.312
1396125312|26.375
1396125335|26.312
1396125357|26.375
1396125380|26.375
1396125402|26.375
1396125425|26.437
1396125447|26.375
1396125469|26.375
1396125492|26.437
1396125514|26.437
1396125537|26.437
1396125559|26.437
1396125582|26.5
1396125604|26.5
1396125627|26.5
1396125649|26.5
1396125672|26.5
1396125694|26.5
1396125717|26.562
1396125739|26.562
1396125762|26.5
1396125784|26.5
1396125806|26.5
1396125829|26.5
1396125851|26.562
1396125874|26.562
1396125896|26.562
1396125919|26.562
1396125941|26.562
1396125964|26.562
1396125986|26.562
1396126009|26.562
1396126031|26.562
1396126054|26.562
1396126076|26.625
1396126099|26.625
1396126121|26.625
1396126143|26.625
1396126166|26.625
1396126188|26.625
1396126211|26.625
1396126233|26.625
1396126256|26.625
1396126278|26.625
1396126301|26.625
1396126323|26.625
1396126346|26.625
1396126368|26.687
1396126391|26.687
1396126413|26.625
1396126436|26.687
1396126458|26.625
1396126480|26.625
1396126503|26.687
1396126525|26.687
1396126548|26.687
1396126570|26.687
1396126593|26.687
1396126615|26.687
1396126638|26.687
1396126660|26.625
1396126683|26.687
1396126705|26.687
1396126728|26.687
1396126750|26.687
1396126773|26.687
1396126795|26.687
1396126818|26.687
1396126840|26.687
1396126863|26.687
1396126885|26.625
1396126907|26.625
1396126930|26.625
1396126952|26.687
1396126975|26.625
1396126997|26.625
1396127020|26.687
1396127042|26.687
1396127065|26.687
1396127087|26.687
1396127110|26.687
1396127132|26.687
1396127155|26.687
1396127177|26.625
1396127200|26.687
1396127222|26.687
1396127244|26.687
1396127267|26.625
1396127289|26.625
1396127312|26.625
1396127334|26.625
1396127357|26.687
1396127379|26.687
1396127402|26.687
1396127424|26.687
1396127447|26.625
1396127469|26.687
1396127492|26.687
1396127514|26.625
1396127537|26.625
1396127559|26.625
1396127581|26.625
1396127604|26.625
1396127626|26.687
1396127649|26.625
1396127671|26.625
1396127694|26.625
1396127716|26.625
1396127739|26.625
1396127761|26.625
1396127784|26.625
1396127806|26.625
1396127829|26.625
1396127851|26.625
1396127874|26.625
1396127896|26.625
1396127918|26.625
1396127941|26.625
1396127963|26.625
1396127986|26.625
1396128008|26.625
1396128031|26.625
1396128053|26.625
1396128076|26.625
1396128098|26.625
1396128121|26.562
1396128143|26.562
1396128166|26.562
1396128188|26.562
1396128211|26.562
1396128233|26.562
1396128256|26.562
1396128278|26.562
1396128301|26.562
1396128323|26.562
1396128345|26.562
1396128368|26.562
1396128390|26.562
1396128413|26.562
1396128435|26.562
1396128458|26.562
1396128480|26.562
1396128503|26.5
1396128525|26.562
1396128548|26.562
1396128570|26.562
1396128593|26.5
1396128615|26.5
1396128638|26.5
1396128660|26.5
1396128682|26.5
1396128705|26.5
1396128727|26.5
1396128750|26.5
1396128772|26.5
1396128795|26.5
1396128817|26.5
1396128840|26.5
1396128862|26.437
1396128885|26.437
1396128907|26.437
1396128930|26.437
1396128952|26.5
1396128975|26.437
1396128997|26.437
1396129019|26.437
1396129042|26.437
1396129064|26.437
1396129087|26.437
1396129109|26.5
1396129132|26.562
1396129154|26.625
1396129177|26.625
1396129199|26.687
1396129222|26.687
1396129244|26.75
1396129267|26.75
1396129289|26.75
1396129312|26.812
1396129334|26.812
1396129356|26.812
1396129379|26.812
1396129401|26.812
1396129424|26.812
1396129446|26.812
1396129469|26.875
1396129491|26.812
1396129514|26.812
1396129536|26.812
1396129559|26.812
1396129581|26.812
1396129604|26.812
1396129626|26.812
1396129649|26.875
1396129671|26.875
1396129693|26.875
1396129716|26.875
1396129738|26.937
1396129761|26.875
1396129783|26.875
1396129806|26.875
1396129828|26.875
1396129851|26.875
1396129873|26.937
1396129896|26.937
1396129918|26.937
1396129941|26.937
1396129963|26.937
1396129986|26.937
1396130008|26.937
1396130030|26.937
1396130053|26.937
1396130075|26.937
1396130098|26.937
1396130120|26.937
1396130143|26.937
1396130165|26.937
1396130188|26.937
1396130210|26.937
1396130233|26.937
1396130255|26.937
1396130278|26.937
1396130300|26.937
1396130323|26.937
1396130345|26.937
1396130368|27.0
1396130390|26.937
1396130412|26.937
1396130435|26.937
1396130457|26.937
1396130480|26.937
1396130502|26.937
1396130525|26.937
1396130547|26.937
1396130570|26.937
1396130592|26.937
1396130615|26.937
1396130637|26.937
1396130660|26.937
1396130682|26.937
1396130705|26.937
1396130727|26.937
1396130749|26.937
1396130772|26.937
1396130794|26.937
1396130817|26.937
1396130839|26.937
1396130862|26.937
1396130884|26.937
1396130907|26.937
1396130929|26.937
1396130952|26.937
1396130974|26.937
1396130997|26.937
1396131019|26.875
1396131042|26.875
1396131064|26.875
1396131086|26.875
1396131109|26.875
1396131131|26.875
1396131154|26.875
1396131176|26.875
1396131199|26.875
1396131221|26.875
1396131244|26.875
1396131266|26.875
1396131289|26.875
1396131311|26.875
1396131334|26.875
1396131356|26.875
1396131379|26.875
1396131401|26.875
1396131423|26.875
1396131446|26.812
1396131468|26.812
1396131491|26.875
1396131513|26.812
1396131536|26.875
1396131558|26.875
1396131581|26.812
1396131603|26.812
1396131626|26.812
1396131648|26.812
1396131671|26.812
1396131693|26.812
1396131716|26.812
1396131738|26.812
1396131760|26.812
1396131783|26.812
1396131805|26.75
1396131828|26.75
1396131850|26.75
1396131873|26.75
1396131895|26.812
1396131918|26.812
1396131940|26.75
1396131963|26.75
1396131985|26.75
1396132008|26.75
1396132030|26.75
1396132053|26.75
1396132075|26.75
1396132098|26.75
1396132120|26.687
1396132143|26.75
1396132165|26.75
1396132187|26.687
1396132210|26.687
1396132232|26.687
1396132255|26.687
1396132277|26.687
1396132300|26.812
1396132322|26.812
1396132345|26.875
1396132367|26.875
1396132390|26.937
1396132412|26.937
1396132435|26.937
1396132457|26.937
1396132480|27.0
1396132502|27.0
1396132524|27.0
1396132547|27.0
1396132569|27.0
1396132592|27.0
1396132614|27.0
1396132637|27.062
1396132659|27.0
1396132682|27.062
1396132704|27.062
1396132727|27.062
1396132749|27.062
1396132772|27.062
1396132794|27.062
1396132817|27.062
1396132839|27.062
1396132861|27.062
1396132884|27.062
1396132906|27.062
1396132929|27.062
1396132951|27.062
1396132974|27.062
1396132996|27.062
1396133019|27.062
1396133041|27.062
1396133064|27.062
1396133086|27.125
1396133109|27.062
1396133131|27.062
1396133154|27.062
1396133176|27.062
1396133198|27.062
1396133221|27.062
1396133243|27.062
1396133266|27.062
1396133288|27.062
1396133311|27.062
1396133333|27.062
1396133356|27.062
1396133378|27.062
1396133401|27.062
1396133423|27.062
1396133446|27.062
1396133468|27.062
1396133491|27.062
1396133513|27.062
1396133536|27.062
1396133558|27.062
1396133581|27.062
1396133603|27.062
1396133625|27.062
1396133648|27.062
1396133670|27.062
1396133693|27.062
1396133715|27.062
1396133738|27.0
1396133760|27.0
1396133783|27.0
1396133805|27.0
1396133828|27.0
1396133850|27.0
1396133873|27.0
1396133895|27.0
1396133918|27.0
1396133940|27.0
1396133962|27.0
1396133985|27.0
1396134007|27.0
1396134030|26.937
1396134052|26.937
1396134075|27.0
1396134097|27.0
1396134120|26.937
1396134142|26.937
1396134165|27.0
1396134187|27.0
1396134210|26.937
1396134232|26.937
1396134255|26.937
1396134277|26.937
1396134299|26.937
1396134322|26.937
1396134344|26.937
1396134367|26.937
1396134389|26.937
1396134412|26.937
1396134434|26.937
1396134457|27.0
1396134479|27.0
1396134502|27.062
1396134524|27.062
1396134547|27.125
1396134569|27.187
1396134592|27.125
1396134614|27.125
1396134636|27.125
1396134659|27.125
1396134681|27.125
1396134704|27.125
1396134726|27.187
1396134749|27.187
1396134771|27.187
1396134794|27.187
1396134816|27.187
1396134839|27.187
1396134861|27.187
1396134884|27.187
1396134906|27.187
1396134929|27.187
1396134951|27.187
1396134973|27.187
1396134996|27.25
1396135018|27.25
1396135041|27.25
1396135063|27.187
1396135086|27.187
1396135108|27.187
1396135131|27.187
1396135153|27.187
1396135176|27.187
1396135198|27.187
1396135221|27.187
1396135243|27.187
1396135266|27.187
1396135288|27.187
1396135310|27.187
1396135333|27.187
1396135355|27.187
1396135378|27.187
1396135400|27.187
1396135423|27.187
1396135445|27.187
1396135468|27.187
1396135490|27.187
1396135513|27.187
1396135535|27.125
1396135558|27.187
1396135580|27.125
1396135603|27.125
1396135625|27.125
1396135648|27.125
1396135670|27.125
1396135692|27.125
1396135715|27.125
1396135737|27.125
1396135760|27.125
1396135782|27.125
1396135805|27.125
1396135827|27.062
1396135850|27.125
1396135872|27.062
1396135895|27.125
1396135917|27.062
1396135940|27.062
1396135962|27.062
1396135985|27.062
1396136007|27.062
1396136029|27.062
1396136052|27.062
1396136074|27.062
1396136097|27.0
1396136119|27.0
1396136142|27.0
1396136164|27.0
1396136187|27.0
1396136209|27.0
1396136232|27.0
1396136254|27.0
1396136277|26.937
1396136299|26.937
1396136322|27.0
1396136344|27.062
1396136366|27.062
1396136389|27.125
1396136411|27.125
1396136434|27.125
1396136456|27.125
1396136479|27.125
1396136501|27.125
1396136524|27.125
1396136546|27.125
1396136569|27.125
1396136591|27.125
1396136614|27.125
1396136636|27.187
1396136659|27.125
1396136681|27.125
1396136703|27.125
1396136726|27.125
1396136748|27.125
1396136771|27.125
1396136793|27.125
1396136816|27.125
1396136838|27.125
1396136861|27.125
1396136883|27.125
1396136906|27.125
1396136928|27.125
1396136951|27.125
1396136973|27.125
1396136996|27.062
1396137018|27.062
1396137040|27.062
1396137063|27.062
1396137085|27.062
1396137108|27.062
1396137130|27.062
1396137153|27.062
1396137175|27.062
1396137198|27.062
1396137220|27.062
1396137243|27.062
1396137265|27.125
1396137288|27.125
1396137310|27.125
1396137333|27.125
1396137355|27.125
1396137377|27.187
1396137400|27.187
1396137422|27.187
1396137445|27.187
1396137467|27.187
1396137490|27.187
1396137512|27.187
1396137535|27.187
1396137557|27.187
1396137580|27.187
1396137602|27.187
1396137625|27.187
1396137647|27.187
1396137670|27.187
1396137692|27.187
1396137715|27.187
1396137737|27.125
1396137760|27.187
1396137782|27.187
1396137804|27.187
1396137827|27.125
1396137849|27.125
1396137872|27.125
1396137894|27.125
1396137917|27.125
1396137939|27.125
1396137962|27.125
1396137984|27.125
1396138007|27.125
1396138029|27.125
1396138052|27.125
1396138074|27.062
1396138097|27.062
1396138119|27.062
1396138141|27.125
1396138164|27.187
1396138186|27.187
1396138209|27.187
1396138231|27.187
1396138254|27.25
1396138276|27.187
1396138299|27.25
1396138321|27.25
1396138344|27.25
1396138366|27.25
1396138389|27.25
1396138411|27.25
1396138434|27.187
1396138456|27.25
1396138478|27.25
1396138501|27.25
1396138523|27.187
1396138546|27.25
1396138568|27.25
1396138591|27.187
1396138613|27.187
1396138636|27.187
1396138658|27.187
1396138681|27.187
1396138703|27.187
1396138726|27.187
1396138748|27.187
1396138771|27.187
1396138793|27.187
1396138815|27.187
1396138838|27.25
1396138860|27.25
1396138883|27.25
1396138905|27.25
1396138928|27.25
1396138950|27.25
1396138973|27.312
1396138995|27.25
1396139018|27.25
1396139040|27.25
1396139063|27.25
1396139085|27.25
1396139108|27.25
1396139130|27.25
1396139153|27.25
1396139175|27.25
1396139197|27.25
1396139220|27.25
1396139242|27.25
1396139265|27.25
1396139287|27.25
1396139310|27.25
1396139332|27.25
1396139355|27.25
1396139377|27.25
1396139400|27.25
1396139422|27.25
1396139445|27.312
1396139467|27.312
1396139490|27.312
1396139512|27.312
1396139535|27.312
1396139557|27.312
1396139579|27.312
1396139602|27.312
1396139624|27.312
1396139647|27.312
1396139669|27.312
1396139692|27.312
1396139714|27.312
1396139737|27.312
1396139759|27.312
1396139782|27.25
1396139804|27.25
1396139827|27.25
1396139849|27.25
1396139872|27.25
1396139894|27.25
1396139916|27.25
1396139939|27.25
1396139961|27.25
1396139984|27.25
1396140006|27.25
1396140029|27.25
1396140051|27.312
1396140074|27.312
1396140096|27.312
1396140119|27.312
1396140141|27.312
1396140164|27.312
1396140186|27.312
1396140209|27.312
1396140231|27.312
1396140253|27.312
1396140276|27.312
1396140298|27.312
1396140321|27.312
1396140343|27.25
1396140366|27.25
1396140388|27.25
1396140411|27.25
1396140433|27.312
1396140456|27.312
1396140478|27.375
1396140501|27.312
1396140523|27.312
1396140546|27.375
1396140568|27.375
1396140590|27.375
1396140613|27.375
1396140635|27.375
1396140658|27.312
1396140680|27.312
1396140703|27.312
1396140725|27.312
1396140748|27.375
1396140770|27.312
1396140793|27.312
1396140815|27.312
1396140838|27.312
1396140860|27.312
1396140883|27.312
1396140905|27.375
1396140927|27.375
1396140950|27.375
1396140972|27.375
1396140995|27.375
1396141017|27.375
1396141040|27.375
1396141062|27.375
1396141085|27.375
1396141107|27.312
1396141130|27.312
1396141152|27.312
1396141175|27.312
1396141197|27.312
1396141220|27.312
1396141242|27.312
1396141265|27.375
1396141287|27.375
1396141309|27.375
1396141332|27.375
1396141354|27.375
1396141377|27.375
1396141399|27.312
1396141422|27.375
1396141444|27.312
1396141467|27.375
1396141489|27.312
1396141512|27.375
1396141534|27.375
1396141557|27.375
1396141579|27.375
1396141602|27.437
1396141624|27.375
1396141646|27.375
1396141669|27.375
1396141691|27.375
1396141714|27.375
1396141736|27.375
1396141759|27.312
1396141781|27.375
1396141804|27.437
1396141826|27.437
1396141849|27.437
1396141871|27.375
1396141894|27.375
1396141916|27.375
1396141939|27.375
1396141961|27.375
1396141984|27.375
1396142006|27.375
1396142029|27.437
1396142051|27.437
1396142073|27.437
1396142096|27.437
1396142118|27.437
1396142141|27.437
1396142163|27.375
1396142186|27.375
1396142208|27.375
1396142231|27.375
1396142253|27.437
1396142276|27.437
1396142298|27.437
1396142321|27.437
1396142343|27.437
1396142366|27.375
1396142388|27.375
1396142410|27.375
1396142433|27.375
1396142455|27.437
1396142478|27.437
1396142500|27.437
1396142523|27.437
1396142545|27.375
1396142568|27.375
1396142590|27.375
1396142613|27.375
1396142635|27.375
1396142658|27.375
1396142680|27.375
1396142703|27.437
1396142725|27.375
1396142747|27.437
1396142770|27.375
1396142792|27.375
1396142815|27.375
1396142837|27.375
1396142860|27.312
1396142882|27.375
1396142905|27.375
1396142927|27.312
1396142950|27.312
1396142972|27.312
1396142995|27.312
1396143017|27.25
1396143040|27.312
1396143062|27.312
1396143084|27.25
1396143107|27.25
1396143129|27.25
1396143152|27.25
1396143174|27.25
1396143197|27.187
1396143219|27.187
1396143242|27.25
1396143264|27.187
1396143287|27.187
1396143310|27.187
1396143332|27.187
1396143355|27.125
1396143377|27.125
1396143399|27.125
1396143422|27.125
1396143444|27.125
1396143467|27.125
1396143489|27.062
1396143512|27.062
1396143534|27.062
1396143557|27.0
1396143579|27.0
1396143602|27.0
1396143624|27.0
1396143647|27.0
1396143669|27.0
1396143692|27.0
1396143714|26.937
1396143736|26.937
1396143759|26.937
1396143781|26.937
1396143804|27.0
1396143826|27.062
1396143849|27.125
1396143871|27.187
1396143894|27.25
1396143916|27.25
1396143939|27.312
1396143961|27.312
1396143984|27.312
1396144006|27.312
1396144029|27.312
1396144051|27.312
1396144073|27.312
1396144096|27.437
1396144118|27.562
1396144141|27.625
1396144163|27.687
1396144186|27.687
1396144208|27.687
1396144231|27.75
1396144253|27.75
1396144276|27.75
1396144298|27.75
1396144321|27.75
1396144343|27.75
1396144366|27.75
1396144388|27.75
1396144410|27.75
1396144433|27.75
1396144455|27.75
1396144478|27.687
1396144500|27.687
1396144523|27.687
1396144545|27.687
1396144568|27.687
1396144590|27.75
1396144613|27.687
1396144635|27.687
1396144658|27.687
1396144680|27.687
1396144703|27.687
1396144725|27.687
1396144748|27.687
1396144770|27.687
1396144793|27.625
1396144815|27.625
1396144837|27.687
1396144860|27.625
1396144882|27.625
1396144905|27.625
1396144927|27.625
1396144950|27.687
1396144972|27.625
1396144995|27.625
1396145017|27.687
1396145040|27.687
1396145062|27.625
1396145085|27.625
1396145107|27.625
1396145130|27.625
1396145152|27.625
1396145174|27.625
1396145197|27.625
1396145219|27.625
1396145242|27.625
1396145264|27.625
1396145287|27.625
1396145309|27.625
1396145332|27.625
1396145354|27.625
1396145377|27.625
1396145399|27.625
1396145422|27.625
1396145444|27.625
1396145467|27.625
1396145489|27.625
1396145511|27.625
1396145534|27.625
1396145556|27.562
1396145579|27.625
1396145601|27.625
1396145624|27.625
1396145646|27.625
1396145669|27.625
1396145691|27.625
1396145714|27.562
1396145736|27.562
1396145759|27.562
1396145781|27.562
1396145804|27.562
1396145826|27.562
1396145849|27.562
1396145871|27.562
1396145893|27.562
1396145916|27.562
1396145938|27.562
1396145961|27.562
1396145983|27.562
1396146006|27.562
1396146028|27.562
1396146051|27.562
1396146073|27.562
1396146096|27.562
1396146118|27.562
1396146141|27.562
1396146163|27.562
1396146186|27.562
1396146208|27.562
1396146230|27.562
1396146253|27.562
1396146275|27.562
1396146298|27.562
1396146320|27.562
1396146343|27.5
1396146365|27.562
1396146388|27.562
1396146410|27.5
1396146433|27.562
1396146455|27.562
1396146478|27.5
1396146500|27.562
1396146523|27.5
1396146545|27.5
1396146568|27.5
1396146590|27.562
1396146613|27.5
1396146635|27.5
1396146657|27.5
1396146680|27.5
1396146702|27.5
1396146725|27.5
1396146747|27.5
1396146770|27.5
1396146792|27.562
1396146815|27.5
1396146837|27.5
1396146860|27.5
1396146882|27.5
1396146905|27.5
1396146927|27.5
1396146950|27.5
1396146972|27.5
1396146994|27.5
1396147017|27.5
1396147039|27.5
1396147062|27.5
1396147084|27.5
1396147107|27.5
1396147129|27.5
1396147152|27.5
1396147174|27.5
1396147197|27.5
1396147219|27.5
1396147242|27.5
1396147264|27.5
1396147287|27.5
1396147309|27.5
1396147331|27.5
1396147354|27.5
1396147376|27.437
1396147399|27.437
1396147421|27.5
1396147444|27.437
1396147466|27.5
1396147489|27.437
1396147511|27.437
1396147534|27.437
1396147556|27.437
1396147579|27.437
1396147601|27.437
1396147624|27.437
1396147646|27.437
1396147668|27.437
1396147691|27.437
1396147713|27.437
1396147736|27.437
1396147758|27.437
1396147781|27.437
1396147803|27.437
1396147826|27.437
1396147848|27.437
1396147871|27.437
1396147893|27.437
1396147916|27.437
1396147938|27.437
1396147961|27.437
1396147983|27.437
1396148006|27.5
1396148028|27.437
1396148050|27.437
1396148073|27.437
1396148095|27.437
1396148118|27.437
1396148140|27.437
1396148163|27.437
1396148185|27.437
1396148208|27.5
1396148230|27.437
1396148253|27.437
1396148275|27.437
1396148298|27.437
1396148320|27.5
1396148343|27.437
1396148365|27.5
1396148388|27.437
1396148410|27.5
1396148432|27.437
1396148455|27.5
1396148477|27.5
1396148500|27.5
1396148522|27.5
1396148545|27.437
1396148567|27.437
1396148590|27.437
1396148612|27.437
1396148635|27.437
1396148657|27.437
1396148680|27.5
1396148702|27.437
1396148725|27.437
1396148747|27.437
1396148769|27.437
1396148792|27.5
1396148814|27.5
1396148837|27.5
1396148859|27.437
1396148882|27.437
1396148904|27.437
1396148927|27.437
1396148949|27.437
1396148972|27.437
1396148994|27.437
1396149017|27.437
1396149039|27.437
1396149062|27.437
1396149084|27.437
1396149106|27.437
1396149129|27.437
1396149151|27.437
1396149174|27.437
1396149196|27.437
1396149219|27.437
1396149241|27.437
1396149264|27.437
1396149286|27.437
1396149309|27.437
1396149331|27.437
1396149354|27.437
1396149376|27.437
1396149399|27.5
1396149421|27.437
1396149443|27.437
1396149466|27.437
1396149488|27.437
1396149511|27.437
1396149533|27.437
1396149556|27.5
1396149578|27.5
1396149601|27.5
1396149623|27.5
1396149646|27.5
1396149668|27.5
1396149691|27.5
1396149713|27.5
1396149736|27.5
1396149758|27.5
1396149780|27.5
1396149803|27.5
1396149825|27.75
1396149848|27.875
1396149870|27.937
1396149893|28.0
1396149915|28.062
1396149938|28.062
1396149960|28.125
1396149983|28.125
1396150005|28.125
1396150028|28.187
1396150050|28.187
1396150073|28.187
1396150095|28.187
1396150118|28.187
1396150140|28.187
1396150162|28.25
1396150185|28.25
1396150207|28.25
1396150230|28.25
1396150252|28.25
1396150275|28.25
1396150297|28.25
1396150320|28.25
1396150342|28.25
1396150365|28.312
1396150387|28.312
1396150410|28.312
1396150432|28.312
1396150455|28.312
1396150477|28.375
1396150499|28.375
1396150522|28.375
1396150544|28.375
1396150567|28.375
1396150589|28.375
1396150612|28.375
1396150634|28.437
1396150657|28.437
1396150679|28.437
1396150702|28.437
1396150724|28.437
1396150747|28.437
1396150769|28.437
1396150792|28.437
1396150814|28.437
1396150837|28.5
1396150859|28.437
1396150882|28.5
1396150904|28.5
1396150926|28.5
1396150949|28.5
1396150971|28.5
1396150994|28.5
1396151016|28.5
1396151039|28.5
1396151061|28.562
1396151084|28.5
1396151106|28.5
1396151129|28.562
1396151151|28.562
1396151174|28.562
1396151196|28.562
1396151219|28.5
1396151241|28.5
1396151263|28.562
1396151286|28.562
1396151308|28.562
1396151331|28.562
1396151353|28.562
1396151376|28.562
1396151398|28.562
1396151421|28.562
1396151443|28.562
1396151466|28.625
1396151488|28.625
1396151511|28.625
1396151533|28.625
1396151556|28.625
1396151578|28.625
1396151600|28.625
1396151623|28.625
1396151645|28.625
1396151668|28.625
1396151690|28.625
1396151713|28.625
1396151735|28.625
1396151758|28.625
1396151780|28.625
1396151803|28.625
1396151825|28.625
1396151848|28.625
1396151870|28.625
1396151893|28.625
1396151915|28.625
1396151937|28.625
1396151960|28.625
1396151982|28.562
1396152005|28.562
1396152027|28.562
1396152050|28.562
1396152072|28.5
1396152095|28.562
1396152117|28.562
1396152140|28.5
1396152162|28.562
1396152185|28.562
1396152207|28.562
1396152230|28.5
1396152252|28.5
1396152275|28.5
1396152297|28.5
1396152320|28.5
1396152342|28.5
1396152364|28.5
1396152387|28.5
1396152409|28.5
1396152432|28.5
1396152454|28.5
1396152477|28.5
1396152499|28.5
1396152522|28.5
1396152544|28.5
1396152567|28.5
1396152589|28.5
1396152612|28.5
1396152634|28.5
1396152657|28.5
1396152679|28.5
1396152701|28.5
1396152724|28.5
1396152746|28.5
1396152769|28.5
1396152791|28.5
1396152814|28.5
1396152836|28.5
1396152859|28.5
1396152881|28.5
1396152904|28.5
1396152926|28.5
1396152949|28.5
1396152971|28.5
1396152994|28.5
1396153016|28.5
1396153038|28.5
1396153061|28.5
1396153083|28.5
1396153106|28.562
1396153128|28.5
1396153151|28.5
1396153173|28.5
1396153196|28.5
1396153218|28.5
1396153241|28.5
1396153263|28.5
1396153286|28.5
1396153308|28.562
1396153331|28.5
1396153353|28.5
1396153376|28.5
1396153398|28.5
1396153420|28.5
1396153443|28.562
1396153465|28.562
1396153488|28.5
1396153510|28.562
1396153533|28.562
1396153555|28.5
1396153578|28.562
1396153600|28.562
1396153623|28.562
1396153645|28.562
1396153668|28.562
1396153690|28.562
1396153713|28.562
1396153735|28.562
1396153757|28.562
1396153780|28.562
1396153802|28.562
1396153825|28.562
1396153847|28.562
1396153870|28.562
1396153892|28.562
1396153915|28.562
1396153937|28.562
1396153960|28.562
1396153982|28.625
1396154005|28.562
1396154027|28.562
1396154050|28.562
1396154072|28.562
1396154094|28.562
1396154117|28.625
1396154139|28.625
1396154162|28.625
1396154184|28.625
1396154207|28.625
1396154229|28.562
1396154252|28.562
1396154274|28.562
1396154297|28.562
1396154319|28.562
1396154342|28.625
1396154364|28.625
1396154387|28.625
1396154409|28.625
1396154432|28.625
1396154454|28.625
1396154477|28.625
1396154499|28.625
1396154521|28.625
1396154544|28.625
1396154566|28.625
1396154589|28.625
1396154611|28.687
1396154634|28.625
1396154656|28.625
1396154679|28.625
1396154701|28.625
1396154724|28.625
1396154746|28.625
1396154769|28.625
1396154791|28.625
1396154814|28.625
1396154836|28.625
1396154858|28.625
1396154881|28.625
1396154903|28.625
1396154926|28.625
1396154948|28.625
1396154971|28.687
1396154993|28.687
1396155016|28.687
1396155038|28.687
1396155061|28.687
1396155083|28.687
1396155106|28.687
1396155128|28.687
1396155151|28.687
1396155173|28.687
1396155195|28.687
1396155218|28.687
1396155240|28.687
1396155263|28.687
1396155285|28.687
1396155308|28.687
1396155330|28.687
1396155353|28.687
1396155375|28.687
1396155398|28.687
1396155420|28.687
1396155443|28.687
1396155465|28.687
1396155488|28.687
1396155510|28.687
1396155532|28.687
1396155555|28.687
1396155577|28.687
1396155600|28.687
1396155622|28.687
1396155645|28.75
1396155667|28.75
1396155690|28.75
1396155712|28.75
1396155735|28.75
1396155757|28.75
1396155780|28.75
1396155802|28.75
1396155825|28.75
1396155847|28.75
1396155869|28.75
1396155892|28.75
1396155915|28.75
1396155937|28.75
1396155960|28.75
1396155983|28.75
1396156005|28.75
1396156028|28.75
1396156050|28.75
1396156073|28.75
1396156095|28.75
1396156118|28.75
1396156140|28.75
1396156162|28.75
1396156185|28.75
1396156207|28.75
1396156230|28.75
1396156252|28.75
1396156275|28.75
1396156297|28.75
1396156320|28.75
1396156342|28.75
1396156365|28.75
1396156387|28.75
1396156410|28.75
1396156432|28.75
1396156455|28.75
1396156477|28.75
1396156499|28.75
1396156522|28.75
1396156545|28.75
1396156567|28.812
1396156590|28.75
1396156612|28.75
1396156634|28.75
1396156657|28.75
1396156679|28.75
1396156702|28.75
1396156724|28.75
1396156747|28.812
1396156769|28.812
1396156792|28.812
1396156814|28.75
1396156837|28.812
1396156860|28.812
1396156882|28.812
1396156905|28.812
1396156927|28.812
1396156950|28.812
1396156972|28.812
1396156995|28.812
1396157017|28.875
1396157040|28.812
1396157062|28.875
1396157085|28.875
1396157107|28.812
1396157130|28.875
1396157152|28.875
1396157174|28.812
1396157197|28.812
1396157219|28.875
1396157242|28.875
1396157264|28.875
1396157287|28.875
1396157309|28.875
1396157332|28.875
1396157354|28.875
1396157377|28.875
1396157399|28.937
1396157422|28.875
1396157444|28.875
1396157467|28.937
1396157489|28.937
1396157512|28.875
1396157534|28.875
1396157556|28.937
1396157579|28.937
1396157601|28.937
1396157624|28.937
1396157646|28.937
1396157669|28.937
1396157691|28.937
1396157714|28.937
1396157736|28.937
1396157759|28.937
1396157781|28.937
1396157804|28.937
1396157826|28.937
1396157849|28.937
1396157871|28.937
1396157894|28.937
1396157916|28.937
1396157938|28.937
1396157961|28.937
1396157983|28.937
1396158006|28.937
1396158028|28.937
1396158051|28.937
1396158073|28.937
1396158096|28.937
1396158118|28.937
1396158141|28.937
1396158163|28.937
1396158186|28.937
1396158208|29.0
1396158231|28.937
1396158253|29.0
1396158275|29.0
1396158298|29.0
1396158320|29.0
1396158343|29.0
1396158365|29.0
1396158388|29.0
1396158410|29.0
1396158433|29.0
1396158455|29.0
1396158478|29.0
1396158500|29.0
1396158523|29.0
1396158545|29.0
1396158568|29.0
1396158590|29.0
1396158613|29.0
1396158635|29.0
1396158657|29.0
1396158680|29.0
1396158702|29.0
1396158725|29.0
1396158747|29.0
1396158770|29.0
1396158792|29.062
1396158815|29.062
1396158837|29.062
1396158860|29.0
1396158882|29.062
1396158905|29.062
1396158927|29.062
1396158950|29.062
1396158972|29.062
1396158995|29.062
1396159017|29.062
1396159040|29.062
1396159062|29.062
1396159084|29.062
1396159107|29.062
1396159129|29.062
1396159152|29.062
1396159174|29.062
1396159197|29.062
1396159219|29.062
1396159242|29.062
1396159264|29.062
1396159287|29.062
1396159309|29.062
1396159332|29.062
1396159354|29.125
1396159377|29.125
1396159399|29.062
1396159421|29.062
1396159444|29.062
1396159466|29.062
1396159489|29.125
1396159511|29.125
1396159534|29.125
1396159556|29.062
1396159579|29.125
1396159601|29.062
1396159624|29.125
1396159646|29.125
1396159669|29.125
1396159691|29.125
1396159714|29.125
1396159736|29.062
1396159758|29.062
1396159781|29.0
1396159803|29.0
1396159826|29.0
1396159848|29.0
1396159871|29.0
1396159893|29.0
1396159916|29.0
1396159938|29.0
1396159961|28.937
1396159983|28.937
1396160006|28.937
1396160028|28.937
1396160051|28.937
1396160073|28.875
1396160095|28.937
1396160118|28.875
1396160140|28.875
1396160163|28.75
1396160185|28.687
1396160208|28.625
1396160230|28.562
1396160253|28.562
1396160275|28.562
1396160298|28.562
1396160320|28.5
1396160343|28.5
1396160365|28.5
1396160388|28.5
1396160410|28.5
1396160433|28.437
1396160455|28.437
1396160478|28.437
1396160500|28.437
1396160522|28.437
1396160545|28.437
1396160567|28.437
1396160590|28.437
1396160612|28.437
1396160635|28.437
1396160657|28.437
1396160680|28.437
1396160702|28.375
1396160725|28.375
1396160747|28.375
1396160770|28.375
1396160792|28.375
1396160815|28.375
1396160837|28.375
1396160859|28.375
1396160882|28.375
1396160904|28.375
1396160927|28.312
1396160949|28.312
1396160972|28.312
1396160994|28.312
1396161017|28.312
1396161039|28.312
1396161062|28.312
1396161084|28.25
1396161107|28.25
1396161129|28.25
1396161152|28.25
1396161174|28.25
1396161196|28.187
1396161219|28.187
1396161241|28.125
1396161264|28.125
1396161286|28.187
1396161309|28.187
1396161331|28.125
1396161354|28.125
1396161376|28.125
1396161399|28.125
1396161421|28.125
1396161444|28.062
1396161466|28.062
1396161489|28.062
1396161511|28.062
1396161534|28.062
1396161556|28.062
1396161578|28.062
1396161601|28.0
1396161623|28.0
1396161646|28.0
1396161668|28.0
1396161691|28.0
1396161713|28.0
1396161736|27.937
1396161758|27.937
1396161781|27.937
1396161803|27.937
1396161826|27.937
1396161848|27.937
1396161871|27.937
1396161893|27.937
1396161915|27.937
1396161938|27.937
1396161960|27.875
1396161983|27.875
1396162005|27.875
1396162028|27.875
1396162050|27.875
1396162073|27.875
1396162095|27.875
1396162118|27.875
1396162140|27.812
1396162163|27.812
1396162185|27.812
1396162208|27.75
1396162230|27.75
1396162252|27.75
1396162275|27.75
1396162297|27.687
1396162320|27.687
1396162342|27.687
1396162365|27.625
1396162387|27.687
1396162410|27.625
1396162432|27.625
1396162455|27.625
1396162477|27.625
1396162500|27.562
1396162522|27.625
1396162545|27.625
1396162567|27.562
1396162589|27.562
1396162612|27.562
1396162634|27.562
1396162657|27.562
1396162679|27.562
1396162702|27.562
1396162724|27.562
1396162747|27.562
1396162769|27.562
1396162792|27.562
1396162814|27.562
1396162837|27.5
1396162859|27.5
1396162882|27.5
1396162904|27.5
1396162927|27.5
1396162949|27.5
1396162972|27.5
1396162994|27.5
1396163016|27.5
1396163039|27.5
1396163061|27.5
1396163084|27.5
1396163106|27.5
1396163129|27.5
1396163151|27.5
1396163174|27.5
1396163196|27.437
1396163219|27.437
1396163241|27.437
1396163264|27.5
1396163286|27.437
1396163309|27.437
1396163331|27.437
1396163353|27.437
1396163376|27.437
1396163398|27.437
1396163421|27.375
1396163443|27.375
1396163466|27.437
1396163488|27.437
1396163511|27.437
1396163533|27.437
1396163556|27.437
1396163578|27.437
1396163601|27.375
1396163623|27.25
1396163646|27.187
1396163668|27.125
1396163690|27.125
1396163713|27.125
1396163735|27.062
1396163758|27.0
1396163780|27.0
1396163803|27.0
1396163825|27.0
1396163848|27.0
1396163870|27.0
1396163893|27.0
1396163915|27.0
1396163938|26.937
1396163960|27.0
1396163983|26.937
1396164005|27.0
1396164027|26.937
1396164050|26.937
1396164072|26.937
1396164095|26.875
1396164117|26.875
1396164140|26.875
1396164162|26.875
1396164185|26.812
1396164207|26.812
1396164230|26.812
1396164252|26.812
1396164275|26.812
1396164297|26.812
1396164320|26.75
1396164342|26.812
1396164365|26.812
1396164387|26.812
1396164409|26.812
1396164432|26.812
1396164454|26.75
1396164477|26.75
1396164499|26.75
1396164522|26.75
1396164544|26.75
1396164567|26.75
1396164589|26.75
1396164612|26.75
1396164634|26.75
1396164657|26.75
1396164679|26.75
1396164702|26.75
1396164724|26.75
1396164747|26.75
1396164769|26.687
1396164791|26.687
1396164814|26.687
1396164836|26.687
1396164859|26.687
1396164881|26.687
1396164904|26.687
1396164926|26.687
1396164949|26.625
1396164971|26.562
1396164994|26.5
1396165016|26.5
1396165039|26.5
1396165061|26.437
1396165084|26.437
1396165106|26.437
1396165128|26.375
1396165151|26.375
1396165173|26.375
1396165196|26.375
1396165218|26.312
1396165241|26.312
1396165263|26.312
1396165286|26.312
1396165308|26.312
1396165331|26.312
1396165353|26.312
1396165376|26.25
1396165398|26.25
1396165421|26.25
1396165443|26.25
1396165465|26.25
1396165488|26.25
1396165510|26.25
1396165533|26.25
1396165555|26.25
1396165578|26.25
1396165600|26.187
1396165623|26.187
1396165645|26.187
1396165668|26.25
1396165690|26.25
1396165713|26.187
1396165735|26.187
1396165758|26.187
1396165780|26.187
1396165802|26.187
1396165825|26.187
1396165847|26.187
1396165870|26.125
1396165892|26.187
1396165915|26.187
1396165937|26.187
1396165960|26.187
1396165982|26.187
1396166005|26.187
1396166027|26.187
1396166050|26.187
1396166072|26.125
1396166095|26.125
1396166117|26.125
1396166139|26.125
1396166162|26.125
1396166184|26.125
1396166207|26.062
1396166229|26.062
1396166252|26.062
1396166274|26.062
1396166297|26.062
1396166319|26.0
1396166342|26.0
1396166364|26.0
1396166387|26.0
1396166409|26.0
1396166432|26.0
1396166454|25.937
1396166476|25.937
1396166499|25.937
1396166521|25.937
1396166544|25.875
1396166566|25.875
1396166589|25.812
1396166611|25.812
1396166634|25.812
1396166656|25.75
1396166679|25.75
1396166701|25.75
1396166724|25.75
1396166746|25.75
1396166769|25.75
1396166791|25.75
1396166814|25.687
1396166836|25.75
1396166858|25.687
1396166881|25.687
1396166903|25.687
1396166926|25.687
1396166948|25.687
1396166971|25.625
1396166993|25.687
1396167016|25.625
1396167038|25.625
1396167061|25.625
1396167083|25.625
1396167106|25.625
1396167128|25.625
1396167151|25.625
1396167173|25.562
1396167195|25.562
1396167218|25.562
1396167240|25.562
1396167263|25.625
1396167285|25.687
1396167308|25.875
1396167330|26.062
1396167353|26.312
1396167375|26.625
1396167398|26.812
1396167420|26.875
1396167443|26.875
1396167465|26.937
1396167488|26.937
1396167510|26.937
1396167532|26.875
1396167555|26.812
1396167577|26.75
1396167600|26.625
1396167622|26.562
1396167645|26.5
1396167667|26.437
1396167690|26.375
1396167712|26.312
1396167735|26.25
1396167757|26.187
1396167780|26.125
1396167802|26.062
1396167825|26.0
1396167847|26.0
1396167869|25.937
1396167892|25.875
1396167914|25.812
1396167937|25.75
1396167959|25.75
1396167982|25.687
1396168004|25.687
1396168027|25.625
1396168049|25.562
1396168072|25.562
1396168094|25.5
1396168117|25.437
1396168139|25.375
1396168162|25.375
1396168184|25.312
1396168207|25.25
1396168229|25.25
1396168252|25.187
1396168274|25.187
1396168296|25.125
1396168319|25.062
1396168341|25.062
1396168364|25.0
1396168386|24.937
1396168409|24.937
1396168431|24.875
1396168454|24.875
1396168476|24.812
1396168499|24.75
1396168521|24.75
1396168544|24.75
1396168566|24.687
1396168589|24.687
1396168611|24.687
1396168633|24.625
1396168656|24.625
1396168678|24.625
1396168701|24.562
1396168723|24.562
1396168746|24.562
1396168768|24.562
1396168791|24.5
1396168813|24.5
1396168836|24.5
1396168858|24.437
1396168881|24.437
1396168903|24.437
1396168926|24.375
1396168948|24.375
1396168970|24.375
1396168993|24.375
1396169015|24.375
1396169038|24.375
1396169060|24.375
1396169083|24.375
1396169105|24.312
1396169128|24.312
1396169150|24.312
1396169173|24.312
1396169195|24.312
1396169218|24.312
1396169240|24.312
1396169263|24.312
1396169285|24.312
1396169307|24.312
1396169330|24.312
1396169352|24.312
1396169375|24.25
1396169397|24.25
1396169420|24.25
1396169442|24.25
1396169465|24.25
1396169487|24.25
1396169510|24.25
1396169532|24.25
1396169555|24.25
1396169577|24.25
1396169600|24.25
1396169622|24.25
1396169644|24.25
1396169667|24.25
1396169689|24.25
1396169712|24.25
1396169734|24.187
1396169757|24.187
1396169779|24.187
1396169802|24.187
1396169824|24.125
1396169847|24.125
1396169869|24.125
1396169892|24.062
1396169914|24.062
1396169937|24.062
1396169959|24.062
1396169981|24.062
1396170004|24.062
1396170026|24.062
1396170049|24.062
1396170072|24.0
1396170095|24.0
1396170117|24.0
1396170140|24.0
1396170162|24.0
1396170185|24.0
1396170207|23.937
1396170230|23.937
1396170252|23.875
1396170274|23.875
1396170297|23.875
1396170319|23.875
1396170342|23.812
1396170364|23.812
1396170387|23.812
1396170409|23.812
1396170432|23.75
1396170454|23.75
1396170477|23.75
1396170499|23.75
1396170522|23.75
1396170544|23.75
1396170567|23.75
1396170589|23.75
1396170611|23.687
1396170634|23.687
1396170656|23.687
1396170679|23.687
1396170701|23.687
1396170724|23.687
1396170746|23.687
1396170769|23.687
1396170791|23.687
1396170814|23.687
1396170836|23.687
1396170859|23.625
1396170881|23.562
1396170904|23.562
1396170926|23.562
1396170948|23.5
1396170971|23.5
1396170993|23.5
1396171016|85.0
1396171038|23.437
1396171061|23.437
1396171083|23.437
1396171106|23.437
1396171128|23.437
1396171151|23.375
1396171173|23.437
1396171196|23.437
1396171218|23.375
1396171241|23.375
1396171263|23.375
1396171286|23.375
1396171308|23.375
1396171330|23.375
1396171353|23.375
1396171375|23.375
1396171398|23.312
1396171420|23.312
1396171443|23.312
1396171465|23.312
1396171488|23.312
1396171510|23.312
1396171533|23.312
1396171555|23.25
1396171578|23.187
1396171600|23.187
1396171623|23.125
1396171645|23.125
1396171667|23.125
1396171690|23.062
1396171712|23.062
1396171735|23.062
1396171757|23.062
1396171780|23.0
1396171802|23.0
1396171825|23.0
1396171847|23.0
1396171870|22.937
1396171892|22.937
1396171915|22.937
1396171937|22.937
1396171960|22.937
1396171982|22.937
1396172004|22.875
1396172027|22.875
1396172049|22.875
1396172072|22.875
1396172094|22.875
1396172117|22.875
1396172139|22.875
1396172162|22.812
1396172184|22.812
1396172207|22.812
1396172229|22.812
1396172252|22.812
1396172274|22.812
1396172297|22.812
1396172319|22.75
1396172341|22.75
1396172364|22.75
1396172386|22.75
1396172409|22.75
1396172431|22.75
1396172454|22.687
1396172476|22.687
1396172499|22.687
1396172521|22.687
1396172544|22.687
1396172566|22.687
1396172589|22.687
1396172611|22.687
1396172634|22.625
1396172656|22.625
1396172678|22.625
1396172701|22.625
1396172724|22.625
1396172746|22.625
1396172768|22.625
1396172791|22.625
1396172813|22.625
1396172837|22.625
1396172859|22.562
1396172882|22.625
1396172904|22.562
1396172927|22.562
1396172949|22.562
1396172971|22.562
1396172994|22.562
1396173016|22.562
1396173039|22.562
1396173061|22.562
1396173084|22.562
1396173106|22.5
1396173129|22.5
1396173151|22.5
1396173174|22.5
1396173196|22.5
1396173219|22.5
1396173241|22.5
1396173264|22.5
1396173286|22.5
1396173308|22.5
1396173331|22.437
1396173353|22.437
1396173376|22.437
1396173398|22.437
1396173421|22.437
1396173443|22.437
1396173466|22.437
1396173488|22.437
1396173511|22.437
1396173533|22.437
1396173556|22.437
1396173578|22.437
1396173601|22.437
1396173623|22.437
1396173646|22.437
1396173668|22.437
1396173691|22.437
1396173713|22.375
1396173735|22.375
1396173758|22.312
1396173780|22.312
1396173803|22.312
1396173825|22.25
1396173848|22.25
1396173870|22.187
1396173893|22.187
1396173915|22.187
1396173938|22.125
1396173960|22.125
1396173983|22.125
1396174005|22.125
1396174028|22.125
1396174050|22.062
1396174073|22.062
1396174095|22.062
1396174117|22.062
1396174140|22.0
1396174162|22.0
1396174185|22.0
1396174207|22.0
1396174230|22.0
1396174252|22.0
1396174275|22.0
1396174297|21.937
1396174320|21.937
1396174342|21.937
1396174365|21.937
1396174387|21.937
1396174410|21.937
1396174432|21.875
1396174454|21.875
1396174477|21.875
1396174499|21.875
1396174522|21.875
1396174544|21.875
1396174567|21.875
1396174589|21.875
1396174612|21.812
1396174634|21.812
1396174657|21.812
1396174679|21.812
1396174702|21.812
1396174724|21.812
1396174747|21.812
1396174769|21.812
1396174791|21.812
1396174814|21.812
1396174836|21.75
1396174859|21.75
1396174881|21.75
1396174904|21.75
1396174926|21.75
1396174949|21.75
1396174971|21.75
1396174994|21.75
1396175016|21.75
1396175039|21.75
1396175061|21.687
1396175084|21.687
1396175106|21.687
1396175128|21.687
1396175151|21.687
1396175174|21.687
1396175196|21.687
1396175218|21.687
1396175241|21.687
1396175263|21.687
1396175286|21.687
1396175308|21.687
1396175331|21.687
1396175353|21.625
1396175376|21.687
1396175398|21.625
1396175421|21.625
1396175443|21.625
1396175466|21.625
1396175488|21.625
1396175511|21.625
1396175533|21.625
1396175555|21.625
1396175578|21.625
1396175600|21.562
1396175623|21.562
1396175645|21.5
1396175668|21.5
1396175690|21.5
1396175713|21.437
1396175735|21.437
1396175758|21.437
1396175780|21.437
1396175803|21.375
1396175825|21.375
1396175848|21.375
1396175870|21.375
1396175892|21.312
1396175915|21.312
1396175937|21.312
1396175960|21.312
1396175982|21.312
1396176005|21.25
1396176027|21.25
1396176050|21.25
1396176072|21.25
1396176095|21.25
1396176117|21.187
1396176140|21.187
1396176162|21.187
1396176185|21.187
1396176207|21.187
1396176230|21.187
1396176252|21.187
1396176274|21.125
1396176297|21.125
1396176319|21.125
1396176342|21.125
1396176364|21.125
1396176387|21.062
1396176409|21.125
1396176432|21.125
1396176455|21.062
1396176477|21.062
1396176500|21.062
1396176522|21.062
1396176544|21.062
1396176567|21.062
1396176589|21.062
1396176612|21.062
1396176634|21.0
1396176657|21.062
1396176679|21.0
1396176702|21.0
1396176724|21.0
1396176747|20.937
1396176769|20.937
1396176792|20.937
1396176814|20.937
1396176837|20.937
1396176859|20.937
1396176881|20.875
1396176904|20.875
1396176926|20.875
1396176949|20.875
1396176971|20.875
1396176994|20.875
1396177016|20.812
1396177039|20.812
1396177061|20.812
1396177084|20.812
1396177106|20.812
1396177129|20.75
1396177151|20.75
1396177174|20.75
1396177196|20.75
1396177219|20.75
1396177241|20.75
1396177264|20.75
1396177286|20.687
1396177308|20.687
1396177331|20.687
1396177353|20.687
1396177376|20.687
1396177398|20.687
1396177421|20.687
1396177443|20.625
1396177466|20.625
1396177488|20.625
1396177511|20.625
1396177533|20.625
1396177556|20.625
1396177578|20.625
1396177601|20.562
1396177623|20.562
1396177645|20.562
1396177668|20.562
1396177690|20.562
1396177713|20.562
1396177735|20.562
1396177758|20.562
1396177780|20.562
1396177803|20.562
1396177825|20.5
1396177848|20.5
1396177870|20.5
1396177893|20.5
1396177915|20.5
1396177938|20.5
1396177960|20.5
1396177982|20.5
1396178005|20.5
1396178027|20.5
1396178050|20.5
1396178072|20.437
1396178095|20.437
1396178117|20.437
1396178140|20.437
1396178162|20.437
1396178185|20.437
1396178207|20.437
1396178230|20.375
1396178252|20.375
1396178275|20.375
1396178297|20.375
1396178320|20.375
1396178342|20.375
1396178364|20.375
1396178387|20.375
1396178409|20.312
1396178432|20.312
1396178454|20.312
1396178477|20.375
1396178499|20.312
1396178522|20.312
1396178544|20.312
1396178567|20.312
1396178589|20.312
1396178612|20.312
1396178634|20.25
1396178657|20.312
1396178679|20.312
1396178701|20.25
1396178724|20.25
1396178746|20.25
1396178769|20.25
1396178791|20.25
1396178814|20.25
1396178836|20.25
1396178859|20.25
1396178881|20.25
1396178904|20.25
1396178926|20.187
1396178949|20.187
1396178971|20.25
1396178994|20.187
1396179016|20.187
1396179038|20.187
1396179061|20.187
1396179083|20.187
1396179106|20.187
1396179128|20.187
1396179151|20.187
1396179173|20.125
1396179196|20.187
1396179218|20.187
1396179241|20.125
1396179263|20.125
1396179286|20.125
1396179308|20.125
1396179331|20.125
1396179353|20.125
1396179375|20.125
1396179398|20.125
1396179420|20.125
1396179443|20.125
1396179465|20.125
1396179488|20.125
1396179510|20.125
1396179533|20.062
1396179555|20.125
1396179578|20.062
1396179600|20.062
1396179623|20.062
1396179645|20.062
1396179668|20.062
1396179690|20.062
1396179713|20.062
1396179735|20.062
1396179758|20.062
1396179780|20.062
1396179802|20.062
1396179825|20.062
1396179847|20.062
1396179870|20.062
1396179892|20.062
1396179915|20.062
1396179937|20.062
1396179960|20.062
1396179982|20.062
1396180005|20.062
1396180027|20.062
1396180050|20.062
1396180072|20.062
1396180095|20.062
1396180117|20.062
1396180139|20.062
1396180162|20.062
1396180184|20.062
1396180207|20.062
1396180229|20.062
1396180252|20.062
1396180274|20.062
1396180297|20.062
1396180319|20.062
1396180342|20.062
1396180364|20.062
1396180387|20.062
1396180409|20.062
1396180432|20.0
1396180454|20.062
1396180476|20.062
1396180499|20.062
1396180521|20.062
1396180544|20.0
1396180566|20.062
1396180589|20.0
1396180611|20.062
1396180634|20.0
1396180656|20.0
1396180679|20.0
1396180701|20.0
1396180724|20.0
1396180746|20.0
1396180769|20.0
1396180791|85.0
1396180813|20.0
1396180836|20.0
1396180858|20.0
1396180881|20.0
1396180903|20.0
1396180926|20.0
1396180948|20.0
1396180971|20.0
1396180993|20.0
1396181016|20.0
1396181038|20.0
1396181061|20.0
1396181083|20.0
1396181106|20.0
1396181128|19.937
1396181150|20.0
1396181173|20.0
1396181195|19.937
1396181218|19.937
1396181240|19.937
1396181263|19.937
1396181285|19.937
1396181308|19.937
1396181330|19.937
1396181353|19.937
1396181375|19.937
1396181398|19.937
1396181420|19.937
1396181443|19.937
1396181465|19.937
1396181488|19.937
1396181510|19.937
1396181533|19.937
1396181555|19.937
1396181577|19.937
1396181600|19.937
1396181622|19.937
1396181645|19.937
1396181667|19.937
1396181690|19.937
1396181712|19.937
1396181735|19.937
1396181757|19.937
1396181780|19.937
1396181802|19.937
1396181825|19.937
1396181847|19.937
1396181870|19.937
1396181892|19.937
1396181914|19.937
1396181937|19.937
1396181959|19.937
1396181982|19.937
1396182004|19.937
1396182027|19.937
1396182049|19.937
1396182072|19.937
1396182094|19.937
1396182117|19.937
1396182139|19.937
1396182162|19.875
1396182184|19.937
1396182207|19.937
1396182229|19.937
1396182251|19.937
1396182274|19.937
1396182296|19.875
1396182319|19.937
1396182341|19.937
1396182364|19.937
1396182386|19.937
1396182409|19.937
1396182431|19.875
1396182454|19.937
1396182476|19.937
1396182499|19.937
1396182521|19.937
1396182544|19.937
1396182566|19.937
1396182588|19.937
1396182611|19.937
1396182633|19.937
1396182656|19.937
1396182678|19.937
1396182701|19.937
1396182723|19.937
1396182746|19.937
1396182768|19.875
1396182791|19.875
1396182813|19.937
1396182836|19.937
1396182858|19.875
1396182881|19.875
1396182903|19.937
1396182926|19.875
1396182948|19.937
1396182970|19.937
1396182993|19.937
1396183015|19.937
1396183038|19.937
1396183060|19.937
1396183083|19.937
1396183106|19.937
1396183129|19.937
1396183151|19.937
1396183173|19.937
1396183196|19.937
1396183218|19.937
1396183241|19.937
1396183263|19.937
1396183286|19.937
1396183308|19.937
1396183331|19.937
1396183353|19.937
1396183376|19.937
1396183398|19.937
1396183421|20.0
1396183443|20.0
1396183466|20.0
1396183488|19.937
1396183510|19.937
1396183533|19.937
1396183555|19.937
1396183578|20.0
1396183600|20.0
1396183623|20.0
1396183645|20.0
1396183668|20.0
1396183690|20.0
1396183713|20.0
1396183735|20.0
1396183758|20.0
1396183780|20.0
1396183803|20.0
1396183825|19.937
1396183847|20.0
1396183870|20.0
1396183892|20.0
1396183915|20.0
1396183937|20.0
1396183960|20.0
1396183982|20.0
1396184005|20.0
1396184027|20.0
1396184050|20.0
1396184072|20.0
1396184095|20.0
1396184117|20.0
1396184140|20.0
1396184162|20.0
1396184184|20.0
1396184207|20.0
1396184229|20.0
1396184252|20.0
1396184274|20.0
1396184297|20.0
1396184319|20.0
1396184342|20.0
1396184364|20.0
1396184387|20.0
1396184409|20.0
1396184432|20.0
1396184454|20.0
1396184477|20.0
1396184499|20.0
1396184522|20.0
1396184544|20.0
1396184567|20.0
1396184589|20.0
1396184611|20.0
1396184634|20.062
1396184656|20.062
1396184679|20.0
1396184701|20.0
1396184724|20.062
1396184746|20.062
1396184769|20.0
1396184791|20.0
1396184814|20.0
1396184836|20.0
1396184859|20.0
1396184881|20.0
1396184904|20.0
1396184926|20.0
1396184948|20.0
1396184971|20.0
1396184993|20.0
1396185016|20.0
1396185038|20.0
1396185061|20.062
1396185083|20.0
1396185106|20.0
1396185128|20.062
1396185151|20.062
1396185173|20.062
1396185196|20.062
1396185218|20.062
1396185241|20.062
1396185263|20.062
1396185286|20.0
1396185308|20.0
1396185331|20.062
1396185353|20.0
1396185375|20.062
1396185398|20.062
1396185420|20.0
1396185443|20.062
1396185465|20.062
1396185488|20.062
1396185510|20.062
1396185533|20.062
1396185555|20.062
1396185578|20.062
1396185600|20.062
1396185623|20.125
1396185645|20.062
1396185668|20.062
1396185690|20.125
1396185712|20.125
1396185735|20.125
1396185757|20.125
1396185780|20.125
1396185802|20.125
1396185825|20.125
1396185847|20.062
1396185870|20.125
1396185892|20.062
1396185915|20.125
1396185937|20.125
1396185960|20.125
1396185982|20.062
1396186005|20.125
1396186027|20.062
1396186049|20.125
1396186072|20.062
1396186094|20.125
1396186117|20.125
1396186139|20.125
1396186162|20.125
1396186184|20.125
1396186207|20.125
1396186229|20.125
1396186252|20.125
1396186274|20.125
1396186297|20.125
1396186319|20.125
1396186342|20.125
1396186364|20.125
1396186386|20.125
1396186409|20.125
1396186431|20.125
1396186454|20.125
1396186476|20.125
1396186499|20.187
1396186521|20.125
1396186544|20.125
1396186566|20.187
1396186589|20.187
1396186611|20.187
1396186634|20.187
1396186656|20.187
1396186679|20.187
1396186701|20.187
1396186723|20.187
1396186746|20.187
1396186768|20.187
1396186791|20.187
1396186813|20.187
1396186836|20.187
1396186858|20.187
1396186881|20.187
1396186903|20.187
1396186926|20.187
1396186948|20.187
1396186971|20.187
1396186993|20.187
1396187016|20.187
1396187038|20.187
1396187060|20.187
1396187083|20.187
1396187105|20.187
1396187128|20.187
1396187150|20.187
1396187173|20.187
1396187195|20.187
1396187218|20.187
1396187240|20.187
1396187263|20.187
1396187285|20.25
1396187308|20.25
1396187330|20.187
1396187353|20.187
1396187375|20.25
1396187398|20.25
1396187420|20.25
1396187442|20.187
1396187465|20.25
1396187487|20.25
1396187510|20.25
1396187532|20.25
1396187555|20.25
1396187577|20.25
1396187600|20.25
1396187622|20.25
1396187645|20.25
1396187667|20.25
1396187690|20.25
1396187712|20.25
1396187735|20.25
1396187757|20.25
1396187779|20.25
1396187802|20.25
1396187824|20.25
1396187847|20.25
1396187869|20.25
1396187892|20.25
1396187914|20.25
1396187937|20.25
1396187959|20.25
1396187982|20.312
1396188004|20.312
1396188027|20.25
1396188049|20.312
1396188072|20.312
1396188094|20.312
1396188116|20.312
1396188139|20.312
1396188161|20.312
1396188184|20.312
1396188206|20.312
1396188229|20.312
1396188251|20.312
1396188274|20.312
1396188296|20.312
1396188319|20.312
1396188341|20.312
1396188364|20.312
1396188386|20.312
1396188409|20.312
1396188431|20.312
1396188453|20.312
1396188476|20.312
1396188498|20.312
1396188521|20.312
1396188543|20.312
1396188566|20.312
1396188588|20.312
1396188611|20.312
1396188633|20.312
1396188656|20.312
1396188678|20.312
1396188701|20.375
1396188723|20.312
1396188746|20.375
1396188768|20.312
1396188791|20.375
1396188813|20.312
1396188835|20.375
1396188858|20.375
1396188880|20.375
1396188903|20.375
1396188925|20.375
1396188948|20.375
1396188970|20.375
1396188993|20.375
1396189015|20.375
1396189038|20.375
1396189060|20.375
1396189083|20.375
1396189105|20.375
1396189128|20.375
1396189150|20.375
1396189173|20.375
1396189195|20.375
1396189217|20.375
1396189240|20.375
1396189262|20.375
1396189285|20.375
1396189307|20.375
1396189330|20.375
1396189352|20.375
1396189375|20.375
1396189397|20.375
1396189420|20.437
1396189442|20.375
1396189465|20.437
1396189487|20.375
1396189510|20.437
1396189532|20.375
1396189554|20.437
1396189577|20.437
1396189599|20.437
1396189622|20.437
1396189644|20.437
1396189667|20.437
1396189689|20.437
1396189712|20.437
1396189734|20.437
1396189757|20.437
1396189779|20.437
1396189802|20.437
1396189824|20.437
1396189847|20.437
1396189869|20.437
1396189891|20.437
1396189914|20.437
1396189936|20.437
1396189959|20.437
1396189981|20.437
1396190004|20.437
1396190026|20.437
1396190049|20.437
1396190071|20.437
1396190094|20.437
1396190116|20.437
1396190139|20.437
1396190161|20.437
1396190184|20.437
1396190206|20.437
1396190228|20.437
1396190251|20.5
1396190273|20.5
1396190296|20.5
1396190318|20.437
1396190341|20.437
1396190363|20.437
1396190386|20.437
1396190408|20.437
1396190431|20.437
1396190453|20.437
1396190476|20.437
1396190498|20.437
1396190521|20.437
1396190543|20.437
1396190565|20.437
1396190588|20.437
1396190610|20.437
1396190633|20.437
1396190655|20.437
1396190678|20.437
1396190700|20.5
1396190723|20.5
1396190745|20.5
1396190768|20.5
1396190790|20.5
1396190813|20.5
1396190835|20.5
1396190858|20.5
1396190880|20.5
1396190903|20.5
1396190925|20.5
1396190948|20.5
1396190970|20.5
1396190992|20.5
1396191015|20.5
1396191037|20.5
1396191060|20.5
1396191082|20.5
1396191105|20.5
1396191127|20.5
1396191150|20.5
1396191172|20.562
1396191195|20.5
1396191217|20.5
1396191240|20.5
1396191262|20.562
1396191285|20.5
1396191307|20.562
1396191330|20.562
1396191352|20.562
1396191374|20.562
1396191397|20.562
1396191419|20.562
1396191442|20.562
1396191464|20.562
1396191487|20.562
1396191509|20.562
1396191532|20.562
1396191554|20.562
1396191577|20.562
1396191599|20.562
1396191622|20.562
1396191644|20.562
1396191667|20.562
1396191689|20.562
1396191711|20.562
1396191734|20.562
1396191756|20.562
1396191779|20.562
1396191801|20.562
1396191824|20.562
1396191846|20.625
1396191869|20.562
1396191891|20.562
1396191914|20.625
1396191936|20.625
1396191959|20.625
1396191981|20.625
1396192004|20.625
1396192026|20.562
1396192048|20.625
1396192071|20.625
1396192093|20.625
1396192116|20.625
1396192138|20.625
1396192161|20.625
1396192183|20.625
1396192206|20.625
1396192228|20.625
1396192251|20.625
1396192273|20.625
1396192296|20.625
1396192318|20.625
1396192341|20.625
1396192363|20.625
1396192385|20.625
1396192408|20.625
1396192430|20.625
1396192453|20.687
1396192475|20.687
1396192498|20.625
1396192520|20.687
1396192543|20.687
1396192565|20.687
1396192588|20.687
1396192610|20.687
1396192633|20.687
1396192655|20.625
1396192678|20.687
1396192700|20.625
1396192722|20.625
1396192745|20.687
1396192767|20.687
1396192790|20.687
1396192812|20.687
1396192835|20.687
1396192857|20.687
1396192880|20.687
1396192902|20.687
1396192925|20.687
1396192947|20.687
1396192970|20.687
1396192992|20.687
1396193015|20.687
1396193037|20.687
1396193060|20.687
1396193082|20.687
1396193104|20.687
1396193127|20.687
1396193149|20.687
1396193172|20.687
1396193194|20.687
1396193217|20.687
1396193239|20.687
1396193262|20.687
1396193284|20.687
1396193307|20.687
1396193329|20.687
1396193352|20.687
1396193374|20.687
1396193397|20.687
1396193419|20.687
1396193442|20.75
1396193464|20.687
1396193486|20.75
1396193509|20.75
1396193531|20.687
1396193554|20.687
1396193576|20.75
1396193599|20.687
1396193621|20.687
1396193644|20.75
1396193666|20.687
1396193689|20.687
1396193711|20.687
1396193734|20.687
1396193756|20.687
1396193779|20.687
1396193801|20.75
1396193823|20.75
1396193846|20.75
1396193868|20.75
1396193891|20.75
1396193913|20.75
1396193936|20.75
1396193958|20.75
1396193981|20.75
1396194003|20.75
1396194026|20.75
1396194048|20.812
1396194071|20.75
1396194093|20.812
1396194116|20.75
1396194138|20.75
1396194160|20.75
1396194183|20.812
1396194205|20.812
1396194228|20.75
1396194250|20.812
1396194273|20.75
1396194295|20.75
1396194318|20.75
1396194340|20.75
1396194363|20.812
1396194385|20.812
1396194408|20.812
1396194430|20.812
1396194453|20.812
1396194475|20.812
1396194498|20.812
1396194520|20.812
1396194543|20.812
1396194565|20.812
1396194587|20.812
1396194610|20.812
1396194632|20.875
1396194655|20.875
1396194677|20.875
1396194700|20.875
1396194722|20.875
1396194745|20.875
1396194767|20.875
1396194790|20.875
1396194812|20.812
1396194835|20.875
1396194857|20.875
1396194880|20.875
1396194902|20.875
1396194924|20.875
1396194947|20.875
1396194969|20.875
1396194992|20.875
1396195014|20.875
1396195037|20.875
1396195059|20.875
1396195082|20.875
1396195104|20.875
1396195127|20.875
1396195149|20.875
1396195172|20.875
1396195194|20.875
1396195217|20.937
1396195239|20.937
1396195261|20.875
1396195284|20.937
1396195306|20.875
1396195329|20.937
1396195351|20.937
1396195374|20.937
1396195396|20.937
1396195419|20.937
1396195441|20.937
1396195464|20.937
1396195486|20.937
1396195509|20.937
1396195531|20.937
1396195554|20.937
1396195576|20.937
1396195598|20.875
1396195621|20.875
1396195643|20.937
1396195666|20.937
1396195688|20.937
1396195711|20.937
1396195733|20.937
1396195756|20.937
1396195778|20.937
1396195801|20.937
1396195823|20.937
1396195846|20.937
1396195868|20.937
1396195891|20.937
1396195913|20.937
1396195936|20.937
1396195958|20.937
1396195981|20.937
1396196004|21.0
1396196026|20.937
1396196049|20.937
1396196071|21.0
1396196094|20.937
1396196116|21.0
1396196139|21.0
1396196161|20.937
1396196183|20.937
1396196206|20.937
1396196228|20.937
1396196251|20.937
1396196273|20.937
1396196296|20.937
1396196318|20.937
1396196341|20.937
1396196363|21.0
1396196386|20.937
1396196408|20.937
1396196431|21.0
1396196453|21.0
1396196476|21.0
1396196498|21.0
1396196520|21.0
1396196543|21.0
1396196565|21.0
1396196588|21.0
1396196610|21.0
1396196633|21.0
1396196655|21.0
1396196678|21.0
1396196700|21.0
1396196723|21.0
1396196745|21.062
1396196768|21.062
1396196790|21.062
1396196813|21.062
1396196835|21.062
1396196858|21.062
1396196880|21.062
1396196903|21.062
1396196925|21.062
1396196947|21.062
1396196970|21.062
1396196992|21.062
1396197015|21.062
1396197037|21.062
1396197060|21.125
1396197082|21.125
1396197105|21.125
1396197127|21.062
1396197150|21.125
1396197172|21.125
1396197195|21.125
1396197217|21.125
1396197240|21.125
1396197262|21.125
1396197284|21.125
1396197307|21.125
1396197329|21.125
1396197352|21.125
1396197374|21.125
1396197397|21.125
1396197419|21.125
1396197442|21.125
1396197464|21.125
1396197487|21.125
1396197509|21.125
1396197532|21.125
1396197554|21.125
1396197577|21.125
1396197599|21.125
1396197621|21.125
1396197644|21.125
1396197666|21.125
1396197689|21.125
1396197711|21.125
1396197734|21.125
1396197756|21.125
1396197779|21.125
1396197801|21.125
1396197824|21.125
1396197846|21.125
1396197869|21.125
1396197891|21.125
1396197914|21.125
1396197936|21.125
1396197958|21.125
1396197981|21.125
1396198003|21.125
1396198026|21.125
1396198048|21.125
1396198071|21.125
1396198093|21.125
1396198116|21.125
1396198138|21.125
1396198161|21.125
1396198183|21.125
1396198206|21.125
1396198228|21.187
1396198251|21.125
1396198273|21.125
1396198296|21.125
1396198318|21.125
1396198341|21.125
1396198363|21.125
1396198385|21.125
1396198408|21.125
1396198430|21.125
1396198453|21.187
1396198475|21.187
1396198498|21.187
1396198520|21.125
1396198543|21.187
1396198565|21.187
1396198588|21.187
1396198610|21.125
1396198633|21.187
1396198655|21.187
1396198678|21.125
1396198700|21.125
1396198722|21.187
1396198745|21.187
1396198767|21.187
1396198790|21.187
1396198812|21.187
1396198835|21.187
1396198857|21.187
1396198880|21.187
1396198902|21.125
1396198925|21.187
1396198947|21.187
1396198970|21.187
1396198992|21.125
1396199015|21.187
1396199037|21.187
1396199059|21.187
1396199082|21.187
1396199104|21.187
1396199127|21.187
1396199149|21.187
1396199172|21.187
1396199194|21.187
1396199217|21.187
1396199239|21.187
1396199262|21.187
1396199284|21.187
1396199307|21.187
1396199329|21.187
1396199352|21.187
1396199374|21.187
1396199396|21.187
1396199419|21.187
1396199441|21.187
1396199464|21.187
1396199486|21.187
1396199509|21.187
1396199531|21.187
1396199554|21.187
1396199576|21.187
1396199599|21.187
1396199621|21.187
1396199644|21.187
1396199666|21.125
1396199689|21.187
1396199711|21.187
1396199734|21.187
1396199756|21.187
1396199778|21.187
1396199801|21.187
1396199823|21.187
1396199846|21.187
1396199868|21.187
1396199891|21.187
1396199913|21.187
1396199936|21.187
1396199958|21.187
1396199981|21.187
1396200003|21.187
1396200026|21.187
1396200048|21.125
1396200071|21.125
1396200093|21.125
1396200115|21.125
1396200138|21.125
1396200160|21.125
1396200183|21.125
1396200205|21.125
1396200228|21.125
1396200250|21.125
1396200273|21.125
1396200295|21.125
1396200318|21.187
1396200340|21.187
1396200363|21.125
1396200385|21.187
1396200408|21.125
1396200430|21.187
1396200452|21.187
1396200475|21.187
1396200497|21.187
1396200520|21.187
1396200542|21.187
1396200565|21.187
1396200587|21.187
1396200610|21.187
1396200632|21.187
1396200655|21.187
1396200677|21.187
1396200700|21.187
1396200722|21.187
1396200745|21.187
1396200767|21.187
1396200789|21.187
1396200812|21.187
1396200834|21.187
1396200857|21.187
1396200879|21.187
1396200902|21.187
1396200924|21.187
1396200947|21.187
1396200969|21.187
1396200992|21.187
1396201014|21.187
1396201037|21.187
1396201059|21.187
1396201082|21.187
1396201104|21.187
1396201126|21.187
1396201149|21.187
1396201171|21.187
1396201194|21.187
1396201216|21.187
1396201239|21.187
1396201261|21.187
1396201284|21.187
1396201306|21.187
1396201329|21.187
1396201351|21.187
1396201374|21.187
1396201396|21.187
1396201419|21.187
1396201441|21.187
1396201464|21.187
1396201486|21.187
1396201509|21.187
1396201531|21.187
1396201553|21.187
1396201576|21.187
1396201598|21.187
1396201621|21.187
1396201643|21.25
1396201666|21.312
1396201688|21.312
1396201711|21.375
1396201733|21.437
1396201756|21.562
1396201778|21.75
1396201801|21.812
1396201823|21.937
1396201846|22.0
1396201868|22.125
1396201890|22.187
1396201913|22.25
1396201935|22.312
1396201958|22.375
1396201980|22.437
1396202003|22.5
1396202025|22.562
1396202048|22.625
1396202070|22.625
1396202093|22.687
1396202115|22.75
1396202138|22.812
1396202160|22.875
1396202183|22.875
1396202205|22.937
1396202227|22.937
1396202250|22.937
1396202272|23.0
1396202295|23.062
1396202317|23.125
1396202340|23.187
1396202362|23.187
1396202385|23.187
1396202407|23.25
1396202430|23.25
1396202452|23.312
1396202475|23.375
1396202497|23.375
1396202520|23.437
1396202542|23.437
1396202565|23.5
1396202587|23.5
1396202610|23.562
1396202632|23.562
1396202654|23.562
1396202677|23.625
1396202699|23.625
1396202722|23.687
1396202744|23.687
1396202767|23.687
1396202789|23.75
1396202812|23.75
1396202834|23.812
1396202857|23.812
1396202879|23.812
1396202902|23.875
1396202924|23.875
1396202947|23.937
1396202969|23.937
1396202991|23.937
1396203014|24.0
1396203036|24.0
1396203059|24.0
1396203081|24.0
1396203104|24.0
1396203126|24.062
1396203149|24.125
1396203171|24.125
1396203194|24.125
1396203216|24.187
1396203239|24.187
1396203261|24.187
1396203284|24.25
1396203306|24.25
1396203328|24.312
1396203351|24.312
1396203373|24.312
1396203396|24.312
1396203418|24.375
1396203441|24.375
1396203463|24.375
1396203486|24.437
1396203508|24.437
1396203531|24.437
1396203553|24.437
1396203576|24.5
1396203598|24.5
1396203621|24.5
1396203643|24.5
1396203665|24.562
1396203688|24.562
1396203710|24.562
1396203733|24.562
1396203755|24.625
1396203778|24.625
1396203800|24.625
1396203823|24.625
1396203845|24.687
1396203868|24.687
1396203890|24.687
1396203913|24.75
1396203935|24.75
1396203958|24.75
1396203980|24.75
1396204002|24.812
1396204025|24.812
1396204047|24.812
1396204070|24.812
1396204092|24.812
1396204115|24.875
1396204137|24.875
1396204160|24.875
1396204182|24.875
1396204205|24.937
1396204227|24.875
1396204250|24.937
1396204272|24.937
1396204295|24.937
1396204317|24.937
1396204340|25.0
1396204362|25.0
1396204384|25.0
1396204407|25.0
1396204429|25.0
1396204452|25.0
1396204474|25.062
1396204497|25.062
1396204519|25.062
1396204542|25.062
1396204564|25.125
1396204587|25.062
1396204609|25.125
1396204632|25.125
1396204654|25.125
1396204677|25.125
1396204699|25.125
1396204721|25.187
1396204744|25.187
1396204766|25.187
1396204789|25.187
1396204811|25.187
1396204834|25.187
1396204856|25.25
1396204879|25.25
1396204901|25.25
1396204924|25.25
1396204946|25.25
1396204969|25.25
1396204991|25.312
1396205014|25.312
1396205036|25.312
1396205058|25.312
1396205081|25.312
1396205103|25.312
1396205126|25.312
1396205148|25.312
1396205171|25.375
1396205193|25.375
1396205216|25.375
1396205238|25.375
1396205261|25.375
1396205283|25.375
1396205306|25.375
1396205328|25.375
1396205351|25.437
1396205373|25.437
1396205395|25.437
1396205418|25.437
1396205440|25.437
1396205463|25.437
1396205485|25.437
1396205508|25.437
1396205530|25.437
1396205553|25.5
1396205575|25.5
1396205598|25.437
1396205620|25.5
1396205643|25.5
1396205665|25.5
1396205688|25.5
1396205710|25.562
1396205733|25.562
1396205755|25.562
1396205778|25.562
1396205800|25.562
1396205822|25.562
1396205845|25.562
1396205867|25.562
1396205890|25.562
1396205912|25.562
1396205935|25.562
1396205957|25.562
1396205980|25.562
1396206002|25.562
1396206025|25.562
1396206047|25.562
1396206070|25.625
1396206092|25.562
1396206115|25.625
1396206137|25.625
1396206159|25.625
1396206182|25.625
1396206204|25.625
1396206227|25.625
1396206249|25.625
1396206272|25.687
1396206294|25.625
1396206317|25.625
1396206339|25.625
1396206362|25.687
1396206384|25.687
1396206407|25.687
1396206429|25.687
1396206452|25.687
1396206474|25.687
1396206496|25.687
1396206519|25.687
1396206541|25.687
1396206564|25.687
1396206586|25.687
1396206609|25.687
1396206631|25.687
1396206654|25.687
1396206676|25.687
1396206699|25.687
1396206721|25.687
1396206744|25.687
1396206766|25.687
1396206789|25.687
1396206811|25.75
1396206833|25.687
1396206856|25.75
1396206878|25.687
1396206901|25.75
1396206923|25.75
1396206946|25.75
1396206968|25.75
1396206991|25.75
1396207013|25.75
1396207036|25.75
1396207058|25.75
1396207081|25.75
1396207103|25.75
1396207126|25.75
1396207148|25.75
1396207171|25.75
1396207193|25.75
1396207216|25.75
1396207238|25.75
1396207260|25.75
1396207283|25.75
1396207305|25.75
1396207328|25.75
1396207350|25.75
1396207373|25.75
1396207395|25.75
1396207418|25.75
1396207440|25.75
1396207463|25.75
1396207485|25.75
1396207508|25.75
1396207530|25.75
1396207553|25.75
1396207575|25.75
1396207597|25.75
1396207620|25.75
1396207642|25.75
1396207665|25.75
1396207687|25.75
1396207710|25.75
1396207732|25.75
1396207755|25.75
1396207777|25.75
1396207800|25.75
1396207822|25.75
1396207845|25.75
1396207867|25.75
1396207890|25.75
1396207912|25.75
1396207935|25.75
1396207957|25.75
1396207979|25.75
1396208002|25.75
1396208024|25.75
1396208047|25.75
1396208069|25.75
1396208092|25.75
1396208114|25.75
1396208137|25.75
1396208159|25.75
