1398708241|22.625
1398708264|22.625
1398708286|22.625
1398708309|22.625
1398708331|22.687
1398708354|22.625
1398708376|22.625
1398708399|22.625
1398708421|22.687
1398708444|22.625
1398708466|22.687
1398708489|22.625
1398708511|22.625
1398708534|22.625
1398708556|22.625
1398708579|22.687
1398708601|22.687
1398708624|22.687
1398708646|22.687
1398708668|22.687
1398708691|22.687
1398708713|22.687
1398708736|22.625
1398708758|22.687
1398708781|22.687
1398708803|22.687
1398708826|22.687
1398708848|22.687
1398708871|22.687
1398708893|22.687
1398708916|22.687
1398708938|22.687
1398708961|22.687
1398708983|22.687
1398709005|22.687
1398709028|22.687
1398709050|22.687
1398709073|22.687
1398709095|22.687
1398709118|22.687
1398709140|22.687
1398709163|22.687
1398709185|22.687
1398709208|22.687
1398709230|22.687
1398709253|22.687
1398709275|22.687
1398709298|22.687
1398709320|22.687
1398709342|22.687
1398709365|22.687
1398709387|22.687
1398709410|22.687
1398709432|22.687
1398709455|22.687
1398709477|22.687
1398709500|22.687
1398709522|22.687
1398709545|22.687
1398709567|22.687
1398709590|22.687
1398709612|22.687
1398709635|22.687
1398709657|22.687
1398709679|22.687
1398709702|22.687
1398709724|22.687
1398709747|22.687
1398709769|22.687
1398709792|22.687
1398709814|22.687
1398709837|22.687
1398709859|22.687
1398709882|22.687
1398709904|22.687
1398709927|22.625
1398709949|22.687
1398709972|22.687
1398709994|22.687
1398710016|22.687
1398710039|22.687
1398710061|22.687
1398710084|22.687
1398710106|22.687
1398710129|22.625
1398710151|22.687
1398710174|22.687
1398710196|22.687
1398710219|22.687
1398710241|22.687
1398710264|22.687
1398710286|22.687
1398710309|22.687
1398710331|22.625
1398710354|22.687
1398710376|22.687
1398710399|22.687
1398710421|22.687
1398710443|22.687
1398710466|22.687
1398710488|22.687
1398710511|22.687
1398710533|22.687
1398710556|22.687
1398710578|22.687
1398710601|22.687
1398710623|22.687
1398710646|22.687
1398710668|22.687
1398710691|22.687
1398710713|22.687
1398710736|22.687
1398710758|22.687
1398710780|22.625
1398710803|22.625
1398710825|22.687
1398710848|22.687
1398710870|22.687
1398710893|22.687
1398710915|22.687
1398710938|22.687
1398710960|22.625
1398710983|22.625
1398711005|22.687
1398711028|22.687
1398711050|22.687
1398711073|22.687
1398711095|22.687
1398711117|22.687
1398711140|22.687
1398711162|22.687
1398711185|22.687
1398711207|22.687
1398711230|22.687
1398711252|22.625
1398711275|22.687
1398711297|22.625
1398711320|22.625
1398711342|22.625
1398711365|22.625
1398711387|22.625
1398711410|22.625
1398711432|22.687
1398711454|22.625
1398711477|22.687
1398711499|22.625
1398711522|22.687
1398711544|22.625
1398711567|22.625
1398711589|22.625
1398711612|22.625
1398711634|22.625
1398711657|22.625
1398711679|22.625
1398711702|22.625
1398711724|22.625
1398711747|22.625
1398711769|22.625
1398711792|22.687
1398711814|22.625
1398711836|22.625
1398711859|22.625
1398711881|22.687
1398711904|22.625
1398711926|22.687
1398711949|22.625
1398711971|22.625
1398711994|22.687
1398712016|22.687
1398712039|22.687
1398712061|22.625
1398712084|22.625
1398712106|22.687
1398712129|22.625
1398712151|22.625
1398712173|22.625
1398712196|22.625
1398712218|22.625
1398712241|22.625
1398712263|22.625
1398712286|22.625
1398712308|22.625
1398712331|22.625
1398712353|22.625
1398712376|22.625
1398712398|22.625
1398712421|22.625
1398712443|22.625
1398712466|22.625
1398712488|22.625
1398712510|22.625
1398712533|22.625
1398712555|22.625
1398712578|22.625
1398712600|22.625
1398712623|22.625
1398712645|22.562
1398712668|22.625
1398712690|22.625
1398712713|22.625
1398712735|22.625
1398712758|22.625
1398712780|22.625
1398712803|22.625
1398712825|22.562
1398712847|22.625
1398712870|22.562
1398712893|22.562
1398712915|22.625
1398712937|22.562
1398712960|22.562
1398712982|22.562
1398713005|22.562
1398713027|22.625
1398713050|22.562
1398713072|22.562
1398713095|22.562
1398713117|22.562
1398713140|22.562
1398713162|22.562
1398713185|22.562
1398713207|22.562
1398713230|22.562
1398713252|22.562
1398713274|22.562
1398713297|22.562
1398713319|22.562
1398713342|22.562
1398713364|22.562
1398713387|22.562
1398713409|22.562
1398713432|22.562
1398713454|22.562
1398713477|22.562
1398713499|22.562
1398713522|22.562
1398713544|22.562
1398713567|22.562
1398713589|22.562
1398713611|22.562
1398713634|22.562
1398713656|22.562
1398713679|22.562
1398713701|22.562
1398713724|22.562
1398713746|22.562
1398713769|22.562
1398713791|22.562
1398713814|22.562
1398713836|22.562
1398713859|22.562
1398713881|22.562
1398713904|22.562
1398713926|22.562
1398713949|22.562
1398713971|22.562
1398713994|22.562
1398714016|22.562
1398714038|22.562
1398714061|22.562
1398714083|22.562
1398714106|22.562
1398714128|22.562
1398714151|22.562
1398714173|22.562
1398714196|22.562
1398714218|22.562
1398714241|22.562
1398714263|22.562
1398714286|22.562
1398714308|22.562
1398714331|22.562
1398714353|22.562
1398714375|22.562
1398714398|22.562
1398714420|22.562
1398714443|22.562
1398714465|22.562
1398714488|22.562
1398714510|22.562
1398714533|22.562
1398714555|22.562
1398714578|22.562
1398714600|22.562
1398714623|22.562
1398714645|22.562
1398714668|22.562
1398714690|22.562
1398714712|22.562
1398714735|22.562
1398714757|22.562
1398714780|22.5
1398714802|22.562
1398714825|22.562
1398714847|22.5
1398714870|22.5
1398714892|22.5
1398714915|22.5
1398714937|22.5
1398714960|22.562
1398714982|22.562
1398715005|22.562
1398715027|22.5
1398715049|22.5
1398715072|22.5
1398715094|22.5
1398715117|22.5
1398715139|22.5
1398715162|22.5
1398715184|22.562
1398715207|22.5
1398715229|22.5
1398715252|22.5
1398715274|22.5
1398715297|22.562
1398715319|22.5
1398715342|22.5
1398715364|22.5
1398715387|22.5
1398715409|22.5
1398715431|22.5
1398715454|22.5
1398715476|22.5
1398715499|22.5
1398715521|22.5
1398715544|22.5
1398715566|22.5
1398715589|22.5
1398715611|22.5
1398715634|22.5
1398715656|22.5
1398715679|22.5
1398715701|22.5
1398715724|22.5
1398715746|22.5
1398715768|22.5
1398715791|22.5
1398715813|22.437
1398715836|22.437
1398715858|22.437
1398715881|22.437
1398715903|22.5
1398715926|22.5
1398715948|22.5
1398715971|22.437
1398715993|22.437
1398716016|22.5
1398716038|22.5
1398716061|22.437
1398716083|22.5
1398716105|22.5
1398716128|22.437
1398716150|22.5
1398716173|22.5
1398716195|22.437
1398716218|22.5
1398716240|22.5
1398716263|22.437
1398716285|22.5
1398716308|22.437
1398716330|22.437
1398716353|22.5
1398716375|22.5
1398716398|22.437
1398716420|22.437
1398716442|22.437
1398716465|22.437
1398716487|22.437
1398716510|22.437
1398716532|22.437
1398716555|22.437
1398716577|22.437
1398716600|22.437
1398716622|22.437
1398716645|22.437
1398716667|22.437
1398716690|22.437
1398716712|22.437
1398716735|22.437
1398716757|22.437
1398716780|22.437
1398716802|22.437
1398716824|22.437
1398716847|22.437
1398716869|22.437
1398716892|22.437
1398716914|22.437
1398716937|22.437
1398716959|22.437
1398716982|22.437
1398717004|22.437
1398717027|22.437
1398717049|22.437
1398717072|22.437
1398717094|22.437
1398717117|22.437
1398717139|22.437
1398717162|22.437
1398717184|22.437
1398717206|22.437
1398717229|22.437
1398717251|22.437
1398717274|22.437
1398717296|22.437
1398717319|22.437
1398717341|22.437
1398717364|22.437
1398717386|22.437
1398717409|22.437
1398717431|22.437
1398717454|22.437
1398717476|22.437
1398717499|22.437
1398717521|22.437
1398717543|22.437
1398717566|22.437
1398717588|22.437
1398717611|22.437
1398717633|22.437
1398717656|22.437
1398717678|22.437
1398717701|22.437
1398717723|22.437
1398717746|22.375
1398717768|22.437
1398717791|22.437
1398717813|22.437
1398717836|22.437
1398717858|22.375
1398717880|22.437
1398717903|22.375
1398717925|22.375
1398717948|22.437
1398717970|22.375
1398717993|22.437
1398718015|22.375
1398718038|22.437
1398718060|22.375
1398718083|22.375
1398718105|22.375
1398718128|22.375
1398718150|22.375
1398718173|22.375
1398718195|22.375
1398718217|22.375
1398718240|22.375
1398718262|22.375
1398718285|22.375
1398718307|22.375
1398718330|22.375
1398718352|22.375
1398718375|22.375
1398718397|22.375
1398718420|22.375
1398718442|22.375
1398718465|22.375
1398718487|22.375
1398718510|22.375
1398718532|22.312
1398718554|22.312
1398718577|22.312
1398718599|22.312
1398718622|22.312
1398718644|22.312
1398718667|22.312
1398718689|22.375
1398718712|22.312
1398718734|22.375
1398718757|22.375
1398718779|22.375
1398718802|22.437
1398718824|22.437
1398718847|22.437
1398718869|22.562
1398718892|22.687
1398718914|22.75
1398718937|22.75
1398718959|22.875
1398718981|22.875
1398719004|22.937
1398719026|23.0
1398719049|23.0
1398719071|23.062
1398719094|23.125
1398719116|23.125
1398719139|23.187
1398719161|23.187
1398719184|23.25
1398719206|23.312
1398719229|23.312
1398719251|23.312
1398719274|23.375
1398719296|23.375
1398719318|23.437
1398719341|23.437
1398719363|23.5
1398719386|23.5
1398719408|23.5
1398719431|23.562
1398719453|23.562
1398719476|23.562
1398719498|23.625
1398719521|23.625
1398719543|23.687
1398719566|23.687
1398719588|23.687
1398719611|23.75
1398719633|23.75
1398719655|23.75
1398719678|23.812
1398719700|23.812
1398719723|23.812
1398719745|23.812
1398719768|23.875
1398719790|23.875
1398719813|23.875
1398719835|23.937
1398719858|23.937
1398719880|24.0
1398719903|24.0
1398719925|24.0
1398719948|24.062
1398719970|24.0
1398719992|24.062
1398720015|24.062
1398720037|24.062
1398720060|24.062
1398720082|24.125
1398720105|24.125
1398720127|24.125
1398720150|24.187
1398720172|24.187
1398720195|24.187
1398720217|24.187
1398720240|24.25
1398720262|24.25
1398720285|24.25
1398720307|24.25
1398720329|24.312
1398720352|24.312
1398720374|24.312
1398720397|24.312
1398720419|24.375
1398720442|24.375
1398720464|24.375
1398720487|24.375
1398720509|24.437
1398720532|24.437
1398720554|24.437
1398720577|24.437
1398720599|24.437
1398720622|24.437
1398720644|24.437
1398720667|24.437
1398720689|24.5
1398720711|24.5
1398720734|24.562
1398720756|24.562
1398720779|24.562
1398720801|24.562
1398720824|24.562
1398720846|24.562
1398720869|24.625
1398720891|24.625
1398720914|24.625
1398720936|24.625
1398720959|24.687
1398720981|24.625
1398721004|24.687
1398721026|24.687
1398721048|24.687
1398721071|24.687
1398721093|24.75
1398721116|24.75
1398721138|24.75
1398721161|24.75
1398721183|24.75
1398721206|24.75
1398721228|24.812
1398721251|24.812
1398721273|24.812
1398721296|24.812
1398721318|24.875
1398721341|24.812
1398721363|24.875
1398721385|24.875
1398721408|24.875
1398721430|24.875
1398721453|24.875
1398721475|24.875
1398721498|24.875
1398721520|24.875
1398721543|24.937
1398721565|24.937
1398721588|24.937
1398721610|24.937
1398721633|24.937
1398721655|24.937
1398721678|25.0
1398721700|24.937
1398721722|25.0
1398721745|25.0
1398721767|25.0
1398721790|25.0
1398721812|25.0
1398721835|25.062
1398721857|25.0
1398721880|25.062
1398721902|25.062
1398721925|25.062
1398721947|25.062
1398721970|25.062
1398721992|25.062
1398722015|25.062
1398722037|25.062
1398722060|25.062
1398722082|25.125
1398722105|25.125
1398722127|25.125
1398722149|25.125
1398722172|25.125
1398722194|25.125
1398722217|25.125
1398722239|25.125
1398722262|25.125
1398722284|25.187
1398722307|25.187
1398722329|25.187
1398722352|25.187
1398722374|25.187
1398722397|25.187
1398722419|25.187
1398722442|25.25
1398722464|25.187
1398722486|25.25
1398722509|25.25
1398722531|25.25
1398722554|25.25
1398722576|25.25
1398722599|25.25
1398722621|25.25
1398722644|25.25
1398722666|25.25
1398722689|25.312
1398722711|25.25
1398722734|25.25
1398722756|25.312
1398722779|25.312
1398722801|25.312
1398722824|25.312
1398722846|25.312
1398722868|25.25
1398722891|25.25
1398722913|25.25
1398722936|25.25
1398722958|25.25
1398722981|25.25
1398723003|25.25
1398723026|25.25
1398723048|25.25
1398723071|25.25
1398723093|25.25
1398723116|25.25
1398723138|25.25
1398723161|25.25
1398723183|25.25
1398723206|25.25
1398723228|25.25
1398723250|25.25
1398723273|25.25
1398723295|25.25
1398723318|25.25
1398723340|25.25
1398723363|25.25
1398723385|25.25
1398723408|25.25
1398723430|25.25
1398723453|25.25
1398723475|25.25
1398723498|25.25
1398723520|25.25
1398723543|25.25
1398723565|25.25
1398723587|25.25
1398723610|25.25
1398723632|25.25
1398723655|25.25
1398723677|25.25
1398723700|25.25
1398723722|25.25
1398723745|25.25
1398723767|25.25
1398723790|25.25
1398723812|25.25
1398723835|25.25
1398723857|25.25
1398723880|25.25
1398723902|25.25
1398723925|25.25
1398723947|25.25
1398723969|25.25
1398723992|25.25
1398724014|25.25
1398724037|25.25
1398724059|25.25
1398724082|25.25
1398724104|25.25
1398724127|25.25
1398724149|25.25
1398724172|25.25
1398724194|25.25
1398724217|25.25
1398724239|25.25
1398724262|25.25
1398724284|25.25
1398724306|25.25
1398724329|25.25
1398724351|25.25
1398724374|25.25
1398724396|25.25
1398724419|25.25
1398724441|25.25
1398724464|25.25
1398724486|25.25
1398724509|25.25
1398724531|25.25
1398724554|25.25
1398724576|25.25
1398724599|25.25
1398724621|25.25
1398724643|25.25
1398724666|25.25
1398724688|25.25
1398724711|25.25
1398724733|25.25
1398724756|25.25
1398724778|25.25
1398724801|25.25
1398724823|25.25
1398724846|25.25
1398724868|25.25
1398724891|25.25
1398724913|25.25
1398724936|25.25
1398724958|25.25
1398724980|25.25
1398725003|25.25
1398725025|25.25
1398725048|25.25
1398725070|25.25
1398725093|25.25
1398725115|25.25
1398725138|25.25
1398725160|25.25
1398725183|25.25
1398725205|25.25
1398725228|25.25
1398725250|25.25
1398725273|25.25
1398725295|25.25
1398725317|25.25
1398725340|25.25
1398725362|25.25
1398725385|25.25
1398725407|25.25
1398725430|25.25
1398725452|25.25
1398725475|25.25
1398725497|25.25
1398725520|25.25
1398725542|25.25
1398725565|25.25
1398725587|25.25
1398725610|25.25
1398725632|25.25
1398725655|25.25
1398725677|25.25
1398725699|25.25
1398725722|25.25
1398725744|25.25
1398725767|25.25
1398725789|25.25
1398725812|25.25
1398725834|25.25
1398725857|25.25
1398725880|25.25
1398725902|25.25
1398725925|25.25
1398725947|25.25
1398725969|25.25
1398725992|25.25
1398726014|25.25
1398726037|25.25
1398726059|25.25
1398726082|25.25
1398726104|25.25
1398726127|25.25
1398726149|25.25
1398726172|25.25
1398726194|25.25
1398726217|25.25
1398726239|25.25
1398726262|25.25
1398726284|25.25
1398726306|25.25
1398726329|25.25
1398726351|25.25
1398726374|25.25
1398726396|25.25
1398726419|25.25
1398726441|25.25
1398726464|25.25
1398726486|25.25
1398726509|25.25
1398726531|25.25
1398726554|25.25
1398726576|25.25
1398726599|25.187
1398726621|25.25
1398726643|25.25
1398726666|25.187
1398726688|25.187
1398726711|25.187
1398726733|25.187
1398726756|25.25
1398726778|25.187
1398726801|25.187
1398726823|25.25
1398726846|25.25
1398726868|25.25
1398726891|25.25
1398726913|25.187
1398726936|25.187
1398726958|25.25
1398726981|25.187
1398727003|25.187
1398727025|25.187
1398727048|25.187
1398727070|25.187
1398727093|25.187
1398727115|25.187
1398727138|25.187
1398727160|25.25
1398727183|25.187
1398727205|25.187
1398727228|25.187
1398727250|25.187
1398727273|25.187
1398727295|25.187
1398727318|25.187
1398727340|25.187
1398727363|25.187
1398727385|25.187
1398727407|25.187
1398727430|25.187
1398727452|25.187
1398727475|25.187
1398727497|25.187
1398727520|25.187
1398727542|25.187
1398727565|25.187
1398727587|25.25
1398727610|25.187
1398727632|25.187
1398727655|25.187
1398727677|25.187
1398727700|25.187
1398727722|25.187
1398727744|25.187
1398727767|25.187
1398727789|25.187
1398727812|25.187
1398727834|25.187
1398727857|25.187
1398727879|25.187
1398727902|25.187
1398727924|25.187
1398727947|25.187
1398727969|25.187
1398727992|25.187
1398728014|25.187
1398728037|25.187
1398728059|25.187
1398728082|25.187
1398728104|25.187
1398728127|25.187
1398728149|25.187
1398728171|25.187
1398728194|25.187
1398728216|25.187
1398728239|25.187
1398728261|25.187
1398728284|25.187
1398728306|25.187
1398728329|25.187
1398728351|25.187
1398728374|25.187
1398728396|25.187
1398728419|25.187
1398728441|25.125
1398728464|25.125
1398728486|25.187
1398728508|25.187
1398728531|25.187
1398728553|25.187
1398728576|25.125
1398728598|25.125
1398728621|25.125
1398728643|25.125
1398728666|25.187
1398728688|25.125
1398728711|25.125
1398728733|25.125
1398728756|25.187
1398728778|25.125
1398728801|25.125
1398728823|25.125
1398728845|25.125
1398728868|25.125
1398728890|25.125
1398728913|25.125
1398728935|25.125
1398728958|25.125
1398728980|25.125
1398729003|25.125
1398729025|25.125
1398729048|25.125
1398729070|25.125
1398729093|25.125
1398729115|25.125
1398729138|25.125
1398729160|25.125
1398729183|25.125
1398729205|25.125
1398729227|25.125
1398729250|25.125
1398729272|25.125
1398729295|25.125
1398729317|25.125
1398729340|25.125
1398729362|25.125
1398729385|25.125
1398729407|25.125
1398729430|25.125
1398729452|25.125
1398729475|25.125
1398729497|25.125
1398729520|25.125
1398729542|25.125
1398729564|25.125
1398729587|25.125
1398729609|25.125
1398729632|25.062
1398729654|25.125
1398729677|25.125
1398729699|25.062
1398729722|25.125
1398729744|25.062
1398729767|25.125
1398729789|25.125
1398729812|25.062
1398729834|25.062
1398729857|25.062
1398729879|25.062
1398729901|25.062
1398729924|25.062
1398729946|25.125
1398729969|25.062
1398729991|25.062
1398730014|25.062
1398730036|25.062
1398730059|25.062
1398730081|25.062
1398730104|25.062
1398730126|25.062
1398730149|25.062
1398730171|25.062
1398730194|25.062
1398730216|25.062
1398730238|25.062
1398730261|25.062
1398730283|25.062
1398730306|25.062
1398730328|25.062
1398730351|25.062
1398730373|25.062
1398730396|25.062
1398730418|25.062
1398730441|25.062
1398730463|25.062
1398730486|25.062
1398730508|25.062
1398730531|25.062
1398730553|25.062
1398730576|25.062
1398730598|25.062
1398730620|25.062
1398730643|25.062
1398730665|25.062
1398730688|25.062
1398730710|25.062
1398730733|25.062
1398730755|25.062
1398730778|25.0
1398730800|25.062
1398730823|25.062
1398730845|25.062
1398730868|25.0
1398730890|25.062
1398730913|25.0
1398730935|25.0
1398730958|25.0
1398730980|25.0
1398731002|25.0
1398731025|25.0
1398731047|25.0
1398731070|25.0
1398731092|25.0
1398731115|25.0
1398731137|25.0
1398731160|25.0
1398731182|25.0
1398731205|25.0
1398731227|25.0
1398731250|25.0
1398731272|25.0
1398731295|25.0
1398731317|25.0
1398731339|25.0
1398731362|25.0
1398731384|25.0
1398731407|25.0
1398731429|25.0
1398731452|25.0
1398731474|25.0
1398731497|25.0
1398731519|25.0
1398731542|25.0
1398731564|25.0
1398731587|25.0
1398731609|25.0
1398731632|25.0
1398731654|25.0
1398731676|25.0
1398731699|25.0
1398731721|25.0
1398731744|24.937
1398731766|25.0
1398731789|24.937
1398731811|24.937
1398731834|25.0
1398731856|25.0
1398731879|24.937
1398731901|24.937
1398731924|24.937
1398731946|24.937
1398731969|24.937
1398731991|24.937
1398732013|24.937
1398732036|24.937
1398732058|24.937
1398732081|24.937
1398732103|24.937
1398732126|24.937
1398732148|24.937
1398732171|24.937
1398732193|24.937
1398732216|24.937
1398732238|24.937
1398732261|24.937
1398732283|24.937
1398732306|24.937
1398732328|24.937
1398732351|24.937
1398732373|24.937
1398732396|24.937
1398732418|24.937
1398732440|24.937
1398732463|24.937
1398732485|24.937
1398732508|24.937
1398732530|24.937
1398732553|24.937
1398732575|24.937
1398732598|24.937
1398732620|24.937
1398732643|24.937
1398732665|24.875
1398732688|24.937
1398732710|24.937
1398732733|24.875
1398732755|24.937
1398732777|24.937
1398732800|24.875
1398732822|24.875
1398732845|24.875
1398732867|24.875
1398732890|24.875
1398732912|24.875
1398732935|24.875
1398732957|24.875
1398732980|24.875
1398733002|24.875
1398733025|24.875
1398733047|24.875
1398733070|24.875
1398733092|24.875
1398733115|24.875
1398733137|24.875
1398733159|24.875
1398733182|24.875
1398733204|24.875
1398733227|24.875
1398733249|24.875
1398733272|24.875
1398733294|24.875
1398733317|24.875
1398733339|24.875
1398733362|24.875
1398733384|24.875
1398733407|24.875
1398733429|24.875
1398733452|24.875
1398733474|24.875
1398733496|24.875
1398733519|24.875
1398733541|24.875
1398733564|24.875
1398733586|24.875
1398733609|24.812
1398733631|24.812
1398733654|24.812
1398733676|24.812
1398733699|24.812
1398733721|24.812
1398733744|24.812
1398733766|24.812
1398733789|24.812
1398733811|24.812
1398733833|24.812
1398733856|24.812
1398733878|24.812
1398733901|24.812
1398733923|24.812
1398733946|24.812
1398733968|24.812
1398733991|24.812
1398734013|24.812
1398734036|24.812
1398734058|24.812
1398734081|24.812
1398734103|24.812
1398734126|24.812
1398734148|24.812
1398734170|24.812
1398734193|24.812
1398734215|24.812
1398734238|24.812
1398734260|24.812
1398734283|24.812
1398734305|24.812
1398734328|24.75
1398734350|24.812
1398734373|24.75
1398734395|24.75
1398734418|24.75
1398734440|24.75
1398734463|24.812
1398734485|24.75
1398734508|24.812
1398734530|24.812
1398734553|24.812
1398734575|24.75
1398734597|24.75
1398734620|24.75
1398734642|24.75
1398734665|24.75
1398734687|24.75
1398734710|24.75
1398734732|24.75
1398734755|24.75
1398734777|24.75
1398734800|24.75
1398734822|24.75
1398734845|24.75
1398734867|24.75
1398734890|24.75
1398734912|24.75
1398734934|24.75
1398734957|24.75
1398734979|24.75
1398735002|24.687
1398735024|24.75
1398735047|24.75
1398735069|24.75
1398735092|24.75
1398735114|24.75
1398735137|24.75
1398735159|24.75
1398735182|24.75
1398735204|24.75
1398735227|24.75
1398735249|24.687
1398735271|24.75
1398735294|24.687
1398735316|24.687
1398735339|24.75
1398735361|24.687
1398735384|24.687
1398735406|24.687
1398735429|24.687
1398735451|24.687
1398735474|24.687
1398735496|24.687
1398735519|24.687
1398735541|24.687
1398735564|24.687
1398735586|24.687
1398735608|24.687
1398735631|24.687
1398735653|24.687
1398735676|24.687
1398735698|24.687
1398735721|24.687
1398735743|24.687
1398735766|24.687
1398735788|24.687
1398735811|24.687
1398735833|24.687
1398735856|24.687
1398735878|24.687
1398735901|24.687
1398735923|24.687
1398735946|24.687
1398735968|24.625
1398735990|24.687
1398736013|24.687
1398736035|24.625
1398736058|24.687
1398736080|24.625
1398736103|24.625
1398736125|24.687
1398736148|24.687
1398736170|24.625
1398736193|24.625
1398736215|24.625
1398736238|24.625
1398736260|24.625
1398736283|24.625
1398736305|24.625
1398736328|24.625
1398736350|24.625
1398736372|24.625
1398736395|24.625
1398736417|24.625
1398736440|24.625
1398736462|24.625
1398736485|24.625
1398736507|24.625
1398736530|24.625
1398736552|24.625
1398736575|24.625
1398736597|24.625
1398736620|24.625
1398736642|24.625
1398736665|24.625
1398736687|24.625
1398736709|24.625
1398736732|24.625
1398736754|24.625
1398736777|24.625
1398736799|24.625
1398736822|24.625
1398736844|24.625
1398736867|24.625
1398736889|24.562
1398736912|24.562
1398736934|24.562
1398736957|24.562
1398736979|24.562
1398737002|24.562
1398737024|24.562
1398737047|24.562
1398737070|24.562
1398737092|24.562
1398737115|24.562
1398737137|24.562
1398737160|24.562
1398737182|24.562
1398737205|24.562
1398737227|24.562
1398737250|24.562
1398737272|24.562
1398737294|24.562
1398737317|24.562
1398737339|24.562
1398737362|24.562
1398737384|24.562
1398737407|24.562
1398737429|24.562
1398737452|24.562
1398737474|24.562
1398737497|24.562
1398737519|24.562
1398737542|24.5
1398737564|24.562
1398737587|24.562
1398737609|24.562
1398737631|24.562
1398737654|24.562
1398737676|24.562
1398737699|24.5
1398737721|24.5
1398737744|24.5
1398737766|24.5
1398737789|24.5
1398737811|24.5
1398737834|24.5
1398737856|24.5
1398737879|24.5
1398737901|24.5
1398737924|24.5
1398737946|24.5
1398737969|24.5
1398737991|24.5
1398738014|24.5
1398738036|24.5
1398738058|24.5
1398738081|24.5
1398738103|24.5
1398738126|24.5
1398738148|24.5
1398738171|24.5
1398738193|24.5
1398738216|24.5
1398738238|24.5
1398738261|24.5
1398738283|24.5
1398738306|24.5
1398738328|24.5
1398738351|24.5
1398738373|24.5
1398738395|24.5
1398738418|24.5
1398738440|24.437
1398738463|24.437
1398738485|24.437
1398738508|24.5
1398738530|24.437
1398738553|24.437
1398738575|24.437
1398738598|24.437
1398738620|24.437
1398738643|24.437
1398738665|24.437
1398738688|24.437
1398738710|24.437
1398738732|24.437
1398738755|24.437
1398738777|24.437
1398738800|24.437
1398738822|24.437
1398738845|24.437
1398738867|24.437
1398738890|24.437
1398738912|24.437
1398738935|24.437
1398738958|24.437
1398738980|24.437
1398739003|24.437
1398739025|24.437
1398739048|24.437
1398739070|24.5
1398739093|24.5
1398739115|24.5
1398739138|24.5
1398739160|24.5
1398739183|24.562
1398739205|24.5
1398739228|24.5
1398739250|24.562
1398739273|24.5
1398739295|24.562
1398739318|24.562
1398739340|24.562
1398739362|24.562
1398739385|24.562
1398739407|24.562
1398739430|24.562
1398739452|24.562
1398739475|24.562
1398739497|24.625
1398739520|24.625
1398739542|24.562
1398739565|24.562
1398739587|24.625
1398739610|24.625
1398739632|24.562
1398739655|24.625
1398739677|24.625
1398739699|24.625
1398739722|24.625
1398739744|24.625
1398739767|24.625
1398739789|24.625
1398739812|24.625
1398739834|24.625
1398739857|24.625
1398739879|24.625
1398739902|24.625
1398739924|24.625
1398739947|24.625
1398739969|24.625
1398739992|24.625
1398740014|24.625
1398740036|24.625
1398740059|24.625
1398740081|24.625
1398740104|24.625
1398740126|24.625
1398740149|24.625
1398740171|24.625
1398740194|24.625
1398740216|24.625
1398740239|24.625
1398740261|24.625
1398740284|24.625
1398740306|24.625
1398740329|24.625
1398740351|24.625
1398740374|24.625
1398740396|24.625
1398740418|24.625
1398740441|24.75
1398740463|24.812
1398740486|24.875
1398740508|24.937
1398740531|25.0
1398740553|25.062
1398740576|25.062
1398740598|25.125
1398740621|25.125
1398740643|25.187
1398740666|25.187
1398740688|25.187
1398740711|25.187
1398740733|25.25
1398740755|25.312
1398740778|25.312
1398740800|25.312
1398740823|25.312
1398740845|25.375
1398740868|25.375
1398740890|25.375
1398740913|25.375
1398740935|25.375
1398740958|25.437
1398740980|25.437
1398741003|25.437
1398741025|25.437
1398741048|25.5
1398741070|25.5
1398741093|25.5
1398741115|25.5
1398741138|25.5
1398741160|25.562
1398741182|25.562
1398741205|25.562
1398741227|25.562
1398741250|25.625
1398741272|25.625
1398741295|25.625
1398741317|25.625
1398741340|25.625
1398741362|25.625
1398741385|25.625
1398741407|25.687
1398741430|25.687
1398741452|25.687
1398741475|25.687
1398741497|25.687
1398741520|25.75
1398741542|25.75
1398741564|25.75
1398741587|25.75
1398741609|25.75
1398741632|25.75
1398741654|25.75
1398741677|25.812
1398741699|25.812
1398741722|25.812
1398741744|25.812
1398741767|25.812
1398741789|25.812
1398741812|25.812
1398741834|25.812
1398741857|25.812
1398741879|25.875
1398741902|25.875
1398741924|25.875
1398741946|25.875
1398741969|25.875
1398741991|25.875
1398742014|25.875
1398742036|25.875
1398742059|25.875
1398742081|25.937
1398742104|25.875
1398742126|25.937
1398742149|25.937
1398742171|25.937
1398742194|25.937
1398742216|25.937
1398742239|25.937
1398742261|25.937
1398742283|25.937
1398742306|25.937
1398742328|25.937
1398742351|26.0
1398742373|26.0
1398742396|26.0
1398742418|26.0
1398742441|26.0
1398742463|26.0
1398742486|26.0
1398742508|26.0
1398742531|26.0
1398742553|26.0
1398742576|26.0
1398742598|26.0
1398742620|26.062
1398742643|26.062
1398742665|26.0
1398742688|26.0
1398742710|26.062
1398742733|26.062
1398742755|26.062
1398742778|26.062
1398742800|26.062
1398742823|26.062
1398742845|26.062
1398742868|26.062
1398742890|26.062
1398742913|26.062
1398742935|26.062
1398742958|26.062
1398742980|26.062
1398743002|26.062
1398743025|26.062
1398743047|26.062
1398743070|26.062
1398743092|26.062
1398743115|26.062
1398743137|26.125
1398743160|26.062
1398743182|26.125
1398743205|26.062
1398743227|26.062
1398743250|26.125
1398743272|26.125
1398743295|26.062
1398743317|26.125
1398743339|26.125
1398743362|26.125
1398743384|26.125
1398743407|26.125
1398743429|26.062
1398743452|26.125
1398743474|26.125
1398743497|26.125
1398743519|26.125
1398743542|26.125
1398743564|26.125
1398743587|26.125
1398743609|26.125
1398743632|26.125
1398743654|26.125
1398743676|26.125
1398743699|26.125
1398743721|26.125
1398743744|26.125
1398743766|26.125
1398743789|26.125
1398743811|26.125
1398743834|26.125
1398743856|26.125
1398743879|26.125
1398743901|26.125
1398743924|26.125
1398743946|26.125
1398743969|26.125
1398743991|26.125
1398744014|26.125
1398744036|26.125
1398744059|26.125
1398744081|26.125
1398744103|26.125
1398744126|26.125
1398744148|26.125
1398744171|26.125
1398744193|26.125
1398744216|26.125
1398744238|26.125
1398744261|26.125
1398744283|26.125
1398744306|26.125
1398744328|26.125
1398744351|26.125
1398744373|26.125
1398744396|26.125
1398744418|26.125
1398744440|26.125
1398744463|26.125
1398744485|26.125
1398744508|26.062
1398744530|26.125
1398744553|26.062
1398744575|26.125
1398744598|26.125
1398744620|26.062
1398744643|26.062
1398744665|26.125
1398744688|26.062
1398744710|26.125
1398744733|26.125
1398744755|26.062
1398744778|26.062
1398744800|26.062
1398744822|26.062
1398744845|26.125
1398744867|26.125
1398744890|26.062
1398744912|26.062
1398744935|26.062
1398744957|26.125
1398744980|26.125
1398745002|26.062
1398745025|26.062
1398745047|26.062
1398745070|26.062
1398745092|26.062
1398745115|26.062
1398745137|26.062
1398745160|26.062
1398745182|26.062
1398745204|26.062
1398745227|26.062
1398745249|26.062
1398745272|26.062
1398745294|26.062
1398745317|26.062
1398745339|26.062
1398745362|26.062
1398745384|26.062
1398745407|26.062
1398745429|26.062
1398745452|26.062
1398745474|26.062
1398745497|26.062
1398745519|26.062
1398745541|26.062
1398745564|26.062
1398745586|26.0
1398745609|26.0
1398745631|26.062
1398745654|26.062
1398745676|26.062
1398745699|26.062
1398745721|26.062
1398745744|26.0
1398745766|26.0
1398745789|26.062
1398745811|26.062
1398745834|26.062
1398745856|26.0
1398745879|26.062
1398745901|26.0
1398745923|26.0
1398745946|26.0
1398745968|26.0
1398745991|26.0
1398746013|26.0
1398746036|26.0
1398746058|26.0
1398746081|26.0
1398746103|26.0
1398746126|26.0
1398746148|26.0
1398746171|26.0
1398746193|26.0
1398746216|26.0
1398746238|26.0
1398746260|26.0
1398746283|26.0
1398746305|26.0
1398746328|25.937
1398746350|25.937
1398746373|26.0
1398746395|25.937
1398746418|25.937
1398746440|26.0
1398746463|25.937
1398746485|26.0
1398746508|26.0
1398746530|26.0
1398746553|25.937
1398746575|25.937
1398746597|25.937
1398746620|25.937
1398746642|25.937
1398746665|25.937
1398746687|25.937
1398746710|25.937
1398746732|25.937
1398746755|25.937
1398746777|25.937
1398746800|25.937
1398746822|25.937
1398746845|25.937
1398746867|25.937
1398746890|25.937
1398746912|25.937
1398746934|25.937
1398746957|25.937
1398746979|25.937
1398747002|25.875
1398747024|25.937
1398747047|25.937
1398747069|25.937
1398747092|25.875
1398747114|25.875
1398747137|25.875
1398747159|25.875
1398747182|25.875
1398747204|25.875
1398747227|25.875
1398747249|25.875
1398747272|25.875
1398747294|25.875
1398747316|25.875
1398747339|25.937
1398747361|25.875
1398747384|25.937
1398747406|25.875
1398747429|25.875
1398747451|25.875
1398747474|25.875
1398747496|25.875
1398747519|25.812
1398747541|25.812
1398747564|25.812
1398747586|25.812
1398747609|25.812
1398747631|25.812
1398747654|25.75
1398747676|25.75
1398747698|25.75
1398747721|25.687
1398747743|25.687
1398747766|25.625
1398747788|25.562
1398747811|25.5
1398747833|25.5
1398747856|25.437
1398747878|25.5
1398747901|25.437
1398747923|25.375
1398747946|25.375
1398747968|25.375
1398747991|25.312
1398748013|25.312
1398748035|25.25
1398748058|25.25
1398748080|25.25
1398748103|25.187
1398748125|25.187
1398748148|25.187
1398748170|25.187
1398748193|25.125
1398748215|25.125
1398748238|25.125
1398748260|25.125
1398748283|25.125
1398748305|25.125
1398748328|25.062
1398748350|25.062
1398748372|25.062
1398748395|25.0
1398748417|25.0
1398748440|25.0
1398748462|25.0
1398748485|25.0
1398748507|24.937
1398748530|24.937
1398748552|24.937
1398748575|24.937
1398748597|24.937
1398748620|24.875
1398748642|24.875
1398748665|24.875
1398748687|24.875
1398748710|24.875
1398748732|24.812
1398748755|24.812
1398748777|24.812
1398748799|24.812
1398748822|24.812
1398748844|24.75
1398748867|24.812
1398748889|24.75
1398748912|24.75
1398748934|24.75
1398748957|24.75
1398748979|24.75
1398749002|24.687
1398749024|24.687
1398749047|24.687
1398749069|24.687
1398749092|24.687
1398749114|24.687
1398749136|24.625
1398749159|24.625
1398749181|24.625
1398749204|24.625
1398749226|24.625
1398749249|24.625
1398749271|24.625
1398749294|24.625
1398749316|24.625
1398749339|24.562
1398749361|24.562
1398749384|24.562
1398749406|24.562
1398749429|24.562
1398749451|24.5
1398749474|24.5
1398749496|24.5
1398749518|24.5
1398749541|24.5
1398749563|24.5
1398749586|24.5
1398749608|24.5
1398749631|24.5
1398749653|24.437
1398749676|24.437
1398749698|24.437
1398749721|24.437
1398749743|24.375
1398749766|24.375
1398749788|24.312
1398749811|24.25
1398749833|24.25
1398749855|24.25
1398749878|24.187
1398749900|24.187
1398749923|24.187
1398749945|24.125
1398749968|24.125
1398749990|24.125
1398750013|24.125
1398750035|24.062
1398750058|24.062
1398750080|24.062
1398750103|24.062
1398750125|24.0
1398750148|24.0
1398750170|24.0
1398750192|24.0
1398750215|23.937
1398750237|23.937
1398750260|23.937
1398750282|23.937
1398750305|23.875
1398750327|23.875
1398750350|23.875
1398750372|23.875
1398750395|23.875
1398750417|23.875
1398750440|23.812
1398750462|23.812
1398750485|23.812
1398750507|23.812
1398750529|23.812
1398750552|23.75
1398750574|23.75
1398750597|23.75
1398750619|23.75
1398750642|23.75
1398750664|23.75
1398750687|23.75
1398750709|23.75
1398750732|23.687
1398750754|23.687
1398750777|23.687
1398750799|23.687
1398750822|23.687
1398750844|23.687
1398750866|23.625
1398750889|23.625
1398750911|23.625
1398750934|23.625
1398750956|23.625
1398750979|23.625
1398751001|23.625
1398751024|23.625
1398751046|23.562
1398751069|23.562
1398751091|23.562
1398751114|23.562
1398751136|23.562
1398751159|23.562
1398751181|23.5
1398751204|23.5
1398751226|23.5
1398751249|23.5
1398751271|23.5
1398751293|23.5
1398751316|23.5
1398751338|23.5
1398751361|23.437
1398751383|23.437
1398751406|23.437
1398751428|23.437
1398751451|23.437
1398751473|23.437
1398751496|23.437
1398751518|23.375
1398751541|23.375
1398751563|23.375
1398751586|23.312
1398751608|23.312
1398751630|23.312
1398751653|23.312
1398751675|23.25
1398751698|23.25
1398751720|23.25
1398751743|23.25
1398751765|23.25
1398751788|23.187
1398751810|23.187
1398751833|23.187
1398751855|23.187
1398751878|23.187
1398751900|23.125
1398751923|23.125
1398751945|23.125
1398751967|23.125
1398751990|23.125
1398752012|23.125
1398752035|23.062
1398752057|23.062
1398752080|23.062
1398752102|23.062
1398752125|23.0
1398752147|23.0
1398752170|23.0
1398752192|23.0
1398752215|23.0
1398752237|22.937
1398752260|22.937
1398752282|22.937
1398752304|22.937
1398752327|22.937
1398752349|22.937
1398752372|22.875
1398752394|22.875
1398752417|22.875
1398752439|22.875
1398752462|22.875
1398752484|22.875
1398752507|22.875
1398752529|22.812
1398752552|22.812
1398752574|22.812
1398752597|22.812
1398752619|22.812
1398752642|22.812
1398752664|22.812
1398752687|22.75
1398752709|22.75
1398752731|22.75
1398752754|22.75
1398752776|22.75
1398752799|22.75
1398752821|22.75
1398752844|22.75
1398752866|22.687
1398752889|22.75
1398752911|22.687
1398752934|22.687
1398752956|22.687
1398752979|22.687
1398753001|22.687
1398753024|22.687
1398753046|22.687
1398753068|22.625
1398753091|22.625
1398753113|22.625
1398753136|22.625
1398753158|22.625
1398753181|22.625
1398753203|22.625
1398753226|22.625
1398753248|22.562
1398753271|22.562
1398753293|22.562
1398753316|22.562
1398753338|22.562
1398753361|22.562
1398753383|22.562
1398753406|22.562
1398753428|22.5
1398753450|22.562
1398753473|22.5
1398753495|22.5
1398753518|22.5
1398753540|22.5
1398753563|22.5
1398753585|22.5
1398753608|22.5
1398753630|22.5
1398753653|22.5
1398753675|22.5
1398753698|22.437
1398753720|22.437
1398753743|22.437
1398753765|22.437
1398753787|22.437
1398753810|22.437
1398753832|22.437
1398753855|22.437
1398753877|22.437
1398753900|22.437
1398753922|22.437
1398753945|22.375
1398753967|22.375
1398753990|22.375
1398754012|22.375
1398754035|22.375
1398754057|22.375
1398754080|22.375
1398754102|22.375
1398754124|22.375
1398754147|22.375
1398754169|22.375
1398754192|22.312
1398754214|22.312
1398754237|22.312
1398754259|22.312
1398754282|22.312
1398754304|22.312
1398754327|22.312
1398754349|22.312
1398754372|22.312
1398754394|22.312
1398754417|22.312
1398754439|22.312
1398754462|22.312
1398754484|22.25
1398754507|22.25
1398754529|22.25
1398754551|22.25
1398754574|22.25
1398754596|22.25
1398754619|22.25
1398754641|22.25
1398754664|22.25
1398754686|22.25
1398754709|22.25
1398754731|22.25
1398754754|22.25
1398754776|22.25
1398754799|22.187
1398754821|22.187
1398754844|22.187
1398754866|22.187
1398754888|22.187
1398754911|22.187
1398754933|22.187
1398754956|22.187
1398754978|22.187
1398755001|22.187
1398755023|22.187
1398755046|22.125
1398755068|22.125
1398755091|22.125
1398755113|22.125
1398755136|22.125
1398755158|22.125
1398755181|22.125
1398755203|22.125
1398755225|22.125
1398755248|22.125
1398755270|22.125
1398755293|22.062
1398755315|22.125
1398755338|22.062
1398755360|22.062
1398755383|22.062
1398755405|22.062
1398755428|22.062
1398755450|22.062
1398755473|22.062
1398755495|22.062
1398755518|22.062
1398755540|22.062
1398755562|22.062
1398755585|22.062
1398755607|22.062
1398755630|22.062
1398755652|22.062
1398755675|22.0
1398755697|22.0
1398755720|22.0
1398755742|22.0
1398755765|22.0
1398755787|22.0
1398755810|22.0
1398755832|22.0
1398755855|22.0
1398755877|22.0
1398755899|22.0
1398755922|22.0
1398755944|21.937
1398755967|21.937
1398755989|21.937
1398756012|21.937
1398756034|21.937
1398756057|21.937
1398756079|21.937
1398756102|21.937
1398756124|21.937
1398756147|21.937
1398756169|21.937
1398756192|21.937
1398756214|21.937
1398756236|21.875
1398756259|21.937
1398756281|21.875
1398756304|21.875
1398756326|21.875
1398756349|21.875
1398756371|21.875
1398756394|21.875
1398756416|21.875
1398756439|21.875
1398756461|21.875
1398756484|21.875
1398756506|21.937
1398756529|21.875
1398756551|21.875
1398756574|21.875
1398756596|21.875
1398756619|21.875
1398756641|21.875
1398756663|21.875
1398756686|21.875
1398756708|85.0
1398756731|21.875
1398756753|21.875
1398756776|21.812
1398756798|21.875
1398756821|21.812
1398756843|21.875
1398756866|21.812
1398756888|21.812
1398756911|21.812
1398756933|21.812
1398756956|21.812
1398756978|21.812
1398757000|21.812
1398757023|21.812
1398757045|21.812
1398757068|21.812
1398757090|21.812
1398757113|21.812
1398757135|21.812
1398757158|21.812
1398757180|21.812
1398757203|21.812
1398757225|21.812
1398757248|21.812
1398757270|21.812
1398757293|21.812
1398757315|21.812
1398757337|21.812
1398757360|21.812
1398757382|21.75
1398757405|21.75
1398757427|21.812
1398757450|21.75
1398757472|21.75
1398757495|21.812
1398757517|21.75
1398757540|21.812
1398757562|21.75
1398757585|21.75
1398757607|21.75
1398757630|21.75
1398757652|21.75
1398757675|21.75
1398757697|21.75
1398757719|21.75
1398757742|21.75
1398757764|21.75
1398757787|21.75
1398757809|21.75
1398757832|21.75
1398757854|21.75
1398757877|21.75
1398757899|21.75
1398757922|21.75
1398757944|21.75
1398757967|21.75
1398757989|21.75
1398758012|21.75
1398758034|21.75
1398758056|21.75
1398758079|21.75
1398758101|21.687
1398758124|21.687
1398758146|21.687
1398758169|21.687
1398758191|21.687
1398758214|21.687
1398758236|21.687
1398758259|21.687
1398758281|21.687
1398758304|21.687
1398758326|21.687
1398758349|21.687
1398758371|21.687
1398758393|21.687
1398758416|21.687
1398758438|21.687
1398758461|21.687
1398758483|21.687
1398758506|21.687
1398758528|21.687
1398758551|21.687
1398758573|21.687
1398758596|21.687
1398758618|21.687
1398758641|21.687
1398758663|21.687
1398758686|21.687
1398758708|21.687
1398758730|21.687
1398758753|21.687
1398758775|21.687
1398758798|21.687
1398758820|21.625
1398758843|21.687
1398758865|21.687
1398758888|21.687
1398758910|21.687
1398758933|21.687
1398758955|21.687
1398758978|21.687
1398759000|21.625
1398759023|21.625
1398759045|21.625
1398759068|21.625
1398759090|21.625
1398759113|21.625
1398759135|21.625
1398759157|21.625
1398759180|21.625
1398759202|21.625
1398759225|21.625
1398759247|21.625
1398759270|21.625
1398759292|21.625
1398759315|21.625
1398759337|21.625
1398759360|21.625
1398759382|21.625
1398759405|21.625
1398759427|21.625
1398759450|21.625
1398759472|21.625
1398759494|21.625
1398759517|21.625
1398759539|21.625
1398759562|21.625
1398759584|21.625
1398759607|21.625
1398759629|21.625
1398759652|21.625
1398759674|21.625
1398759697|21.625
1398759719|21.625
1398759742|21.625
1398759764|21.625
1398759787|21.625
1398759809|21.625
1398759831|21.625
1398759854|21.625
1398759876|21.625
1398759899|21.625
1398759921|21.625
1398759944|21.625
1398759966|21.625
1398759989|21.625
1398760011|21.625
1398760034|21.625
1398760056|21.625
1398760079|21.562
1398760101|21.625
1398760124|21.625
1398760146|21.562
1398760168|21.625
1398760191|21.625
1398760213|21.562
1398760236|21.625
1398760258|21.562
1398760281|21.562
1398760303|21.625
1398760326|21.562
1398760348|21.625
1398760371|21.625
1398760393|21.625
1398760416|21.562
1398760438|21.625
1398760461|21.562
1398760483|21.562
1398760505|21.562
1398760528|21.562
1398760550|21.562
1398760573|21.562
1398760595|21.562
1398760618|21.562
1398760640|21.562
1398760663|21.562
1398760685|21.562
1398760708|21.562
1398760730|21.562
1398760753|21.562
1398760775|21.562
1398760798|21.562
1398760820|21.562
1398760842|21.562
1398760865|21.562
1398760887|21.562
1398760910|21.562
1398760932|21.562
1398760955|21.562
1398760977|21.562
1398761000|21.562
1398761022|21.562
1398761045|21.562
1398761067|21.562
1398761090|21.562
1398761112|21.562
1398761135|21.562
1398761157|21.562
1398761180|21.562
1398761202|21.562
1398761225|21.562
1398761247|21.562
1398761269|21.562
1398761292|21.562
1398761314|21.562
1398761337|21.562
1398761359|21.562
1398761382|21.562
1398761404|21.562
1398761427|21.562
1398761449|21.562
1398761472|21.562
1398761494|21.562
1398761517|21.562
1398761539|21.562
1398761562|21.5
1398761584|21.562
1398761606|21.562
1398761629|21.5
1398761651|21.562
1398761674|21.562
1398761696|21.562
1398761719|21.5
1398761741|21.562
1398761764|21.562
1398761786|21.5
1398761809|21.5
1398761831|21.562
1398761854|21.562
1398761876|21.5
1398761899|21.562
1398761921|21.5
1398761943|21.562
1398761966|21.5
1398761988|21.5
1398762011|21.5
1398762033|21.5
1398762056|21.5
1398762078|21.562
1398762101|21.5
1398762123|21.5
1398762146|21.562
1398762168|21.562
1398762191|21.5
1398762213|21.562
1398762236|21.5
1398762258|21.5
1398762280|21.5
1398762303|21.5
1398762325|21.5
1398762348|21.5
1398762370|21.5
1398762393|21.5
1398762415|21.5
1398762438|21.5
1398762460|21.5
1398762483|21.5
1398762505|21.5
1398762528|21.5
1398762550|21.5
1398762573|21.562
1398762595|21.562
1398762617|21.5
1398762640|21.5
1398762662|21.562
1398762685|21.562
1398762707|21.562
1398762730|21.562
1398762752|21.562
1398762775|21.562
1398762797|21.5
1398762820|21.562
1398762842|21.5
1398762865|21.5
1398762887|21.562
1398762910|21.5
1398762932|21.562
1398762955|21.562
1398762977|21.562
1398762999|21.562
1398763022|21.562
1398763044|21.562
1398763067|21.562
1398763089|21.562
1398763112|21.562
1398763134|21.562
1398763157|21.562
1398763179|21.562
1398763202|21.562
1398763224|21.562
1398763247|21.562
1398763269|21.562
1398763292|21.562
1398763314|21.562
1398763336|21.562
1398763359|21.562
1398763381|21.562
1398763404|21.562
1398763426|21.562
1398763449|21.562
1398763471|21.562
1398763494|21.562
1398763516|21.562
1398763539|21.562
1398763561|21.562
1398763584|21.562
1398763606|21.562
1398763629|21.562
1398763651|21.562
1398763674|21.562
1398763696|21.562
1398763719|21.562
1398763741|21.562
1398763764|21.562
1398763786|21.625
1398763809|21.625
1398763832|21.562
1398763854|21.562
1398763877|21.562
1398763899|21.562
1398763922|21.562
1398763944|21.562
1398763967|21.562
1398763989|21.562
1398764012|21.562
1398764034|21.562
1398764057|21.562
1398764079|21.562
1398764102|21.562
1398764124|21.562
1398764146|21.562
1398764169|21.562
1398764191|21.562
1398764214|21.625
1398764236|21.562
1398764259|21.562
1398764281|21.562
1398764304|21.562
1398764326|21.625
1398764349|21.562
1398764371|21.562
1398764394|21.562
1398764416|21.625
1398764439|21.562
1398764461|21.625
1398764484|21.625
1398764506|21.625
1398764528|21.625
1398764551|21.562
1398764573|21.625
1398764596|21.625
1398764618|21.562
1398764641|21.562
1398764663|21.625
1398764686|21.625
1398764708|21.562
1398764731|21.625
1398764753|21.625
1398764776|21.625
1398764798|21.562
1398764821|21.625
1398764843|21.625
1398764865|21.625
1398764888|21.625
1398764910|21.625
1398764933|21.625
1398764955|21.625
1398764978|21.625
1398765000|21.625
1398765023|21.625
1398765045|21.625
1398765068|21.625
1398765090|21.625
1398765113|21.625
1398765135|21.625
1398765158|21.625
1398765180|21.625
1398765202|21.625
1398765225|21.625
1398765247|21.625
1398765270|21.625
1398765292|21.625
1398765315|21.625
1398765337|21.625
1398765360|21.625
1398765382|21.625
1398765405|21.625
1398765427|21.625
1398765450|21.625
1398765472|21.625
1398765495|21.625
1398765517|21.625
1398765540|21.625
1398765562|21.625
1398765585|21.625
1398765607|21.625
1398765629|21.625
1398765652|21.625
1398765674|21.625
1398765697|21.625
1398765719|21.625
1398765742|21.625
1398765764|21.625
1398765787|21.625
1398765809|21.625
1398765832|21.625
1398765854|21.625
1398765877|21.625
1398765899|21.625
1398765922|21.625
1398765944|21.625
1398765966|21.625
1398765989|21.687
1398766011|21.625
1398766034|21.625
1398766056|21.625
1398766079|21.625
1398766101|21.625
1398766124|21.625
1398766146|21.687
1398766169|21.625
1398766191|21.625
1398766214|21.625
1398766236|21.625
1398766259|21.625
1398766281|21.625
1398766303|21.625
1398766326|21.625
1398766348|21.625
1398766371|21.625
1398766393|21.625
1398766416|21.625
1398766438|21.625
1398766461|21.625
1398766483|21.625
1398766506|21.625
1398766528|21.687
1398766551|21.687
1398766573|21.687
1398766596|21.687
1398766618|21.687
1398766640|21.687
1398766663|21.687
1398766685|21.687
1398766708|21.687
1398766730|21.687
1398766753|21.687
1398766775|21.687
1398766798|21.687
1398766820|21.687
1398766843|21.687
1398766865|21.687
1398766888|21.687
1398766910|21.687
1398766933|21.625
1398766955|21.687
1398766977|21.687
1398767000|21.687
1398767022|21.687
1398767045|21.687
1398767067|21.687
1398767090|21.687
1398767112|21.687
1398767135|21.687
1398767157|21.687
1398767180|21.687
1398767202|21.687
1398767225|21.687
1398767247|21.687
1398767270|21.687
1398767292|21.75
1398767315|21.75
1398767337|21.75
1398767360|21.687
1398767382|21.687
1398767404|21.687
1398767427|21.687
1398767449|21.75
1398767472|21.687
1398767494|21.75
1398767517|21.75
1398767539|21.75
1398767562|21.687
1398767584|21.75
1398767607|21.75
1398767629|21.75
1398767652|21.75
1398767674|21.75
1398767697|21.75
1398767719|21.75
1398767741|21.75
1398767764|21.75
1398767786|21.75
1398767809|21.75
1398767831|21.75
1398767854|21.75
1398767876|21.75
1398767899|21.75
1398767921|21.75
1398767944|21.75
1398767966|21.75
1398767989|21.75
1398768011|21.75
1398768034|21.75
1398768056|21.75
1398768079|21.75
1398768101|21.75
1398768123|21.75
1398768146|21.75
1398768168|21.75
1398768191|21.75
1398768213|21.75
1398768236|21.75
1398768258|21.75
1398768281|21.75
1398768303|21.75
1398768326|21.75
1398768348|21.75
1398768371|21.75
1398768393|21.75
1398768416|21.75
1398768438|21.75
1398768460|21.75
1398768483|21.75
1398768505|21.75
1398768528|21.75
1398768550|21.75
1398768573|21.812
1398768595|21.812
1398768618|21.812
1398768640|21.812
1398768663|21.75
1398768685|21.75
1398768708|21.812
1398768730|21.812
1398768753|21.812
1398768775|21.75
1398768797|21.812
1398768820|21.812
1398768842|21.75
1398768865|21.75
1398768887|21.812
1398768910|21.75
1398768932|21.75
1398768955|21.812
1398768977|21.812
1398769000|21.812
1398769022|21.812
1398769045|21.812
1398769067|21.812
1398769090|21.812
1398769112|21.812
1398769134|21.812
1398769157|21.812
1398769179|21.812
1398769202|21.812
1398769224|21.812
1398769247|21.812
1398769269|21.875
1398769292|21.875
1398769314|21.875
1398769337|21.875
1398769359|21.875
1398769382|21.875
1398769404|21.875
1398769427|21.875
1398769449|21.875
1398769472|21.875
1398769494|21.875
1398769517|21.875
1398769539|21.875
1398769561|21.875
1398769584|21.875
1398769606|21.937
1398769629|21.875
1398769651|21.875
1398769674|21.875
1398769696|21.937
1398769719|21.937
1398769741|21.937
1398769764|21.937
1398769786|21.937
1398769809|21.937
1398769831|21.937
1398769854|21.937
1398769876|21.937
1398769898|21.937
1398769921|21.937
1398769943|21.937
1398769966|21.937
1398769988|21.937
1398770011|21.937
1398770033|21.937
1398770056|22.0
1398770078|22.0
1398770101|22.0
1398770123|22.0
1398770146|22.0
1398770168|22.0
1398770191|22.0
1398770213|22.0
1398770235|21.937
1398770258|22.0
1398770280|22.0
1398770303|22.0
1398770325|22.0
1398770348|22.0
1398770370|22.0
1398770393|22.062
1398770415|22.062
1398770438|22.062
1398770460|22.062
1398770483|22.062
1398770505|22.062
1398770528|22.062
1398770550|22.062
1398770572|22.062
1398770595|22.062
1398770617|22.062
1398770640|22.062
1398770662|22.062
1398770685|22.062
1398770707|22.062
1398770730|22.062
1398770752|22.062
1398770775|22.062
1398770797|22.062
1398770820|22.062
1398770842|22.062
1398770865|22.125
1398770887|22.125
1398770910|22.125
1398770932|22.125
1398770955|22.125
1398770977|22.125
1398770999|22.125
1398771022|22.125
1398771044|22.125
1398771067|22.125
1398771089|22.125
1398771112|22.062
1398771134|22.125
1398771157|22.062
1398771179|22.125
1398771202|22.125
1398771224|22.125
1398771247|22.125
1398771269|22.125
1398771292|22.125
1398771314|22.125
1398771336|22.125
1398771359|22.125
1398771381|22.125
1398771404|22.125
1398771426|22.125
1398771449|22.125
1398771471|22.125
1398771494|22.125
1398771516|22.125
1398771539|22.125
1398771561|22.125
1398771584|22.125
1398771606|22.125
1398771629|22.125
1398771651|22.125
1398771673|22.125
1398771696|22.125
1398771718|22.187
1398771741|22.187
1398771763|22.187
1398771786|22.187
1398771808|22.187
1398771831|22.187
1398771853|22.187
1398771876|22.187
1398771898|22.187
1398771921|22.25
1398771943|22.187
1398771966|22.25
1398771988|22.25
1398772010|22.25
1398772033|22.25
1398772055|22.25
1398772078|22.25
1398772100|22.25
1398772123|22.25
1398772145|22.25
1398772168|22.25
1398772190|22.25
1398772213|22.25
1398772235|22.25
1398772258|22.25
1398772280|22.25
1398772303|22.25
1398772325|22.25
1398772348|22.25
1398772370|22.25
1398772392|22.25
1398772415|22.25
1398772437|22.25
1398772460|22.25
1398772482|22.25
1398772505|22.25
1398772527|22.25
1398772550|22.25
1398772572|22.25
1398772595|22.25
1398772617|22.25
1398772640|22.312
1398772662|22.312
1398772685|22.312
1398772707|22.312
1398772729|22.312
1398772752|22.312
1398772774|22.312
1398772797|22.312
1398772819|22.312
1398772842|22.312
1398772864|22.312
1398772887|22.375
1398772909|22.375
1398772932|22.312
1398772954|22.375
1398772977|22.375
1398772999|22.375
1398773022|22.375
1398773044|22.375
1398773066|22.375
1398773089|22.375
1398773111|22.375
1398773134|22.375
1398773156|22.375
1398773179|22.375
1398773201|22.375
1398773224|22.375
1398773246|22.375
1398773269|22.375
1398773291|22.437
1398773314|22.437
1398773336|22.437
1398773359|22.375
1398773381|22.437
1398773404|22.437
1398773426|22.437
1398773449|22.437
1398773471|22.437
1398773493|22.437
1398773516|22.437
1398773538|22.437
1398773561|22.437
1398773583|22.437
1398773606|22.437
1398773628|22.437
1398773651|22.437
1398773673|22.437
1398773696|22.437
1398773718|22.5
1398773741|22.5
1398773763|22.5
1398773786|22.5
1398773808|22.5
1398773830|22.5
1398773853|22.5
1398773875|22.5
1398773898|22.437
1398773920|22.5
1398773943|22.5
1398773965|22.5
1398773988|22.5
1398774010|22.437
1398774033|22.437
1398774055|22.5
1398774078|22.5
1398774100|22.5
1398774123|22.5
1398774145|22.5
1398774167|22.5
1398774190|22.5
1398774212|22.562
1398774235|22.562
1398774257|22.5
1398774280|22.5
1398774302|22.562
1398774325|22.562
1398774347|22.5
1398774370|22.562
1398774392|22.5
1398774415|22.562
1398774438|22.562
1398774460|22.5
1398774483|22.562
1398774505|22.562
1398774528|22.562
1398774550|22.562
1398774573|22.562
1398774595|22.562
1398774618|22.562
1398774640|22.625
1398774663|22.562
1398774685|22.625
1398774708|22.625
1398774730|22.625
1398774752|22.562
1398774775|22.625
1398774797|22.625
1398774820|22.625
1398774842|22.625
1398774865|22.625
1398774887|22.625
1398774910|22.625
1398774932|22.687
1398774955|22.625
1398774977|22.625
1398775000|22.687
1398775022|22.687
1398775045|22.687
1398775067|22.687
1398775089|22.687
1398775112|22.687
1398775134|22.687
1398775157|22.687
1398775179|22.687
1398775202|22.687
1398775224|22.687
1398775247|22.687
1398775269|22.687
1398775292|22.687
1398775314|22.687
1398775337|22.687
1398775359|22.687
1398775382|22.75
1398775404|22.75
1398775426|22.687
1398775449|22.687
1398775471|22.75
1398775494|22.75
1398775516|22.75
1398775539|22.75
1398775561|22.75
1398775584|22.75
1398775606|22.75
1398775629|22.75
1398775651|22.75
1398775674|22.75
1398775696|22.75
1398775719|22.75
1398775741|22.75
1398775764|22.75
1398775786|22.75
1398775809|22.812
1398775831|22.812
1398775853|22.812
1398775876|22.812
1398775898|22.812
1398775921|22.812
1398775943|22.812
1398775966|22.812
1398775988|22.812
1398776011|22.812
1398776033|22.812
1398776056|22.812
1398776078|22.812
1398776101|22.812
1398776123|22.812
1398776146|22.812
1398776168|22.812
1398776191|22.812
1398776213|22.812
1398776235|22.812
1398776258|22.812
1398776280|22.812
1398776303|22.812
1398776325|22.875
1398776348|22.875
1398776370|22.875
1398776393|22.875
1398776415|22.875
1398776438|22.875
1398776460|22.875
1398776483|22.875
1398776505|22.875
1398776528|22.875
1398776550|22.875
1398776573|22.875
1398776595|22.875
1398776617|22.875
1398776640|22.875
1398776662|22.875
1398776685|22.875
1398776707|22.875
1398776730|22.875
1398776752|22.875
1398776775|22.937
1398776797|22.937
1398776820|22.937
1398776842|22.937
1398776865|22.875
1398776887|22.937
1398776910|22.937
1398776932|22.937
1398776954|22.937
1398776977|22.937
1398776999|22.937
1398777022|22.937
1398777044|22.937
1398777067|22.937
1398777089|22.937
1398777112|22.937
1398777134|22.937
1398777157|22.937
1398777179|22.937
1398777202|22.937
1398777224|22.937
1398777247|23.0
1398777269|22.937
1398777291|23.0
1398777314|22.937
1398777336|22.937
1398777359|23.0
1398777381|22.937
1398777404|23.0
1398777426|23.0
1398777449|23.0
1398777471|23.0
1398777494|23.0
1398777516|23.0
1398777539|23.0
1398777561|23.0
1398777584|23.0
1398777606|23.0
1398777629|23.0
1398777651|23.0
1398777673|23.0
1398777696|23.0
1398777718|23.0
1398777741|23.0
1398777763|23.0
1398777786|23.0
1398777808|23.0
1398777831|23.0
1398777853|23.0
1398777876|23.0
1398777898|23.0
1398777921|23.062
1398777943|23.062
1398777966|23.0
1398777988|23.0
1398778010|23.062
1398778033|23.062
1398778055|23.0
1398778078|23.0
1398778100|23.062
1398778123|23.062
1398778145|23.062
1398778168|23.062
1398778190|23.062
1398778213|23.062
1398778235|23.062
1398778258|23.062
1398778280|23.062
1398778303|23.062
1398778325|23.062
1398778347|23.125
1398778370|23.125
1398778392|23.062
1398778415|23.125
1398778437|23.125
1398778460|23.125
1398778482|23.125
1398778505|23.125
1398778527|23.125
1398778550|23.125
1398778572|23.125
1398778595|23.125
1398778617|23.062
1398778640|23.062
1398778662|23.125
1398778684|23.062
1398778707|23.062
1398778729|23.062
1398778752|23.062
1398778774|23.062
1398778797|23.062
1398778819|23.062
1398778842|23.062
1398778864|23.062
1398778887|23.062
1398778909|23.062
1398778932|23.062
1398778954|23.062
1398778977|23.062
1398778999|23.062
1398779021|23.062
1398779044|23.125
1398779066|23.125
1398779089|23.125
1398779111|23.125
1398779134|23.125
1398779156|23.125
1398779179|23.125
1398779201|23.125
1398779224|23.125
1398779246|23.125
1398779269|23.125
1398779291|23.125
1398779314|23.125
1398779336|23.125
1398779359|23.125
1398779381|23.187
1398779404|23.187
1398779426|23.187
1398779448|23.187
1398779471|23.187
1398779493|23.187
1398779516|23.187
1398779538|23.187
1398779561|23.187
1398779583|23.187
1398779606|23.187
1398779628|23.187
1398779651|23.187
1398779673|23.187
1398779696|23.125
1398779718|23.187
1398779741|23.125
1398779763|23.187
1398779785|23.187
1398779808|23.187
1398779830|23.187
1398779853|23.187
1398779875|23.187
1398779898|23.187
1398779920|23.187
1398779943|23.187
1398779965|23.187
1398779988|23.25
1398780010|23.25
1398780033|23.25
1398780055|23.187
1398780078|23.25
1398780100|23.25
1398780122|23.25
1398780145|23.25
1398780167|23.25
1398780190|23.25
1398780212|23.25
1398780235|23.25
1398780257|23.25
1398780280|23.25
1398780302|23.25
1398780325|23.25
1398780347|23.25
1398780370|23.25
1398780392|23.25
1398780415|23.25
1398780437|23.25
1398780460|23.312
1398780482|23.312
1398780505|23.25
1398780527|23.312
1398780549|23.312
1398780572|23.312
1398780594|23.25
1398780617|23.312
1398780639|23.312
1398780662|23.312
1398780684|23.312
1398780707|23.25
1398780729|23.312
1398780752|23.312
1398780774|23.25
1398780797|23.25
1398780819|23.312
1398780842|23.25
1398780864|23.25
1398780886|23.312
1398780909|23.312
1398780931|23.312
1398780954|23.312
1398780976|23.312
1398780999|23.312
1398781021|23.312
1398781044|23.312
1398781066|23.312
1398781089|23.375
1398781111|23.312
1398781134|23.312
1398781156|23.375
1398781179|23.375
1398781201|23.375
1398781223|23.375
1398781246|23.375
1398781268|23.375
1398781291|23.375
1398781313|23.375
1398781336|23.312
1398781358|23.375
1398781381|23.312
1398781403|23.375
1398781426|23.312
1398781448|23.312
1398781471|23.312
1398781493|23.375
1398781516|23.375
1398781538|23.375
1398781560|23.375
1398781583|23.375
1398781605|23.375
1398781628|23.375
1398781650|23.375
1398781673|23.375
1398781695|23.375
1398781718|23.437
1398781740|23.375
1398781763|23.437
1398781785|23.437
1398781808|23.437
1398781830|23.437
1398781853|23.437
1398781875|23.437
1398781898|23.437
1398781920|23.437
1398781942|23.437
1398781965|23.437
1398781987|23.5
1398782010|23.437
1398782032|23.437
1398782055|23.437
1398782077|23.5
1398782100|23.5
1398782122|23.437
1398782145|23.5
1398782167|23.437
1398782190|23.5
1398782212|23.5
1398782235|23.5
1398782257|23.5
1398782279|23.5
1398782302|23.5
1398782324|23.5
1398782347|23.5
1398782370|23.5
1398782393|23.5
1398782415|23.5
1398782438|23.5
1398782460|23.5
1398782482|23.5
1398782505|23.5
1398782527|23.5
1398782550|23.5
1398782572|23.5
1398782595|23.5
1398782617|23.562
1398782640|23.562
1398782662|23.562
1398782685|23.562
1398782707|23.562
1398782730|23.562
1398782752|23.562
1398782775|23.562
1398782797|23.562
1398782819|23.562
1398782842|23.562
1398782864|23.562
1398782887|23.562
1398782909|23.562
1398782932|23.562
1398782954|23.562
1398782977|23.562
1398782999|23.562
1398783022|23.562
1398783044|23.562
1398783067|23.625
1398783089|23.625
1398783112|23.625
1398783134|23.625
1398783156|23.625
1398783179|23.625
1398783201|23.625
1398783224|23.625
1398783246|23.625
1398783269|23.625
1398783291|23.625
1398783314|23.625
1398783336|23.625
1398783359|23.625
1398783381|23.625
1398783404|23.625
1398783426|23.625
1398783449|23.625
1398783471|23.625
1398783494|23.625
1398783516|23.687
1398783539|23.687
1398783561|23.687
1398783583|23.687
1398783606|23.687
1398783628|23.687
1398783651|23.687
1398783673|23.687
1398783696|23.687
1398783718|23.687
1398783741|23.687
1398783763|23.687
1398783786|23.687
1398783808|23.687
1398783831|23.687
1398783853|23.687
1398783876|23.75
1398783898|23.75
1398783920|23.75
1398783943|23.75
1398783965|23.75
1398783988|23.75
1398784010|23.75
1398784033|23.75
1398784055|23.75
1398784078|85.0
1398784100|23.75
1398784123|23.75
1398784145|23.75
1398784168|23.75
1398784190|23.75
1398784213|23.75
1398784235|23.75
1398784257|23.75
1398784280|23.75
1398784302|23.75
1398784325|23.812
1398784347|23.75
1398784370|23.812
1398784392|23.812
1398784415|23.812
1398784437|23.812
1398784460|23.812
1398784482|23.812
1398784505|23.812
1398784527|23.812
1398784550|23.812
1398784572|23.812
1398784594|23.812
1398784617|23.812
1398784639|23.812
1398784662|23.812
1398784684|23.875
1398784707|23.812
1398784729|23.812
1398784752|23.812
1398784774|23.812
1398784797|23.875
1398784819|23.875
1398784842|23.875
1398784864|23.875
1398784887|23.875
1398784909|23.875
1398784931|23.875
1398784954|23.875
1398784976|23.875
1398784999|23.875
1398785021|23.875
1398785044|23.875
1398785066|23.875
1398785089|23.875
1398785111|23.875
1398785134|23.875
1398785156|23.875
1398785179|23.875
1398785201|23.875
1398785224|23.937
1398785246|23.875
1398785269|23.875
1398785291|23.875
1398785314|23.875
1398785336|23.875
1398785358|23.875
1398785381|23.875
1398785403|23.937
1398785426|23.937
1398785448|23.937
1398785471|23.937
1398785493|23.937
1398785516|23.937
1398785538|23.937
1398785561|23.937
1398785583|23.937
1398785606|23.937
1398785628|23.937
1398785651|23.937
1398785673|23.937
1398785695|23.937
1398785718|23.937
1398785740|23.937
1398785763|23.937
1398785785|23.937
1398785808|23.937
1398785830|23.937
1398785853|23.937
1398785875|23.937
1398785898|23.937
1398785920|23.937
1398785943|23.937
1398785965|24.0
1398785988|24.0
1398786010|24.0
1398786032|23.937
1398786055|24.0
1398786077|23.937
1398786100|24.0
1398786122|24.0
1398786145|24.0
1398786167|24.0
1398786190|24.0
1398786212|23.937
1398786235|24.0
1398786257|24.0
1398786280|24.0
1398786302|24.0
1398786325|24.0
1398786347|24.062
1398786369|24.0
1398786392|24.0
1398786414|24.0
1398786437|24.0
1398786459|24.0
1398786482|24.0
1398786504|24.0
1398786527|24.0
1398786549|24.0
1398786572|24.062
1398786594|24.0
1398786617|24.0
1398786639|24.062
1398786662|24.062
1398786684|24.062
1398786706|24.062
1398786729|24.062
1398786751|24.062
1398786774|24.062
1398786796|24.062
1398786819|24.062
1398786841|24.062
1398786864|24.062
1398786886|24.062
1398786909|24.062
1398786931|24.062
1398786954|24.062
1398786976|24.062
1398786999|24.062
1398787021|24.062
1398787044|24.062
1398787066|24.062
1398787088|24.062
1398787111|24.062
1398787133|24.062
1398787156|24.062
1398787178|24.062
1398787201|24.062
1398787223|24.062
1398787246|24.062
1398787268|24.062
1398787291|24.125
1398787313|24.062
1398787336|24.125
1398787358|24.125
1398787381|24.125
1398787403|24.125
1398787425|24.062
1398787448|24.125
1398787470|24.125
1398787493|24.125
1398787515|24.125
1398787538|24.125
1398787560|24.125
1398787583|24.125
1398787605|24.125
1398787628|24.125
1398787650|24.125
1398787673|24.125
1398787695|24.125
1398787718|24.125
1398787740|24.125
1398787762|24.125
1398787785|24.125
1398787807|24.125
1398787830|24.125
1398787852|24.125
1398787875|24.125
1398787897|24.125
1398787920|24.125
1398787942|24.187
1398787965|24.125
1398787987|24.125
1398788010|24.187
1398788032|24.187
1398788055|24.125
1398788077|24.187
1398788099|24.125
1398788122|24.187
1398788144|24.187
1398788167|24.187
1398788189|24.187
1398788212|24.125
1398788234|24.187
1398788257|24.187
1398788279|24.187
1398788302|24.187
1398788324|24.125
1398788347|24.187
1398788369|24.187
1398788392|24.187
1398788414|24.187
1398788437|24.187
1398788459|24.187
1398788482|24.187
1398788504|24.187
1398788526|24.187
1398788549|24.187
1398788571|24.187
1398788594|24.187
1398788616|24.187
1398788639|24.187
1398788661|24.187
1398788684|24.187
1398788706|24.187
1398788729|24.187
1398788751|24.187
1398788774|24.187
1398788796|24.187
1398788819|24.187
1398788841|24.187
1398788863|24.187
1398788886|24.187
1398788908|24.125
1398788931|24.187
1398788953|24.187
1398788976|24.187
1398788998|24.187
1398789021|24.187
1398789043|24.125
1398789066|24.125
1398789088|24.125
1398789111|24.187
1398789133|24.187
1398789156|24.125
1398789178|24.125
1398789200|24.125
1398789223|24.125
1398789245|24.125
1398789268|24.125
1398789290|24.125
1398789313|24.125
1398789335|24.125
1398789358|24.125
1398789380|24.125
1398789403|24.125
1398789425|24.125
1398789448|24.125
1398789470|24.125
1398789493|24.125
1398789515|24.125
1398789537|24.125
1398789560|24.125
1398789582|24.125
1398789605|24.125
1398789627|24.062
1398789650|24.062
1398789672|24.125
1398789695|24.125
1398789717|24.062
1398789740|24.062
1398789762|24.062
1398789785|24.062
1398789807|24.125
1398789830|24.062
1398789852|24.062
1398789875|24.062
1398789897|24.062
1398789919|24.062
1398789942|24.062
1398789964|24.062
1398789987|24.062
1398790009|24.062
1398790032|24.062
1398790054|24.062
1398790077|24.062
1398790099|24.062
1398790122|24.062
1398790144|24.062
1398790167|24.062
1398790189|24.062
1398790212|24.0
1398790234|24.0
1398790257|24.0
1398790279|24.0
1398790301|24.0
1398790324|24.0
1398790346|24.0
1398790369|24.0
1398790391|24.0
1398790414|24.0
1398790436|24.0
1398790459|24.0
1398790481|24.0
1398790504|23.937
1398790526|24.0
1398790549|24.0
1398790571|24.0
1398790594|24.0
1398790616|24.0
1398790638|23.937
1398790661|24.0
1398790683|23.937
1398790706|23.937
1398790728|23.937
1398790751|23.937
1398790773|23.937
1398790796|23.937
1398790818|23.937
1398790841|23.937
1398790863|23.937
1398790886|23.937
1398790908|23.937
1398790931|23.937
1398790953|23.937
1398790975|23.937
1398790998|23.937
1398791020|23.937
1398791043|23.937
1398791066|23.937
1398791089|23.937
1398791111|23.937
1398791134|23.875
1398791156|23.875
1398791178|23.875
1398791201|23.875
1398791223|23.875
1398791246|23.875
1398791268|23.875
1398791291|23.875
1398791313|23.875
1398791336|23.875
1398791358|23.875
1398791381|23.875
1398791403|23.875
1398791426|23.875
1398791448|23.812
1398791471|23.812
1398791493|23.812
1398791515|23.812
1398791538|23.812
1398791560|23.75
1398791583|23.75
1398791605|23.75
1398791628|23.75
1398791650|23.75
1398791673|23.75
1398791695|23.75
1398791718|23.75
1398791740|23.75
1398791763|23.75
1398791785|23.75
1398791808|23.75
1398791830|23.75
1398791852|23.75
1398791875|23.75
1398791897|23.75
1398791920|23.75
1398791942|23.75
1398791965|23.75
1398791987|23.75
1398792010|23.687
1398792032|23.75
1398792055|23.75
1398792077|23.75
1398792100|23.75
1398792122|23.75
1398792145|23.75
1398792167|23.687
1398792189|23.687
1398792212|23.75
1398792234|23.687
1398792257|23.687
1398792279|23.687
1398792302|23.687
1398792324|23.687
1398792347|23.687
1398792369|23.687
1398792392|23.687
1398792414|23.687
1398792437|23.687
1398792459|23.687
1398792482|23.625
1398792504|23.625
1398792527|23.625
1398792549|23.625
1398792571|23.625
1398792594|23.625
1398792616|23.625
1398792639|23.625
1398792661|23.562
1398792684|23.625
1398792706|23.562
1398792729|23.562
1398792751|23.562
1398792774|23.562
1398792796|23.562
1398792819|23.562
1398792841|23.562
1398792864|23.562
1398792886|23.5
1398792908|23.5
1398792931|23.5
1398792953|23.5
1398792976|23.5
1398792998|23.5
1398793021|23.5
1398793043|23.5
1398793066|23.5
1398793088|23.437
1398793111|23.437
1398793133|23.437
1398793156|23.437
1398793178|23.437
1398793201|23.437
1398793223|23.375
1398793245|23.375
1398793268|23.375
1398793290|23.375
1398793313|23.375
1398793336|23.375
1398793359|23.375
1398793381|23.312
1398793404|23.312
1398793426|23.312
1398793448|23.312
1398793471|23.312
1398793493|23.312
1398793516|23.312
1398793538|23.312
1398793561|23.25
1398793583|23.25
1398793606|23.25
1398793628|23.25
1398793651|23.25
1398793673|23.25
1398793696|23.25
1398793718|23.25
1398793741|23.25
1398793763|23.25
1398793785|23.25
1398793808|23.25
1398793830|23.25
1398793853|23.25
1398793875|23.25
1398793898|23.25
1398793920|23.25
1398793943|23.25
1398793965|23.25
1398793988|23.25
1398794010|23.25
1398794033|23.187
1398794055|23.187
1398794078|23.25
1398794100|23.25
1398794123|23.187
1398794145|23.25
1398794168|23.187
1398794190|23.25
1398794212|23.187
1398794235|23.25
1398794257|23.187
1398794280|23.25
1398794302|23.25
1398794325|23.187
1398794347|23.187
1398794370|23.187
1398794392|23.187
1398794415|23.187
1398794437|23.187
1398794460|23.187
1398794482|23.125
1398794505|23.125
1398794527|23.125
1398794549|23.125
1398794572|23.125
1398794594|23.125
1398794617|23.125
1398794639|23.125
