1398362563|21.062
1398362586|21.062
1398362608|21.062
1398362631|21.062
1398362653|21.062
1398362676|21.062
1398362698|21.062
1398362721|21.062
1398362743|21.062
1398362765|21.062
1398362788|21.062
1398362810|21.125
1398362833|21.062
1398362855|21.062
1398362878|21.062
1398362900|21.062
1398362923|21.062
1398362945|21.062
1398362968|21.062
1398362990|21.062
1398363013|21.125
1398363035|21.062
1398363058|21.062
1398363080|21.125
1398363102|21.062
1398363125|21.062
1398363147|21.062
1398363170|21.062
1398363192|21.062
1398363215|21.062
1398363237|21.062
1398363260|21.062
1398363282|21.062
1398363305|21.062
1398363327|21.062
1398363350|21.062
1398363372|21.062
1398363395|21.062
1398363417|21.062
1398363439|21.062
1398363462|21.062
1398363484|21.062
1398363507|21.062
1398363529|21.062
1398363552|21.062
1398363574|21.062
1398363597|21.062
1398363619|21.062
1398363642|21.062
1398363664|21.062
1398363687|21.062
1398363709|21.0
1398363732|21.062
1398363754|21.062
1398363777|21.062
1398363799|21.062
1398363822|21.062
1398363844|21.187
1398363866|21.25
1398363889|21.25
1398363911|21.312
1398363934|21.375
1398363956|21.437
1398363979|21.5
1398364001|21.562
1398364024|21.625
1398364046|21.625
1398364069|21.687
1398364091|21.75
1398364114|21.75
1398364136|21.812
1398364159|21.875
1398364181|21.875
1398364203|21.937
1398364226|21.937
1398364248|22.0
1398364271|22.0
1398364293|22.062
1398364316|22.125
1398364338|22.125
1398364361|22.187
1398364383|22.187
1398364406|22.187
1398364428|22.25
1398364451|22.25
1398364473|22.25
1398364496|22.312
1398364518|22.312
1398364540|22.375
1398364563|22.375
1398364585|22.375
1398364608|22.375
1398364630|22.437
1398364653|22.437
1398364675|22.437
1398364698|22.5
1398364720|22.5
1398364743|22.562
1398364765|22.562
1398364788|22.562
1398364810|22.562
1398364833|22.625
1398364855|22.625
1398364878|22.625
1398364900|22.687
1398364922|22.687
1398364945|22.75
1398364967|22.687
1398364990|22.75
1398365012|22.75
1398365035|22.75
1398365057|22.75
1398365080|22.812
1398365102|22.812
1398365125|22.812
1398365147|22.875
1398365170|22.875
1398365192|22.875
1398365215|22.875
1398365237|22.937
1398365259|22.937
1398365282|22.937
1398365304|22.937
1398365327|23.0
1398365349|23.0
1398365372|23.0
1398365394|23.0
1398365417|23.0
1398365439|23.062
1398365462|23.062
1398365484|23.062
1398365507|23.062
1398365529|23.125
1398365552|23.125
1398365574|23.125
1398365596|23.125
1398365619|23.125
1398365641|23.125
1398365664|23.187
1398365686|23.187
1398365709|23.187
1398365731|23.187
1398365754|23.187
1398365776|23.187
1398365799|23.25
1398365821|23.25
1398365844|23.25
1398365866|23.25
1398365889|23.25
1398365911|23.25
1398365934|23.312
1398365956|23.312
1398365979|23.312
1398366001|23.312
1398366023|23.375
1398366046|23.375
1398366068|23.375
1398366091|23.375
1398366113|23.375
1398366136|23.375
1398366158|23.375
1398366181|23.437
1398366203|23.437
1398366226|23.437
1398366248|23.437
1398366271|23.437
1398366293|23.437
1398366316|23.5
1398366338|23.437
1398366360|23.5
1398366383|23.5
1398366405|23.5
1398366428|23.5
1398366450|23.562
1398366473|23.562
1398366495|23.5
1398366518|23.562
1398366540|23.562
1398366563|23.562
1398366585|23.562
1398366608|23.625
1398366630|23.562
1398366653|23.625
1398366675|23.625
1398366697|23.625
1398366720|23.625
1398366742|23.625
1398366765|23.625
1398366787|23.687
1398366810|23.687
1398366832|23.687
1398366855|23.687
1398366877|23.687
1398366900|23.687
1398366922|23.687
1398366945|23.687
1398366967|23.687
1398366990|23.687
1398367012|23.75
1398367034|23.75
1398367057|23.75
1398367079|23.75
1398367102|23.75
1398367124|23.75
1398367147|23.75
1398367169|23.75
1398367192|23.75
1398367214|23.812
1398367237|23.812
1398367259|23.812
1398367282|23.812
1398367304|23.812
1398367327|23.812
1398367349|23.812
1398367371|23.812
1398367394|23.875
1398367416|23.812
1398367439|23.875
1398367461|23.875
1398367484|23.875
1398367506|23.875
1398367529|23.875
1398367551|23.875
1398367574|23.875
1398367596|23.875
1398367619|23.875
1398367641|23.875
1398367664|23.937
1398367686|23.937
1398367708|23.937
1398367731|23.937
1398367753|23.937
1398367776|23.937
1398367798|23.937
1398367821|23.937
1398367843|23.937
1398367866|23.937
1398367888|23.937
1398367911|24.0
1398367933|24.0
1398367956|24.0
1398367978|24.0
1398368001|24.0
1398368023|24.0
1398368046|24.0
1398368068|24.0
1398368090|24.0
1398368113|24.0
1398368135|24.0
1398368158|24.0
1398368180|24.0
1398368203|24.062
1398368225|24.062
1398368248|24.062
1398368270|24.062
1398368293|24.062
1398368315|24.062
1398368338|24.062
1398368360|24.062
1398368383|24.125
1398368405|24.125
1398368428|24.125
1398368450|24.125
1398368472|24.125
1398368495|24.125
1398368517|24.125
1398368540|24.125
1398368562|24.125
1398368585|24.125
1398368607|24.187
1398368630|24.187
1398368652|24.187
1398368675|24.187
1398368697|24.187
1398368720|24.187
1398368742|24.187
1398368765|24.187
1398368787|24.187
1398368809|24.187
1398368832|24.187
1398368854|24.187
1398368877|24.187
1398368899|24.25
1398368922|24.187
1398368944|24.25
1398368967|24.25
1398368989|24.25
1398369012|24.25
1398369034|24.25
1398369057|24.25
1398369079|24.25
1398369102|24.25
1398369124|24.25
1398369146|24.25
1398369169|24.25
1398369191|24.25
1398369214|24.25
1398369236|24.25
1398369259|24.312
1398369281|24.25
1398369304|24.312
1398369326|24.312
1398369349|24.312
1398369371|24.312
1398369394|24.312
1398369416|24.312
1398369439|24.312
1398369461|24.312
1398369483|24.312
1398369506|24.312
1398369528|24.312
1398369551|24.312
1398369573|24.312
1398369596|24.312
1398369618|24.312
1398369641|24.312
1398369663|24.312
1398369686|24.312
1398369708|24.312
1398369731|24.312
1398369753|24.312
1398369776|24.312
1398369798|24.312
1398369820|24.375
1398369843|24.375
1398369865|24.375
1398369888|24.375
1398369910|24.375
1398369933|24.375
1398369955|24.375
1398369978|24.375
1398370000|24.375
1398370023|24.375
1398370045|24.375
1398370068|24.375
1398370090|24.375
1398370113|24.375
1398370135|24.375
1398370158|24.375
1398370180|24.375
1398370202|24.375
1398370225|24.375
1398370247|24.375
1398370270|24.375
1398370292|24.375
1398370315|24.375
1398370337|24.375
1398370360|24.375
1398370382|24.375
1398370405|24.375
1398370427|24.375
1398370450|24.375
1398370472|24.375
1398370495|24.375
1398370517|24.375
1398370539|24.375
1398370562|24.375
1398370584|24.375
1398370607|24.375
1398370629|24.375
1398370652|24.437
1398370674|24.437
1398370697|24.437
1398370719|24.437
1398370742|24.437
1398370764|24.437
1398370787|24.437
1398370809|24.437
1398370832|24.375
1398370854|24.375
1398370876|24.375
1398370899|24.437
1398370921|24.437
1398370944|24.437
1398370966|24.437
1398370989|24.437
1398371011|24.437
1398371034|24.437
1398371056|24.437
1398371079|24.437
1398371101|24.437
1398371124|24.437
1398371146|24.437
1398371169|24.437
1398371191|24.437
1398371213|24.437
1398371236|24.437
1398371258|24.437
1398371281|24.437
1398371303|24.437
1398371326|24.437
1398371348|24.437
1398371371|24.437
1398371393|24.437
1398371416|24.437
1398371438|24.437
1398371461|24.437
1398371483|24.437
1398371506|24.437
1398371528|24.437
1398371550|24.437
1398371573|24.437
1398371595|24.437
1398371618|24.437
1398371640|24.437
1398371663|24.437
1398371685|24.437
1398371708|24.437
1398371730|24.437
1398371753|24.437
1398371775|24.437
1398371798|24.375
1398371820|24.437
1398371843|24.437
1398371865|24.437
1398371888|24.437
1398371910|24.437
1398371933|24.437
1398371955|24.437
1398371977|24.437
1398372000|24.437
1398372022|24.437
1398372045|24.437
1398372067|24.437
1398372090|24.437
1398372112|24.437
1398372135|24.437
1398372157|24.437
1398372180|24.437
1398372202|24.437
1398372225|24.437
1398372247|24.437
1398372270|24.437
1398372292|24.437
1398372314|24.437
1398372337|24.437
1398372359|24.437
1398372382|24.437
1398372404|24.437
1398372427|24.437
1398372449|24.437
1398372472|24.437
1398372494|24.437
1398372517|24.437
1398372539|24.437
1398372562|24.437
1398372584|24.437
1398372607|24.437
1398372629|24.437
1398372651|24.437
1398372674|24.437
1398372696|24.437
1398372719|24.437
1398372741|24.437
1398372764|24.437
1398372786|24.437
1398372809|24.437
1398372831|24.437
1398372854|24.437
1398372876|24.437
1398372899|24.437
1398372921|24.437
1398372944|24.437
1398372966|24.437
1398372988|24.437
1398373011|24.437
1398373033|24.437
1398373056|24.437
1398373078|24.437
1398373101|24.437
1398373123|24.437
1398373146|24.437
1398373168|24.437
1398373191|24.437
1398373213|24.437
1398373236|24.437
1398373258|24.437
1398373281|24.5
1398373303|24.562
1398373326|24.625
1398373348|24.687
1398373370|24.75
1398373393|24.812
1398373415|24.812
1398373438|24.812
1398373460|24.937
1398373483|24.937
1398373505|25.0
1398373528|25.0
1398373550|25.0
1398373573|25.062
1398373595|25.062
1398373618|25.062
1398373640|25.125
1398373663|25.125
1398373685|25.125
1398373708|25.187
1398373730|25.187
1398373752|25.187
1398373775|25.25
1398373797|25.25
1398373820|25.25
1398373842|25.25
1398373865|25.25
1398373887|25.312
1398373910|25.312
1398373932|25.312
1398373955|25.312
1398373977|25.312
1398374000|25.375
1398374022|25.375
1398374045|25.375
1398374067|25.375
1398374089|25.375
1398374112|25.437
1398374134|25.437
1398374157|25.437
1398374179|25.437
1398374202|25.437
1398374224|25.437
1398374247|25.5
1398374269|25.5
1398374292|25.5
1398374314|25.5
1398374337|25.5
1398374359|25.562
1398374382|25.562
1398374404|25.562
1398374426|25.562
1398374449|25.562
1398374471|25.562
1398374494|25.625
1398374516|25.625
1398374539|25.625
1398374561|25.625
1398374584|25.625
1398374606|25.625
1398374629|25.625
1398374651|25.687
1398374674|25.687
1398374696|25.687
1398374719|25.687
1398374741|25.687
1398374764|25.687
1398374786|25.687
1398374808|25.687
1398374831|25.687
1398374853|25.687
1398374876|25.75
1398374898|25.75
1398374921|25.75
1398374943|25.75
1398374966|25.75
1398374988|25.75
1398375011|25.75
1398375033|25.812
1398375056|25.812
1398375078|25.812
1398375101|25.812
1398375123|25.812
1398375145|25.812
1398375168|25.812
1398375190|25.812
1398375213|25.812
1398375235|25.812
1398375258|25.812
1398375280|25.875
1398375303|25.875
1398375325|25.875
1398375348|25.875
1398375370|25.875
1398375393|25.875
1398375415|25.875
1398375438|25.875
1398375460|25.875
1398375482|25.937
1398375505|25.937
1398375527|25.937
1398375550|25.937
1398375572|25.937
1398375595|25.937
1398375617|25.937
1398375640|25.937
1398375662|25.937
1398375685|25.937
1398375707|25.937
1398375730|26.0
1398375752|26.0
1398375775|25.937
1398375797|26.0
1398375820|25.937
1398375842|26.0
1398375865|26.0
1398375887|26.0
1398375909|26.0
1398375932|26.0
1398375954|26.0
1398375977|26.0
1398376000|26.0
1398376023|26.0
1398376045|26.0
1398376068|26.0
1398376090|26.0
1398376112|26.0
1398376135|26.062
1398376157|26.062
1398376180|26.0
1398376202|26.0
1398376225|26.062
1398376247|26.062
1398376270|26.062
1398376292|26.062
1398376315|26.062
1398376337|26.062
1398376360|26.062
1398376382|26.062
1398376405|26.062
1398376427|26.062
1398376449|26.062
1398376472|26.062
1398376494|26.062
1398376517|26.062
1398376539|26.062
1398376562|26.062
1398376584|26.062
1398376607|26.062
1398376629|26.062
1398376652|26.062
1398376674|26.062
1398376697|26.062
1398376719|26.062
1398376742|26.062
1398376764|26.062
1398376787|26.062
1398376809|26.062
1398376832|26.062
1398376854|26.062
1398376876|26.062
1398376899|26.062
1398376921|26.062
1398376944|26.062
1398376966|26.062
1398376989|26.062
1398377011|26.125
1398377034|26.125
1398377056|26.062
1398377079|26.125
1398377101|26.125
1398377124|26.062
1398377146|26.125
1398377169|26.062
1398377191|26.062
1398377214|26.062
1398377236|26.125
1398377258|26.062
1398377281|26.062
1398377303|26.062
1398377326|26.062
1398377348|26.062
1398377371|26.062
1398377393|26.062
1398377416|26.062
1398377438|26.062
1398377461|26.062
1398377483|26.062
1398377506|26.062
1398377528|26.062
1398377551|26.062
1398377573|26.062
1398377595|26.062
1398377618|26.062
1398377640|26.062
1398377663|26.062
1398377685|26.125
1398377708|26.125
1398377730|26.062
1398377753|26.062
1398377775|26.062
1398377798|26.062
1398377820|26.062
1398377843|26.062
1398377865|26.062
1398377888|26.062
1398377910|26.062
1398377932|26.125
1398377955|26.062
1398377977|26.062
1398378000|26.062
1398378022|26.062
1398378045|26.062
1398378067|26.062
1398378090|26.062
1398378112|26.062
1398378135|26.062
1398378157|26.062
1398378180|26.062
1398378202|26.062
1398378225|26.062
1398378247|26.062
1398378270|26.062
1398378292|26.062
1398378315|26.062
1398378337|26.062
1398378359|26.062
1398378382|26.062
1398378404|26.062
1398378427|26.062
1398378449|26.062
1398378472|26.062
1398378494|26.062
1398378517|26.062
1398378539|26.062
1398378562|26.062
1398378584|26.062
1398378607|26.062
1398378629|26.062
1398378652|26.062
1398378674|26.062
1398378696|26.062
1398378719|26.062
1398378741|26.062
1398378764|26.062
1398378786|26.062
1398378809|26.062
1398378831|26.0
1398378854|26.0
1398378876|26.062
1398378899|26.062
1398378921|26.062
1398378944|26.0
1398378966|26.0
1398378989|26.0
1398379011|26.0
1398379033|26.0
1398379056|26.062
1398379078|26.062
1398379101|26.062
1398379123|26.0
1398379146|26.0
1398379168|26.0
1398379191|26.0
1398379213|26.0
1398379236|26.0
1398379258|26.0
1398379281|26.0
1398379303|26.0
1398379326|26.0
1398379348|26.0
1398379370|26.0
1398379393|26.0
1398379415|26.0
1398379438|26.0
1398379460|26.0
1398379483|26.0
1398379505|26.0
1398379528|26.0
1398379550|26.0
1398379573|26.0
1398379595|26.0
1398379618|26.0
1398379640|25.937
1398379663|26.0
1398379685|26.0
1398379707|26.0
1398379730|25.937
1398379752|26.0
1398379775|26.0
1398379797|25.937
1398379820|25.937
1398379842|25.937
1398379865|25.937
1398379887|25.937
1398379910|25.937
1398379932|25.937
1398379955|25.937
1398379977|25.937
1398380000|25.937
1398380022|25.937
1398380045|25.937
1398380067|25.937
1398380090|25.937
1398380112|25.937
1398380134|25.937
1398380157|25.875
1398380179|25.875
1398380202|25.937
1398380224|25.937
1398380247|25.937
1398380269|25.937
1398380292|25.875
1398380314|25.875
1398380337|25.875
1398380359|25.875
1398380382|25.875
1398380404|25.875
1398380427|25.875
1398380449|25.875
1398380471|25.875
1398380494|25.875
1398380516|25.875
1398380539|25.875
1398380561|25.875
1398380584|25.875
1398380606|25.875
1398380629|25.875
1398380651|25.875
1398380674|25.875
1398380696|25.875
1398380719|25.875
1398380741|25.875
1398380764|25.812
1398380786|25.812
1398380808|25.812
1398380831|25.812
1398380853|25.812
1398380876|25.812
1398380898|25.812
1398380921|25.812
1398380943|25.812
1398380966|25.812
1398380988|25.812
1398381011|25.812
1398381033|25.812
1398381056|25.812
1398381078|25.812
1398381101|25.812
1398381123|25.812
1398381145|25.812
1398381168|25.812
1398381190|25.812
1398381213|25.812
1398381235|25.812
1398381258|25.812
1398381280|25.812
1398381303|25.75
1398381325|25.75
1398381348|25.75
1398381370|25.75
1398381393|25.75
1398381415|25.812
1398381438|25.75
1398381460|25.75
1398381483|25.75
1398381505|25.75
1398381527|25.75
1398381550|25.75
1398381572|25.75
1398381595|25.75
1398381617|25.75
1398381640|25.75
1398381662|25.75
1398381685|25.75
1398381707|25.687
1398381730|25.75
1398381752|25.75
1398381775|25.75
1398381797|25.687
1398381820|25.75
1398381842|25.75
1398381864|25.687
1398381887|25.687
1398381909|25.687
1398381932|25.687
1398381954|25.687
1398381977|25.687
1398381999|25.687
1398382022|25.687
1398382044|25.687
1398382067|25.687
1398382089|25.687
1398382112|25.687
1398382134|25.687
1398382157|25.687
1398382179|25.687
1398382201|25.687
1398382224|25.625
1398382246|25.687
1398382269|25.625
1398382291|25.625
1398382314|25.625
1398382336|25.625
1398382359|25.625
1398382381|25.625
1398382404|25.625
1398382426|25.625
1398382449|25.625
1398382471|25.625
1398382494|25.625
1398382516|25.625
1398382539|25.625
1398382561|25.625
1398382583|25.625
1398382606|25.625
1398382628|25.625
1398382651|25.625
1398382673|25.562
1398382696|25.625
1398382718|25.625
1398382741|25.562
1398382763|25.562
1398382786|25.562
1398382808|25.562
1398382831|25.562
1398382853|25.562
1398382876|25.562
1398382898|25.562
1398382921|25.562
1398382943|25.562
1398382965|25.562
1398382988|25.562
1398383010|25.562
1398383033|25.5
1398383055|25.5
1398383078|25.5
1398383100|25.5
1398383123|25.562
1398383145|25.5
1398383168|25.5
1398383190|25.5
1398383213|25.5
1398383235|25.5
1398383258|25.5
1398383280|25.5
1398383302|25.5
1398383325|25.5
1398383347|25.5
1398383370|25.5
1398383392|25.5
1398383415|25.5
1398383437|25.5
1398383460|25.5
1398383482|25.5
1398383505|25.5
1398383527|25.437
1398383550|25.437
1398383572|25.437
1398383595|25.437
1398383617|25.437
1398383640|25.437
1398383662|25.437
1398383684|25.437
1398383707|25.437
1398383729|25.437
1398383752|25.437
1398383774|25.437
1398383797|25.437
1398383819|25.437
1398383842|25.437
1398383864|25.437
1398383887|25.437
1398383909|25.437
1398383932|25.437
1398383954|25.437
1398383977|25.437
1398383999|25.437
1398384022|25.375
1398384044|25.437
1398384066|25.375
1398384089|25.375
1398384111|25.375
1398384134|25.375
1398384156|25.375
1398384179|25.375
1398384201|25.375
1398384224|25.375
1398384246|25.375
1398384269|25.5
1398384291|25.562
1398384314|25.625
1398384336|25.625
1398384359|25.687
1398384381|25.687
1398384403|25.687
1398384426|25.75
1398384448|25.75
1398384471|25.75
1398384493|25.75
1398384516|25.812
1398384538|25.812
1398384561|25.812
1398384583|25.812
1398384606|25.875
1398384628|25.875
1398384651|25.875
1398384673|25.875
1398384696|25.875
1398384718|25.875
1398384740|25.937
1398384763|25.937
1398384785|25.937
1398384808|25.937
1398384830|25.937
1398384853|25.937
1398384875|25.937
1398384898|25.937
1398384920|26.0
1398384943|26.0
1398384965|26.0
1398384988|26.0
1398385010|26.0
1398385033|26.0
1398385055|26.0
1398385077|26.0
1398385100|26.0
1398385122|26.062
1398385145|26.062
1398385167|26.062
1398385190|26.062
1398385212|26.062
1398385235|26.062
1398385257|26.062
1398385280|26.062
1398385302|26.062
1398385325|26.062
1398385347|26.062
1398385370|26.062
1398385392|26.125
1398385415|26.062
1398385437|26.125
1398385459|26.125
1398385482|26.062
1398385504|26.125
1398385527|26.125
1398385549|26.125
1398385572|26.125
1398385594|26.125
1398385617|26.125
1398385639|26.125
1398385662|26.125
1398385684|26.125
1398385707|26.125
1398385729|26.125
1398385752|26.125
1398385774|26.125
1398385796|26.125
1398385819|26.125
1398385841|26.125
1398385864|26.125
1398385886|26.125
1398385909|26.125
1398385931|26.125
1398385954|26.187
1398385976|26.125
1398385999|26.187
1398386021|26.187
1398386044|26.187
1398386066|26.187
1398386089|26.187
1398386111|26.187
1398386134|26.187
1398386156|26.187
1398386179|26.187
1398386201|26.187
1398386223|26.187
1398386246|26.187
1398386268|26.187
1398386291|26.187
1398386313|26.187
1398386336|26.187
1398386358|26.187
1398386381|26.187
1398386403|26.187
1398386426|26.187
1398386448|26.187
1398386471|26.187
1398386493|26.187
1398386516|26.187
1398386538|26.187
1398386560|26.125
1398386583|26.187
1398386605|26.187
1398386628|26.187
1398386650|26.187
1398386673|26.187
1398386695|26.187
1398386718|26.187
1398386740|26.187
1398386763|26.187
1398386785|26.187
1398386808|26.125
1398386830|26.187
1398386853|26.187
1398386875|26.125
1398386897|26.125
1398386920|26.125
1398386942|26.125
1398386965|26.125
1398386987|26.125
1398387010|26.125
1398387032|26.125
1398387055|26.187
1398387077|26.187
1398387100|26.187
1398387122|26.187
1398387145|26.125
1398387167|26.125
1398387190|26.125
1398387212|26.125
1398387234|26.125
1398387257|26.125
1398387279|26.125
1398387302|26.125
1398387324|26.125
1398387347|26.125
1398387369|26.125
1398387392|26.125
1398387414|26.125
1398387437|26.125
1398387459|26.125
1398387482|26.125
1398387504|26.125
1398387527|26.125
1398387549|26.125
1398387571|26.125
1398387594|26.125
1398387616|26.125
1398387639|26.062
1398387661|26.125
1398387684|26.125
1398387706|26.125
1398387729|26.062
1398387751|26.062
1398387774|26.062
1398387796|26.062
1398387819|26.062
1398387841|26.062
1398387864|26.062
1398387886|26.062
1398387909|26.062
1398387931|26.062
1398387954|26.062
1398387976|26.062
1398387998|26.062
1398388021|26.062
1398388043|26.062
1398388066|26.062
1398388088|26.062
1398388111|26.0
1398388133|26.062
1398388156|26.062
1398388178|26.0
1398388201|26.0
1398388223|26.0
1398388246|26.062
1398388268|26.0
1398388291|26.0
1398388313|26.0
1398388335|26.0
1398388358|26.0
1398388380|26.0
1398388403|26.0
1398388425|26.0
1398388448|26.0
1398388470|26.0
1398388493|26.0
1398388515|26.0
1398388538|26.0
1398388560|26.0
1398388583|26.0
1398388605|26.0
1398388628|26.0
1398388650|26.0
1398388672|26.0
1398388695|25.937
1398388717|26.0
1398388740|25.937
1398388762|25.937
1398388785|25.937
1398388807|25.937
1398388830|25.937
1398388852|25.937
1398388875|25.937
1398388897|25.937
1398388920|25.937
1398388942|25.937
1398388965|25.937
1398388987|25.937
1398389010|25.937
1398389032|25.937
1398389054|25.937
1398389077|25.937
1398389099|25.875
1398389122|25.875
1398389144|25.875
1398389167|26.0
1398389189|26.062
1398389212|26.062
1398389234|26.125
1398389257|26.125
1398389279|26.125
1398389302|26.187
1398389324|26.187
1398389347|26.187
1398389369|26.187
1398389391|26.187
1398389414|26.25
1398389436|26.25
1398389459|26.25
1398389481|26.25
1398389504|26.25
1398389526|26.25
1398389549|26.312
1398389571|26.312
1398389594|26.312
1398389616|26.312
1398389639|26.312
1398389661|26.312
1398389684|26.312
1398389706|26.312
1398389728|26.312
1398389751|26.312
1398389773|26.312
1398389796|26.312
1398389818|26.312
1398389841|26.312
1398389863|26.312
1398389886|26.312
1398389908|26.312
1398389931|26.312
1398389953|26.375
1398389976|26.375
1398389998|26.312
1398390021|26.312
1398390043|26.312
1398390065|26.312
1398390088|26.312
1398390110|26.312
1398390133|26.375
1398390155|26.375
1398390178|26.375
1398390200|26.375
1398390223|26.375
1398390245|26.375
1398390268|26.312
1398390290|26.312
1398390313|26.375
1398390335|26.312
1398390358|26.312
1398390380|26.312
1398390402|26.375
1398390425|26.375
1398390447|26.312
1398390470|26.375
1398390492|26.312
1398390515|26.375
1398390537|26.312
1398390560|26.312
1398390582|26.312
1398390605|26.312
1398390627|26.312
1398390650|26.312
1398390672|26.312
1398390695|26.312
1398390717|26.312
1398390740|26.312
1398390762|26.312
1398390785|26.312
1398390807|26.312
1398390829|26.312
1398390852|26.312
1398390874|26.312
1398390897|26.312
1398390919|26.312
1398390942|26.312
1398390964|26.312
1398390987|26.312
1398391009|26.312
1398391032|26.312
1398391054|26.312
1398391077|26.312
1398391099|26.312
1398391122|26.312
1398391144|26.312
1398391166|26.25
1398391189|26.25
1398391211|26.312
1398391234|26.312
1398391256|26.25
1398391279|26.25
1398391301|26.25
1398391324|26.25
1398391346|26.25
1398391369|26.25
1398391391|26.25
1398391414|26.25
1398391436|26.25
1398391459|26.25
1398391481|26.25
1398391503|26.187
1398391526|26.25
1398391548|26.25
1398391571|26.187
1398391593|26.187
1398391616|26.187
1398391638|26.187
1398391661|26.187
1398391683|26.187
1398391706|26.187
1398391728|26.187
1398391751|26.187
1398391773|26.187
1398391796|26.187
1398391818|26.187
1398391840|26.187
1398391863|26.187
1398391886|26.187
1398391908|26.187
1398391930|26.187
1398391953|26.187
1398391975|26.125
1398391998|26.125
1398392020|26.125
1398392043|26.125
1398392065|26.125
1398392088|26.125
1398392110|26.125
1398392133|26.125
1398392155|26.125
1398392178|26.125
1398392200|26.125
1398392223|26.125
1398392245|26.125
1398392267|26.125
1398392290|26.125
1398392312|26.125
1398392335|26.062
1398392357|26.062
1398392380|26.062
1398392402|26.062
1398392425|26.062
1398392447|26.062
1398392470|26.062
1398392492|26.062
1398392515|26.062
1398392537|26.062
1398392560|26.0
1398392582|26.0
1398392604|26.062
1398392627|26.062
1398392649|26.0
1398392672|26.0
1398392694|26.0
1398392717|26.0
1398392739|26.0
1398392762|26.0
1398392784|26.0
1398392807|26.0
1398392829|26.0
1398392852|26.062
1398392874|26.062
1398392897|26.125
1398392919|26.125
1398392941|26.125
1398392964|26.187
1398392986|26.187
1398393009|26.187
1398393031|26.187
1398393054|26.187
1398393076|26.187
1398393099|26.25
1398393121|26.25
1398393144|26.187
1398393166|26.25
1398393189|26.25
1398393211|26.25
1398393234|26.25
1398393256|26.25
1398393279|26.25
1398393301|26.25
1398393323|26.25
1398393346|26.25
1398393368|26.25
1398393391|26.25
1398393413|26.25
1398393436|26.25
1398393458|26.25
1398393481|26.25
1398393503|26.25
1398393526|26.25
1398393548|26.25
1398393571|26.25
1398393593|26.25
1398393616|26.25
1398393638|26.25
1398393660|26.25
1398393683|26.25
1398393705|26.25
1398393728|26.25
1398393750|26.25
1398393773|26.25
1398393795|26.25
1398393818|26.25
1398393840|26.25
1398393863|26.25
1398393885|26.25
1398393908|26.25
1398393930|26.25
1398393953|26.25
1398393975|26.25
1398393997|26.25
1398394020|26.25
1398394042|26.25
1398394065|26.25
1398394087|26.25
1398394110|26.25
1398394132|26.25
1398394155|26.187
1398394177|26.25
1398394200|26.25
1398394222|26.25
1398394245|26.187
1398394267|26.187
1398394290|26.187
1398394312|26.187
1398394335|26.187
1398394357|26.187
1398394380|26.187
1398394402|26.187
1398394424|26.187
1398394447|26.187
1398394469|26.187
1398394492|26.187
1398394514|26.187
1398394537|26.187
1398394559|26.187
1398394582|26.187
1398394604|26.187
1398394627|26.125
1398394649|26.125
1398394672|26.125
1398394694|26.125
1398394717|26.187
1398394739|26.187
1398394762|26.125
1398394784|26.125
1398394806|26.125
1398394829|26.125
1398394851|26.125
1398394874|26.187
1398394896|26.187
1398394919|26.187
1398394941|26.25
1398394964|26.25
1398394986|26.312
1398395009|26.312
1398395031|26.312
1398395054|26.312
1398395076|26.312
1398395099|26.312
1398395121|26.312
1398395144|26.312
1398395166|26.312
1398395188|26.312
1398395211|26.312
1398395233|26.312
1398395256|26.375
1398395278|26.312
1398395301|26.375
1398395323|26.375
1398395346|26.375
1398395368|26.312
1398395391|26.312
1398395413|26.375
1398395436|26.375
1398395458|26.312
1398395481|26.312
1398395503|26.312
1398395525|26.312
1398395548|26.312
1398395570|26.375
1398395593|26.312
1398395615|26.375
1398395638|26.375
1398395660|26.375
1398395683|26.312
1398395705|26.312
1398395728|26.312
1398395750|26.312
1398395773|26.312
1398395795|26.312
1398395818|26.312
1398395840|26.312
1398395863|26.312
1398395885|26.312
1398395907|26.312
1398395930|26.312
1398395952|26.312
1398395975|26.25
1398395997|26.25
1398396020|26.25
1398396042|26.25
1398396065|26.25
1398396087|26.25
1398396110|26.25
1398396132|26.25
1398396155|26.25
1398396177|26.25
1398396200|26.25
1398396222|26.25
1398396244|26.25
1398396267|26.25
1398396289|26.25
1398396312|26.25
1398396334|26.25
1398396357|26.25
1398396379|26.187
1398396402|26.187
1398396424|26.187
1398396447|26.187
1398396469|26.187
1398396492|26.187
1398396514|26.187
1398396537|26.187
1398396559|26.187
1398396581|26.25
1398396604|26.25
1398396626|26.25
1398396649|26.312
1398396671|26.312
1398396694|26.312
1398396716|26.375
1398396739|26.312
1398396761|26.375
1398396784|26.375
1398396806|26.375
1398396829|26.375
1398396851|26.375
1398396874|26.375
1398396896|26.375
1398396918|26.375
1398396941|26.375
1398396963|26.375
1398396986|26.375
1398397008|26.375
1398397031|26.312
1398397053|26.375
1398397076|26.375
1398397098|26.312
1398397121|26.312
1398397143|26.312
1398397166|26.312
1398397188|26.312
1398397211|26.312
1398397233|26.312
1398397256|26.312
1398397278|26.312
1398397300|26.312
1398397323|26.312
1398397345|26.312
1398397368|26.312
1398397390|26.312
1398397413|26.312
1398397435|26.312
1398397458|26.312
1398397480|26.312
1398397503|26.312
1398397525|26.25
1398397548|26.312
1398397570|26.25
1398397593|26.312
1398397615|26.312
1398397638|26.25
1398397660|26.25
1398397682|26.25
1398397705|26.25
1398397727|26.25
1398397750|26.25
1398397772|26.25
1398397795|26.25
1398397817|26.25
1398397840|26.25
1398397862|26.25
1398397885|26.187
1398397907|26.187
1398397930|26.187
1398397952|26.187
1398397975|26.187
1398397997|26.187
1398398019|26.187
1398398042|26.187
1398398064|26.125
1398398087|26.187
1398398109|26.125
1398398132|26.125
1398398154|26.125
1398398177|26.125
1398398199|26.125
1398398222|26.125
1398398244|26.125
1398398267|26.187
1398398289|26.187
1398398312|26.187
1398398334|26.187
1398398356|26.187
1398398379|26.25
1398398401|26.187
1398398424|26.25
1398398446|26.187
1398398469|26.25
1398398491|26.25
1398398514|26.25
1398398536|26.25
1398398559|26.25
1398398581|26.25
1398398604|26.25
1398398626|26.25
1398398649|26.187
1398398671|26.187
1398398693|26.187
1398398716|26.187
1398398738|26.187
1398398761|26.187
1398398783|26.187
1398398806|26.187
1398398828|26.187
1398398851|26.187
1398398873|26.187
1398398896|26.187
1398398918|26.187
1398398941|26.187
1398398963|26.187
1398398986|26.187
1398399008|26.125
1398399030|26.125
1398399053|26.125
1398399075|26.125
1398399098|26.125
1398399120|26.125
1398399143|26.125
1398399165|26.125
1398399188|26.125
1398399210|26.125
1398399233|26.125
1398399255|26.125
1398399278|26.062
1398399300|26.062
1398399323|26.062
1398399345|26.062
1398399368|26.125
1398399390|26.062
1398399413|26.062
1398399435|26.125
1398399457|26.062
1398399480|26.062
1398399502|26.062
1398399525|26.062
1398399547|26.062
1398399570|26.062
1398399592|26.062
1398399615|26.062
1398399637|26.062
1398399660|26.0
1398399682|26.062
1398399705|26.062
1398399727|26.062
1398399750|26.062
1398399772|26.062
1398399794|26.125
1398399817|26.062
1398399839|26.062
1398399862|26.125
1398399884|26.062
1398399907|26.062
1398399929|26.062
1398399952|26.062
1398399974|26.062
1398399997|26.062
1398400019|26.062
1398400042|26.062
1398400064|26.062
1398400087|26.062
1398400109|26.062
1398400132|26.0
1398400154|26.0
1398400176|26.062
1398400199|26.0
1398400221|26.0
1398400244|26.0
1398400266|26.0
1398400289|26.0
1398400311|26.0
1398400334|25.937
1398400356|26.0
1398400379|25.937
1398400401|25.937
1398400424|25.937
1398400446|25.937
1398400469|25.937
1398400491|25.875
1398400513|25.875
1398400536|25.875
1398400558|25.875
1398400581|25.875
1398400603|25.875
1398400626|25.875
1398400648|25.875
1398400671|25.875
1398400693|25.875
1398400716|25.875
1398400738|25.875
1398400761|25.812
1398400783|25.812
1398400806|25.812
1398400828|25.812
1398400850|25.812
1398400873|25.812
1398400895|25.75
1398400918|25.812
1398400940|25.75
1398400963|25.75
1398400985|25.812
1398401008|25.812
1398401030|25.812
1398401053|25.75
1398401075|25.75
1398401098|25.75
1398401120|25.75
1398401143|25.75
1398401165|25.75
1398401187|25.687
1398401210|25.687
1398401232|25.687
1398401255|25.75
1398401277|25.75
1398401300|25.687
1398401322|25.687
1398401345|25.687
1398401367|25.687
1398401390|25.687
1398401412|25.687
1398401435|25.625
1398401457|25.625
1398401480|25.625
1398401502|25.625
1398401525|25.687
1398401547|25.625
1398401570|25.625
1398401592|25.625
1398401614|25.625
1398401637|25.625
1398401659|25.625
1398401682|25.562
1398401704|25.562
1398401727|25.562
1398401749|25.625
1398401772|25.625
1398401794|25.562
1398401817|25.625
1398401839|25.562
1398401862|25.562
1398401884|25.562
1398401907|25.562
1398401929|25.562
1398401951|25.562
1398401974|25.562
1398401996|25.562
1398402019|25.562
1398402041|25.562
1398402064|25.562
1398402086|25.562
1398402109|25.562
1398402131|25.562
1398402154|25.5
1398402176|25.5
1398402199|25.5
1398402221|25.5
1398402244|25.5
1398402266|25.5
1398402288|25.437
1398402311|25.5
1398402333|25.437
1398402356|25.437
1398402378|25.437
1398402401|25.437
1398402423|25.375
1398402446|25.437
1398402468|25.375
1398402491|25.375
1398402513|25.375
1398402536|25.375
1398402558|25.375
1398402581|25.375
1398402603|25.375
1398402626|25.375
1398402648|25.312
1398402671|25.312
1398402693|25.312
1398402715|25.312
1398402738|25.312
1398402760|25.312
1398402783|25.312
1398402805|25.312
1398402828|25.312
1398402850|25.25
1398402873|25.25
1398402895|25.25
1398402918|25.25
1398402940|25.312
1398402963|25.312
1398402985|25.312
1398403008|25.312
1398403030|25.312
1398403052|25.25
1398403075|25.312
1398403097|25.25
1398403120|25.25
1398403142|25.25
1398403165|25.25
1398403187|25.25
1398403210|25.25
1398403232|25.25
1398403255|25.187
1398403277|25.187
1398403300|25.187
1398403322|25.187
1398403345|25.125
1398403367|25.187
1398403389|25.125
1398403412|25.125
1398403434|25.125
1398403457|25.125
1398403479|25.125
1398403502|25.062
1398403524|25.062
1398403547|25.062
1398403569|25.062
1398403592|25.062
1398403614|25.0
1398403637|25.062
1398403659|25.062
1398403682|25.062
1398403704|25.0
1398403727|25.0
1398403749|25.0
1398403771|25.0
1398403794|25.0
1398403816|24.937
1398403839|24.937
1398403861|24.937
1398403884|24.937
1398403906|24.937
1398403929|24.937
1398403951|24.937
1398403974|25.0
1398403996|25.0
1398404019|24.937
1398404041|24.937
1398404064|24.937
1398404086|24.937
1398404109|24.937
1398404131|24.937
1398404153|24.937
1398404176|24.937
1398404198|24.875
1398404221|24.875
1398404243|24.875
1398404266|24.875
1398404288|24.875
1398404311|24.875
1398404333|24.875
1398404356|24.875
1398404378|24.875
1398404401|24.812
1398404423|24.875
1398404446|24.812
1398404468|24.812
1398404491|24.812
1398404513|24.812
1398404535|24.812
1398404558|24.812
1398404580|24.75
1398404603|24.75
1398404625|24.75
1398404648|24.75
1398404670|24.75
1398404693|24.75
1398404715|24.75
1398404738|24.75
1398404760|24.687
1398404783|24.687
1398404805|24.687
1398404828|24.687
1398404850|24.687
1398404872|24.687
1398404895|24.687
1398404917|24.687
1398404940|24.687
1398404962|24.625
1398404985|24.687
1398405007|24.625
1398405030|24.625
1398405052|24.625
1398405075|24.625
1398405097|24.625
1398405120|24.625
1398405142|24.625
1398405165|24.625
1398405187|24.562
1398405210|24.562
1398405232|24.562
1398405254|24.562
1398405277|24.5
1398405299|24.562
1398405322|24.562
1398405344|24.562
1398405367|24.5
1398405389|24.5
1398405412|24.5
1398405434|24.5
1398405457|24.5
1398405479|24.5
1398405502|24.5
1398405524|24.5
1398405547|24.5
1398405569|24.5
1398405592|24.437
1398405614|24.437
1398405636|24.437
1398405659|24.375
1398405681|24.437
1398405704|24.375
1398405726|24.437
1398405749|24.437
1398405771|24.437
1398405794|24.437
1398405816|24.437
1398405839|24.375
1398405861|24.375
1398405884|24.375
1398405906|24.375
1398405929|24.375
1398405951|24.375
1398405973|24.375
1398405996|24.375
1398406018|24.375
1398406041|24.312
1398406063|24.312
1398406086|24.312
1398406108|24.312
1398406131|24.312
1398406153|24.312
1398406176|24.312
1398406198|24.25
1398406221|24.312
1398406243|24.312
1398406266|24.25
1398406288|24.25
1398406310|24.25
1398406333|24.25
1398406355|24.25
1398406378|24.25
1398406400|24.25
1398406423|24.25
1398406445|24.25
1398406468|24.25
1398406490|24.25
1398406513|24.187
1398406535|24.187
1398406558|24.187
1398406580|24.187
1398406603|24.187
1398406625|24.187
1398406648|24.187
1398406670|24.187
1398406693|24.187
1398406715|24.125
1398406738|24.187
1398406760|24.187
1398406783|24.187
1398406805|24.187
1398406828|24.187
1398406850|24.187
1398406873|24.125
1398406895|24.125
1398406918|24.125
1398406940|24.125
1398406963|24.125
1398406985|24.125
1398407007|24.125
1398407030|24.125
1398407052|24.125
1398407075|24.125
1398407097|24.125
1398407120|24.125
1398407142|24.125
1398407165|24.125
1398407187|24.125
1398407210|24.125
1398407232|24.062
1398407255|24.125
1398407277|24.062
1398407300|24.062
1398407322|24.062
1398407344|24.062
1398407367|24.062
1398407389|24.062
1398407412|24.062
1398407434|24.062
1398407457|24.062
1398407479|24.062
1398407502|24.062
1398407524|24.0
1398407547|24.0
1398407569|24.062
1398407592|24.0
1398407614|24.0
1398407637|24.0
1398407659|24.0
1398407681|24.0
1398407704|24.0
1398407726|24.0
1398407749|24.0
1398407771|24.0
1398407794|24.0
1398407816|24.0
1398407839|24.0
1398407861|24.0
1398407884|23.937
1398407906|23.937
1398407929|23.937
1398407951|24.0
1398407974|23.937
1398407996|23.937
1398408019|23.937
1398408041|23.937
1398408064|23.937
1398408086|23.937
1398408108|23.937
1398408131|23.937
1398408153|23.937
1398408176|23.937
1398408198|23.875
1398408221|23.875
1398408243|23.875
1398408266|23.875
1398408288|23.875
1398408311|23.875
1398408333|23.875
1398408356|23.875
1398408378|23.875
1398408401|23.875
1398408423|23.875
1398408445|23.875
1398408468|23.875
1398408490|23.875
1398408513|23.875
1398408535|23.875
1398408558|23.812
1398408580|23.812
1398408603|23.812
1398408625|23.812
1398408648|23.812
1398408670|23.812
1398408693|23.812
1398408715|23.812
1398408738|23.812
1398408760|23.812
1398408783|23.812
1398408805|23.812
1398408827|23.812
1398408850|23.75
1398408872|23.75
1398408895|23.75
1398408917|23.75
1398408940|23.75
1398408962|23.75
1398408985|23.75
1398409007|23.75
1398409030|23.75
1398409052|23.75
1398409075|23.75
1398409097|23.75
1398409120|23.75
1398409142|23.75
1398409165|23.75
1398409187|23.687
1398409209|23.687
1398409232|23.75
1398409254|23.687
1398409277|23.687
1398409299|23.687
1398409322|23.687
1398409344|23.687
1398409367|23.687
1398409389|23.687
1398409412|23.687
1398409434|23.687
1398409457|23.687
1398409479|23.687
1398409502|23.625
1398409524|23.687
1398409546|23.625
1398409569|23.625
1398409591|23.625
1398409614|23.625
1398409636|23.625
1398409659|23.625
1398409681|23.625
1398409704|23.625
1398409726|23.625
1398409749|23.625
1398409771|23.625
1398409794|23.625
1398409816|23.625
1398409839|23.625
1398409861|23.562
1398409883|23.562
1398409906|23.562
1398409928|23.562
1398409951|23.562
1398409973|23.562
1398409996|23.562
1398410018|23.562
1398410041|23.562
1398410063|23.562
1398410086|23.562
1398410108|23.562
1398410131|23.562
1398410153|23.5
1398410176|23.5
1398410198|23.625
1398410221|23.625
1398410243|23.937
1398410265|24.062
1398410288|24.125
1398410310|24.125
1398410333|24.125
1398410355|24.187
1398410378|24.187
1398410400|24.187
1398410423|24.187
1398410445|24.187
1398410468|24.25
1398410490|24.187
1398410513|24.187
1398410535|24.187
1398410558|24.187
1398410580|24.187
1398410602|24.125
1398410625|24.125
1398410647|24.125
1398410670|24.125
1398410692|24.125
1398410715|24.125
1398410737|24.187
1398410760|24.125
1398410782|24.187
1398410805|24.125
1398410827|24.125
1398410850|24.062
1398410872|24.062
1398410895|24.062
1398410917|24.062
1398410939|24.062
1398410962|24.062
1398410984|24.062
1398411007|24.062
1398411029|24.062
1398411052|24.062
1398411074|24.0
1398411097|24.0
1398411119|24.0
1398411142|24.0
1398411164|24.0
1398411187|24.0
1398411209|24.0
1398411232|24.0
1398411254|24.0
1398411277|23.937
1398411299|23.937
1398411322|23.937
1398411344|23.937
1398411366|23.937
1398411389|23.937
1398411411|23.937
1398411434|23.875
1398411456|23.875
1398411479|23.875
1398411501|23.875
1398411524|23.875
1398411546|23.875
1398411569|23.875
1398411591|23.875
1398411614|23.812
1398411636|23.812
1398411659|23.812
1398411681|23.812
1398411703|23.812
1398411726|23.812
1398411748|23.812
1398411771|23.75
1398411793|23.75
1398411816|23.75
1398411838|23.75
1398411861|23.75
1398411883|23.75
1398411906|23.75
1398411928|23.75
1398411951|23.687
1398411973|23.687
1398411996|23.687
1398412018|23.687
1398412040|23.687
1398412063|23.625
1398412085|23.625
1398412108|23.625
1398412130|23.625
1398412153|23.625
1398412175|23.625
1398412198|23.562
1398412220|23.562
1398412243|23.562
1398412265|23.562
1398412288|23.562
1398412310|23.562
1398412333|23.562
1398412355|23.562
1398412377|23.562
1398412400|23.562
1398412422|23.562
1398412445|23.562
1398412467|23.5
1398412490|23.5
1398412512|23.5
1398412535|23.5
1398412557|23.5
1398412580|23.5
1398412602|23.5
1398412625|23.5
1398412647|23.5
1398412670|23.5
1398412692|23.5
1398412715|23.437
1398412737|23.437
1398412759|23.437
1398412782|23.437
1398412804|23.375
1398412827|23.375
1398412849|23.375
1398412872|23.375
1398412894|23.375
1398412917|23.375
1398412939|23.375
1398412962|23.312
1398412984|23.375
1398413007|23.375
1398413029|23.312
1398413052|23.375
1398413074|23.312
1398413097|23.375
1398413119|23.375
1398413141|23.375
1398413164|23.312
1398413186|23.312
1398413209|23.312
1398413231|23.25
1398413254|23.25
1398413276|23.25
1398413299|23.25
1398413321|23.25
1398413344|23.25
1398413366|23.25
1398413389|23.187
1398413411|23.187
1398413434|23.187
1398413456|23.187
1398413478|23.187
1398413501|23.187
1398413523|23.187
1398413546|23.187
1398413568|23.125
1398413591|23.125
1398413613|23.125
1398413636|23.125
1398413658|23.125
1398413681|23.125
1398413703|23.062
1398413726|23.062
1398413748|23.062
1398413771|23.062
1398413793|23.062
1398413815|23.062
1398413838|23.062
1398413860|23.0
1398413883|23.0
1398413905|23.0
1398413928|23.0
1398413950|23.0
1398413973|23.0
1398413995|23.0
1398414018|23.0
1398414040|23.0
1398414063|22.937
1398414085|22.937
1398414108|22.937
1398414130|22.937
1398414152|22.937
1398414175|22.937
1398414197|22.937
1398414220|22.937
1398414242|22.875
1398414265|22.937
1398414287|22.875
1398414310|22.875
1398414332|22.875
1398414355|22.875
1398414377|22.875
1398414400|22.875
1398414422|22.875
1398414445|22.875
1398414467|22.875
1398414489|22.875
1398414512|22.875
1398414534|22.812
1398414557|22.875
1398414579|22.875
1398414602|22.875
1398414624|22.812
1398414647|22.875
1398414669|22.812
1398414692|22.812
1398414714|22.812
1398414737|22.75
1398414759|22.75
1398414782|22.75
1398414804|22.75
1398414827|22.687
1398414849|22.687
1398414871|22.687
1398414894|22.625
1398414916|22.625
1398414939|22.625
1398414961|22.625
1398414984|22.625
1398415006|22.625
1398415029|22.562
1398415051|22.562
1398415074|22.562
1398415096|22.562
1398415119|22.562
1398415141|22.562
1398415164|22.562
1398415186|22.562
1398415208|22.562
1398415231|22.5
1398415253|22.5
1398415276|22.5
1398415298|22.5
1398415321|22.5
1398415343|22.5
1398415366|22.5
1398415388|22.5
1398415411|22.5
1398415433|22.5
1398415456|22.437
1398415478|22.437
1398415501|22.437
1398415523|22.437
1398415545|22.437
1398415568|22.437
1398415590|22.437
1398415613|22.437
1398415635|22.437
1398415658|22.437
1398415680|22.437
1398415703|22.437
1398415725|22.437
1398415748|22.437
1398415770|22.437
1398415793|22.437
1398415815|22.437
1398415838|22.437
1398415860|22.437
1398415882|22.437
1398415905|22.437
1398415928|22.375
1398415950|22.375
1398415973|22.375
1398415995|22.375
1398416018|22.312
1398416040|22.312
1398416063|22.312
1398416085|22.25
1398416108|22.25
1398416130|22.25
1398416152|22.187
1398416175|22.187
1398416197|22.187
1398416220|22.187
1398416242|22.187
1398416265|22.187
1398416287|22.125
1398416310|22.125
1398416332|22.125
1398416355|22.125
1398416377|22.125
1398416400|22.125
1398416422|22.062
1398416445|22.062
1398416467|22.062
1398416489|22.062
1398416512|22.062
1398416534|22.062
1398416557|22.062
1398416579|22.062
1398416602|22.062
1398416624|22.0
1398416647|22.062
1398416669|22.062
1398416692|22.0
1398416714|22.0
1398416737|22.0
1398416759|22.0
1398416782|22.0
1398416804|22.0
1398416826|22.0
1398416849|22.0
1398416871|22.0
1398416894|22.0
1398416916|22.0
1398416939|21.937
1398416961|21.937
1398416984|21.937
1398417006|21.937
1398417029|21.937
1398417051|21.937
1398417074|21.937
1398417096|21.937
1398417119|21.937
1398417141|21.937
1398417164|21.937
1398417186|21.937
1398417208|21.937
1398417231|21.937
1398417253|21.937
1398417276|21.937
1398417298|21.937
1398417321|21.937
1398417343|21.937
1398417366|21.937
1398417388|21.937
1398417411|21.937
1398417433|21.937
1398417456|21.875
1398417478|21.937
1398417501|21.875
1398417523|21.875
1398417545|21.875
1398417568|21.875
1398417590|21.875
1398417613|21.875
1398417635|21.875
1398417658|21.875
1398417680|21.875
1398417703|21.875
1398417725|21.875
1398417748|21.875
1398417770|21.875
1398417793|21.875
1398417815|21.875
1398417838|21.875
1398417860|21.875
1398417882|21.875
1398417905|21.875
1398417927|21.875
1398417950|21.875
1398417972|21.875
1398417995|21.875
1398418017|21.875
1398418040|21.875
1398418062|21.875
1398418085|21.875
1398418107|21.875
1398418130|21.875
1398418152|21.875
1398418175|21.875
1398418197|21.875
1398418219|21.875
1398418242|21.875
1398418264|21.875
1398418287|21.875
1398418309|21.875
1398418332|21.875
1398418354|21.875
1398418377|21.875
1398418399|21.812
1398418422|21.812
1398418444|21.812
1398418467|21.812
1398418489|21.812
1398418512|21.75
1398418534|21.75
1398418556|21.687
1398418579|21.687
1398418601|21.687
1398418624|21.625
1398418646|21.687
1398418669|21.625
1398418691|21.625
1398418714|21.625
1398418736|21.625
1398418759|21.625
1398418781|21.625
1398418804|21.562
1398418826|21.562
1398418849|21.562
1398418871|21.562
1398418893|21.562
1398418916|21.562
1398418938|21.5
1398418961|21.562
1398418983|21.5
1398419006|21.5
1398419028|21.5
1398419051|21.5
1398419073|21.5
1398419096|21.5
1398419118|21.5
1398419141|21.5
1398419163|21.437
1398419186|21.437
1398419208|21.437
1398419231|21.437
1398419253|21.437
1398419276|21.437
1398419298|21.437
1398419320|21.437
1398419343|21.437
1398419365|21.437
1398419388|21.437
1398419410|21.437
1398419433|21.437
1398419455|21.437
1398419478|21.437
1398419500|21.375
1398419523|21.437
1398419545|21.375
1398419568|21.375
1398419590|21.375
1398419613|21.375
1398419635|21.375
1398419657|21.375
1398419680|21.375
1398419702|21.375
1398419725|21.375
1398419747|21.375
1398419770|21.375
1398419792|21.375
1398419815|21.375
1398419837|21.375
1398419860|21.312
1398419882|21.312
1398419905|21.312
1398419927|21.312
1398419950|21.375
1398419972|21.375
1398419994|21.312
1398420017|21.312
1398420039|21.312
1398420062|21.312
1398420084|21.312
1398420107|21.312
1398420129|21.312
1398420152|21.312
1398420174|21.312
1398420197|21.312
1398420219|21.312
1398420242|21.312
1398420264|21.312
1398420287|21.312
1398420309|21.312
1398420331|21.312
1398420354|21.312
1398420376|21.312
1398420399|21.312
1398420421|21.312
1398420444|21.312
1398420466|21.25
1398420489|21.312
1398420511|21.312
1398420534|21.312
1398420556|21.312
1398420579|21.25
1398420601|21.312
1398420624|21.312
1398420646|21.312
1398420669|21.25
1398420691|21.25
1398420714|21.25
1398420736|21.25
1398420758|21.25
1398420781|21.25
1398420803|21.25
1398420826|21.25
1398420848|21.25
1398420871|21.25
1398420893|21.25
1398420916|21.25
1398420938|21.25
1398420961|21.25
1398420983|21.25
1398421006|21.25
1398421028|21.25
1398421051|21.25
1398421073|21.187
1398421095|21.187
1398421118|21.187
1398421140|21.125
1398421163|21.125
1398421185|21.125
1398421208|21.125
1398421230|21.125
1398421253|21.125
1398421275|21.062
1398421298|21.062
1398421320|21.062
1398421343|21.062
1398421365|21.062
1398421388|21.0
1398421410|21.062
1398421432|21.0
1398421455|21.0
1398421477|21.0
1398421500|21.0
1398421522|21.0
1398421545|21.0
1398421567|21.0
1398421590|21.0
1398421612|21.0
1398421635|21.0
1398421657|21.0
1398421680|21.0
1398421702|21.0
1398421725|20.937
1398421747|20.937
1398421769|20.937
1398421792|20.937
1398421814|20.937
1398421837|20.937
1398421859|20.937
1398421882|20.875
1398421904|20.875
1398421927|20.875
1398421949|20.875
1398421972|20.875
1398421994|20.875
1398422017|20.875
1398422039|20.875
1398422062|20.812
1398422084|20.812
1398422106|20.875
1398422129|20.812
1398422151|20.812
1398422174|20.812
1398422196|20.812
1398422219|20.812
1398422241|20.812
1398422264|20.812
1398422286|20.812
1398422309|20.812
1398422331|20.812
1398422354|20.75
1398422376|20.75
1398422399|20.75
1398422421|20.75
1398422444|20.75
1398422466|20.75
1398422488|20.75
1398422511|20.75
1398422533|20.75
1398422556|20.75
1398422578|20.75
1398422601|20.75
1398422623|20.75
1398422646|20.687
1398422668|20.75
1398422691|20.687
1398422713|20.687
1398422736|20.687
1398422758|20.687
1398422781|20.687
1398422803|20.687
1398422825|20.687
1398422848|20.687
1398422870|20.687
1398422893|20.687
1398422915|20.687
1398422938|20.687
1398422960|20.687
1398422983|20.687
1398423005|20.687
1398423028|20.687
1398423050|20.687
1398423073|20.625
1398423095|20.625
1398423118|20.687
1398423140|20.625
1398423162|20.625
1398423185|20.625
1398423207|20.625
1398423230|20.625
1398423252|20.625
1398423275|20.625
1398423297|20.625
1398423320|20.625
1398423342|20.625
1398423365|20.625
1398423387|20.625
1398423410|20.625
1398423432|20.625
1398423455|20.625
1398423477|20.625
1398423499|20.625
1398423522|20.562
1398423544|20.562
1398423567|20.562
1398423589|20.562
1398423612|20.562
1398423634|20.562
1398423657|20.562
1398423679|20.562
1398423702|20.562
1398423724|20.562
1398423747|20.562
1398423769|20.562
1398423792|20.562
1398423814|20.562
1398423836|20.562
1398423859|20.562
1398423881|20.562
1398423904|20.562
1398423926|20.562
1398423949|20.562
1398423971|20.562
1398423994|20.562
1398424016|20.562
1398424039|20.562
1398424061|20.562
1398424084|20.562
1398424106|20.562
1398424129|20.5
1398424151|20.562
1398424174|20.562
1398424196|20.5
1398424218|20.562
1398424241|20.562
1398424263|20.562
1398424286|20.562
1398424308|20.5
1398424331|20.5
1398424353|20.5
1398424376|20.5
1398424398|20.5
1398424421|20.562
1398424443|20.5
1398424466|20.5
1398424488|20.5
1398424511|20.5
1398424533|20.5
1398424556|20.5
1398424578|20.5
1398424600|20.5
1398424623|20.5
1398424645|20.5
1398424668|20.5
1398424690|20.5
1398424713|20.5
1398424735|20.5
1398424758|20.5
1398424780|20.5
1398424803|20.5
1398424825|20.5
1398424848|20.5
1398424870|20.5
1398424893|20.5
1398424915|20.5
1398424937|20.5
1398424960|20.5
1398424982|20.5
1398425005|20.5
1398425027|20.5
1398425050|20.5
1398425072|20.5
1398425095|20.5
1398425117|20.5
1398425140|20.437
1398425162|20.5
1398425185|20.437
1398425207|20.5
1398425230|20.437
1398425252|20.437
1398425274|20.5
1398425297|20.437
1398425319|20.5
1398425342|20.5
1398425364|20.5
1398425387|20.5
1398425409|20.437
1398425432|20.437
1398425454|20.437
1398425477|20.437
1398425499|20.437
1398425522|20.437
1398425544|20.437
1398425567|20.437
1398425589|20.437
1398425612|20.437
1398425634|20.437
1398425657|20.437
1398425679|20.437
1398425701|20.437
1398425724|20.437
1398425746|20.437
1398425769|20.5
1398425791|20.437
1398425814|20.437
1398425836|20.437
1398425859|20.437
1398425881|20.5
1398425904|20.5
1398425926|20.437
1398425949|20.437
1398425971|20.437
1398425994|20.437
1398426016|20.437
1398426038|20.437
1398426061|20.437
1398426083|20.437
1398426106|20.437
1398426128|20.437
1398426151|20.437
1398426173|20.437
1398426196|20.437
1398426218|20.437
1398426241|20.437
1398426263|20.437
1398426286|20.437
1398426308|20.437
1398426331|20.437
1398426353|20.437
1398426375|20.437
1398426398|20.437
1398426420|20.437
1398426443|20.437
1398426465|20.437
1398426488|20.437
1398426510|20.437
1398426533|20.437
1398426555|20.437
1398426578|20.437
1398426600|20.437
1398426623|20.437
1398426645|20.437
1398426668|20.437
1398426690|20.437
1398426712|20.437
1398426735|20.437
1398426757|20.437
1398426780|20.437
1398426802|20.437
1398426825|20.437
1398426847|20.437
1398426870|20.437
1398426892|20.437
1398426915|20.437
1398426937|20.437
1398426960|20.437
1398426983|20.437
1398427005|20.437
1398427028|20.437
1398427050|20.437
1398427073|20.437
1398427095|20.375
1398427118|20.375
1398427140|20.437
1398427163|20.437
1398427185|20.437
1398427208|20.437
1398427230|20.437
1398427253|20.437
1398427275|20.437
1398427297|20.5
1398427320|20.5
1398427342|20.5
1398427365|20.5
1398427387|20.562
1398427410|20.625
1398427432|20.625
1398427455|20.687
1398427477|20.75
1398427500|20.812
1398427522|20.937
1398427545|21.0
1398427567|21.062
1398427590|21.187
1398427612|21.25
1398427635|21.375
1398427657|21.437
1398427679|21.562
1398427702|21.625
1398427724|21.75
1398427747|21.812
1398427769|21.937
1398427792|22.0
1398427814|22.125
1398427837|22.125
1398427859|22.312
1398427882|22.437
1398427904|22.5
1398427927|22.562
1398427949|22.687
1398427972|22.75
1398427994|22.812
1398428017|22.875
1398428039|22.937
1398428061|23.062
1398428084|23.125
1398428106|23.187
1398428129|23.25
1398428151|23.25
1398428174|23.25
1398428196|23.375
1398428219|23.375
1398428241|23.437
1398428264|23.437
1398428286|23.5
1398428309|23.5
1398428331|23.5
1398428354|23.5
1398428376|23.562
1398428398|23.562
1398428421|23.562
1398428443|23.625
1398428466|23.625
1398428488|23.625
1398428511|23.687
1398428533|23.687
1398428556|23.687
1398428578|23.687
1398428601|23.687
1398428623|23.75
1398428646|23.75
1398428668|23.75
1398428691|23.75
1398428713|23.75
1398428735|23.75
1398428758|23.75
1398428780|23.812
1398428803|23.812
1398428825|23.812
1398428848|23.812
1398428870|23.812
1398428893|23.812
1398428915|23.875
1398428938|23.875
1398428960|23.875
1398428983|23.875
1398429005|23.875
1398429028|23.875
1398429050|23.875
1398429072|23.875
1398429095|23.875
1398429117|23.875
1398429140|23.937
1398429162|23.937
1398429185|23.937
1398429207|23.937
1398429230|23.937
1398429252|23.937
1398429275|23.937
1398429297|24.0
1398429320|24.0
1398429342|24.0
1398429365|24.0
1398429387|24.0
1398429409|24.0
1398429432|24.0
1398429454|24.0
1398429477|24.062
1398429499|24.062
1398429522|24.062
1398429544|24.062
1398429567|24.062
1398429589|24.062
1398429612|24.062
1398429634|24.125
1398429657|24.062
1398429679|24.125
1398429702|24.125
1398429724|24.125
1398429747|24.125
1398429769|24.125
1398429791|24.125
1398429814|24.125
1398429836|24.125
1398429859|24.187
1398429881|24.187
1398429904|24.187
1398429926|24.187
1398429949|24.187
1398429971|24.187
1398429994|24.187
1398430016|24.187
1398430039|24.187
1398430061|24.25
1398430084|24.25
1398430106|24.25
1398430129|24.25
1398430151|24.25
1398430173|24.25
1398430196|24.312
1398430218|24.312
1398430241|24.312
1398430263|24.312
1398430286|24.312
1398430308|24.312
1398430331|24.312
1398430353|24.375
1398430376|24.375
1398430398|24.375
1398430421|24.375
1398430443|24.375
1398430466|24.375
1398430488|24.375
1398430510|24.437
1398430533|24.437
1398430555|24.375
1398430578|24.437
1398430600|24.437
1398430623|24.437
1398430645|24.437
1398430668|24.437
1398430690|24.5
1398430713|24.437
1398430735|24.5
1398430758|24.5
1398430780|24.5
1398430803|24.5
1398430825|24.5
1398430847|24.5
1398430870|24.562
1398430892|24.5
1398430915|24.562
1398430937|24.562
1398430960|24.562
1398430982|24.562
1398431005|24.562
1398431027|24.562
1398431050|24.562
1398431072|24.625
1398431095|24.625
1398431117|24.625
1398431140|24.625
1398431162|24.625
1398431185|24.625
1398431207|24.687
1398431229|24.687
1398431252|24.687
1398431274|24.687
1398431297|24.687
1398431319|24.687
1398431342|24.687
1398431364|24.687
1398431387|24.75
1398431409|24.75
1398431432|24.75
1398431454|24.75
1398431477|24.75
1398431499|24.75
1398431522|24.75
1398431544|24.812
1398431566|24.812
1398431589|24.812
1398431611|24.812
1398431634|24.812
1398431656|24.812
1398431679|24.812
1398431701|24.875
1398431724|24.812
1398431746|24.812
1398431769|24.875
1398431791|24.875
1398431814|24.875
1398431836|24.875
1398431859|24.875
1398431881|24.937
1398431904|24.937
1398431926|24.937
1398431948|24.937
1398431971|24.937
1398431993|24.937
1398432016|24.937
1398432038|24.937
1398432061|25.0
1398432083|25.0
1398432106|25.0
1398432128|25.0
1398432151|25.0
1398432173|25.0
1398432196|25.062
1398432218|25.062
1398432241|25.062
1398432263|25.062
1398432286|25.062
1398432308|25.062
1398432330|25.062
1398432353|25.125
1398432375|25.125
1398432398|25.125
1398432420|25.125
1398432443|25.125
1398432465|25.125
1398432488|25.125
1398432510|25.125
1398432533|25.187
1398432555|25.187
1398432578|25.187
1398432600|25.187
1398432623|25.187
1398432645|25.187
1398432668|25.25
1398432690|25.187
1398432712|25.25
1398432735|25.25
1398432757|25.25
1398432780|25.25
1398432802|25.25
1398432825|25.25
1398432847|25.25
1398432870|25.25
1398432892|25.312
1398432915|25.312
1398432937|25.312
1398432960|25.312
1398432982|25.312
1398433005|25.312
1398433027|25.312
1398433050|25.375
1398433072|25.375
1398433094|25.375
1398433117|25.375
1398433139|25.375
1398433162|25.375
1398433184|25.375
1398433207|25.437
1398433229|25.437
1398433252|25.437
1398433274|25.437
1398433297|25.437
1398433319|25.437
1398433342|25.5
1398433364|25.437
1398433387|25.437
1398433409|25.5
1398433431|25.5
1398433454|25.5
1398433476|25.5
1398433499|25.5
1398433521|25.562
1398433544|25.562
1398433566|25.562
1398433589|25.562
1398433611|25.562
1398433634|25.562
1398433656|25.562
1398433679|25.562
1398433701|25.625
1398433724|25.625
1398433746|25.625
1398433768|25.625
1398433791|25.625
1398433813|25.625
1398433836|25.625
1398433858|25.625
1398433881|25.687
1398433903|25.687
1398433926|25.687
1398433948|25.687
1398433971|25.687
1398433993|25.687
1398434016|25.687
1398434038|25.687
1398434061|25.75
1398434083|25.75
1398434106|25.75
1398434128|25.75
1398434150|25.75
1398434173|25.75
1398434195|25.75
1398434218|25.75
1398434240|25.812
1398434263|25.812
1398434285|25.812
1398434308|25.812
1398434330|25.812
1398434353|25.812
1398434375|25.812
1398434398|25.875
1398434420|25.875
1398434443|25.875
1398434465|25.875
1398434487|25.875
1398434510|25.875
1398434532|25.875
1398434555|25.937
1398434577|25.937
1398434600|25.937
1398434622|25.937
1398434645|25.937
1398434667|25.937
1398434690|25.937
1398434712|26.0
1398434735|26.0
1398434757|25.937
1398434780|26.0
1398434802|26.0
1398434824|26.0
1398434847|26.0
1398434869|26.0
1398434892|26.062
1398434914|26.062
1398434937|26.062
1398434959|26.062
1398434982|26.062
1398435004|26.062
1398435027|26.062
1398435049|26.062
1398435072|26.125
1398435094|26.125
1398435117|26.125
1398435139|26.125
1398435161|26.125
1398435184|26.125
1398435206|26.125
1398435229|26.125
1398435251|26.187
1398435274|26.187
1398435296|26.187
1398435319|26.187
1398435341|26.187
1398435364|26.187
1398435386|26.187
1398435409|26.25
1398435431|26.25
1398435454|26.25
1398435476|26.25
1398435498|26.25
1398435521|26.25
1398435543|26.25
1398435566|26.25
1398435588|26.312
1398435611|26.312
1398435633|26.312
1398435656|26.312
1398435678|26.312
1398435701|26.312
1398435723|26.312
1398435746|26.375
1398435768|26.375
1398435791|26.375
1398435813|26.375
1398435836|26.375
1398435858|26.375
1398435881|26.375
1398435903|26.437
1398435925|26.437
1398435948|26.437
1398435970|26.437
1398435993|26.437
1398436015|26.437
1398436038|26.437
1398436060|26.437
1398436083|26.5
1398436105|26.5
1398436128|26.5
1398436150|26.5
1398436173|26.5
1398436195|26.5
1398436218|26.5
1398436240|26.562
1398436262|26.562
1398436285|26.562
1398436307|26.562
1398436330|26.562
1398436352|26.562
1398436375|26.562
1398436397|26.562
1398436420|26.562
1398436442|26.625
1398436465|26.625
1398436487|26.625
1398436510|26.625
1398436532|26.625
1398436555|26.625
1398436577|26.625
1398436599|26.625
1398436622|26.687
1398436644|26.687
1398436667|26.687
1398436689|26.687
1398436713|26.687
1398436735|26.687
1398436758|26.687
1398436780|26.75
1398436802|26.75
1398436825|26.75
1398436847|26.75
1398436870|26.75
1398436892|26.75
1398436915|26.75
1398436937|26.812
1398436960|26.812
1398436982|26.812
1398437005|26.812
1398437027|26.812
1398437050|26.812
1398437072|26.812
1398437095|26.812
1398437117|26.875
1398437140|26.875
1398437162|26.875
1398437185|26.875
1398437207|26.875
1398437229|26.875
1398437252|26.875
1398437274|26.937
1398437297|26.875
1398437319|26.937
1398437342|26.937
1398437364|26.937
1398437387|26.937
1398437409|26.937
1398437432|26.937
1398437454|27.0
1398437477|27.0
1398437499|27.0
1398437522|27.0
1398437544|27.0
1398437566|27.0
1398437589|27.0
1398437611|27.0
1398437634|27.062
1398437656|27.062
1398437679|27.062
1398437701|27.062
1398437724|27.062
1398437746|27.062
1398437769|27.062
1398437791|27.062
1398437814|27.125
1398437836|27.125
1398437859|27.125
1398437881|27.125
1398437903|27.125
1398437926|27.125
1398437948|27.125
1398437971|27.125
1398437993|27.187
1398438016|27.187
1398438038|27.187
1398438061|27.187
1398438083|27.187
1398438106|27.187
1398438128|27.187
1398438151|27.187
1398438173|27.187
1398438196|27.25
1398438218|27.25
1398438241|27.25
1398438263|27.25
1398438285|27.25
1398438308|27.25
1398438330|27.25
1398438353|27.25
1398438375|27.312
1398438398|27.312
1398438420|27.312
1398438443|27.312
1398438465|27.312
1398438488|27.312
1398438510|27.375
1398438533|27.375
1398438555|27.375
1398438578|27.375
1398438600|27.375
1398438622|27.375
1398438645|27.375
1398438667|27.375
1398438690|27.375
1398438712|27.437
1398438735|27.437
1398438757|27.437
1398438780|27.437
1398438802|27.437
1398438825|27.437
1398438847|27.437
1398438870|27.437
1398438892|27.437
1398438915|27.5
1398438937|27.5
1398438959|27.5
1398438982|27.5
1398439004|27.5
1398439027|27.5
1398439049|27.562
1398439072|27.5
1398439094|27.562
1398439117|27.562
1398439139|27.562
1398439162|27.562
1398439184|27.562
1398439207|27.562
1398439229|27.625
1398439252|27.625
1398439274|27.625
1398439297|27.625
1398439319|27.625
1398439342|27.625
1398439364|27.625
1398439386|27.625
1398439409|27.687
1398439431|27.687
1398439454|27.687
1398439476|27.687
1398439499|27.687
1398439521|27.687
1398439544|27.687
1398439566|27.687
1398439589|27.687
1398439611|27.75
1398439634|27.75
1398439656|27.75
1398439679|27.75
1398439701|27.75
1398439723|27.75
1398439746|27.75
1398439768|27.812
1398439791|27.812
1398439813|27.812
1398439836|27.812
1398439858|27.812
1398439881|27.812
1398439903|27.812
1398439926|27.875
1398439948|27.875
1398439971|27.875
1398439993|27.875
1398440016|27.875
1398440038|27.875
1398440060|27.937
1398440083|27.875
1398440105|27.937
1398440128|27.937
1398440150|27.937
1398440173|27.937
1398440195|27.937
1398440218|27.937
1398440240|27.937
1398440263|28.0
1398440285|28.0
1398440308|28.0
1398440330|28.0
1398440353|28.0
1398440375|28.0
1398440398|28.062
1398440420|28.0
1398440442|28.062
1398440465|28.062
1398440487|28.062
1398440510|28.062
1398440532|28.062
1398440555|28.062
1398440577|28.062
1398440600|28.062
1398440622|28.125
1398440645|28.125
1398440667|28.125
1398440690|28.125
1398440712|28.125
1398440735|28.125
1398440757|28.125
1398440780|28.187
1398440802|28.125
1398440824|28.187
1398440847|28.187
1398440869|28.187
1398440892|28.187
1398440914|28.187
1398440937|28.187
1398440959|28.187
1398440982|28.25
1398441004|28.25
1398441027|28.25
1398441049|28.25
1398441072|28.25
1398441094|28.25
1398441117|28.25
1398441139|28.25
1398441161|28.25
1398441184|28.312
1398441206|28.312
1398441229|28.312
1398441251|28.312
1398441274|28.312
1398441296|28.312
1398441319|28.312
1398441341|28.312
1398441364|28.375
1398441386|28.312
1398441409|28.375
1398441431|28.375
1398441454|28.375
1398441476|28.375
1398441498|28.375
1398441521|28.375
1398441544|28.375
1398441567|28.375
1398441589|28.437
1398441612|28.437
1398441634|28.437
1398441656|28.437
1398441679|28.437
1398441701|28.5
1398441724|28.437
1398441746|28.5
1398441769|28.5
1398441791|28.5
1398441814|28.5
1398441836|28.5
1398441859|28.5
1398441881|28.5
1398441904|28.5
1398441926|28.5
1398441949|28.5
1398441971|28.562
1398441994|28.562
1398442016|28.562
1398442038|28.562
1398442061|28.562
1398442083|28.562
1398442106|28.562
1398442128|28.562
1398442151|28.562
1398442173|28.625
1398442196|28.625
1398442218|28.625
1398442241|28.625
1398442263|28.625
1398442286|28.625
1398442308|28.625
1398442331|28.625
1398442353|28.625
1398442376|28.625
1398442398|28.625
1398442420|28.687
1398442443|28.687
1398442465|28.687
1398442488|28.687
1398442510|28.687
1398442533|28.687
1398442555|28.687
1398442578|28.687
1398442600|28.687
1398442623|28.75
1398442645|28.75
1398442668|28.75
1398442690|28.75
1398442713|28.75
1398442735|28.75
1398442757|28.75
1398442780|28.75
1398442802|28.75
1398442825|28.812
1398442847|28.75
1398442870|28.812
1398442892|28.812
1398442915|28.812
1398442937|28.812
1398442960|28.812
1398442982|28.812
1398443005|28.812
1398443027|28.875
1398443050|28.812
1398443072|28.812
1398443095|28.875
1398443117|28.875
1398443140|28.875
1398443162|28.875
1398443184|28.875
1398443207|28.875
1398443229|28.875
1398443252|28.937
1398443274|28.937
1398443297|28.937
1398443319|28.937
1398443342|28.937
1398443364|28.937
1398443387|28.937
1398443409|28.937
1398443432|28.937
1398443454|28.937
1398443477|29.0
1398443499|28.937
1398443521|29.0
1398443544|29.0
1398443566|29.0
1398443589|29.0
1398443611|29.0
1398443634|29.0
1398443656|29.0
1398443679|29.0
1398443701|29.062
1398443724|29.062
1398443746|29.062
1398443769|29.062
1398443791|29.062
1398443814|29.062
1398443836|29.062
1398443858|29.062
1398443881|29.062
1398443903|29.062
1398443926|29.062
1398443948|29.062
1398443971|29.062
1398443993|29.125
1398444016|29.125
1398444038|29.125
1398444061|29.125
1398444083|29.125
1398444106|29.125
1398444128|29.125
1398444151|29.125
1398444173|29.125
1398444195|29.125
1398444218|29.125
1398444240|29.125
1398444263|29.125
1398444285|29.187
1398444308|29.187
1398444330|29.187
1398444353|29.187
1398444375|29.187
1398444398|29.187
1398444420|29.187
1398444443|29.187
1398444465|29.187
1398444488|29.187
1398444510|29.187
1398444533|29.187
1398444555|29.187
1398444577|29.25
1398444600|29.25
1398444622|29.25
1398444645|29.25
1398444667|29.25
1398444690|29.25
1398444712|29.25
1398444735|29.25
1398444757|29.25
1398444780|29.25
1398444802|29.25
1398444825|29.25
1398444847|29.25
1398444870|29.25
1398444892|29.25
1398444914|29.312
1398444937|29.312
1398444959|29.312
1398444982|29.25
1398445004|29.312
1398445027|29.312
1398445049|29.312
1398445072|29.312
1398445094|29.312
1398445117|29.312
1398445139|29.312
1398445162|29.312
1398445184|29.312
1398445207|29.312
1398445229|29.312
1398445251|29.312
1398445274|29.375
1398445296|29.312
1398445319|29.375
1398445341|29.375
1398445364|29.375
1398445386|29.375
1398445409|29.375
1398445431|29.375
1398445454|29.375
1398445476|29.375
1398445499|29.375
1398445521|29.375
1398445544|29.375
1398445566|29.375
1398445588|29.375
1398445611|29.437
1398445633|29.375
1398445656|29.375
1398445678|29.375
1398445701|29.375
1398445723|29.437
1398445746|29.437
1398445768|29.437
1398445791|29.437
1398445813|29.437
1398445836|29.437
1398445858|29.437
1398445881|29.437
1398445903|29.437
1398445926|29.437
1398445948|29.5
1398445971|29.5
1398445993|29.437
1398446015|29.437
1398446038|29.437
1398446060|29.5
1398446083|29.437
1398446105|29.5
1398446128|29.5
1398446150|29.5
1398446173|29.5
1398446195|29.5
1398446218|29.5
1398446240|29.5
1398446263|29.5
1398446285|29.5
1398446308|29.5
1398446330|29.5
1398446352|29.5
1398446375|29.5
1398446397|29.5
1398446420|29.5
1398446442|29.5
1398446465|29.5
1398446487|29.5
1398446510|29.5
1398446532|29.5
1398446555|29.5
1398446577|29.5
1398446600|29.5
1398446622|29.5
1398446645|29.5
1398446667|29.5
1398446689|29.5
1398446712|29.5
1398446734|29.5
1398446757|29.562
1398446779|29.5
1398446802|29.562
1398446824|29.5
1398446847|29.562
1398446869|29.562
1398446892|29.562
1398446914|29.562
1398446937|29.5
1398446959|29.562
1398446982|29.562
1398447004|29.562
1398447026|29.562
1398447049|29.562
1398447071|29.562
1398447094|29.562
1398447116|29.562
1398447139|29.562
1398447161|29.562
1398447184|29.562
1398447206|29.562
1398447229|29.562
1398447251|29.562
1398447274|29.562
1398447296|29.562
1398447319|29.562
1398447341|29.562
1398447364|29.562
1398447386|29.562
1398447409|29.562
1398447431|29.562
1398447453|29.562
1398447476|29.562
1398447498|29.562
1398447521|29.562
1398447543|29.562
1398447566|29.562
1398447588|29.562
1398447611|29.562
1398447633|29.562
1398447656|29.562
1398447678|29.562
1398447701|29.562
1398447723|29.562
1398447746|29.562
1398447768|29.562
1398447790|29.562
1398447813|29.562
1398447835|29.562
1398447858|29.562
1398447880|29.625
1398447903|29.562
1398447925|29.625
1398447948|29.562
1398447970|29.625
1398447993|29.625
1398448015|29.562
1398448038|29.625
1398448060|29.625
1398448083|29.625
1398448105|29.562
1398448127|29.625
1398448150|29.562
1398448172|29.625
1398448195|29.625
1398448217|29.625
1398448240|29.625
1398448262|29.625
1398448285|29.562
1398448307|29.625
1398448330|29.625
1398448352|29.625
1398448375|29.625
1398448397|29.625
1398448420|29.562
1398448442|29.625
1398448465|29.625
1398448487|29.625
1398448509|29.562
1398448532|29.625
1398448554|29.625
1398448577|29.562
1398448599|29.625
1398448622|29.625
1398448644|29.625
1398448667|29.562
1398448689|29.562
1398448712|29.625
1398448734|29.625
1398448757|29.625
1398448779|29.625
1398448802|29.625
1398448824|29.562
1398448846|29.625
1398448869|29.625
1398448891|29.625
1398448914|29.625
1398448936|29.625
1398448959|29.625
