1400782300|26.312
1400782323|26.312
1400782345|26.312
1400782368|26.312
1400782390|26.312
1400782413|26.312
1400782435|26.312
1400782457|26.312
1400782480|26.312
1400782502|26.312
1400782525|26.312
1400782547|26.312
1400782570|26.312
1400782592|26.312
1400782615|26.312
1400782637|26.312
1400782660|26.312
1400782682|26.312
1400782705|26.312
1400782727|26.312
1400782750|26.312
1400782772|26.312
1400782794|26.312
1400782817|26.312
1400782839|26.312
1400782862|26.312
1400782884|26.312
1400782907|26.312
1400782929|26.312
1400782952|26.312
1400782974|26.312
1400782997|26.312
1400783019|26.375
1400783042|26.312
1400783064|26.375
1400783087|26.375
1400783109|26.375
1400783132|26.375
1400783154|26.375
1400783176|26.375
1400783199|26.375
1400783221|26.375
1400783244|26.375
1400783266|26.375
1400783289|26.312
1400783311|26.312
1400783334|26.312
1400783356|26.312
1400783379|26.312
1400783401|26.312
1400783424|26.375
1400783446|26.375
1400783469|26.312
1400783491|26.375
1400783513|26.312
1400783536|26.375
1400783558|26.312
1400783581|26.375
1400783603|26.375
1400783626|26.375
1400783648|26.375
1400783671|26.375
1400783693|26.375
1400783716|26.375
1400783738|26.375
1400783761|26.375
1400783783|26.375
1400783806|26.375
1400783828|26.375
1400783850|26.375
1400783873|26.375
1400783895|26.375
1400783918|26.375
1400783940|26.375
1400783963|26.375
1400783985|26.375
1400784008|26.375
1400784030|26.375
1400784053|26.375
1400784075|26.375
1400784098|26.375
1400784120|26.375
1400784143|26.375
1400784165|26.375
1400784187|26.375
1400784210|26.375
1400784232|26.375
1400784255|26.375
1400784277|26.375
1400784300|26.375
1400784322|26.375
1400784345|26.375
1400784367|26.375
1400784390|26.375
1400784412|26.375
1400784435|26.375
1400784457|26.375
1400784480|26.375
1400784502|26.375
1400784525|26.375
1400784547|26.375
1400784570|26.375
1400784592|26.375
1400784614|26.375
1400784637|26.375
1400784659|26.375
1400784682|26.375
1400784704|26.375
1400784727|26.375
1400784749|26.375
1400784772|26.375
1400784794|26.375
1400784817|26.375
1400784839|26.375
1400784862|26.375
1400784884|26.437
1400784907|26.437
1400784929|26.437
1400784951|26.437
1400784974|26.437
1400784996|26.437
1400785019|26.437
1400785041|26.437
1400785064|26.437
1400785086|26.437
1400785109|26.437
1400785131|26.437
1400785154|26.437
1400785176|26.437
1400785199|26.5
1400785221|26.5
1400785244|26.437
1400785266|26.437
1400785288|26.437
1400785311|26.5
1400785333|26.437
1400785356|26.437
1400785378|26.5
1400785401|26.5
1400785423|26.5
1400785446|26.5
1400785468|26.5
1400785491|26.437
1400785513|26.5
1400785536|26.5
1400785558|26.5
1400785581|26.5
1400785603|26.5
1400785625|26.5
1400785648|26.5
1400785670|26.5
1400785693|26.5
1400785715|26.5
1400785738|26.5
1400785760|26.5
1400785783|26.5
1400785805|26.5
1400785828|26.5
1400785850|26.5
1400785873|26.5
1400785895|26.5
1400785918|26.5
1400785940|26.5
1400785962|26.5
1400785985|26.5
1400786008|26.5
1400786030|26.5
1400786052|26.5
1400786075|26.5
1400786097|26.5
1400786120|26.5
1400786142|26.5
1400786165|26.5
1400786187|26.5
1400786210|26.5
1400786232|26.5
1400786255|26.5
1400786277|26.5
1400786300|26.5
1400786322|26.5
1400786345|26.5
1400786367|26.5
1400786389|26.5
1400786412|26.5
1400786434|26.5
1400786457|26.5
1400786479|26.5
1400786502|26.5
1400786524|26.5
1400786547|26.5
1400786569|26.5
1400786592|26.5
1400786614|26.5
1400786637|26.5
1400786659|26.5
1400786682|26.5
1400786704|26.5
1400786726|26.5
1400786749|26.5
1400786771|26.562
1400786794|26.5
1400786816|26.562
1400786839|26.5
1400786861|26.562
1400786884|26.562
1400786906|26.562
1400786929|26.562
1400786951|26.562
1400786974|26.562
1400786996|26.5
1400787019|26.562
1400787041|26.562
1400787063|26.562
1400787086|26.5
1400787108|26.562
1400787131|26.562
1400787153|26.562
1400787176|26.562
1400787198|26.562
1400787221|26.562
1400787243|26.562
1400787266|26.562
1400787288|26.562
1400787311|26.562
1400787333|26.562
1400787356|26.562
1400787378|26.562
1400787400|26.562
1400787423|26.562
1400787445|26.562
1400787468|26.562
1400787490|26.562
1400787513|26.562
1400787535|26.562
1400787558|26.562
1400787580|26.562
1400787603|26.625
1400787625|26.562
1400787648|26.562
1400787670|26.562
1400787693|26.562
1400787715|26.562
1400787737|26.562
1400787760|26.562
1400787782|26.562
1400787805|26.562
1400787827|26.562
1400787850|26.562
1400787872|26.562
1400787895|26.625
1400787917|26.562
1400787940|26.562
1400787962|26.625
1400787985|26.562
1400788007|26.562
1400788030|26.562
1400788052|26.562
1400788075|26.562
1400788097|26.625
1400788119|26.625
1400788142|26.562
1400788164|26.625
1400788187|26.625
1400788209|26.562
1400788232|26.625
1400788254|26.625
1400788277|26.625
1400788299|26.625
1400788322|26.625
1400788344|26.625
1400788367|26.625
1400788389|26.625
1400788412|26.625
1400788434|26.625
1400788456|26.625
1400788479|26.625
1400788501|26.625
1400788524|26.625
1400788546|26.625
1400788569|26.625
1400788591|26.625
1400788614|26.625
1400788636|26.625
1400788659|26.625
1400788681|26.562
1400788704|26.625
1400788726|26.625
1400788749|26.625
1400788771|26.625
1400788793|26.625
1400788816|26.625
1400788838|26.625
1400788861|26.625
1400788883|26.625
1400788906|26.562
1400788928|26.625
1400788951|26.562
1400788973|26.562
1400788996|26.625
1400789018|26.625
1400789041|26.625
1400789063|26.625
1400789086|26.625
1400789108|26.625
1400789130|26.625
1400789153|26.625
1400789175|26.625
1400789198|26.625
1400789220|26.625
1400789243|26.625
1400789265|26.625
1400789288|26.625
1400789310|26.625
1400789333|26.625
1400789355|26.625
1400789378|26.625
1400789400|26.625
1400789423|26.625
1400789445|26.625
1400789467|26.625
1400789490|26.625
1400789512|26.625
1400789535|26.625
1400789557|26.625
1400789580|26.625
1400789602|26.625
1400789625|26.625
1400789647|26.625
1400789670|26.625
1400789692|26.625
1400789715|26.625
1400789737|26.625
1400789760|26.625
1400789782|26.625
1400789805|26.625
1400789827|26.625
1400789850|26.625
1400789872|26.625
1400789894|26.625
1400789917|26.625
1400789939|26.625
1400789962|26.625
1400789984|26.562
1400790007|26.625
1400790029|26.625
1400790052|26.625
1400790074|26.625
1400790097|26.625
1400790119|26.625
1400790142|26.625
1400790164|26.625
1400790187|26.562
1400790209|26.625
1400790231|26.625
1400790254|26.562
1400790276|26.625
1400790299|26.625
1400790321|26.625
1400790344|26.625
1400790366|26.625
1400790389|26.625
1400790411|26.562
1400790434|26.562
1400790456|26.562
1400790479|26.625
1400790501|26.625
1400790524|26.562
1400790546|26.625
1400790568|26.562
1400790591|26.562
1400790613|26.562
1400790636|26.562
1400790658|26.625
1400790681|26.625
1400790703|26.562
1400790726|26.625
1400790748|26.562
1400790771|26.625
1400790793|26.562
1400790816|26.625
1400790838|26.562
1400790861|26.625
1400790883|26.625
1400790905|26.625
1400790928|26.562
1400790950|26.562
1400790973|26.625
1400790995|26.562
1400791018|26.562
1400791040|26.562
1400791063|26.562
1400791085|26.625
1400791108|26.562
1400791130|26.562
1400791153|26.625
1400791175|26.562
1400791198|26.562
1400791220|26.562
1400791243|26.562
1400791265|26.562
1400791287|26.562
1400791310|26.562
1400791332|26.562
1400791355|26.562
1400791377|26.562
1400791400|26.562
1400791422|26.562
1400791445|26.562
1400791467|26.562
1400791490|26.562
1400791512|26.562
1400791535|26.562
1400791557|26.562
1400791580|26.562
1400791602|26.562
1400791625|26.562
1400791647|26.562
1400791669|26.562
1400791692|26.562
1400791714|26.562
1400791737|26.562
1400791759|26.562
1400791782|26.562
1400791804|26.562
1400791827|26.562
1400791849|26.562
1400791872|26.562
1400791894|26.562
1400791917|26.562
1400791939|26.562
1400791962|26.562
1400791984|26.562
1400792006|26.562
1400792029|26.562
1400792051|26.562
1400792074|26.5
1400792096|26.5
1400792119|26.5
1400792141|26.5
1400792164|26.5
1400792186|26.5
1400792209|26.5
1400792231|26.5
1400792254|26.5
1400792276|26.5
1400792299|26.5
1400792321|26.5
1400792343|26.5
1400792366|26.5
1400792388|26.5
1400792411|26.5
1400792433|26.5
1400792456|26.5
1400792478|26.5
1400792501|26.5
1400792523|26.5
1400792546|26.5
1400792568|26.5
1400792591|26.5
1400792613|26.5
1400792636|26.5
1400792658|26.5
1400792680|26.5
1400792703|26.5
1400792725|26.5
1400792748|26.5
1400792770|26.5
1400792793|26.5
1400792815|26.5
1400792838|26.5
1400792860|26.5
1400792883|26.5
1400792905|26.5
1400792928|26.5
1400792950|26.5
1400792973|26.5
1400792995|26.5
1400793017|26.437
1400793040|26.5
1400793062|26.5
1400793085|26.5
1400793107|26.5
1400793130|26.5
1400793152|26.5
1400793175|26.5
1400793197|26.437
1400793220|26.437
1400793242|26.5
1400793265|26.5
1400793287|26.5
1400793310|26.5
1400793332|26.5
1400793355|26.5
1400793377|26.437
1400793399|26.437
1400793422|26.5
1400793444|26.437
1400793467|26.5
1400793489|26.5
1400793512|26.5
1400793534|26.5
1400793557|26.437
1400793579|26.437
1400793602|26.5
1400793624|26.5
1400793647|26.437
1400793669|26.437
1400793692|26.437
1400793714|26.437
1400793736|26.437
1400793759|26.437
1400793781|26.437
1400793804|26.437
1400793826|26.437
1400793849|26.437
1400793871|26.437
1400793894|26.437
1400793916|26.437
1400793939|26.437
1400793961|26.437
1400793984|26.437
1400794006|26.437
1400794029|26.437
1400794051|26.437
1400794073|26.437
1400794096|26.437
1400794118|26.437
1400794141|26.437
1400794163|26.437
1400794186|26.437
1400794208|26.437
1400794231|26.437
1400794253|26.437
1400794276|26.437
1400794298|26.437
1400794321|26.437
1400794343|26.437
1400794366|26.437
1400794388|26.437
1400794410|26.437
1400794433|26.437
1400794455|26.437
1400794478|26.437
1400794500|26.437
1400794524|26.437
1400794546|26.437
1400794569|26.437
1400794591|26.437
1400794614|26.437
1400794636|26.437
1400794658|26.437
1400794681|26.437
1400794703|26.437
1400794726|26.437
1400794748|26.437
1400794771|26.437
1400794793|26.437
1400794816|26.437
1400794838|26.437
1400794861|26.437
1400794883|26.437
1400794906|26.437
1400794928|26.437
1400794951|26.437
1400794973|26.437
1400794996|26.375
1400795018|26.437
1400795040|26.437
1400795063|26.437
1400795085|26.375
1400795108|26.437
1400795130|26.437
1400795153|26.437
1400795175|26.437
1400795198|26.437
1400795220|26.375
1400795243|26.437
1400795265|26.437
1400795288|26.437
1400795310|26.437
1400795333|26.375
1400795355|26.437
1400795377|26.437
1400795400|26.437
1400795422|26.437
1400795445|26.437
1400795467|26.375
1400795490|26.375
1400795512|26.375
1400795535|26.437
1400795557|26.375
1400795580|26.437
1400795602|26.437
1400795625|26.375
1400795647|26.375
1400795670|26.375
1400795692|26.375
1400795714|26.375
1400795737|26.375
1400795759|26.437
1400795782|26.375
1400795804|26.375
1400795827|26.375
1400795849|26.375
1400795872|26.375
1400795894|26.375
1400795917|26.375
1400795939|26.375
1400795962|26.375
1400795984|26.375
1400796007|26.375
1400796029|26.375
1400796052|26.375
1400796074|26.375
1400796096|26.375
1400796119|26.375
1400796141|26.375
1400796164|26.375
1400796186|26.375
1400796209|26.375
1400796231|26.375
1400796254|26.375
1400796276|26.375
1400796299|26.375
1400796321|26.375
1400796344|26.375
1400796366|26.375
1400796389|26.375
1400796411|26.375
1400796433|26.375
1400796456|26.375
1400796478|26.375
1400796501|26.375
1400796523|26.375
1400796546|26.375
1400796568|26.375
1400796591|26.375
1400796613|26.375
1400796636|26.375
1400796658|26.375
1400796681|26.312
1400796703|26.375
1400796726|26.375
1400796748|26.375
1400796770|26.375
1400796793|26.312
1400796815|26.375
1400796838|26.375
1400796860|26.375
1400796883|26.375
1400796905|26.375
1400796928|26.375
1400796950|26.375
1400796973|26.375
1400796995|26.375
1400797018|26.312
1400797040|26.312
1400797063|26.312
1400797085|26.312
1400797107|26.312
1400797130|26.312
1400797152|26.312
1400797175|26.312
1400797197|26.312
1400797220|26.312
1400797242|26.312
1400797265|26.312
1400797287|26.312
1400797310|26.312
1400797332|26.312
1400797355|26.312
1400797377|26.312
1400797400|26.312
1400797422|26.312
1400797444|26.312
1400797467|26.312
1400797489|26.312
1400797512|26.312
1400797534|26.312
1400797557|26.312
1400797579|26.312
1400797602|26.312
1400797624|26.312
1400797647|26.312
1400797669|26.312
1400797692|26.312
1400797714|26.312
1400797737|26.312
1400797759|26.312
1400797782|26.312
1400797804|26.312
1400797826|26.312
1400797849|26.312
1400797871|26.312
1400797894|26.312
1400797916|26.25
1400797939|26.312
1400797961|26.312
1400797984|26.312
1400798006|26.312
1400798029|26.312
1400798051|26.312
1400798074|26.312
1400798096|26.312
1400798119|26.312
1400798141|26.312
1400798164|26.312
1400798186|26.25
1400798208|26.312
1400798231|26.312
1400798253|26.312
1400798276|26.312
1400798298|26.312
1400798321|26.312
1400798343|26.312
1400798366|26.312
1400798388|26.312
1400798411|26.312
1400798433|26.25
1400798456|26.312
1400798478|26.312
1400798501|26.25
1400798523|26.312
1400798545|26.312
1400798568|26.25
1400798590|26.312
1400798613|26.312
1400798635|26.312
1400798658|26.312
1400798680|26.312
1400798703|26.25
1400798725|26.312
1400798748|26.312
1400798770|26.25
1400798793|26.312
1400798815|26.312
1400798838|26.312
1400798860|26.25
1400798882|26.25
1400798905|26.25
1400798927|26.25
1400798950|26.312
1400798972|26.25
1400798995|26.25
1400799017|26.25
1400799040|26.25
1400799062|26.25
1400799085|26.25
1400799107|26.25
1400799130|26.25
1400799152|26.25
1400799175|26.25
1400799197|26.25
1400799219|26.25
1400799242|26.25
1400799264|26.25
1400799287|26.25
1400799309|26.25
1400799332|26.25
1400799354|26.25
1400799377|26.25
1400799399|26.25
1400799422|26.25
1400799444|26.25
1400799467|26.25
1400799489|26.25
1400799512|26.25
1400799534|26.25
1400799557|26.25
1400799579|26.25
1400799601|26.25
1400799624|26.25
1400799646|26.25
1400799669|26.25
1400799691|26.25
1400799714|26.25
1400799736|26.25
1400799759|26.25
1400799781|26.25
1400799804|26.25
1400799826|26.25
1400799849|26.25
1400799871|26.25
1400799894|26.25
1400799916|26.25
1400799939|26.25
1400799961|26.187
1400799983|26.25
1400800006|26.25
1400800028|26.25
1400800051|26.25
1400800073|26.25
1400800096|26.25
1400800118|26.25
1400800141|26.25
1400800163|26.25
1400800186|26.25
1400800208|26.25
1400800231|26.187
1400800253|26.187
1400800276|26.25
1400800298|26.187
1400800320|26.25
1400800343|26.187
1400800365|26.187
1400800388|26.187
1400800410|26.187
1400800433|26.187
1400800455|26.187
1400800478|26.187
1400800500|26.25
1400800523|26.187
1400800545|26.25
1400800568|26.187
1400800590|26.187
1400800613|26.187
1400800635|26.187
1400800658|26.187
1400800680|26.187
1400800702|26.187
1400800725|26.187
1400800747|26.187
1400800770|26.187
1400800792|26.187
1400800815|26.187
1400800837|26.187
1400800860|26.187
1400800882|26.187
1400800905|26.187
1400800927|26.187
1400800950|26.187
1400800972|26.187
1400800995|26.187
1400801017|26.187
1400801039|26.187
1400801062|26.187
1400801084|26.187
1400801107|26.187
1400801129|26.187
1400801152|26.187
1400801174|26.187
1400801197|26.187
1400801219|26.125
1400801242|26.187
1400801264|26.187
1400801287|26.187
1400801309|26.187
1400801332|26.187
1400801354|26.187
1400801376|26.187
1400801399|26.187
1400801421|26.187
1400801444|26.187
1400801466|26.187
1400801489|26.187
1400801511|26.187
1400801534|26.187
1400801556|26.187
1400801579|26.187
1400801601|26.187
1400801624|26.187
1400801646|26.187
1400801669|26.187
1400801691|26.187
1400801713|26.125
1400801736|26.187
1400801758|26.125
1400801781|26.125
1400801803|26.187
1400801826|26.125
1400801848|26.125
1400801871|26.187
1400801893|26.125
1400801916|26.125
1400801938|26.187
1400801961|26.187
1400801983|26.125
1400802006|26.125
1400802028|26.125
1400802050|26.125
1400802073|26.125
1400802095|26.125
1400802118|26.125
1400802140|26.125
1400802163|26.125
1400802185|26.125
1400802208|26.125
1400802230|26.125
1400802253|26.125
1400802275|26.125
1400802298|26.125
1400802320|26.125
1400802343|26.125
1400802365|26.125
1400802388|26.125
1400802410|26.125
1400802432|26.125
1400802455|26.125
1400802477|26.125
1400802500|26.125
1400802522|26.125
1400802545|26.125
1400802567|26.125
1400802590|26.125
1400802612|26.125
1400802635|26.125
1400802657|26.125
1400802680|26.125
1400802702|26.125
1400802725|26.125
1400802747|26.125
1400802770|26.125
1400802792|26.125
1400802814|26.125
1400802837|26.125
1400802859|26.125
1400802882|26.125
1400802904|26.125
1400802927|26.125
1400802949|26.125
1400802972|26.125
1400802994|26.125
1400803017|26.125
1400803039|26.125
1400803062|26.125
1400803084|26.125
1400803107|26.125
1400803129|26.062
1400803151|26.125
1400803174|26.062
1400803196|26.125
1400803219|26.125
1400803241|26.062
1400803264|26.062
1400803286|26.125
1400803309|26.125
1400803331|26.062
1400803354|26.125
1400803376|26.125
1400803399|26.062
1400803421|26.062
1400803444|26.062
1400803466|26.062
1400803488|26.062
1400803511|26.062
1400803533|26.062
1400803556|26.062
1400803578|26.062
1400803601|26.062
1400803623|26.062
1400803646|26.062
1400803668|26.062
1400803691|26.062
1400803713|26.062
1400803736|26.062
1400803758|26.062
1400803781|26.062
1400803803|26.062
1400803826|26.062
1400803848|26.062
1400803871|26.062
1400803893|26.062
1400803915|26.062
1400803938|26.062
1400803960|26.062
1400803983|26.062
1400804005|26.062
1400804028|26.062
1400804050|26.062
1400804073|26.062
1400804095|26.062
1400804118|26.062
1400804140|26.062
1400804163|26.062
1400804185|26.062
1400804208|26.062
1400804230|26.062
1400804252|26.062
1400804275|26.062
1400804297|26.062
1400804320|26.062
1400804342|26.062
1400804365|26.062
1400804387|26.062
1400804410|26.062
1400804432|26.062
1400804455|26.062
1400804477|26.062
1400804500|26.062
1400804522|26.062
1400804545|26.062
1400804567|26.062
1400804589|26.062
1400804612|26.062
1400804634|26.062
1400804657|26.0
1400804679|26.062
1400804702|26.062
1400804724|26.0
1400804747|26.0
1400804769|26.0
1400804792|26.0
1400804814|26.062
1400804837|26.0
1400804859|26.0
1400804882|26.0
1400804904|26.0
1400804926|26.0
1400804949|26.0
1400804971|26.0
1400804994|26.0
1400805016|26.062
1400805039|26.0
1400805061|26.0
1400805084|26.0
1400805106|26.0
1400805129|26.0
1400805151|26.0
1400805174|26.0
1400805196|26.0
1400805219|26.0
1400805241|26.0
1400805263|26.0
1400805286|26.062
1400805308|26.0
1400805331|26.0
1400805353|26.0
1400805376|26.0
1400805398|26.0
1400805421|26.0
1400805443|26.0
1400805466|26.0
1400805488|26.0
1400805511|26.0
1400805533|26.0
1400805556|26.0
1400805578|26.0
1400805601|26.0
1400805623|26.0
1400805645|26.0
1400805668|26.0
1400805690|26.0
1400805713|26.0
1400805735|26.0
1400805758|26.0
1400805780|26.0
1400805803|26.0
1400805825|26.0
1400805848|26.0
1400805870|26.0
1400805893|26.0
1400805915|26.0
1400805938|26.0
1400805960|26.0
1400805982|25.937
1400806005|26.0
1400806027|25.937
1400806050|26.0
1400806072|26.0
1400806095|26.0
1400806117|25.937
1400806140|25.937
1400806162|26.0
1400806185|25.937
1400806207|25.937
1400806230|25.937
1400806252|25.937
1400806275|25.937
1400806297|25.937
1400806319|25.937
1400806342|26.0
1400806364|25.937
1400806387|25.937
1400806409|25.937
1400806432|25.937
1400806454|25.937
1400806477|25.937
1400806499|25.937
1400806522|25.937
1400806544|25.937
1400806567|25.937
1400806589|25.937
1400806612|25.937
1400806634|25.937
1400806656|25.937
1400806679|25.937
1400806701|25.937
1400806724|25.937
1400806746|25.937
1400806769|25.937
1400806791|25.937
1400806814|25.937
1400806836|25.937
1400806859|25.937
1400806881|25.937
1400806904|25.937
1400806926|25.937
1400806949|25.937
1400806971|25.937
1400806994|25.937
1400807016|25.937
1400807038|25.937
1400807061|25.937
1400807083|25.937
1400807106|25.937
1400807128|25.937
1400807151|25.937
1400807173|25.937
1400807196|25.937
1400807218|25.937
1400807241|25.937
1400807263|25.937
1400807286|25.937
1400807308|25.937
1400807331|25.937
1400807353|25.937
1400807376|25.937
1400807398|25.937
1400807420|25.937
1400807443|25.937
1400807465|25.937
1400807488|25.937
1400807510|25.937
1400807533|25.875
1400807555|25.875
1400807578|25.875
1400807600|25.875
1400807623|25.937
1400807645|25.937
1400807668|25.875
1400807690|25.875
1400807713|25.937
1400807735|25.875
1400807757|25.875
1400807780|25.875
1400807802|25.875
1400807825|25.875
1400807847|25.875
1400807870|25.875
1400807892|25.875
1400807915|25.937
1400807937|25.875
1400807960|25.875
1400807982|25.875
1400808005|25.875
1400808027|25.875
1400808050|25.875
1400808072|25.875
1400808095|25.875
1400808117|25.875
1400808140|25.875
1400808162|25.875
1400808184|25.875
1400808207|25.875
1400808229|25.875
1400808252|25.875
1400808274|25.875
1400808297|25.875
1400808319|25.875
1400808342|25.875
1400808364|25.875
1400808387|25.875
1400808409|25.875
1400808432|25.875
1400808454|25.875
1400808477|25.875
1400808499|25.875
1400808521|25.875
1400808544|25.875
1400808566|25.875
1400808589|25.875
1400808611|25.875
1400808634|25.875
1400808656|25.875
1400808679|25.875
1400808701|25.875
1400808724|25.875
1400808746|25.875
1400808769|25.875
1400808791|25.812
1400808814|25.875
1400808836|25.875
1400808858|25.875
1400808881|25.812
1400808903|25.812
1400808926|25.875
1400808948|25.875
1400808971|25.812
1400808993|25.875
1400809016|25.875
1400809038|25.812
1400809061|25.875
1400809083|25.812
1400809106|25.812
1400809128|25.812
1400809151|25.875
1400809173|25.812
1400809195|25.812
1400809218|25.812
1400809240|25.812
1400809263|25.812
1400809285|25.875
1400809308|25.812
1400809330|25.812
1400809353|25.875
1400809375|25.812
1400809398|25.875
1400809420|25.812
1400809443|25.812
1400809465|25.812
1400809488|25.812
1400809510|25.812
1400809533|25.812
1400809555|25.812
1400809577|25.812
1400809600|25.812
1400809622|25.812
1400809645|25.812
1400809667|25.812
1400809690|25.812
1400809712|25.812
1400809735|25.812
1400809757|25.812
1400809780|25.812
1400809802|25.812
1400809825|25.812
1400809847|25.812
1400809870|25.812
1400809892|25.812
1400809914|25.812
1400809937|25.812
1400809959|25.812
1400809982|25.812
1400810004|25.812
1400810027|25.812
1400810049|25.812
1400810072|25.812
1400810094|25.812
1400810117|25.812
1400810139|25.812
1400810162|25.75
1400810184|25.75
1400810207|25.75
1400810229|25.812
1400810251|25.812
1400810274|25.812
1400810297|25.75
1400810319|25.812
1400810341|25.812
1400810364|25.812
1400810386|25.812
1400810409|25.812
1400810431|25.812
1400810454|25.75
1400810476|25.75
1400810499|25.812
1400810521|25.75
1400810544|25.75
1400810566|25.75
1400810589|25.75
1400810611|25.75
1400810634|25.75
1400810656|25.75
1400810678|25.75
1400810701|25.75
1400810723|25.75
1400810746|25.75
1400810768|25.812
1400810791|25.75
1400810813|25.75
1400810836|25.75
1400810858|25.75
1400810881|25.75
1400810903|25.75
1400810926|25.75
1400810948|25.75
1400810971|25.75
1400810993|25.75
1400811016|25.75
1400811038|25.75
1400811060|25.75
1400811083|25.75
1400811105|25.75
1400811128|25.75
1400811150|25.75
1400811173|25.75
1400811195|25.75
1400811218|25.75
1400811240|25.75
1400811263|25.75
1400811285|25.75
1400811308|25.75
1400811330|25.75
1400811353|25.75
1400811375|25.75
1400811398|25.75
1400811420|25.75
1400811442|25.75
1400811465|25.75
1400811487|25.75
1400811510|25.75
1400811532|25.75
1400811555|25.75
1400811577|25.687
1400811600|25.687
1400811622|25.687
1400811645|25.75
1400811667|25.75
1400811690|25.687
1400811712|25.75
1400811735|25.687
1400811757|25.687
1400811779|25.687
1400811802|25.687
1400811824|25.687
1400811847|25.687
1400811869|25.687
1400811892|25.687
1400811914|25.75
1400811937|25.687
1400811959|25.687
1400811982|25.687
1400812004|25.687
1400812027|25.75
1400812049|25.687
1400812072|25.687
1400812094|25.687
1400812116|25.687
1400812139|25.687
1400812161|25.687
1400812184|25.687
1400812206|25.687
1400812229|25.687
1400812251|25.687
1400812274|25.687
1400812296|25.687
1400812319|25.687
1400812341|25.687
1400812364|25.687
1400812386|25.687
1400812409|25.687
1400812431|25.687
1400812454|25.687
1400812476|25.687
1400812498|25.687
1400812521|25.687
1400812543|25.687
1400812566|25.687
1400812588|25.687
1400812611|25.687
1400812633|25.687
1400812656|25.687
1400812678|25.687
1400812701|25.687
1400812723|25.687
1400812746|25.687
1400812768|25.687
1400812791|25.687
1400812813|25.687
1400812835|25.687
1400812858|25.687
1400812880|25.687
1400812903|25.687
1400812925|25.687
1400812948|25.687
1400812970|25.687
1400812993|25.687
1400813015|25.687
1400813038|25.687
1400813060|25.687
1400813083|25.687
1400813105|25.625
1400813128|25.687
1400813150|25.625
1400813172|25.625
1400813195|25.625
1400813217|25.625
1400813240|25.625
1400813262|25.687
1400813285|25.625
1400813307|25.625
1400813330|25.625
1400813352|25.625
1400813375|25.625
1400813397|25.625
1400813420|25.625
1400813442|25.625
1400813465|25.625
1400813487|25.625
1400813509|25.625
1400813532|25.625
1400813554|25.625
1400813577|25.625
1400813599|25.625
1400813622|25.687
1400813644|25.625
1400813667|25.625
1400813689|25.625
1400813712|25.625
1400813734|25.625
1400813757|25.625
1400813779|25.625
1400813802|25.625
1400813824|25.625
1400813846|25.625
1400813869|25.625
1400813891|25.625
1400813914|25.625
1400813936|25.625
1400813959|25.625
1400813981|25.625
1400814004|25.625
1400814026|25.625
1400814049|25.625
1400814071|25.625
1400814094|25.625
1400814116|25.625
1400814139|25.625
1400814161|25.625
1400814184|25.625
1400814206|25.625
1400814229|25.625
1400814251|25.625
1400814273|25.625
1400814296|25.625
1400814318|25.625
1400814341|25.625
1400814363|25.625
1400814386|25.625
1400814408|25.625
1400814431|25.625
1400814453|25.625
1400814476|25.625
1400814498|25.625
1400814521|25.625
1400814543|25.625
1400814566|25.625
1400814588|25.625
1400814610|25.625
1400814633|25.625
1400814655|25.625
1400814678|25.625
1400814700|25.562
1400814723|25.625
1400814745|25.562
1400814768|25.625
1400814790|25.625
1400814813|25.625
1400814835|25.625
1400814858|25.625
1400814880|25.562
1400814903|25.562
1400814925|25.562
1400814947|25.625
1400814970|25.562
1400814992|25.562
1400815015|25.562
1400815037|25.562
1400815060|25.562
1400815082|25.562
1400815105|25.562
1400815127|25.562
1400815150|25.562
1400815172|25.562
1400815195|25.562
1400815217|25.562
1400815240|25.562
1400815262|25.562
1400815284|25.562
1400815307|25.562
1400815329|25.562
1400815352|25.562
1400815374|25.562
1400815397|25.562
1400815419|25.562
1400815442|25.562
1400815464|25.562
1400815487|25.562
1400815509|25.562
1400815532|25.562
1400815554|25.562
1400815577|25.562
1400815599|25.562
1400815621|25.562
1400815644|25.562
1400815666|25.562
1400815689|25.562
1400815711|25.562
1400815734|25.562
1400815756|25.562
1400815779|25.562
1400815801|25.562
1400815824|25.562
1400815846|25.562
1400815869|25.562
1400815891|25.562
1400815914|25.562
1400815936|25.562
1400815958|25.562
1400815981|25.562
1400816003|25.5
1400816026|25.562
1400816048|25.562
1400816071|25.562
1400816093|25.5
1400816116|25.5
1400816138|25.5
1400816161|25.5
1400816183|25.562
1400816206|25.5
1400816228|25.562
1400816251|25.5
1400816273|25.5
1400816296|25.562
1400816318|25.5
1400816340|25.5
1400816363|25.562
1400816385|25.5
1400816408|25.5
1400816430|25.5
1400816453|25.5
1400816475|25.5
1400816498|25.5
1400816520|25.5
1400816543|25.5
1400816565|25.5
1400816588|25.5
1400816610|25.5
1400816633|25.5
1400816655|25.5
1400816678|25.5
1400816700|25.5
1400816722|25.5
1400816745|25.562
1400816767|25.5
1400816790|25.5
1400816812|25.5
1400816835|25.5
1400816857|25.5
1400816880|25.5
1400816902|25.5
1400816925|25.5
1400816947|25.5
1400816970|25.5
1400816992|25.5
1400817015|25.5
1400817037|25.5
1400817059|25.5
1400817082|25.5
1400817104|25.5
1400817127|25.5
1400817149|25.5
1400817172|25.5
1400817194|25.5
1400817217|25.5
1400817239|25.5
1400817262|25.5
1400817284|25.5
1400817307|25.5
1400817329|25.5
1400817352|25.5
1400817374|25.5
1400817396|25.5
1400817419|25.5
1400817441|25.5
1400817464|25.5
1400817486|25.5
1400817509|25.5
1400817531|25.5
1400817554|25.5
1400817576|25.5
1400817599|25.5
1400817621|25.5
1400817644|25.5
1400817666|25.5
1400817689|25.5
1400817711|25.5
1400817734|25.5
1400817756|25.437
1400817778|25.5
1400817801|25.5
1400817823|25.437
1400817846|25.437
1400817868|25.437
1400817891|25.437
1400817913|25.5
1400817936|25.5
1400817958|25.5
1400817981|25.437
1400818003|25.437
1400818026|25.5
1400818048|25.437
1400818071|25.5
1400818093|25.437
1400818115|25.437
1400818138|25.437
1400818160|25.437
1400818183|25.437
1400818205|25.437
1400818228|25.437
1400818250|25.437
1400818273|25.437
1400818295|25.437
1400818318|25.437
1400818340|25.437
1400818363|25.437
1400818385|25.437
1400818408|25.437
1400818430|25.437
1400818452|25.437
1400818475|25.437
1400818497|25.437
1400818520|25.437
1400818542|25.437
1400818565|25.437
1400818587|25.437
1400818610|25.437
1400818632|25.437
1400818655|25.437
1400818677|25.437
1400818700|25.437
1400818722|25.437
1400818745|25.437
1400818767|25.437
1400818790|25.437
1400818812|25.437
1400818835|25.437
1400818857|25.437
1400818879|25.437
1400818902|25.437
1400818924|25.437
1400818947|25.437
1400818969|25.437
1400818992|25.437
1400819014|25.437
1400819037|25.437
1400819059|25.437
1400819082|25.437
1400819104|25.437
1400819127|25.437
1400819149|25.437
1400819172|25.437
1400819194|25.437
1400819216|25.375
1400819239|25.375
1400819261|25.375
1400819284|25.375
1400819306|25.375
1400819329|25.375
1400819351|25.375
1400819374|25.375
1400819396|25.375
1400819419|25.375
1400819441|25.375
1400819464|25.375
1400819486|25.437
1400819509|25.437
1400819531|25.375
1400819553|25.375
1400819576|25.437
1400819598|25.375
1400819621|25.375
1400819643|25.437
1400819666|25.375
1400819688|25.375
1400819711|25.375
1400819733|25.375
1400819756|25.375
1400819778|25.375
1400819801|25.375
1400819823|25.375
1400819846|25.375
1400819868|25.375
1400819891|25.375
1400819913|25.375
1400819936|25.375
1400819958|25.375
1400819980|25.375
1400820003|25.375
1400820025|25.375
1400820048|25.375
1400820070|25.375
1400820093|25.375
1400820115|25.375
1400820138|25.375
1400820160|25.375
1400820183|25.375
1400820205|25.375
1400820228|25.375
1400820250|25.375
1400820273|25.375
1400820295|25.375
1400820317|25.375
1400820340|25.375
1400820362|25.375
1400820385|25.375
1400820407|25.375
1400820430|25.375
1400820452|25.375
1400820475|25.375
1400820497|25.375
1400820520|25.375
1400820542|25.375
1400820565|25.375
1400820587|25.375
1400820610|25.375
1400820632|25.375
1400820654|25.375
1400820677|25.312
1400820699|25.312
1400820722|25.312
1400820744|25.375
1400820767|25.312
1400820789|25.375
1400820812|25.375
1400820834|25.375
1400820857|25.312
1400820879|25.375
1400820902|25.312
1400820924|25.375
1400820947|25.375
1400820969|25.375
1400820991|25.312
1400821014|25.312
1400821036|25.312
1400821059|25.312
1400821081|25.312
1400821104|25.312
1400821126|25.312
1400821149|25.312
1400821171|25.312
1400821194|25.312
1400821216|25.312
1400821239|25.312
1400821261|25.312
1400821284|25.312
1400821306|25.312
1400821329|25.25
1400821351|25.25
1400821373|25.25
1400821396|25.25
1400821418|25.25
1400821441|25.25
1400821463|25.312
1400821486|25.25
1400821508|25.312
1400821531|25.312
1400821553|25.312
1400821576|25.25
1400821598|25.25
1400821621|25.312
1400821643|25.25
1400821666|25.312
1400821688|25.25
1400821710|25.25
1400821733|25.25
1400821755|25.25
1400821778|25.312
1400821800|25.25
1400821823|25.25
1400821845|25.25
1400821868|25.25
1400821890|25.25
1400821913|25.312
1400821935|25.312
1400821958|25.25
1400821980|25.25
1400822003|25.25
1400822025|25.25
1400822047|25.25
1400822070|25.25
1400822092|25.25
1400822115|25.25
1400822137|25.25
1400822160|25.25
1400822182|25.25
1400822205|25.25
1400822227|25.25
1400822250|25.25
1400822272|25.25
1400822295|25.25
1400822317|25.25
1400822340|25.25
1400822362|25.25
1400822384|25.25
1400822407|25.25
1400822429|25.25
1400822452|25.25
1400822474|25.25
1400822497|25.25
1400822519|25.25
1400822542|25.25
1400822564|25.25
1400822587|25.25
1400822609|25.25
1400822632|25.25
1400822654|25.25
1400822677|25.25
1400822699|25.25
1400822721|25.25
1400822744|25.25
1400822766|25.25
1400822789|25.25
1400822811|25.25
1400822834|25.25
1400822856|25.25
1400822879|25.25
1400822901|25.25
1400822924|25.25
1400822946|25.25
1400822969|25.25
1400822991|25.25
1400823014|25.25
1400823036|25.25
1400823058|25.25
1400823081|25.25
1400823103|25.25
1400823126|25.25
1400823148|25.25
1400823171|25.25
1400823193|25.25
1400823216|25.25
1400823238|25.25
1400823261|25.25
1400823283|25.25
1400823306|25.25
1400823328|25.25
1400823351|25.25
1400823373|25.25
1400823396|25.25
1400823418|25.25
1400823441|25.25
1400823463|25.25
1400823485|25.25
1400823508|25.25
1400823530|25.25
1400823553|25.25
1400823575|25.25
1400823598|25.187
1400823620|25.187
1400823643|25.187
1400823665|25.187
1400823688|25.187
1400823710|25.187
1400823733|25.25
1400823755|25.187
1400823778|25.187
1400823800|25.187
1400823822|25.187
1400823845|25.187
1400823867|25.187
1400823890|25.187
1400823912|25.187
1400823935|25.187
1400823957|25.187
1400823980|25.187
1400824002|25.25
1400824025|25.187
1400824047|25.187
1400824070|25.187
1400824092|25.187
1400824115|25.187
1400824137|25.187
1400824159|25.187
1400824182|25.25
1400824204|25.187
1400824227|25.187
1400824249|25.187
1400824272|25.187
1400824294|25.187
1400824317|25.187
1400824339|25.187
1400824362|25.187
1400824384|25.25
1400824407|25.187
1400824429|25.187
1400824452|25.25
1400824474|25.25
1400824496|25.25
1400824519|25.25
1400824541|25.25
1400824564|25.25
1400824586|25.25
1400824609|25.25
1400824631|25.25
1400824654|25.25
1400824676|25.25
1400824699|25.25
1400824721|25.25
1400824744|25.25
1400824766|25.25
1400824789|25.25
1400824811|25.312
1400824833|25.312
1400824856|25.25
1400824878|25.25
1400824901|25.25
1400824923|25.25
1400824946|25.25
1400824968|25.25
1400824991|25.25
1400825013|25.25
1400825036|25.25
1400825058|25.25
1400825081|25.25
1400825103|25.312
1400825126|25.25
1400825148|25.312
1400825171|25.25
1400825193|25.25
1400825216|25.25
1400825238|25.25
1400825260|25.25
1400825283|25.312
1400825305|25.25
1400825328|25.25
1400825350|25.25
1400825373|25.25
1400825395|25.25
1400825418|25.25
1400825440|25.25
1400825463|25.312
1400825485|25.312
1400825508|25.312
1400825530|25.312
1400825553|25.312
1400825575|25.312
1400825597|25.25
1400825620|25.312
1400825642|25.25
1400825665|25.25
1400825687|25.25
1400825710|25.25
1400825732|25.25
1400825755|25.25
1400825777|25.25
1400825800|25.25
1400825822|25.25
1400825845|25.25
1400825867|25.25
1400825890|25.25
1400825912|25.25
1400825935|25.25
1400825957|25.25
1400825979|25.25
1400826002|25.25
1400826024|25.25
1400826047|25.25
1400826069|25.25
1400826092|25.187
1400826114|25.187
1400826137|25.25
1400826159|25.25
1400826182|25.187
1400826204|25.187
1400826227|25.187
1400826249|25.187
1400826272|25.187
1400826294|25.187
1400826316|25.187
1400826339|25.25
1400826361|25.187
1400826384|25.187
1400826406|25.187
1400826429|25.187
1400826451|25.187
1400826474|25.187
1400826496|25.187
1400826519|25.187
1400826541|25.187
1400826564|25.187
1400826586|25.187
1400826609|25.187
1400826631|25.187
1400826654|25.187
1400826676|25.187
1400826698|25.187
1400826721|25.187
1400826743|25.187
1400826766|25.187
1400826788|25.187
1400826811|25.187
1400826833|25.187
1400826856|25.187
1400826878|25.187
1400826901|25.187
1400826923|25.187
1400826946|25.187
1400826968|25.187
1400826991|25.187
1400827013|25.187
1400827036|25.187
1400827058|25.187
1400827080|25.187
1400827103|25.187
1400827125|25.187
1400827148|25.187
1400827170|25.187
1400827193|25.187
1400827215|25.187
1400827238|25.187
1400827260|25.187
1400827283|25.187
1400827305|25.187
1400827328|25.187
1400827350|25.187
1400827373|25.187
1400827395|25.187
1400827417|25.187
1400827440|25.187
1400827462|25.187
1400827485|25.187
1400827507|25.125
1400827530|25.187
1400827552|25.187
1400827575|25.187
1400827597|25.187
1400827620|25.187
1400827642|25.187
1400827665|25.187
1400827687|25.187
1400827710|25.187
1400827732|25.187
1400827755|25.187
1400827777|25.187
1400827799|25.187
1400827822|25.187
1400827844|25.187
1400827867|25.187
1400827889|25.187
1400827912|25.187
1400827934|25.187
1400827957|25.187
1400827979|25.187
1400828002|25.187
1400828024|25.187
1400828047|25.125
1400828069|25.187
1400828092|25.187
1400828114|25.187
1400828137|25.125
1400828159|25.187
1400828181|25.187
1400828204|25.125
1400828226|25.125
1400828249|25.187
1400828271|25.187
1400828294|25.125
1400828316|25.187
1400828339|25.187
1400828361|25.187
1400828384|25.125
1400828406|25.125
1400828429|25.125
1400828451|25.125
1400828474|25.187
1400828496|25.125
1400828518|25.187
1400828541|25.125
1400828563|25.125
1400828586|25.187
1400828608|25.187
1400828631|25.125
1400828653|25.125
1400828676|25.125
1400828698|25.125
1400828721|25.125
1400828743|25.187
1400828766|25.125
1400828788|25.187
1400828811|25.125
1400828833|25.125
1400828855|25.125
1400828878|25.187
1400828901|25.125
1400828924|25.125
1400828946|25.187
1400828969|25.187
1400828991|25.187
1400829014|25.187
1400829036|25.187
1400829058|25.125
1400829081|25.125
1400829103|25.187
1400829126|25.187
1400829148|25.187
1400829171|25.125
1400829193|25.187
1400829216|25.187
1400829238|25.187
1400829261|25.187
1400829283|25.187
1400829306|25.187
1400829328|25.187
1400829351|25.187
1400829373|25.187
1400829396|25.187
1400829418|25.187
1400829440|25.187
1400829463|25.187
1400829485|25.187
1400829508|25.187
1400829530|25.187
1400829553|25.187
1400829575|25.187
1400829598|25.187
1400829620|25.187
1400829643|25.187
1400829665|25.187
1400829688|25.187
1400829710|25.187
1400829733|25.187
1400829755|25.187
1400829778|25.187
1400829800|25.187
1400829823|25.187
1400829845|25.187
1400829867|25.187
1400829890|25.187
1400829912|25.187
1400829935|25.187
1400829957|25.187
1400829980|25.187
1400830002|25.187
1400830025|25.187
1400830047|25.187
1400830070|25.187
1400830092|25.187
1400830115|25.187
1400830137|25.187
1400830160|25.187
1400830182|25.187
1400830204|25.187
1400830227|25.187
1400830249|25.187
1400830272|25.187
1400830294|25.187
1400830317|25.187
1400830339|25.187
1400830362|25.187
1400830384|25.187
1400830407|25.187
1400830429|25.187
1400830452|25.187
1400830474|25.187
1400830497|25.187
1400830519|25.187
1400830541|25.187
1400830564|25.187
1400830586|25.187
1400830609|25.187
1400830631|25.187
1400830654|25.187
1400830676|25.187
1400830699|25.187
1400830721|25.187
1400830744|25.187
1400830766|25.187
1400830789|25.187
1400830811|25.187
1400830834|25.187
1400830856|25.187
1400830879|25.187
1400830901|25.187
1400830924|25.187
1400830946|25.187
1400830968|25.187
1400830991|25.187
1400831013|25.187
1400831036|25.187
1400831058|25.187
1400831081|25.187
1400831103|25.187
1400831126|25.187
1400831148|25.187
1400831171|25.187
1400831193|25.187
1400831216|25.187
1400831238|25.187
1400831261|25.187
1400831283|25.187
1400831305|25.187
1400831328|25.187
1400831350|25.187
1400831373|25.187
1400831395|25.25
1400831418|25.187
1400831440|25.187
1400831463|25.187
1400831485|25.25
1400831508|25.25
1400831530|25.25
1400831553|25.25
1400831575|25.25
1400831598|25.187
1400831620|25.187
1400831642|25.25
1400831665|25.25
1400831687|25.187
1400831710|25.187
1400831732|25.187
1400831755|25.187
1400831777|25.187
1400831800|25.187
1400831822|25.187
1400831845|25.187
1400831867|25.187
1400831890|25.187
1400831912|25.187
1400831935|25.187
1400831957|25.187
1400831980|25.187
1400832002|25.187
1400832024|25.187
1400832047|25.187
1400832069|25.187
1400832092|25.187
1400832114|25.187
1400832137|25.187
1400832159|25.187
1400832182|25.187
1400832204|25.187
1400832227|25.187
1400832249|25.187
1400832272|25.187
1400832294|25.187
1400832317|25.187
1400832339|25.187
1400832361|25.187
1400832384|25.187
1400832406|25.187
1400832429|25.187
1400832451|25.187
1400832474|25.187
1400832496|25.187
1400832519|25.187
1400832541|25.187
1400832564|25.187
1400832586|25.187
1400832609|25.187
1400832631|25.187
1400832654|25.187
1400832676|25.187
1400832698|25.187
1400832721|25.187
1400832743|25.187
1400832766|25.187
1400832788|25.187
1400832811|25.187
1400832833|25.187
1400832856|25.187
1400832878|25.187
1400832901|25.187
1400832923|25.187
1400832946|25.187
1400832968|25.187
1400832991|25.187
1400833013|25.187
1400833035|25.187
1400833058|25.187
1400833080|25.187
1400833103|25.187
1400833125|25.187
1400833148|25.187
1400833170|25.187
1400833193|25.187
1400833215|25.187
1400833238|25.187
1400833260|25.187
1400833283|25.187
1400833305|25.187
1400833328|25.187
1400833350|25.187
1400833373|25.187
1400833395|25.187
1400833417|25.187
1400833440|25.187
1400833462|25.187
1400833485|25.187
1400833507|25.187
1400833530|25.187
1400833552|25.187
1400833575|25.187
1400833597|25.187
1400833620|25.187
1400833642|25.187
1400833665|25.187
1400833687|25.187
1400833710|25.125
1400833732|25.125
1400833755|25.187
1400833777|25.187
1400833799|25.187
1400833822|25.187
1400833844|25.125
1400833867|25.187
1400833889|25.187
1400833912|25.125
1400833934|25.125
1400833957|25.125
1400833979|25.125
1400834002|25.125
1400834024|25.125
1400834047|25.125
1400834069|25.125
1400834092|25.125
1400834114|25.125
1400834136|25.125
1400834159|25.125
1400834181|25.187
1400834204|25.125
1400834226|25.125
1400834249|25.187
1400834271|25.125
1400834294|25.125
1400834316|25.125
1400834339|25.125
1400834361|25.125
1400834384|25.125
1400834406|25.125
1400834429|25.125
1400834451|25.125
1400834473|25.187
1400834496|25.187
1400834518|25.187
1400834541|25.187
1400834563|25.125
1400834586|25.125
1400834608|25.125
1400834631|25.125
1400834653|25.187
1400834676|25.125
1400834698|25.125
1400834721|25.187
1400834743|25.125
1400834766|25.125
1400834788|25.125
1400834811|25.125
1400834833|25.125
1400834856|25.187
1400834878|25.187
1400834900|25.187
1400834923|25.125
1400834945|25.125
1400834968|25.187
1400834990|25.187
1400835013|25.125
1400835035|25.187
1400835058|25.187
1400835080|25.187
1400835103|25.187
1400835125|25.187
1400835148|25.187
1400835170|25.187
1400835193|25.187
1400835215|25.187
1400835237|25.187
1400835260|25.187
1400835282|25.187
1400835305|25.187
1400835327|25.187
1400835350|25.187
1400835372|25.187
1400835395|25.187
1400835417|25.187
1400835440|25.187
1400835462|25.187
1400835485|25.187
1400835507|25.187
1400835530|25.187
1400835552|25.187
1400835574|25.187
1400835597|25.187
1400835619|25.25
1400835642|25.187
1400835664|25.187
1400835687|25.25
1400835709|25.187
1400835732|25.187
1400835754|25.25
1400835777|25.25
1400835799|25.187
1400835822|25.25
1400835844|25.187
1400835867|25.25
1400835889|25.25
1400835912|25.25
1400835934|25.25
1400835956|25.25
1400835979|25.25
1400836001|25.25
1400836024|25.25
1400836046|25.25
1400836069|25.25
1400836091|25.25
1400836114|25.25
1400836136|25.25
1400836159|25.25
1400836181|25.25
1400836204|25.25
1400836226|25.25
1400836249|25.25
1400836271|25.25
1400836293|25.25
1400836316|25.25
1400836338|25.25
1400836361|25.25
1400836383|25.25
1400836406|25.25
1400836428|25.25
1400836451|25.25
1400836473|25.25
1400836496|25.25
1400836518|25.25
1400836541|25.25
1400836563|25.312
1400836586|25.25
1400836608|25.25
1400836630|25.25
1400836653|25.25
1400836675|25.312
1400836698|25.25
1400836720|25.312
1400836743|25.312
1400836765|25.312
1400836788|25.312
1400836810|25.312
1400836833|25.312
1400836855|25.25
1400836878|25.312
1400836900|25.312
1400836923|25.312
1400836945|25.312
1400836967|25.312
1400836990|25.312
1400837012|25.312
1400837035|25.312
1400837057|25.312
1400837080|25.312
1400837102|25.312
1400837125|25.312
1400837147|25.312
1400837170|25.312
1400837192|25.312
1400837215|25.312
1400837237|25.312
1400837260|25.312
1400837282|25.312
1400837304|25.312
1400837327|25.312
1400837349|25.312
1400837372|25.312
1400837394|25.312
1400837417|25.312
1400837439|25.312
1400837462|25.312
1400837484|25.312
1400837507|25.312
1400837530|25.312
1400837552|25.312
1400837575|25.312
1400837597|25.312
1400837619|25.312
1400837642|25.312
1400837664|25.375
1400837687|25.375
1400837709|25.312
1400837732|25.312
1400837754|25.312
1400837777|25.375
1400837799|25.375
1400837822|25.312
1400837844|25.312
1400837867|25.375
1400837889|25.375
1400837912|25.375
1400837934|25.375
1400837956|25.375
1400837979|25.312
1400838001|25.375
1400838024|25.375
1400838046|25.375
1400838069|25.312
1400838091|25.375
1400838114|25.375
1400838136|25.375
1400838159|25.375
1400838181|25.375
1400838204|25.375
1400838226|25.375
1400838249|25.312
1400838271|25.375
1400838293|25.375
1400838316|25.375
1400838338|25.375
1400838361|25.375
1400838383|25.375
1400838406|25.375
1400838428|25.375
1400838451|25.375
1400838473|25.375
1400838496|25.375
1400838518|25.375
1400838541|25.375
1400838563|25.375
1400838586|25.375
1400838608|25.375
1400838630|25.375
1400838653|25.375
1400838675|25.375
1400838698|25.375
1400838720|25.375
1400838743|25.375
1400838765|25.375
1400838788|25.437
1400838810|25.375
1400838833|25.375
1400838855|25.375
1400838878|25.375
1400838900|25.375
1400838923|25.375
1400838945|25.375
1400838967|25.375
1400838990|25.437
1400839012|25.375
1400839035|25.437
1400839057|25.375
1400839080|25.375
1400839102|25.437
1400839125|25.437
1400839147|25.375
1400839170|25.437
1400839192|25.375
1400839215|25.437
1400839237|25.437
1400839260|25.437
1400839282|25.437
1400839305|25.437
1400839327|25.375
1400839350|25.437
1400839372|25.437
1400839394|25.437
1400839417|25.437
1400839439|25.437
1400839462|25.437
1400839484|25.437
1400839507|25.437
1400839529|25.437
1400839552|25.437
1400839574|25.437
1400839597|25.437
1400839619|25.437
1400839642|25.437
1400839664|25.437
1400839687|25.437
1400839709|25.437
1400839731|25.437
1400839754|25.437
1400839776|25.437
1400839799|25.437
1400839821|25.437
1400839844|25.437
1400839866|25.437
1400839889|25.437
1400839911|25.437
1400839934|25.437
1400839956|25.437
1400839979|25.437
1400840001|25.437
1400840024|25.437
1400840046|25.437
1400840068|25.437
1400840091|25.437
1400840113|25.437
1400840136|25.437
1400840158|25.5
1400840181|25.437
1400840203|25.437
1400840226|25.437
1400840248|25.437
1400840271|25.437
1400840293|25.437
1400840316|25.5
1400840338|25.437
1400840361|25.437
1400840383|25.437
1400840405|25.437
1400840428|25.437
1400840450|25.437
1400840473|25.5
1400840495|25.437
1400840518|25.5
1400840540|25.5
1400840563|25.437
1400840585|25.437
1400840608|25.5
1400840630|25.437
1400840653|25.437
1400840675|25.5
1400840698|25.5
1400840720|25.5
1400840742|25.5
1400840765|25.5
1400840787|25.5
1400840810|25.5
1400840832|25.5
1400840855|25.5
1400840877|25.5
1400840900|25.5
1400840922|25.5
1400840945|25.5
1400840967|25.5
1400840990|25.5
1400841012|25.5
1400841035|25.5
1400841057|25.5
1400841080|25.5
1400841102|25.5
1400841124|25.5
1400841147|25.5
1400841169|25.5
1400841192|25.5
1400841214|25.5
1400841237|25.5
1400841259|25.5
1400841282|25.5
1400841304|25.5
1400841327|25.5
1400841349|25.5
1400841372|25.5
1400841394|25.5
1400841417|25.5
1400841439|25.5
1400841462|25.5
1400841484|25.5
1400841506|25.5
1400841529|25.5
1400841551|25.5
1400841574|25.5
1400841596|25.5
1400841619|25.5
1400841641|25.5
1400841664|25.5
1400841686|25.5
1400841709|25.5
1400841731|25.5
1400841754|25.5
1400841776|25.5
1400841799|25.5
1400841821|25.5
1400841843|25.562
1400841866|25.5
1400841888|25.5
1400841911|25.5
1400841933|25.5
1400841956|25.5
1400841978|25.562
1400842001|25.562
1400842023|25.5
1400842046|25.5
1400842068|25.5
1400842091|25.5
1400842113|25.562
1400842136|25.562
1400842158|25.562
1400842181|25.562
1400842203|25.562
1400842226|25.562
1400842248|25.5
1400842271|25.562
1400842293|25.562
1400842316|25.562
1400842338|25.562
1400842361|25.562
1400842383|25.562
1400842405|25.562
1400842428|25.562
1400842450|25.562
1400842473|25.562
1400842495|25.562
1400842518|25.562
1400842540|25.562
1400842563|25.562
1400842585|25.562
1400842608|25.562
1400842630|25.562
1400842653|25.562
1400842675|25.562
1400842698|25.562
1400842720|25.562
1400842742|25.562
1400842765|25.562
1400842787|25.562
1400842810|25.562
1400842832|25.562
1400842855|25.562
1400842877|25.562
1400842900|25.562
1400842922|25.562
1400842945|25.562
1400842967|25.562
1400842990|25.562
1400843012|25.625
1400843035|25.562
1400843057|25.625
1400843079|25.562
1400843102|25.625
1400843124|25.625
1400843147|25.625
1400843169|25.625
1400843192|25.625
1400843214|25.625
1400843237|25.625
1400843259|25.562
1400843282|25.625
1400843304|25.625
1400843327|25.625
1400843349|25.625
1400843372|25.625
1400843394|25.625
1400843417|25.625
1400843439|25.625
1400843461|25.625
1400843484|25.625
1400843506|25.625
1400843529|25.625
1400843551|25.625
1400843574|25.625
1400843596|25.625
1400843619|25.625
1400843641|25.625
1400843664|25.625
1400843686|25.625
1400843709|25.625
1400843731|25.625
1400843754|25.625
1400843776|25.625
1400843799|25.625
1400843821|25.625
1400843843|25.625
1400843866|25.625
1400843888|25.625
1400843911|25.625
1400843933|25.625
1400843956|25.625
1400843978|25.625
1400844001|25.625
1400844023|25.625
1400844046|25.687
1400844068|25.625
1400844091|25.687
1400844113|25.625
1400844136|25.625
1400844158|25.687
1400844180|25.625
1400844203|25.687
1400844225|25.625
1400844248|25.625
1400844270|25.625
1400844293|25.687
1400844315|25.687
1400844338|25.687
1400844360|25.687
1400844383|25.687
1400844405|25.687
1400844428|25.687
1400844450|25.687
1400844473|25.687
1400844495|25.687
1400844517|25.687
1400844540|25.687
1400844562|25.687
1400844585|25.687
1400844607|25.687
1400844630|25.687
1400844652|25.687
1400844675|25.687
1400844697|25.687
1400844720|25.687
1400844742|25.687
1400844765|25.687
1400844787|25.687
1400844810|25.687
1400844832|25.687
1400844855|25.687
1400844877|25.687
1400844899|25.687
1400844922|25.687
1400844944|25.75
1400844967|25.75
1400844989|25.687
1400845012|25.687
1400845034|25.75
1400845057|25.687
1400845079|25.687
1400845102|25.75
1400845124|25.75
1400845147|25.75
1400845169|25.75
1400845192|25.75
1400845214|25.75
1400845236|25.75
1400845259|25.75
1400845281|25.75
1400845304|25.75
1400845326|25.75
1400845349|25.75
1400845371|25.75
1400845394|25.75
1400845416|25.75
1400845439|25.75
1400845461|25.75
1400845484|25.75
1400845506|25.75
1400845529|25.75
1400845551|25.75
1400845573|25.75
1400845596|25.75
1400845618|25.75
1400845641|25.75
1400845663|25.75
1400845686|25.75
1400845708|25.75
1400845731|25.812
1400845753|25.75
1400845776|25.75
1400845798|25.75
1400845821|25.812
1400845843|25.812
1400845866|25.812
1400845888|25.812
1400845911|25.812
1400845933|25.812
1400845955|25.812
1400845978|25.812
1400846000|25.812
1400846023|25.812
1400846045|25.812
1400846068|25.812
1400846090|25.812
1400846113|25.812
1400846135|25.812
1400846158|25.812
1400846180|25.812
1400846203|25.812
1400846225|25.812
1400846248|25.812
1400846270|25.812
1400846293|25.812
1400846315|25.812
1400846337|25.812
1400846360|25.875
1400846382|25.812
1400846405|25.812
1400846427|25.875
1400846450|25.812
1400846472|25.875
1400846495|25.875
1400846517|25.875
1400846540|25.875
1400846562|25.875
1400846585|25.875
1400846607|25.875
1400846630|25.875
1400846652|25.875
1400846675|25.875
1400846697|25.875
1400846719|25.875
1400846742|25.875
1400846764|25.875
1400846787|25.875
1400846809|25.875
1400846832|25.875
1400846854|25.875
1400846877|25.875
1400846899|25.875
1400846922|25.875
1400846944|25.875
1400846967|25.875
1400846989|25.875
1400847012|25.875
1400847034|25.937
1400847057|25.875
1400847079|25.875
1400847101|25.875
1400847124|25.875
1400847146|25.875
1400847169|25.937
1400847191|25.937
1400847214|25.937
1400847236|25.937
1400847259|25.937
1400847281|25.937
1400847304|25.937
1400847326|25.937
1400847349|25.937
1400847371|25.937
1400847394|25.937
1400847416|25.937
1400847439|25.937
1400847461|25.937
1400847483|25.937
1400847506|25.937
1400847528|25.937
1400847551|25.937
1400847573|25.937
1400847596|25.937
1400847618|25.937
1400847641|25.937
1400847663|25.937
1400847686|25.937
1400847708|25.937
1400847731|25.937
1400847753|25.937
1400847776|25.937
1400847798|25.937
1400847820|25.937
1400847843|26.0
1400847865|25.937
1400847888|25.937
1400847910|26.0
1400847933|26.0
1400847955|26.0
1400847978|26.0
1400848000|25.937
1400848023|26.0
1400848045|25.937
1400848068|25.937
1400848090|26.0
1400848113|26.0
1400848135|26.0
1400848157|26.0
1400848180|26.0
1400848202|26.0
1400848225|26.0
1400848247|26.0
1400848270|26.0
1400848292|26.062
1400848315|26.062
1400848337|26.062
1400848360|26.062
1400848382|26.062
1400848405|26.062
1400848427|26.062
1400848450|26.062
1400848472|26.062
1400848495|26.062
1400848517|26.062
1400848540|26.062
1400848562|26.062
1400848584|26.062
1400848607|26.062
1400848629|26.062
1400848652|26.062
1400848674|26.062
1400848697|26.062
1400848719|26.062
1400848742|26.125
1400848764|26.062
1400848787|26.125
1400848809|26.125
1400848832|26.125
1400848854|26.125
1400848877|26.125
1400848899|26.125
1400848921|26.125
1400848944|26.125
1400848966|26.125
1400848989|26.125
1400849011|26.125
1400849034|26.125
1400849056|26.125
1400849079|26.125
1400849101|26.125
1400849124|26.125
1400849146|26.125
1400849169|26.125
1400849191|26.125
1400849214|26.125
1400849236|26.125
1400849258|26.125
1400849281|26.125
1400849303|26.062
1400849326|26.062
1400849348|26.062
1400849371|26.062
1400849393|26.062
1400849416|26.125
1400849438|26.125
1400849461|26.125
1400849483|26.062
1400849506|26.125
1400849528|26.125
1400849551|26.125
1400849573|26.125
1400849595|26.125
1400849618|26.125
1400849640|26.125
1400849663|26.125
1400849685|26.187
1400849708|26.187
1400849730|26.125
1400849753|26.187
1400849775|26.187
1400849798|26.187
1400849820|26.187
1400849843|26.187
1400849865|26.187
1400849888|26.187
1400849910|26.187
1400849933|26.187
1400849955|26.187
1400849978|26.187
1400850000|26.187
1400850022|26.187
1400850045|26.187
1400850067|26.187
1400850090|26.187
1400850112|26.187
1400850135|26.187
1400850157|26.187
1400850180|26.187
1400850202|26.187
1400850225|26.187
1400850247|26.25
1400850270|26.25
1400850292|26.25
1400850315|26.25
1400850337|26.25
1400850359|26.25
1400850382|26.25
1400850404|26.25
1400850427|26.25
1400850449|26.25
1400850472|26.25
1400850494|26.25
1400850517|26.25
1400850539|26.25
1400850562|26.25
1400850584|26.25
1400850607|26.25
1400850629|26.25
1400850652|26.25
1400850674|26.25
1400850696|26.25
1400850719|26.25
1400850741|26.25
1400850764|26.25
1400850786|26.25
1400850809|26.25
1400850831|26.25
1400850854|26.25
1400850876|26.25
1400850899|26.25
1400850921|26.25
1400850944|26.25
1400850966|26.25
1400850989|26.25
1400851011|26.312
1400851033|26.312
1400851056|26.25
1400851078|26.312
1400851101|26.312
1400851123|26.312
1400851146|26.312
1400851168|26.312
1400851191|26.312
1400851213|26.312
1400851236|26.312
1400851258|26.312
1400851281|26.312
1400851303|26.312
1400851326|26.312
1400851348|26.312
1400851370|26.312
1400851393|26.375
1400851415|26.312
1400851438|26.312
1400851460|26.375
1400851483|26.375
1400851505|26.375
1400851528|26.375
1400851550|26.375
1400851573|26.375
1400851595|26.375
1400851618|26.375
1400851640|26.375
1400851663|26.375
1400851685|26.375
1400851708|26.375
1400851730|26.375
1400851752|26.375
1400851775|26.437
1400851797|26.437
1400851820|26.375
1400851842|26.437
1400851865|26.437
1400851887|26.437
1400851910|26.437
1400851932|26.437
1400851955|26.437
1400851977|26.437
1400852000|26.437
1400852022|26.437
1400852045|26.437
1400852067|26.437
1400852089|26.437
1400852112|26.437
1400852134|26.437
1400852157|26.437
1400852179|26.437
1400852202|26.437
1400852224|26.437
1400852247|26.437
1400852269|26.437
1400852292|26.437
1400852314|26.5
1400852337|26.5
1400852359|26.5
1400852382|26.5
1400852404|26.5
1400852426|26.5
1400852449|26.5
1400852471|26.562
1400852494|26.5
1400852516|26.5
1400852539|26.5
1400852561|26.5
1400852584|26.562
1400852606|26.5
1400852629|26.5
1400852651|26.562
1400852674|26.562
1400852696|26.562
1400852719|26.5
1400852741|26.5
1400852763|26.562
1400852786|26.562
1400852808|26.562
1400852831|26.5
1400852853|26.562
1400852876|26.562
1400852898|26.562
1400852921|26.562
1400852943|26.562
1400852966|26.562
1400852988|26.562
1400853011|26.562
1400853033|26.562
1400853056|26.562
1400853078|26.562
1400853100|26.562
1400853123|26.562
1400853145|26.625
1400853168|26.562
1400853190|26.562
1400853213|26.625
1400853235|26.625
1400853258|26.625
1400853280|26.625
1400853303|26.625
1400853325|26.625
1400853348|26.625
1400853370|26.625
1400853393|26.625
1400853415|26.562
1400853438|26.625
1400853460|26.625
1400853483|26.625
1400853505|26.625
1400853527|26.625
1400853550|26.687
1400853572|26.687
1400853595|26.687
1400853617|26.687
1400853640|26.687
1400853662|26.687
1400853685|26.625
1400853707|26.687
1400853730|26.687
1400853752|26.687
1400853775|26.687
1400853797|26.687
1400853820|26.687
1400853842|26.687
1400853864|26.687
1400853887|26.687
1400853909|26.687
1400853932|26.687
1400853954|26.687
1400853977|26.687
1400853999|26.687
1400854022|26.687
1400854044|26.687
1400854067|26.687
1400854089|26.687
1400854112|26.687
1400854134|26.687
1400854157|26.687
1400854179|26.687
1400854201|26.687
1400854224|26.687
1400854246|26.687
1400854269|26.687
1400854291|26.75
1400854314|26.687
1400854336|26.75
1400854359|26.687
1400854381|26.687
1400854404|26.687
1400854426|26.75
1400854449|26.75
1400854471|26.75
1400854494|26.75
1400854516|26.75
1400854539|26.75
1400854561|26.75
1400854584|26.75
1400854606|26.75
1400854628|26.75
1400854651|26.75
1400854673|26.75
1400854696|26.75
1400854718|26.75
1400854741|26.75
1400854763|26.812
1400854786|26.812
1400854808|26.75
1400854831|26.812
1400854853|26.812
1400854876|26.75
1400854898|26.812
1400854921|26.812
1400854943|26.812
1400854965|26.75
1400854988|26.75
1400855010|26.812
1400855033|26.812
1400855055|26.812
1400855078|26.812
1400855100|26.812
1400855123|26.812
1400855145|26.812
1400855168|26.812
1400855190|26.812
1400855213|26.812
1400855235|26.812
1400855258|26.812
1400855280|26.812
1400855302|26.875
1400855325|26.812
1400855347|26.875
1400855370|26.812
1400855392|26.875
1400855415|26.812
1400855437|26.812
1400855460|26.812
1400855482|26.812
1400855505|26.875
1400855527|26.812
1400855550|26.812
1400855572|26.812
1400855595|26.812
1400855617|26.875
1400855639|26.812
1400855662|26.875
1400855684|26.875
1400855707|26.875
1400855729|26.875
1400855752|26.875
1400855774|26.875
1400855797|26.875
1400855819|26.875
1400855842|26.875
1400855864|26.875
1400855887|26.875
1400855909|26.812
1400855932|26.875
1400855954|26.875
1400855976|26.875
1400855999|26.875
1400856021|26.875
1400856044|26.875
1400856066|26.875
1400856089|26.875
1400856111|26.875
1400856134|26.875
1400856156|26.875
1400856179|26.937
1400856201|26.875
1400856224|26.875
1400856246|26.875
1400856269|26.875
1400856291|26.875
1400856314|26.875
1400856336|26.937
1400856358|26.937
1400856381|26.937
1400856403|26.937
1400856426|26.937
1400856448|26.937
1400856471|26.937
1400856493|26.937
1400856516|26.875
1400856538|26.937
1400856561|26.937
1400856583|26.937
1400856606|26.937
1400856628|26.937
1400856651|26.937
1400856673|26.937
1400856695|26.937
1400856718|26.937
1400856740|26.937
1400856763|26.937
1400856785|26.937
1400856808|26.937
1400856830|26.937
1400856853|26.937
1400856875|26.937
1400856898|26.937
1400856920|26.937
1400856943|26.937
1400856965|26.937
1400856988|26.937
1400857010|26.937
1400857033|26.937
1400857055|26.937
1400857078|26.937
1400857100|26.937
1400857122|26.937
1400857145|26.937
1400857167|26.937
1400857190|26.937
1400857212|27.0
1400857235|26.937
1400857257|27.0
1400857280|27.0
1400857302|27.0
1400857325|27.0
1400857347|27.0
1400857370|27.0
1400857392|26.937
1400857415|27.0
1400857437|26.937
1400857459|27.0
1400857482|27.0
1400857504|27.0
1400857527|27.0
1400857549|27.0
1400857572|27.0
1400857594|27.0
1400857617|27.0
1400857639|27.0
1400857662|27.0
1400857684|27.0
1400857707|27.0
1400857729|27.0
1400857752|27.0
1400857774|27.0
1400857796|27.0
1400857819|27.0
1400857841|27.0
1400857864|27.0
1400857886|27.0
1400857909|27.0
1400857931|27.0
1400857954|27.0
1400857976|27.0
1400857999|27.0
1400858021|27.0
1400858044|27.0
1400858066|27.0
1400858089|27.062
1400858111|27.062
1400858133|27.062
1400858156|27.062
1400858178|27.062
1400858201|27.062
1400858223|27.062
1400858246|27.062
1400858268|27.062
1400858291|27.062
1400858313|27.062
1400858336|27.062
1400858358|27.062
1400858381|27.062
1400858403|27.062
1400858426|27.062
1400858448|27.062
1400858471|27.062
1400858493|27.062
1400858516|27.125
1400858538|27.062
1400858560|27.062
1400858583|27.062
1400858605|27.062
1400858628|27.125
1400858650|27.062
1400858673|27.062
1400858695|27.125
1400858718|27.125
1400858740|27.125
1400858763|27.125
1400858785|27.125
1400858808|27.125
1400858830|27.125
1400858853|27.125
1400858875|27.125
1400858897|27.125
1400858920|27.125
1400858942|27.125
1400858965|27.125
1400858987|27.125
1400859010|27.125
1400859032|27.062
1400859055|27.125
1400859077|27.125
1400859100|27.125
1400859122|27.125
1400859145|27.125
1400859167|27.125
1400859190|27.125
1400859212|27.125
1400859234|27.125
1400859257|27.125
1400859279|27.125
1400859302|27.125
1400859324|27.125
1400859347|27.125
1400859369|27.125
1400859392|27.125
1400859414|27.125
1400859437|27.125
1400859459|27.187
1400859482|27.187
1400859504|27.125
1400859527|27.125
1400859549|27.125
1400859571|27.125
1400859594|27.125
1400859616|27.125
1400859639|27.125
1400859661|27.125
1400859684|27.125
1400859706|27.125
1400859729|27.125
1400859751|27.125
1400859774|27.187
1400859796|27.125
1400859819|27.125
1400859841|27.125
1400859864|27.125
1400859886|27.125
1400859909|27.125
1400859931|27.125
1400859953|27.125
1400859976|27.125
1400859998|27.125
1400860021|27.125
1400860043|27.125
1400860066|27.125
1400860088|27.125
1400860111|27.125
1400860133|27.125
1400860156|27.125
1400860178|27.125
1400860201|27.125
1400860223|27.125
1400860246|27.125
1400860268|27.125
1400860290|27.125
1400860313|27.125
1400860335|27.125
1400860358|27.125
1400860380|27.125
1400860403|27.125
1400860425|27.125
1400860448|27.125
1400860470|27.125
1400860493|27.125
1400860515|27.125
1400860538|27.125
1400860560|27.125
1400860583|27.125
1400860605|27.125
1400860627|27.125
1400860650|27.125
1400860672|27.125
1400860695|27.125
1400860717|27.125
1400860740|27.125
1400860762|27.125
1400860785|27.125
1400860807|27.125
1400860830|27.125
1400860852|27.125
1400860875|27.125
1400860897|27.125
1400860920|27.125
1400860942|27.125
1400860965|27.125
1400860987|27.125
1400861010|27.125
1400861032|27.125
1400861054|27.125
1400861077|27.125
1400861099|27.125
1400861122|27.125
1400861144|27.125
1400861167|27.125
1400861189|27.125
1400861212|27.125
1400861234|27.125
1400861257|27.125
1400861279|27.125
1400861302|27.125
1400861324|27.125
1400861347|27.125
1400861369|27.125
1400861391|27.125
1400861414|27.125
1400861436|27.187
1400861459|27.125
1400861481|27.125
1400861504|27.187
1400861526|27.125
1400861549|27.125
1400861571|27.125
1400861594|27.125
1400861616|27.125
1400861639|27.187
1400861661|27.187
1400861684|27.125
1400861706|27.125
1400861728|27.125
1400861751|27.125
1400861773|27.187
1400861796|27.125
1400861818|27.125
1400861841|27.187
1400861863|27.125
1400861886|27.187
1400861908|27.125
1400861931|27.187
1400861953|27.187
1400861976|27.125
1400861998|27.125
1400862021|27.187
1400862043|27.187
1400862065|27.125
1400862088|27.125
1400862110|27.125
1400862133|27.125
1400862155|27.125
1400862178|27.187
1400862200|27.125
1400862223|27.125
1400862245|27.125
1400862268|27.187
1400862290|27.187
1400862313|27.125
1400862335|27.125
1400862358|27.187
1400862380|27.187
1400862402|27.187
1400862425|27.125
1400862447|27.125
1400862470|27.125
1400862492|27.187
1400862515|27.125
1400862537|27.125
1400862560|27.125
1400862582|27.125
1400862605|27.125
1400862627|27.125
1400862650|27.125
1400862672|27.125
1400862695|27.125
1400862717|27.125
1400862740|27.125
1400862762|27.125
1400862784|27.125
1400862807|27.125
1400862829|27.187
1400862852|27.187
1400862874|27.125
1400862897|27.125
1400862919|27.187
1400862942|27.125
1400862964|27.125
1400862987|27.125
1400863009|27.187
1400863032|27.187
1400863054|27.125
1400863077|27.125
1400863099|27.125
1400863122|27.125
1400863144|27.125
1400863166|27.125
1400863189|27.125
1400863211|27.125
1400863234|27.125
1400863256|27.125
1400863279|27.125
1400863301|27.125
1400863324|27.125
1400863346|27.125
1400863369|27.125
1400863391|27.125
1400863414|27.125
1400863436|27.125
1400863459|27.125
1400863481|27.125
1400863503|27.125
1400863526|27.187
1400863548|27.187
1400863571|27.125
1400863593|27.187
1400863616|27.125
1400863638|27.125
1400863661|27.125
1400863683|27.187
1400863706|27.187
1400863728|27.125
1400863751|27.187
1400863773|27.187
1400863796|27.187
1400863818|27.187
1400863840|27.187
1400863863|27.187
1400863885|27.187
1400863908|27.187
1400863930|27.187
1400863953|27.125
1400863975|27.125
1400863998|27.125
1400864020|27.125
1400864043|27.125
1400864065|27.125
1400864088|27.125
1400864110|27.125
1400864133|27.187
1400864155|27.125
1400864178|27.187
1400864200|27.125
1400864222|27.125
1400864245|27.125
1400864267|27.125
1400864290|27.187
1400864312|27.187
1400864335|27.187
1400864357|27.125
1400864380|27.125
1400864402|27.125
1400864425|27.125
1400864447|27.187
1400864470|27.187
1400864492|27.187
1400864515|27.125
1400864537|27.187
1400864559|27.187
1400864582|27.125
1400864604|27.187
1400864627|27.125
1400864649|27.125
1400864672|27.187
1400864694|27.187
1400864717|27.125
1400864739|27.125
1400864762|27.125
1400864784|27.125
1400864807|27.125
1400864829|27.125
1400864852|27.125
1400864874|27.125
1400864896|27.125
1400864919|27.125
1400864941|27.125
1400864964|27.125
1400864986|27.125
1400865009|27.125
1400865031|27.125
1400865054|27.125
1400865076|27.125
1400865099|27.125
1400865121|27.125
1400865144|27.125
1400865166|27.125
1400865189|27.125
1400865211|27.125
1400865233|27.125
1400865256|27.125
1400865278|27.125
1400865301|27.125
1400865323|27.125
1400865346|27.125
1400865368|27.125
1400865391|27.125
1400865413|27.062
1400865436|27.125
1400865458|27.062
1400865481|27.062
1400865503|27.062
1400865526|27.062
1400865548|27.062
1400865571|27.062
1400865593|27.062
1400865615|27.062
1400865638|26.937
1400865660|27.0
1400865683|26.937
1400865705|26.937
1400865728|26.937
1400865750|26.937
1400865773|27.0
1400865795|27.0
1400865818|27.0
1400865840|27.0
1400865863|26.937
1400865885|26.937
1400865908|27.0
1400865930|27.0
1400865953|27.0
1400865975|27.0
1400865997|27.0
1400866020|27.0
1400866042|27.0
1400866065|27.0
1400866087|27.0
1400866110|27.0
1400866132|27.0
1400866155|27.0
1400866177|27.0
1400866200|27.0
1400866222|27.0
1400866245|27.0
1400866267|27.0
1400866290|27.0
1400866312|27.0
1400866334|27.0
1400866357|27.0
1400866379|27.0
1400866402|27.0
1400866424|27.0
1400866447|27.0
1400866469|27.0
1400866492|27.0
1400866514|26.937
1400866537|27.0
1400866559|27.0
1400866582|27.0
1400866604|27.0
1400866627|27.0
1400866649|27.0
1400866671|27.0
1400866694|27.0
1400866716|26.937
1400866739|27.0
1400866761|27.0
1400866784|27.0
1400866806|26.937
1400866829|26.937
1400866851|27.0
1400866874|27.0
1400866896|26.937
1400866919|26.937
1400866941|26.937
1400866964|26.937
1400866986|27.0
1400867008|26.937
1400867031|26.937
1400867053|26.937
1400867076|26.937
1400867098|26.875
1400867121|26.875
1400867143|26.875
1400867166|26.875
1400867188|26.875
1400867211|26.875
1400867233|26.875
1400867256|26.875
1400867278|26.875
1400867301|26.875
1400867323|26.875
1400867345|26.875
1400867368|26.875
1400867390|26.875
1400867413|26.875
1400867435|26.875
1400867458|26.875
1400867480|26.875
1400867503|26.875
1400867525|26.875
1400867548|26.875
1400867570|26.875
1400867593|26.875
1400867615|26.875
1400867638|26.875
1400867660|26.812
1400867683|26.875
1400867705|26.875
1400867728|26.875
1400867750|26.812
1400867772|26.812
1400867795|26.875
1400867817|26.812
1400867840|26.812
1400867862|26.812
1400867885|26.812
1400867907|26.812
1400867930|26.812
1400867952|26.812
1400867975|26.812
1400867997|26.812
1400868020|26.812
1400868042|26.812
1400868065|26.812
1400868087|26.812
1400868109|26.812
1400868132|26.812
1400868154|26.812
1400868177|26.812
1400868199|26.812
1400868222|26.812
1400868244|26.812
1400868267|26.812
1400868289|26.75
1400868312|26.75
1400868334|26.75
1400868357|26.812
1400868379|26.75
1400868402|26.75
1400868424|26.75
1400868446|26.75
1400868469|26.75
1400868491|26.812
1400868514|26.812
1400868536|26.812
1400868559|26.812
1400868581|26.812
1400868604|26.75
1400868626|26.75
1400868649|26.812
1400868671|26.75
1400868694|26.812
