1402338604|28.0
1402338626|28.0
1402338649|28.0
1402338671|27.937
1402338694|28.0
1402338717|28.0
1402338739|28.0
1402338762|28.0
1402338784|28.0
1402338807|28.0
1402338829|28.0
1402338852|28.0
1402338874|28.0
1402338897|28.0
1402338919|28.0
1402338942|28.0
1402338964|28.0
1402338987|28.0
1402339009|28.0
1402339031|28.0
1402339054|28.0
1402339076|28.0
1402339099|28.0
1402339121|28.0
1402339144|28.0
1402339166|28.0
1402339189|28.0
1402339211|28.0
1402339234|28.0
1402339256|28.0
1402339279|28.0
1402339301|28.0
1402339324|28.0
1402339346|28.0
1402339368|28.0
1402339391|28.0
1402339413|28.0
1402339436|28.0
1402339458|28.0
1402339481|28.0
1402339503|28.0
1402339526|28.0
1402339548|28.0
1402339571|28.0
1402339593|28.0
1402339616|28.0
1402339638|28.0
1402339661|28.0
1402339683|28.062
1402339705|28.0
1402339728|28.0
1402339750|28.0
1402339773|28.0
1402339795|28.0
1402339818|28.0
1402339840|28.0
1402339863|28.062
1402339885|28.0
1402339908|28.0
1402339930|28.0
1402339953|28.0
1402339975|28.0
1402339998|28.062
1402340020|28.0
1402340043|28.0
1402340065|28.0
1402340087|28.0
1402340110|28.0
1402340132|28.0
1402340155|28.0
1402340177|28.0
1402340200|28.0
1402340222|28.0
1402340245|28.0
1402340267|28.0
1402340290|28.0
1402340312|28.0
1402340335|28.0
1402340357|28.0
1402340380|28.0
1402340402|28.0
1402340425|28.0
1402340447|28.0
1402340470|28.0
1402340492|28.0
1402340514|28.0
1402340537|28.0
1402340559|28.0
1402340582|28.0
1402340604|28.0
1402340627|28.0
1402340649|28.0
1402340672|28.0
1402340694|28.0
1402340717|28.0
1402340739|28.0
1402340762|28.0
1402340784|28.0
1402340807|28.0
1402340829|28.0
1402340851|28.0
1402340874|28.0
1402340896|28.0
1402340919|28.0
1402340941|28.0
1402340964|28.0
1402340986|28.0
1402341009|28.0
1402341031|28.0
1402341054|28.0
1402341076|28.0
1402341099|28.0
1402341121|28.0
1402341144|28.0
1402341166|28.0
1402341188|28.0
1402341211|28.0
1402341233|28.0
1402341256|28.0
1402341278|28.0
1402341301|28.0
1402341323|28.0
1402341346|28.0
1402341368|28.0
1402341391|28.0
1402341413|28.0
1402341436|28.0
1402341458|28.0
1402341481|28.0
1402341503|28.0
1402341525|28.062
1402341548|28.0
1402341570|28.0
1402341593|28.0
1402341615|28.0
1402341638|28.0
1402341660|28.0
1402341683|28.0
1402341705|28.0
1402341728|28.0
1402341750|28.0
1402341773|28.0
1402341795|28.062
1402341818|28.0
1402341840|28.0
1402341862|28.0
1402341885|28.0
1402341907|28.0
1402341930|28.0
1402341952|28.0
1402341975|28.0
1402341997|28.0
1402342020|28.0
1402342042|28.0
1402342065|28.0
1402342087|28.0
1402342110|28.0
1402342132|28.0
1402342155|28.0
1402342177|28.0
1402342199|28.0
1402342222|28.0
1402342244|28.0
1402342267|28.0
1402342289|27.937
1402342312|28.0
1402342334|28.0
1402342357|27.937
1402342379|27.937
1402342402|27.937
1402342424|27.937
1402342447|27.937
1402342469|28.0
1402342492|27.937
1402342514|27.937
1402342537|27.937
1402342559|27.937
1402342582|27.937
1402342604|27.937
1402342626|27.937
1402342649|27.937
1402342671|27.937
1402342694|27.937
1402342716|27.937
1402342739|27.937
1402342761|27.937
1402342784|27.937
1402342806|27.937
1402342829|27.937
1402342851|27.937
1402342874|27.937
1402342896|27.937
1402342919|27.937
1402342941|27.937
1402342963|27.937
1402342986|27.937
1402343008|27.937
1402343031|27.937
1402343053|27.937
1402343076|27.937
1402343098|27.937
1402343121|27.937
1402343143|27.937
1402343166|27.937
1402343188|27.937
1402343211|27.937
1402343233|28.0
1402343256|27.937
1402343278|28.0
1402343300|28.0
1402343323|28.0
1402343345|28.0
1402343368|28.0
1402343390|28.0
1402343413|28.0
1402343435|28.0
1402343458|28.0
1402343480|28.0
1402343503|28.0
1402343525|28.0
1402343548|28.0
1402343570|28.0
1402343593|28.0
1402343615|28.0
1402343637|28.0
1402343660|28.0
1402343682|28.0
1402343705|28.0
1402343727|28.0
1402343750|28.0
1402343772|28.0
1402343795|28.0
1402343817|28.0
1402343840|28.0
1402343862|28.0
1402343885|28.0
1402343907|28.0
1402343930|28.0
1402343952|28.0
1402343975|28.0
1402343997|28.0
1402344019|28.0
1402344042|28.0
1402344064|28.0
1402344087|28.0
1402344109|28.0
1402344132|28.0
1402344154|28.0
1402344177|28.0
1402344199|28.0
1402344222|28.0
1402344244|28.0
1402344267|28.0
1402344289|28.0
1402344312|28.0
1402344334|28.0
1402344356|28.0
1402344379|28.0
1402344401|28.0
1402344424|28.0
1402344446|28.0
1402344469|28.0
1402344491|28.062
1402344514|28.062
1402344536|28.062
1402344559|28.062
1402344581|28.062
1402344604|28.062
1402344626|28.062
1402344649|28.062
1402344671|28.062
1402344694|28.062
1402344716|28.062
1402344739|28.062
1402344761|28.062
1402344783|28.062
1402344806|28.062
1402344828|28.062
1402344851|28.062
1402344873|28.062
1402344896|28.062
1402344918|28.062
1402344941|28.062
1402344963|28.125
1402344986|28.062
1402345008|28.062
1402345031|28.125
1402345053|28.125
1402345076|28.062
1402345098|28.125
1402345120|28.125
1402345143|28.125
1402345165|28.062
1402345188|28.062
1402345210|28.062
1402345233|28.062
1402345255|28.062
1402345278|28.125
1402345300|28.125
1402345323|28.125
1402345345|28.125
1402345368|28.125
1402345390|28.125
1402345413|28.125
1402345435|28.125
1402345457|28.125
1402345480|28.125
1402345502|28.125
1402345525|28.125
1402345547|28.125
1402345570|28.125
1402345592|28.125
1402345615|28.125
1402345637|28.125
1402345660|28.125
1402345682|28.125
1402345705|28.125
1402345727|28.125
1402345750|28.187
1402345772|28.125
1402345795|28.187
1402345817|28.187
1402345839|28.187
1402345862|28.187
1402345884|28.187
1402345907|28.187
1402345929|28.187
1402345952|28.187
1402345974|28.187
1402345997|28.187
1402346019|28.187
1402346042|28.187
1402346064|28.187
1402346087|28.187
1402346109|28.187
1402346132|28.187
1402346154|28.187
1402346177|28.187
1402346199|28.187
1402346221|28.187
1402346244|28.187
1402346266|28.187
1402346289|28.187
1402346311|28.187
1402346334|28.187
1402346356|28.187
1402346379|28.187
1402346401|28.187
1402346424|28.187
1402346446|28.187
1402346469|28.187
1402346491|28.187
1402346514|28.187
1402346536|28.187
1402346558|28.187
1402346581|28.187
1402346603|28.187
1402346626|28.187
1402346648|28.187
1402346671|28.25
1402346693|28.187
1402346716|28.187
1402346738|28.25
1402346761|28.25
1402346783|28.187
1402346806|28.187
1402346828|28.25
1402346851|28.25
1402346873|28.25
1402346895|28.25
1402346918|28.25
1402346940|28.25
1402346963|28.25
1402346985|28.25
1402347008|28.25
1402347030|28.25
1402347053|28.25
1402347075|28.25
1402347098|28.25
1402347120|28.25
1402347143|28.25
1402347165|28.25
1402347188|28.25
1402347210|28.25
1402347232|28.25
1402347255|28.25
1402347277|28.25
1402347300|28.25
1402347322|28.25
1402347345|28.25
1402347367|28.25
1402347390|28.25
1402347412|28.25
1402347435|28.25
1402347457|28.25
1402347480|28.25
1402347502|28.25
1402347525|28.25
1402347547|28.25
1402347569|28.25
1402347592|28.25
1402347614|28.25
1402347637|28.25
1402347659|28.25
1402347682|28.25
1402347704|28.25
1402347727|28.25
1402347749|28.312
1402347772|28.25
1402347794|28.25
1402347817|28.25
1402347839|28.25
1402347862|28.25
1402347884|28.25
1402347907|28.312
1402347929|28.25
1402347951|28.25
1402347974|28.25
1402347996|28.25
1402348019|28.25
1402348041|28.25
1402348064|28.25
1402348086|28.312
1402348109|28.25
1402348131|28.25
1402348154|28.25
1402348176|28.25
1402348199|28.25
1402348221|28.25
1402348244|28.25
1402348266|28.312
1402348288|28.25
1402348311|28.25
1402348333|28.25
1402348356|28.25
1402348378|28.25
1402348401|28.25
1402348423|28.25
1402348446|28.25
1402348468|28.25
1402348491|28.25
1402348513|28.25
1402348536|28.25
1402348558|28.25
1402348581|28.25
1402348603|28.25
1402348625|28.25
1402348648|28.25
1402348670|28.25
1402348693|28.25
1402348715|28.25
1402348738|28.25
1402348760|28.25
1402348783|28.25
1402348805|28.25
1402348828|28.25
1402348850|28.25
1402348873|28.25
1402348895|28.25
1402348918|28.25
1402348940|28.25
1402348962|28.25
1402348985|28.25
1402349007|28.25
1402349030|28.25
1402349052|28.25
1402349075|28.25
1402349097|28.25
1402349120|28.25
1402349142|28.25
1402349165|28.25
1402349187|28.25
1402349210|28.25
1402349232|28.25
1402349255|28.25
1402349277|28.25
1402349300|28.25
1402349322|28.25
1402349345|28.25
1402349367|28.25
1402349389|28.25
1402349412|28.25
1402349434|28.25
1402349457|28.25
1402349479|28.25
1402349502|28.25
1402349524|28.25
1402349547|28.25
1402349569|28.25
1402349592|28.25
1402349614|28.25
1402349637|28.25
1402349659|28.25
1402349682|28.25
1402349704|28.25
1402349726|28.25
1402349749|28.25
1402349771|28.25
1402349794|28.25
1402349816|28.25
1402349839|28.25
1402349861|28.25
1402349884|28.25
1402349906|28.187
1402349929|28.25
1402349951|28.25
1402349974|28.25
1402349996|28.25
1402350019|28.25
1402350041|28.25
1402350063|28.25
1402350086|28.25
1402350108|28.187
1402350131|28.25
1402350153|28.25
1402350176|28.25
1402350198|28.25
1402350221|28.187
1402350243|28.25
1402350266|28.25
1402350288|28.187
1402350311|28.187
1402350333|28.187
1402350356|28.25
1402350378|28.25
1402350400|28.25
1402350423|28.187
1402350445|28.187
1402350468|28.187
1402350490|28.187
1402350513|28.187
1402350535|28.187
1402350558|28.187
1402350580|28.187
1402350603|28.187
1402350625|28.25
1402350648|28.187
1402350670|28.187
1402350693|28.187
1402350715|28.187
1402350738|28.187
1402350760|28.187
1402350782|28.187
1402350805|28.187
1402350827|28.187
1402350850|28.187
1402350872|28.187
1402350895|28.187
1402350917|28.187
1402350940|28.25
1402350962|28.25
1402350985|28.187
1402351007|28.187
1402351030|28.187
1402351052|28.187
1402351075|28.187
1402351097|28.187
1402351120|28.187
1402351142|28.187
1402351164|28.187
1402351187|28.187
1402351209|28.187
1402351232|28.187
1402351254|28.187
1402351277|28.187
1402351299|28.187
1402351322|28.187
1402351344|28.187
1402351367|28.187
1402351389|28.187
1402351412|28.187
1402351434|28.187
1402351457|28.187
1402351479|28.187
1402351501|28.187
1402351524|28.187
1402351546|28.187
1402351569|28.187
1402351591|28.187
1402351614|28.187
1402351636|28.187
1402351659|28.187
1402351681|28.187
1402351704|28.187
1402351726|28.187
1402351749|28.187
1402351771|28.187
1402351794|28.187
1402351816|28.187
1402351838|28.187
1402351861|28.187
1402351883|28.187
1402351906|28.187
1402351928|28.187
1402351951|28.187
1402351973|28.187
1402351996|28.187
1402352018|28.187
1402352041|28.187
1402352063|28.187
1402352086|28.187
1402352108|28.187
1402352131|28.187
1402352153|28.187
1402352175|28.187
1402352198|28.187
1402352220|28.187
1402352243|28.187
1402352265|28.187
1402352288|28.187
1402352310|28.187
1402352333|28.187
1402352355|28.187
1402352378|28.125
1402352400|28.187
1402352423|28.187
1402352445|28.187
1402352468|28.187
1402352490|28.187
1402352513|28.125
1402352535|28.187
1402352557|28.187
1402352580|28.125
1402352602|28.125
1402352625|28.187
1402352647|28.187
1402352670|28.125
1402352692|28.187
1402352715|28.125
1402352737|28.125
1402352760|28.125
1402352782|28.187
1402352805|28.187
1402352827|28.187
1402352850|28.125
1402352872|28.125
1402352894|28.125
1402352917|28.125
1402352939|28.125
1402352962|28.125
1402352984|28.125
1402353007|28.125
1402353029|28.125
1402353052|28.125
1402353074|28.125
1402353097|28.125
1402353120|28.125
1402353142|28.125
1402353165|28.125
1402353187|28.125
1402353210|28.125
1402353232|28.125
1402353255|28.125
1402353277|28.125
1402353300|28.125
1402353322|28.125
1402353345|28.125
1402353367|28.125
1402353389|28.125
1402353412|28.125
1402353434|28.125
1402353457|28.125
1402353479|28.125
1402353502|28.125
1402353524|28.125
1402353547|28.125
1402353569|28.125
1402353592|28.125
1402353614|28.125
1402353637|28.125
1402353659|28.125
1402353682|28.125
1402353704|28.125
1402353726|28.125
1402353749|28.125
1402353771|28.125
1402353794|28.125
1402353816|28.125
1402353839|28.125
1402353861|28.125
1402353884|28.125
1402353906|28.125
1402353929|28.125
1402353951|28.062
1402353974|28.125
1402353996|28.125
1402354019|28.125
1402354041|28.125
1402354063|28.125
1402354086|28.125
1402354108|28.125
1402354131|28.062
1402354153|28.125
1402354176|28.125
1402354198|28.125
1402354221|28.125
1402354243|28.125
1402354266|28.125
1402354288|28.125
1402354311|28.125
1402354333|28.125
1402354356|28.062
1402354378|28.125
1402354400|28.062
1402354423|28.062
1402354445|28.062
1402354468|28.062
1402354490|28.062
1402354513|28.062
1402354535|28.062
1402354558|28.062
1402354580|28.125
1402354603|28.062
1402354625|28.125
1402354648|28.062
1402354670|28.062
1402354693|28.062
1402354715|28.062
1402354737|28.062
1402354760|28.062
1402354782|28.062
1402354805|28.062
1402354827|28.062
1402354850|28.062
1402354872|28.062
1402354895|28.062
1402354917|28.062
1402354940|28.062
1402354962|28.062
1402354985|28.062
1402355007|28.062
1402355030|28.062
1402355052|28.062
1402355075|28.062
1402355097|28.062
1402355119|28.062
1402355142|28.062
1402355164|28.062
1402355187|28.062
1402355209|28.062
1402355232|28.062
1402355254|28.062
1402355277|28.062
1402355299|28.062
1402355322|28.062
1402355344|28.062
1402355367|28.062
1402355389|28.062
1402355412|28.062
1402355434|28.062
1402355456|28.062
1402355479|28.062
1402355501|28.062
1402355524|28.062
1402355546|28.062
1402355569|28.062
1402355591|28.062
1402355614|28.0
1402355636|28.062
1402355659|28.062
1402355681|28.062
1402355704|28.0
1402355726|28.062
1402355749|28.0
1402355771|28.062
1402355793|28.062
1402355816|28.062
1402355838|28.0
1402355861|28.0
1402355883|28.0
1402355906|28.0
1402355928|28.0
1402355951|28.0
1402355973|28.0
1402355996|28.0
1402356018|28.0
1402356041|28.0
1402356063|28.062
1402356086|28.0
1402356108|28.0
1402356131|28.0
1402356153|28.0
1402356175|28.0
1402356198|28.0
1402356220|28.0
1402356243|28.0
1402356265|28.0
1402356288|28.0
1402356310|28.0
1402356333|28.0
1402356355|28.0
1402356378|28.0
1402356400|28.0
1402356423|28.0
1402356445|28.0
1402356468|28.0
1402356490|28.0
1402356513|28.0
1402356535|28.0
1402356557|28.0
1402356580|28.0
1402356602|28.0
1402356625|28.0
1402356647|28.0
1402356670|28.0
1402356692|28.0
1402356715|28.0
1402356737|28.0
1402356760|28.0
1402356782|28.0
1402356805|28.0
1402356827|28.0
1402356850|27.937
1402356872|27.937
1402356894|27.937
1402356917|28.0
1402356939|27.937
1402356962|27.937
1402356984|28.0
1402357007|27.937
1402357029|28.0
1402357052|27.937
1402357074|27.937
1402357097|27.937
1402357119|27.937
1402357142|27.937
1402357164|27.937
1402357187|27.937
1402357209|27.937
1402357231|27.937
1402357254|28.0
1402357276|27.937
1402357299|28.0
1402357321|27.937
1402357344|27.937
1402357366|27.937
1402357389|27.937
1402357411|28.0
1402357434|27.937
1402357456|27.937
1402357479|27.937
1402357501|27.937
1402357524|27.937
1402357546|27.937
1402357568|27.937
1402357591|27.937
1402357613|27.937
1402357636|27.937
1402357658|27.937
1402357681|27.937
1402357703|27.937
1402357726|27.937
1402357748|27.937
1402357771|27.875
1402357793|27.937
1402357816|27.937
1402357838|27.937
1402357861|27.937
1402357883|27.937
1402357906|27.937
1402357928|27.937
1402357950|27.937
1402357973|27.937
1402357995|27.937
1402358018|27.937
1402358040|27.937
1402358063|27.937
1402358085|27.875
1402358108|27.937
1402358130|27.937
1402358153|27.937
1402358175|27.937
1402358198|27.937
1402358220|27.875
1402358243|27.937
1402358265|27.875
1402358288|27.875
1402358310|27.937
1402358332|27.875
1402358355|27.875
1402358377|27.875
1402358400|27.875
1402358422|27.875
1402358445|27.875
1402358467|27.875
1402358490|27.875
1402358512|27.875
1402358535|27.875
1402358557|27.875
1402358580|27.875
1402358602|27.875
1402358625|27.875
1402358647|27.875
1402358669|27.875
1402358692|27.875
1402358714|27.875
1402358737|27.875
1402358759|27.875
1402358782|27.875
1402358804|27.875
1402358827|27.875
1402358849|27.875
1402358872|27.875
1402358894|27.875
1402358917|27.875
1402358939|27.875
1402358962|27.875
1402358984|27.875
1402359006|27.875
1402359029|27.875
1402359051|27.875
1402359074|27.875
1402359096|27.875
1402359119|27.875
1402359141|27.875
1402359164|27.875
1402359186|27.875
1402359209|27.875
1402359231|27.875
1402359254|27.875
1402359276|27.812
1402359299|27.875
1402359321|27.875
1402359344|27.875
1402359366|27.812
1402359388|27.812
1402359411|27.812
1402359433|27.875
1402359456|27.812
1402359478|27.812
1402359501|27.812
1402359523|27.875
1402359546|27.812
1402359568|27.812
1402359591|27.812
1402359613|27.812
1402359636|27.812
1402359658|27.812
1402359681|27.812
1402359703|27.812
1402359725|27.812
1402359748|27.812
1402359770|27.812
1402359793|27.812
1402359815|27.875
1402359838|27.812
1402359860|27.812
1402359883|27.812
1402359905|27.812
1402359928|27.812
1402359950|27.812
1402359973|27.812
1402359995|27.812
1402360018|27.812
1402360040|27.812
1402360063|27.812
1402360085|27.812
1402360107|27.812
1402360130|27.812
1402360152|27.812
1402360175|27.812
1402360197|27.812
1402360220|27.812
1402360242|27.812
1402360265|27.812
1402360287|27.812
1402360310|27.812
1402360332|27.812
1402360355|27.812
1402360377|27.812
1402360400|27.812
1402360422|27.812
1402360445|27.812
1402360467|27.812
1402360489|27.812
1402360512|27.812
1402360534|27.812
1402360557|27.812
1402360579|27.75
1402360602|27.812
1402360624|27.75
1402360647|27.75
1402360669|27.75
1402360692|27.75
1402360714|27.75
1402360737|27.75
1402360759|27.75
1402360782|27.75
1402360804|27.75
1402360826|27.75
1402360849|27.75
1402360871|27.75
1402360894|27.75
1402360916|27.75
1402360939|27.75
1402360961|27.75
1402360984|27.75
1402361006|27.75
1402361029|27.75
1402361051|27.75
1402361074|27.75
1402361096|27.75
1402361119|27.75
1402361141|27.75
1402361163|27.75
1402361186|27.687
1402361208|27.75
1402361231|27.75
1402361253|27.75
1402361276|27.75
1402361298|27.75
1402361321|27.75
1402361343|27.75
1402361366|27.75
1402361388|27.75
1402361411|27.75
1402361433|27.75
1402361456|27.75
1402361478|27.75
1402361500|27.75
1402361523|27.75
1402361545|27.75
1402361568|27.75
1402361590|27.687
1402361613|27.75
1402361635|27.687
1402361658|27.687
1402361680|27.75
1402361703|27.75
1402361725|27.687
1402361748|27.687
1402361770|27.75
1402361793|27.75
1402361815|27.687
1402361837|27.75
1402361860|27.687
1402361882|27.687
1402361905|27.687
1402361927|27.687
1402361950|27.687
1402361972|27.687
1402361995|27.687
1402362017|27.687
1402362040|27.687
1402362062|27.687
1402362085|27.687
1402362107|27.687
1402362130|27.687
1402362152|27.687
1402362174|27.687
1402362197|27.687
1402362219|27.687
1402362242|27.687
1402362264|27.687
1402362287|27.687
1402362309|27.687
1402362332|27.687
1402362354|27.687
1402362377|27.687
1402362399|27.687
1402362422|27.687
1402362444|27.687
1402362467|27.687
1402362489|27.687
1402362512|27.687
1402362534|27.687
1402362557|27.687
1402362579|27.687
1402362601|27.687
1402362624|27.625
1402362646|27.625
1402362669|27.625
1402362691|27.625
1402362714|27.625
1402362736|27.625
1402362759|27.625
1402362781|27.625
1402362804|27.625
1402362826|27.625
1402362849|27.625
1402362871|27.625
1402362894|27.625
1402362916|27.625
1402362938|27.625
1402362961|27.625
1402362983|27.625
1402363006|27.625
1402363028|27.625
1402363051|27.625
1402363073|27.625
1402363096|27.625
1402363118|27.625
1402363141|27.625
1402363163|27.625
1402363186|27.625
1402363208|27.625
1402363231|27.625
1402363253|27.625
1402363275|27.625
1402363298|27.625
1402363320|27.625
1402363343|27.625
1402363365|27.625
1402363388|27.625
1402363410|27.625
1402363433|27.625
1402363455|27.625
1402363478|27.625
1402363500|27.625
1402363523|27.625
1402363545|27.562
1402363568|27.625
1402363590|27.625
1402363612|27.625
1402363635|27.625
1402363657|27.562
1402363680|27.625
1402363702|27.562
1402363725|27.562
1402363747|27.562
1402363770|27.562
1402363792|27.625
1402363815|27.625
1402363837|27.625
1402363860|27.562
1402363882|27.562
1402363905|27.562
1402363927|27.562
1402363950|27.562
1402363972|27.562
1402363994|27.562
1402364017|27.562
1402364039|27.562
1402364062|27.562
1402364084|27.562
1402364107|27.562
1402364129|27.562
1402364152|27.562
1402364174|27.562
1402364197|27.562
1402364219|27.562
1402364242|27.562
1402364264|27.562
1402364287|27.562
1402364309|27.562
1402364331|27.562
1402364354|27.562
1402364376|27.562
1402364399|27.562
1402364421|27.562
1402364444|27.562
1402364466|27.562
1402364489|27.562
1402364511|27.562
1402364534|27.562
1402364556|27.562
1402364579|27.562
1402364601|27.562
1402364624|27.5
1402364646|27.562
1402364669|27.562
1402364691|27.562
1402364714|27.562
1402364736|27.562
1402364758|27.5
1402364781|27.562
1402364803|27.5
1402364826|27.5
1402364848|27.5
1402364871|27.5
1402364893|27.5
1402364916|27.5
1402364938|27.5
1402364961|27.5
1402364983|27.5
1402365006|27.5
1402365028|27.5
1402365051|27.5
1402365073|27.5
1402365095|27.5
1402365118|27.5
1402365140|27.5
1402365163|27.5
1402365185|27.5
1402365208|27.5
1402365230|27.5
1402365253|27.5
1402365275|27.5
1402365298|27.5
1402365320|27.5
1402365343|27.5
1402365365|27.5
1402365388|27.5
1402365410|27.5
1402365432|27.5
1402365455|27.5
1402365477|27.5
1402365500|27.5
1402365522|27.5
1402365545|27.5
1402365567|27.5
1402365590|27.5
1402365612|27.5
1402365635|27.5
1402365657|27.5
1402365680|27.5
1402365702|27.437
1402365725|27.5
1402365747|27.5
1402365770|27.5
1402365792|27.5
1402365815|27.437
1402365837|27.437
1402365859|27.5
1402365882|27.437
1402365904|27.437
1402365927|27.5
1402365949|27.437
1402365972|27.437
1402365994|27.437
1402366017|27.437
1402366039|27.5
1402366062|27.437
1402366084|27.437
1402366107|27.437
1402366129|27.437
1402366152|27.437
1402366174|27.437
1402366196|27.437
1402366219|27.437
1402366241|27.437
1402366264|27.437
1402366286|27.437
1402366309|27.437
1402366331|27.437
1402366354|27.437
1402366376|27.437
1402366399|27.437
1402366421|27.437
1402366444|27.437
1402366466|27.437
1402366489|27.437
1402366511|27.437
1402366533|27.437
1402366556|27.437
1402366578|27.437
1402366601|27.437
1402366623|27.437
1402366646|27.437
1402366668|27.437
1402366691|27.437
1402366713|27.437
1402366736|27.437
1402366758|27.437
1402366781|27.437
1402366803|27.437
1402366826|27.437
1402366848|27.437
1402366871|27.437
1402366893|27.437
1402366915|27.375
1402366938|27.437
1402366960|27.437
1402366983|27.437
1402367005|27.437
1402367028|27.437
1402367050|27.437
1402367073|27.375
1402367095|27.375
1402367118|27.375
1402367140|27.375
1402367163|27.375
1402367185|27.375
1402367208|27.375
1402367230|27.375
1402367252|27.375
1402367275|27.375
1402367297|27.375
1402367320|27.375
1402367342|27.375
1402367365|27.375
1402367387|27.375
1402367410|27.375
1402367432|27.375
1402367455|27.375
1402367477|27.375
1402367500|27.375
1402367523|27.375
1402367545|27.375
1402367568|27.375
1402367590|27.375
1402367613|27.375
1402367635|27.375
1402367658|27.375
1402367680|27.375
1402367703|27.375
1402367725|27.375
1402367747|27.375
1402367770|27.375
1402367792|27.375
1402367815|27.375
1402367837|27.375
1402367860|27.375
1402367882|27.375
1402367905|27.375
1402367927|27.375
1402367950|27.375
1402367972|27.375
1402367995|27.375
1402368017|27.375
1402368040|27.375
1402368062|27.375
1402368085|27.375
1402368107|27.312
1402368129|27.375
1402368152|27.312
1402368174|27.312
1402368197|27.312
1402368219|27.375
1402368242|27.312
1402368264|27.312
1402368287|27.312
1402368309|27.312
1402368332|27.312
1402368354|27.312
1402368377|27.312
1402368399|27.312
1402368422|27.312
1402368444|27.312
1402368466|27.312
1402368489|27.312
1402368511|27.312
1402368534|27.312
1402368556|27.312
1402368579|27.312
1402368601|27.312
1402368624|27.312
1402368646|27.312
1402368669|27.312
1402368691|27.312
1402368714|27.312
1402368736|27.312
1402368759|27.312
1402368781|27.312
1402368804|27.312
1402368826|27.312
1402368849|27.312
1402368871|27.312
1402368893|27.312
1402368916|27.312
1402368938|27.312
1402368961|27.312
1402368983|27.312
1402369006|27.312
1402369028|27.312
1402369051|27.312
1402369073|27.25
1402369096|27.25
1402369118|27.25
1402369141|27.25
1402369163|27.312
1402369186|27.312
1402369208|27.25
1402369230|27.25
1402369253|27.25
1402369275|27.25
1402369298|27.312
1402369320|27.25
1402369343|27.25
1402369365|27.25
1402369388|27.25
1402369410|27.312
1402369433|27.25
1402369455|27.25
1402369478|27.25
1402369500|27.25
1402369523|27.25
1402369545|27.25
1402369567|27.25
1402369590|27.25
1402369612|27.25
1402369635|27.25
1402369657|27.25
1402369680|27.25
1402369702|27.25
1402369725|27.25
1402369747|27.25
1402369770|27.25
1402369792|27.25
1402369815|27.25
1402369837|27.25
1402369860|27.25
1402369882|27.25
1402369905|27.25
1402369927|27.25
1402369950|27.25
1402369972|27.25
1402369994|27.25
1402370017|27.25
1402370039|27.25
1402370062|27.25
1402370084|27.25
1402370107|27.25
1402370129|27.25
1402370152|27.25
1402370174|27.25
1402370197|27.25
1402370219|27.25
1402370242|27.25
1402370264|27.25
1402370287|27.25
1402370309|27.187
1402370331|27.187
1402370354|27.25
1402370376|27.187
1402370399|27.187
1402370421|27.187
1402370444|27.187
1402370466|27.187
1402370489|27.25
1402370511|27.187
1402370534|27.187
1402370556|27.187
1402370579|27.187
1402370601|27.187
1402370624|27.187
1402370646|27.187
1402370668|27.187
1402370691|27.187
1402370713|27.187
1402370736|27.187
1402370758|27.187
1402370781|27.187
1402370803|27.187
1402370826|27.187
1402370848|27.187
1402370871|27.187
1402370893|27.187
1402370916|27.187
1402370938|27.187
1402370961|27.187
1402370983|27.187
1402371005|27.187
1402371028|27.187
1402371050|27.187
1402371073|27.187
1402371095|27.187
1402371118|27.187
1402371140|27.187
1402371163|27.187
1402371185|27.187
1402371208|27.187
1402371230|27.187
1402371253|27.187
1402371275|27.187
1402371298|27.187
1402371320|27.187
1402371342|27.187
1402371365|27.187
1402371387|27.187
1402371410|27.187
1402371432|27.187
1402371455|27.125
1402371477|27.187
1402371500|27.125
1402371522|27.187
1402371545|27.187
1402371567|27.125
1402371590|27.187
1402371612|27.125
1402371635|27.125
1402371657|27.187
1402371680|27.125
1402371702|27.125
1402371724|27.125
1402371747|27.125
1402371769|27.125
1402371792|27.125
1402371814|27.125
1402371837|27.125
1402371860|27.125
1402371882|27.187
1402371904|27.125
1402371927|27.125
1402371949|27.125
1402371972|27.125
1402371994|27.125
1402372017|27.125
1402372039|27.125
1402372062|27.125
1402372084|27.125
1402372107|27.125
1402372129|27.125
1402372152|27.125
1402372174|27.125
1402372197|27.125
1402372219|27.125
1402372241|27.125
1402372264|27.125
1402372286|27.125
1402372309|27.125
1402372331|27.125
1402372354|27.125
1402372376|27.125
1402372399|27.125
1402372421|27.125
1402372444|27.125
1402372466|27.125
1402372489|27.125
1402372511|27.125
1402372534|27.125
1402372556|27.125
1402372579|27.125
1402372601|27.125
1402372624|27.125
1402372646|27.125
1402372668|27.062
1402372691|27.125
1402372713|27.062
1402372736|27.125
1402372758|27.125
1402372781|27.125
1402372803|27.125
1402372826|27.062
1402372848|27.062
1402372871|27.125
1402372893|27.125
1402372916|27.125
1402372938|27.062
1402372961|27.125
1402372983|27.125
1402373005|27.125
1402373028|27.062
1402373050|27.125
1402373073|27.062
1402373095|27.062
1402373118|27.062
1402373140|27.062
1402373163|27.062
1402373185|27.062
1402373208|27.062
1402373230|27.062
1402373253|27.062
1402373275|27.062
1402373298|27.062
1402373320|27.062
1402373342|27.062
1402373365|27.062
1402373387|27.062
1402373410|27.062
1402373432|27.062
1402373455|27.062
1402373477|27.062
1402373500|27.062
1402373522|27.062
1402373545|27.062
1402373567|27.062
1402373590|27.062
1402373612|27.062
1402373635|27.062
1402373657|27.062
1402373679|27.062
1402373702|27.062
1402373724|27.062
1402373747|27.062
1402373769|27.062
1402373792|27.062
1402373814|27.062
1402373837|27.062
1402373859|27.062
1402373882|27.062
1402373904|27.062
1402373927|27.062
1402373949|27.062
1402373972|27.062
1402373994|27.062
1402374016|27.062
1402374039|27.0
1402374061|27.0
1402374084|27.062
1402374106|27.062
1402374129|27.062
1402374151|27.0
1402374174|27.0
1402374196|27.062
1402374219|27.062
1402374241|27.062
1402374264|27.062
1402374286|27.0
1402374309|27.0
1402374331|27.0
1402374353|27.0
1402374376|27.0
1402374398|27.062
1402374421|27.062
1402374443|27.062
1402374466|27.062
1402374488|27.062
1402374511|27.0
1402374533|27.062
1402374556|27.0
1402374578|27.0
1402374601|27.0
1402374623|27.0
1402374646|27.0
1402374668|27.0
1402374690|27.062
1402374713|27.0
1402374735|27.0
1402374758|27.0
1402374780|27.0
1402374803|27.0
1402374825|27.0
1402374848|27.0
1402374870|27.0
1402374893|27.0
1402374915|27.0
1402374938|27.0
1402374960|27.0
1402374983|27.0
1402375005|27.0
1402375028|27.0
1402375050|27.0
1402375072|27.0
1402375095|27.0
1402375117|27.0
1402375140|27.0
1402375162|27.0
1402375185|27.0
1402375207|27.0
1402375230|27.0
1402375252|27.0
1402375275|27.0
1402375297|27.0
1402375320|27.0
1402375342|27.0
1402375365|27.0
1402375387|27.0
1402375409|27.0
1402375432|27.0
1402375454|27.0
1402375477|27.0
1402375499|27.0
1402375522|27.0
1402375544|27.0
1402375567|27.0
1402375589|27.0
1402375612|27.0
1402375634|27.0
1402375657|27.0
1402375679|27.0
1402375702|27.0
1402375724|27.0
1402375746|27.0
1402375769|27.0
1402375791|27.0
1402375814|27.0
1402375836|27.0
1402375859|27.0
1402375881|27.0
1402375904|26.937
1402375926|26.937
1402375949|27.0
1402375971|26.937
1402375994|26.937
1402376016|27.0
1402376039|26.937
1402376061|26.937
1402376084|26.937
1402376106|26.937
1402376129|26.937
1402376151|26.937
1402376173|26.937
1402376196|26.937
1402376218|26.937
1402376241|26.937
1402376263|26.937
1402376286|26.937
1402376308|26.937
1402376331|26.937
1402376353|26.937
1402376376|26.937
1402376398|26.937
1402376421|26.937
1402376443|26.937
1402376466|26.937
1402376488|26.937
1402376510|26.937
1402376533|26.937
1402376555|26.937
1402376578|26.937
1402376600|26.937
1402376623|26.937
1402376645|26.875
1402376668|26.937
1402376690|26.937
1402376713|26.937
1402376735|26.937
1402376758|26.937
1402376780|26.937
1402376803|26.937
1402376825|26.937
1402376847|26.937
1402376870|26.937
1402376892|26.937
1402376915|26.875
1402376937|26.937
1402376960|26.937
1402376982|26.937
1402377005|26.937
1402377027|26.875
1402377050|26.937
1402377072|26.875
1402377095|26.937
1402377117|26.937
1402377140|26.875
1402377162|26.937
1402377184|26.937
1402377207|26.937
1402377229|26.937
1402377252|26.937
1402377274|26.937
1402377297|26.937
1402377319|26.937
1402377342|26.937
1402377364|26.937
1402377387|26.937
1402377409|26.875
1402377432|26.937
1402377454|26.875
1402377477|26.937
1402377499|26.875
1402377521|26.875
1402377544|26.875
1402377566|26.875
1402377589|26.875
1402377611|26.875
1402377634|26.875
1402377656|26.875
1402377679|26.875
1402377701|26.875
1402377724|26.875
1402377746|26.875
1402377769|26.875
1402377791|26.875
1402377814|26.875
1402377836|26.875
1402377859|26.875
1402377881|26.875
1402377904|26.875
1402377926|26.875
1402377948|26.875
1402377971|26.875
1402377993|26.875
1402378016|26.875
1402378038|26.875
1402378061|26.875
1402378083|26.875
1402378106|26.875
1402378128|26.875
1402378151|26.937
1402378173|26.875
1402378196|26.875
1402378218|26.875
1402378241|26.875
1402378263|26.875
1402378285|26.875
1402378308|26.875
1402378330|26.875
1402378353|26.875
1402378375|26.875
1402378398|26.875
1402378420|26.875
1402378443|26.875
1402378465|26.875
1402378488|26.875
1402378510|26.875
1402378533|26.875
1402378555|26.875
1402378578|26.875
1402378600|26.875
1402378622|26.875
1402378645|26.875
1402378667|26.875
1402378690|26.875
1402378712|26.875
1402378735|26.875
1402378757|26.875
1402378780|26.875
1402378802|26.875
1402378825|26.875
1402378847|26.875
1402378870|26.875
1402378892|26.875
1402378915|26.875
1402378937|26.875
1402378960|26.875
1402378982|26.875
1402379004|26.875
1402379027|26.875
1402379049|26.875
1402379072|26.875
1402379094|26.875
1402379117|26.875
1402379139|26.875
1402379162|26.875
1402379184|26.875
1402379207|26.875
1402379229|26.875
1402379252|26.875
1402379274|26.875
1402379297|26.875
1402379319|26.875
1402379341|26.875
1402379364|26.875
1402379386|26.875
1402379409|26.875
1402379431|26.875
1402379454|26.875
1402379476|26.875
1402379499|26.875
1402379521|26.937
1402379544|26.875
1402379566|26.875
1402379589|26.875
1402379611|26.875
1402379634|26.875
1402379656|26.875
1402379678|26.875
1402379701|26.875
1402379723|26.875
1402379746|26.875
1402379768|26.875
1402379791|26.875
1402379813|26.875
1402379836|26.875
1402379858|26.875
1402379881|26.875
1402379903|26.875
1402379926|26.875
1402379948|26.875
1402379971|26.875
1402379993|26.875
1402380015|26.875
1402380038|26.875
1402380060|26.875
1402380083|26.875
1402380105|26.875
1402380128|26.875
1402380150|26.875
1402380173|26.875
1402380195|26.875
1402380218|26.937
1402380240|26.875
1402380263|26.875
1402380285|26.875
1402380308|26.875
1402380330|26.875
1402380353|26.875
1402380375|26.875
1402380398|26.875
1402380420|26.875
1402380442|26.875
1402380465|26.875
1402380487|26.875
1402380510|26.875
1402380532|26.875
1402380555|26.875
1402380577|26.875
1402380600|26.875
1402380622|26.875
1402380645|26.875
1402380667|26.875
1402380690|26.875
1402380712|26.875
1402380735|26.875
1402380757|26.875
1402380779|26.875
1402380802|26.875
1402380824|26.875
1402380847|26.875
1402380869|26.875
1402380892|26.875
1402380914|26.875
1402380937|26.875
1402380959|26.875
1402380982|26.875
1402381004|26.875
1402381027|26.875
1402381049|26.875
1402381072|26.875
1402381094|26.875
1402381117|26.875
1402381139|26.875
1402381162|26.875
1402381184|26.875
1402381206|26.875
1402381229|26.875
1402381251|26.875
1402381274|26.875
1402381296|26.875
1402381319|26.875
1402381341|26.875
1402381364|26.875
1402381386|26.875
1402381409|26.875
1402381431|26.875
1402381454|26.875
1402381476|26.875
1402381499|26.875
1402381521|26.875
1402381543|26.875
1402381566|26.875
1402381589|26.875
1402381611|26.875
1402381634|26.875
1402381656|26.875
1402381678|26.875
1402381701|26.875
1402381723|26.875
1402381746|26.875
1402381768|26.937
1402381791|26.875
1402381813|26.875
1402381836|26.875
1402381858|26.937
1402381881|26.875
1402381904|26.875
1402381926|26.875
1402381949|26.875
1402381971|26.875
1402381994|26.875
1402382016|26.875
1402382039|26.875
1402382061|26.875
1402382083|26.875
1402382106|26.875
1402382128|26.875
1402382151|26.875
1402382173|26.875
1402382196|26.875
1402382218|26.875
1402382242|26.875
1402382264|26.875
1402382286|26.875
1402382309|26.875
1402382331|26.875
1402382354|26.875
1402382376|26.875
1402382399|26.875
1402382421|26.875
1402382444|26.875
1402382466|26.937
1402382489|26.937
1402382511|26.875
1402382534|26.875
1402382556|26.875
1402382579|26.875
1402382601|26.875
1402382623|26.937
1402382646|26.875
1402382668|26.875
1402382691|26.875
1402382713|26.875
1402382736|26.875
1402382758|26.937
1402382781|26.875
1402382803|26.875
1402382826|26.875
1402382848|26.937
1402382871|26.875
1402382893|26.875
1402382916|26.875
1402382938|26.875
1402382960|26.875
1402382983|26.875
1402383005|26.875
1402383028|26.875
1402383050|26.937
1402383073|26.875
1402383095|26.937
1402383118|26.875
1402383140|26.937
1402383163|26.937
1402383185|26.937
1402383208|26.937
1402383230|26.937
1402383253|26.875
1402383275|26.875
1402383297|26.937
1402383320|26.937
1402383342|26.937
1402383365|26.875
1402383387|26.937
1402383410|26.875
1402383432|26.875
1402383455|26.875
1402383477|26.937
1402383500|26.875
1402383522|26.937
1402383545|26.937
1402383567|26.937
1402383590|26.875
1402383612|26.875
1402383635|26.875
1402383657|26.875
1402383680|26.875
1402383702|26.875
1402383724|26.875
1402383747|26.875
1402383769|26.937
1402383792|26.937
1402383814|26.875
1402383837|26.937
1402383859|26.875
1402383882|26.875
1402383904|26.937
1402383927|26.937
1402383949|26.875
1402383972|26.875
1402383994|26.875
1402384017|26.937
1402384039|26.875
1402384061|26.937
1402384084|26.937
1402384106|26.875
1402384129|26.875
1402384151|26.875
1402384174|26.875
1402384196|26.875
1402384219|26.875
1402384241|26.875
1402384264|26.875
1402384286|26.875
1402384309|26.875
1402384331|26.937
1402384354|26.875
1402384376|26.875
1402384399|26.937
1402384421|26.875
1402384443|26.875
1402384466|26.875
1402384488|26.875
1402384511|26.875
1402384533|26.937
1402384556|26.875
1402384578|26.875
1402384601|26.875
1402384623|26.875
1402384646|26.875
1402384668|26.875
1402384691|26.875
1402384713|26.875
1402384736|26.875
1402384758|26.875
1402384780|26.812
1402384803|26.812
1402384825|26.812
1402384848|26.812
1402384870|26.812
1402384893|26.812
1402384915|26.812
1402384938|26.812
1402384960|26.812
1402384983|26.812
1402385005|26.812
1402385028|26.812
1402385050|26.812
1402385073|26.812
1402385095|26.812
1402385117|26.812
1402385140|26.812
1402385163|26.812
1402385186|26.812
1402385208|26.812
1402385231|26.812
1402385253|26.812
1402385276|26.812
1402385298|26.812
1402385320|26.812
1402385343|26.812
1402385365|26.812
1402385388|26.812
1402385410|26.812
1402385433|26.812
1402385455|26.812
1402385478|26.812
1402385500|26.812
1402385523|26.812
1402385545|26.812
1402385568|26.812
1402385590|26.812
1402385613|26.812
1402385635|26.812
1402385658|26.812
1402385680|26.812
1402385702|26.812
1402385725|26.812
1402385747|26.812
1402385770|26.812
1402385792|26.812
1402385815|26.812
1402385837|26.812
1402385860|26.812
1402385882|26.812
1402385905|26.812
1402385927|26.812
1402385950|26.812
1402385972|26.812
1402385995|26.812
1402386017|26.812
1402386040|26.812
1402386062|26.812
1402386084|26.812
1402386107|26.812
1402386129|26.812
1402386152|26.812
1402386174|26.812
1402386197|26.812
1402386219|26.812
1402386242|26.812
1402386264|26.75
1402386287|26.812
1402386309|26.812
1402386332|26.812
1402386354|26.812
1402386377|26.75
1402386399|26.75
1402386421|26.75
1402386444|26.75
1402386466|26.75
1402386489|26.75
1402386511|26.75
1402386534|26.75
1402386556|26.812
1402386579|26.75
1402386601|26.812
1402386624|26.75
1402386646|26.75
1402386669|26.75
1402386691|26.75
1402386714|26.75
1402386736|26.75
1402386758|26.75
1402386781|26.75
1402386803|26.75
1402386826|26.75
1402386848|26.75
1402386871|26.75
1402386893|26.75
1402386916|26.75
1402386938|26.75
1402386961|26.75
1402386983|26.75
1402387006|26.75
1402387028|26.75
1402387051|26.75
1402387073|26.75
1402387095|26.75
1402387118|26.75
1402387140|26.75
1402387163|26.75
1402387185|26.75
1402387208|26.75
1402387230|26.75
1402387253|26.75
1402387275|26.75
1402387298|26.75
1402387320|26.75
1402387343|26.687
1402387365|26.75
1402387388|26.75
1402387410|26.75
1402387433|26.75
1402387455|26.75
1402387478|26.75
1402387500|26.75
1402387522|26.75
1402387545|26.687
1402387567|26.75
1402387590|26.687
1402387612|26.75
1402387635|26.687
1402387657|26.687
1402387680|26.687
1402387702|26.687
1402387725|26.75
1402387747|26.75
1402387770|26.687
1402387792|26.75
1402387815|26.75
1402387837|26.75
1402387859|26.687
1402387882|26.75
1402387904|26.687
1402387927|26.687
1402387949|26.687
1402387972|26.687
1402387994|26.687
1402388017|26.687
1402388039|26.687
1402388062|26.687
1402388084|26.687
1402388107|26.687
1402388129|26.75
1402388152|26.687
1402388174|26.687
1402388196|26.75
1402388219|26.687
1402388241|26.687
1402388264|26.687
1402388286|26.687
1402388309|26.75
1402388331|26.687
1402388354|26.687
1402388376|26.687
1402388399|26.687
1402388421|26.687
1402388444|26.687
1402388466|26.687
1402388489|26.687
1402388511|26.687
1402388534|26.687
1402388556|26.687
1402388578|26.687
1402388601|26.687
1402388623|26.687
1402388646|26.687
1402388668|26.687
1402388691|26.687
1402388714|26.687
1402388737|26.687
1402388759|26.687
1402388781|26.687
1402388804|26.687
1402388826|26.687
1402388849|26.687
1402388871|26.687
1402388894|26.687
1402388916|26.75
1402388939|26.687
1402388961|26.75
1402388984|26.687
1402389006|26.687
1402389029|26.687
1402389051|26.687
1402389074|26.687
1402389096|26.687
1402389119|26.75
1402389141|26.75
1402389163|26.687
1402389186|26.75
1402389208|26.687
1402389231|26.75
1402389253|26.687
1402389276|26.75
1402389298|26.687
1402389321|26.75
1402389343|26.75
1402389366|26.75
1402389388|26.75
1402389411|26.75
1402389433|26.75
1402389456|26.75
1402389478|26.687
1402389501|26.687
1402389523|26.687
1402389545|26.75
1402389568|26.75
1402389590|26.75
1402389613|26.75
1402389635|26.75
1402389658|26.75
1402389680|26.75
1402389703|26.75
1402389725|26.75
1402389748|26.75
1402389770|26.687
1402389793|26.75
1402389815|26.75
1402389838|26.75
1402389860|26.75
1402389882|26.75
1402389905|26.687
1402389927|26.75
1402389950|26.75
1402389972|26.75
1402389995|26.75
1402390017|26.75
1402390040|26.75
1402390062|26.75
1402390085|26.75
1402390107|26.75
1402390130|26.75
1402390152|26.75
1402390175|26.687
1402390197|26.75
1402390219|26.75
1402390242|26.75
1402390264|26.75
1402390287|26.75
1402390309|26.75
1402390332|26.75
1402390354|26.75
1402390377|26.75
1402390399|26.75
1402390422|26.75
1402390444|26.75
1402390467|26.75
1402390489|26.75
1402390512|26.75
1402390534|26.75
1402390556|26.75
1402390579|26.75
1402390601|26.75
1402390624|26.75
1402390646|26.75
1402390669|26.75
1402390691|26.75
1402390714|26.75
1402390736|26.75
1402390759|26.75
1402390781|26.75
1402390804|26.75
1402390826|26.75
1402390849|26.75
1402390871|26.75
1402390893|26.75
1402390916|26.75
1402390938|26.75
1402390961|26.75
1402390983|26.75
1402391006|26.75
1402391028|26.75
1402391051|26.75
1402391073|26.75
1402391096|26.75
1402391118|26.75
1402391141|26.75
1402391163|26.75
1402391186|26.75
1402391208|26.75
1402391231|26.75
1402391253|26.75
1402391276|26.812
1402391298|26.75
1402391320|26.75
1402391343|26.75
1402391365|26.75
1402391388|26.75
1402391410|26.75
1402391433|26.75
1402391455|26.75
1402391478|26.75
1402391500|26.812
1402391523|26.812
1402391545|26.812
1402391568|26.812
1402391590|26.812
1402391613|26.812
1402391635|26.812
1402391657|26.812
1402391680|26.812
1402391702|26.812
1402391725|26.812
1402391747|26.812
1402391770|26.812
1402391792|26.812
1402391815|26.875
1402391838|26.812
1402391860|26.875
1402391883|26.875
1402391905|26.875
1402391928|26.875
1402391950|26.875
1402391973|26.875
1402391995|26.875
1402392018|26.875
1402392040|26.875
1402392063|26.875
1402392085|26.875
1402392108|26.875
1402392130|26.875
1402392153|26.875
1402392175|26.875
1402392198|26.875
1402392220|26.875
1402392242|26.937
1402392265|26.875
1402392287|26.875
1402392310|26.875
1402392332|26.875
1402392355|26.875
1402392377|26.875
1402392400|26.875
1402392422|26.875
1402392445|26.937
1402392467|26.937
1402392490|26.937
1402392512|26.937
1402392535|26.937
1402392557|26.937
1402392579|26.875
1402392602|26.937
1402392624|26.937
1402392647|26.937
1402392669|26.937
1402392692|26.937
1402392714|26.937
1402392737|26.937
1402392759|26.937
1402392782|26.937
1402392804|26.937
1402392827|26.937
1402392849|26.937
1402392872|26.937
1402392894|26.937
1402392916|26.937
1402392939|26.937
1402392961|26.937
1402392984|26.937
1402393006|26.937
1402393029|27.0
1402393051|26.937
1402393074|26.937
1402393096|26.937
1402393119|26.937
1402393141|27.0
1402393164|27.0
1402393186|27.0
1402393209|27.0
1402393231|27.0
1402393253|26.937
1402393276|27.0
1402393298|27.0
1402393321|27.0
1402393343|27.0
1402393366|27.0
1402393388|27.0
1402393411|27.0
1402393433|27.0
1402393456|27.0
1402393478|27.0
1402393501|27.0
1402393523|27.0
1402393546|27.0
1402393568|27.0
1402393591|27.0
1402393613|27.0
1402393636|27.0
1402393658|27.0
1402393680|27.0
1402393703|27.0
1402393725|27.0
1402393748|27.0
1402393770|27.0
1402393793|27.0
1402393815|27.0
1402393838|27.0
1402393860|27.0
1402393883|27.0
1402393905|27.0
1402393928|27.0
1402393950|27.0
1402393973|27.0
1402393995|27.0
1402394017|27.0
1402394040|27.0
1402394062|27.0
1402394085|27.0
1402394107|27.062
1402394130|27.0
1402394152|27.062
1402394175|27.0
1402394197|27.062
1402394220|27.062
1402394242|27.062
1402394265|27.062
1402394287|27.062
1402394310|27.062
1402394332|27.062
1402394354|27.062
1402394377|27.062
1402394399|27.062
1402394422|27.062
1402394444|27.062
1402394467|27.062
1402394489|27.062
1402394512|27.062
1402394534|27.062
1402394557|27.062
1402394579|27.062
1402394602|27.062
1402394624|27.062
1402394647|27.062
1402394669|27.062
1402394691|27.062
1402394714|27.062
1402394736|27.062
1402394759|27.062
1402394781|27.062
1402394804|27.062
1402394826|27.062
1402394849|27.062
1402394871|27.062
1402394894|27.062
1402394916|27.062
1402394939|27.062
1402394961|27.062
1402394984|27.062
1402395006|27.062
1402395029|27.062
1402395051|27.062
1402395074|27.062
1402395096|27.062
1402395118|27.062
1402395141|27.062
1402395163|27.062
1402395186|27.062
1402395208|27.062
1402395231|27.062
1402395253|27.062
1402395276|27.062
1402395298|27.062
1402395321|27.062
1402395343|27.062
1402395366|27.062
1402395388|27.062
1402395411|27.062
1402395433|27.062
1402395455|27.062
1402395478|27.125
1402395500|27.125
1402395523|27.125
1402395545|27.125
1402395568|27.125
1402395590|27.125
1402395613|27.125
1402395635|27.125
1402395658|27.125
1402395680|27.125
1402395703|27.125
1402395725|27.125
1402395748|27.125
1402395770|27.125
1402395792|27.125
1402395815|27.125
1402395837|27.125
1402395860|27.125
1402395882|27.125
1402395905|27.125
1402395927|27.125
1402395950|27.125
1402395972|27.125
1402395995|27.125
1402396017|27.125
1402396040|27.125
1402396062|27.187
1402396085|27.187
1402396107|27.187
1402396130|27.187
1402396152|27.187
1402396174|27.187
1402396197|27.187
1402396219|27.187
1402396242|27.187
1402396264|27.187
1402396287|27.187
1402396310|27.187
1402396332|27.187
1402396355|27.187
1402396377|27.187
1402396400|27.187
1402396422|27.187
1402396445|27.187
1402396467|27.187
1402396490|27.187
1402396512|27.187
1402396535|27.187
1402396557|27.187
1402396580|27.25
1402396602|27.187
1402396625|27.187
1402396647|27.187
1402396669|27.25
1402396692|27.187
1402396714|27.25
1402396737|27.25
1402396759|27.25
1402396782|27.25
1402396804|27.25
1402396827|27.187
1402396849|27.187
1402396872|27.187
1402396894|27.187
1402396917|27.187
1402396939|27.187
1402396962|27.25
1402396984|27.187
1402397006|27.187
1402397029|27.25
1402397051|27.25
1402397074|27.25
1402397096|27.25
1402397119|27.187
1402397141|27.25
1402397164|27.187
1402397186|27.25
1402397209|27.25
1402397231|27.25
1402397254|27.25
1402397276|27.25
1402397299|27.25
1402397321|27.25
1402397344|27.25
1402397366|27.25
1402397388|27.25
1402397411|27.25
1402397433|27.25
1402397456|27.25
1402397478|27.25
1402397501|27.25
1402397523|27.25
1402397546|27.25
1402397568|27.25
1402397591|27.312
1402397613|27.25
1402397636|27.25
1402397658|27.25
1402397681|27.312
1402397703|27.25
1402397725|27.25
1402397748|27.25
1402397770|27.25
1402397793|27.312
1402397815|27.312
1402397838|27.312
1402397860|27.312
1402397883|27.312
1402397905|27.312
1402397928|27.312
1402397950|27.312
1402397973|27.312
1402397995|27.312
1402398018|27.312
1402398040|27.312
1402398062|27.312
1402398085|27.312
1402398107|27.312
1402398130|27.375
1402398152|27.375
1402398175|27.375
1402398197|27.312
1402398220|27.375
1402398242|27.375
1402398265|27.312
1402398287|27.375
1402398310|27.375
1402398332|27.375
1402398355|27.375
1402398377|27.375
1402398399|27.375
1402398422|27.375
1402398444|27.375
1402398467|27.375
1402398489|27.375
1402398512|27.375
1402398534|27.375
1402398557|27.375
1402398579|27.375
1402398602|27.375
1402398624|27.375
1402398647|27.375
1402398669|27.375
1402398692|27.375
1402398714|27.375
1402398737|27.375
1402398759|27.375
1402398782|27.375
1402398804|27.375
1402398826|27.375
1402398849|27.375
1402398871|27.437
1402398894|27.375
1402398916|27.375
1402398939|27.375
1402398961|27.437
1402398984|27.437
1402399006|27.437
1402399029|27.437
1402399051|27.437
1402399074|27.437
1402399096|27.437
1402399119|27.437
1402399141|27.437
1402399163|27.437
1402399186|27.437
1402399208|27.437
1402399231|27.437
1402399253|27.437
1402399276|27.437
1402399298|27.437
1402399321|27.437
1402399343|27.437
1402399366|27.437
1402399388|27.437
1402399411|27.437
1402399433|27.5
1402399456|27.5
1402399478|27.437
1402399500|27.5
1402399523|27.437
1402399545|27.5
1402399568|27.5
1402399590|27.437
1402399613|27.5
1402399635|27.5
1402399658|27.5
1402399680|27.5
1402399703|27.5
1402399725|27.5
1402399748|27.5
1402399770|27.5
1402399793|27.5
1402399815|27.5
1402399837|27.5
1402399860|27.5
1402399882|27.5
1402399905|27.5
1402399927|27.5
1402399950|27.5
1402399972|27.5
1402399995|27.5
1402400017|27.562
1402400040|27.5
1402400062|27.5
1402400085|27.562
1402400107|27.562
1402400130|27.562
1402400152|27.5
1402400174|27.562
1402400197|27.562
1402400219|27.562
1402400242|27.562
1402400264|27.562
1402400287|27.562
1402400309|27.562
1402400332|27.562
1402400354|27.562
1402400377|27.562
1402400399|27.562
1402400422|27.562
1402400444|27.562
1402400467|27.562
1402400489|27.562
1402400512|27.562
1402400534|27.562
1402400557|27.562
1402400579|27.562
1402400601|27.562
1402400624|27.562
1402400646|27.625
1402400669|27.562
1402400691|27.562
1402400714|27.562
1402400736|27.625
1402400759|27.562
1402400781|27.562
1402400804|27.562
1402400826|27.562
1402400849|27.562
1402400871|27.562
1402400894|27.562
1402400916|27.562
1402400938|27.562
1402400961|27.562
1402400983|27.562
1402401006|27.562
1402401028|27.562
1402401051|27.562
1402401073|27.562
1402401096|27.562
1402401118|27.562
1402401141|27.562
1402401163|27.562
1402401186|27.562
1402401208|27.562
1402401231|27.562
1402401253|27.562
1402401275|27.562
1402401298|27.562
1402401320|27.562
1402401343|27.562
1402401365|27.562
1402401388|27.562
1402401410|27.562
1402401433|27.562
1402401455|27.562
1402401478|27.562
1402401500|27.562
1402401523|27.562
1402401545|27.562
1402401568|27.562
1402401590|27.562
1402401612|27.562
1402401635|27.562
1402401657|27.562
1402401680|27.562
1402401702|27.562
1402401725|27.562
1402401747|27.562
1402401770|27.562
1402401792|27.562
1402401815|27.562
1402401837|27.562
1402401860|27.562
1402401882|27.562
1402401905|27.562
1402401927|27.625
1402401950|27.562
1402401972|27.562
1402401994|27.562
1402402017|27.562
1402402039|27.562
1402402062|27.625
1402402084|27.562
1402402107|27.562
1402402129|27.562
1402402152|27.562
1402402174|27.625
1402402197|27.625
1402402219|27.625
1402402242|27.562
1402402264|27.625
1402402287|27.625
1402402309|27.625
1402402331|27.625
1402402354|27.625
1402402376|27.625
1402402399|27.625
1402402421|27.625
1402402444|27.625
1402402466|27.625
1402402489|27.625
1402402511|27.625
1402402534|27.625
1402402556|27.625
1402402579|27.625
1402402601|27.625
1402402624|27.625
1402402646|27.625
1402402668|27.625
1402402691|27.625
1402402713|27.625
1402402736|27.625
1402402758|27.625
1402402781|27.625
1402402803|27.625
1402402826|27.625
1402402848|27.625
1402402871|27.625
1402402893|27.625
1402402916|27.625
1402402938|27.625
1402402961|27.625
1402402983|27.625
1402403006|27.687
1402403028|27.687
1402403050|27.625
1402403073|27.625
1402403095|27.625
1402403118|27.687
1402403140|27.687
1402403163|27.687
1402403185|27.687
1402403208|27.687
1402403230|27.687
1402403253|27.687
1402403275|27.687
1402403298|27.687
1402403320|27.687
1402403343|27.687
1402403365|27.687
1402403388|27.687
1402403410|27.687
1402403432|27.687
1402403455|27.687
1402403477|27.687
1402403500|27.687
1402403522|27.687
1402403545|27.687
1402403567|27.687
1402403590|27.687
1402403612|27.687
1402403635|27.687
1402403657|27.687
1402403680|27.687
1402403702|27.687
1402403725|27.687
1402403747|27.687
1402403769|27.687
1402403792|27.687
1402403814|27.687
1402403837|27.687
1402403859|27.687
1402403882|27.687
1402403904|27.687
1402403927|27.687
1402403949|27.687
1402403972|27.687
1402403994|27.687
1402404017|27.75
1402404039|27.687
1402404062|27.75
1402404084|27.75
1402404106|27.75
1402404129|27.687
1402404151|27.687
1402404174|27.75
1402404196|27.75
1402404219|27.75
1402404241|27.75
1402404264|27.75
1402404286|27.75
1402404309|27.75
1402404331|27.75
1402404354|27.75
1402404376|27.75
1402404399|27.75
1402404421|27.75
1402404444|27.812
1402404466|27.75
1402404489|27.812
1402404511|27.812
1402404533|27.812
1402404556|27.812
1402404578|27.812
1402404601|27.812
1402404623|27.75
1402404646|27.75
1402404668|27.812
1402404691|27.812
1402404713|27.812
1402404736|27.75
1402404758|27.812
1402404781|27.812
1402404803|27.812
1402404826|27.75
1402404848|27.75
1402404870|27.75
1402404893|27.812
1402404915|27.812
1402404938|27.812
1402404960|27.75
1402404983|27.812
1402405005|27.812
1402405028|27.812
1402405050|27.812
1402405073|27.812
1402405095|27.812
1402405118|27.812
1402405140|27.812
1402405163|27.812
1402405185|27.812
1402405207|27.812
1402405230|27.812
1402405252|27.812
1402405275|27.812
1402405297|27.875
1402405320|27.812
1402405342|27.812
1402405365|27.812
1402405387|27.812
1402405410|27.875
1402405432|27.875
1402405455|27.812
1402405477|27.812
1402405500|27.812
1402405522|27.812
1402405544|27.812
1402405567|27.875
1402405589|27.875
1402405612|27.875
1402405634|27.875
1402405657|27.875
1402405679|27.875
1402405702|27.875
1402405724|27.875
1402405747|27.875
1402405769|27.875
1402405792|27.875
1402405814|27.812
1402405837|27.875
1402405859|27.812
1402405881|27.812
1402405904|27.812
1402405926|27.875
1402405949|27.875
1402405971|27.875
1402405994|27.875
1402406016|27.875
1402406039|27.875
1402406061|27.875
1402406084|27.875
1402406106|27.875
1402406129|27.875
1402406151|27.875
1402406174|27.875
1402406196|27.875
1402406218|27.875
1402406241|27.875
1402406263|27.875
1402406286|27.875
1402406308|27.875
1402406331|27.875
1402406353|27.875
1402406376|27.875
1402406398|27.937
1402406421|27.937
1402406443|27.937
1402406466|27.937
1402406488|27.937
1402406511|27.937
1402406533|27.937
1402406556|27.937
1402406578|27.937
1402406600|27.937
1402406623|27.937
1402406645|27.937
1402406668|27.937
1402406690|27.937
1402406713|27.937
1402406735|27.937
1402406758|27.937
1402406780|27.937
1402406803|27.937
1402406825|27.937
1402406848|27.937
1402406870|27.937
1402406893|27.937
1402406915|27.937
1402406937|27.937
1402406960|27.937
1402406982|27.937
1402407005|27.937
1402407027|27.937
1402407050|27.937
1402407072|28.0
1402407095|28.0
1402407117|27.937
1402407140|28.0
1402407162|27.937
1402407185|28.0
1402407207|27.937
1402407230|27.937
1402407252|28.0
1402407274|28.0
1402407297|27.937
1402407319|28.0
1402407342|28.0
1402407364|28.0
1402407387|28.0
1402407409|28.0
1402407432|28.0
1402407454|28.0
1402407477|28.0
1402407499|28.0
1402407522|28.062
1402407544|28.062
1402407567|28.0
1402407589|28.0
1402407611|28.062
1402407634|28.062
1402407656|28.062
1402407679|28.062
1402407701|28.062
1402407724|28.062
1402407746|28.062
1402407769|28.062
1402407791|28.062
1402407814|28.062
1402407836|28.062
1402407859|28.062
1402407881|28.062
1402407904|28.125
1402407926|28.125
1402407948|28.062
1402407971|28.062
1402407993|28.062
1402408016|28.062
1402408038|28.062
1402408061|28.062
1402408083|28.125
1402408106|28.062
1402408128|28.125
1402408151|28.062
1402408173|28.062
1402408196|28.125
1402408218|28.125
1402408241|28.125
1402408263|28.125
1402408286|28.125
1402408308|28.125
1402408331|28.125
1402408353|28.125
1402408375|28.125
1402408398|28.125
1402408420|28.125
1402408443|28.125
1402408465|28.125
1402408488|28.125
1402408510|28.125
1402408533|28.187
1402408555|28.187
1402408578|28.187
1402408600|28.125
1402408623|28.187
1402408645|28.125
1402408668|28.125
1402408690|28.187
1402408712|28.187
1402408735|28.187
1402408757|28.187
1402408780|28.187
1402408802|28.187
1402408825|28.187
1402408847|28.187
1402408870|28.187
1402408892|28.187
1402408915|28.187
1402408937|28.187
1402408960|28.187
1402408982|28.187
1402409005|28.187
1402409027|28.187
1402409050|28.187
1402409072|28.187
1402409094|28.187
1402409117|28.187
1402409139|28.187
1402409162|28.187
1402409184|28.187
1402409207|28.187
1402409229|28.187
1402409252|28.187
1402409274|28.187
1402409297|28.187
1402409319|28.187
1402409342|28.187
1402409364|28.187
1402409387|28.187
1402409409|28.187
1402409432|28.25
1402409454|28.187
1402409476|28.187
1402409499|28.187
1402409521|28.187
1402409544|28.187
1402409566|28.25
1402409589|28.187
1402409611|28.25
1402409634|28.187
1402409656|28.25
1402409679|28.25
1402409701|28.25
1402409724|28.25
1402409746|28.25
1402409769|28.25
1402409791|28.25
1402409813|28.25
1402409836|28.25
1402409858|28.25
1402409881|28.25
1402409903|28.25
1402409926|28.25
1402409948|28.25
1402409971|28.25
1402409993|28.25
1402410016|28.25
1402410038|28.25
1402410061|28.25
1402410083|28.25
1402410106|28.25
1402410128|28.25
1402410150|28.25
1402410173|28.25
1402410195|28.25
1402410218|28.25
1402410240|28.25
1402410263|28.25
1402410285|28.25
1402410308|28.25
1402410330|28.25
1402410353|28.25
1402410375|28.25
1402410398|28.25
1402410420|28.25
1402410443|28.25
1402410465|28.312
1402410487|28.312
1402410510|28.312
1402410532|28.312
1402410555|28.25
1402410577|28.25
1402410600|28.312
1402410622|28.25
1402410645|28.312
1402410667|28.312
1402410690|28.312
1402410713|28.312
1402410735|28.312
1402410758|28.312
1402410780|28.312
1402410803|28.312
1402410825|28.312
1402410848|28.312
1402410870|28.25
1402410893|28.25
1402410915|28.312
1402410937|28.25
1402410960|28.25
1402410982|28.25
1402411005|28.25
1402411027|28.25
1402411050|28.25
1402411072|28.25
1402411095|28.25
1402411117|28.25
1402411140|28.25
1402411162|28.25
1402411185|28.25
1402411207|28.25
1402411230|28.25
1402411252|28.25
1402411274|28.25
1402411297|28.25
1402411319|28.25
1402411342|28.25
1402411364|28.25
1402411387|28.25
1402411409|28.187
1402411432|28.25
1402411454|28.25
1402411477|28.25
1402411499|28.187
1402411522|28.187
1402411544|28.25
1402411567|28.187
1402411589|28.187
1402411612|28.187
1402411634|28.187
1402411657|28.187
1402411679|28.187
1402411701|28.187
1402411724|28.187
1402411746|28.187
1402411769|28.187
1402411791|28.187
1402411814|28.187
1402411836|28.187
1402411859|28.187
1402411881|28.187
1402411904|28.187
1402411926|28.187
1402411949|28.187
1402411971|28.187
1402411994|28.187
1402412016|28.187
1402412038|28.125
1402412061|28.125
1402412083|28.125
1402412106|28.125
1402412128|28.125
1402412151|28.125
1402412173|28.125
1402412196|28.125
1402412218|28.125
1402412241|28.125
1402412263|28.125
1402412286|28.125
1402412308|28.125
1402412331|28.125
1402412353|28.187
1402412375|28.187
1402412398|28.125
1402412420|28.125
1402412443|28.125
1402412465|28.187
1402412488|28.187
1402412510|28.187
1402412533|28.187
1402412555|28.187
1402412578|28.187
1402412600|28.187
1402412623|28.187
1402412645|28.187
1402412668|28.187
1402412690|28.187
1402412712|28.187
1402412735|28.187
1402412757|28.187
1402412780|28.187
1402412802|28.187
1402412825|28.187
1402412847|28.187
1402412870|28.187
1402412892|28.187
1402412915|28.187
1402412937|28.187
1402412960|28.187
1402412982|28.187
1402413005|28.187
1402413027|28.187
1402413049|28.187
1402413072|28.187
1402413094|28.187
1402413117|28.187
1402413139|28.25
1402413162|28.187
1402413184|28.187
1402413207|28.25
1402413229|28.25
1402413252|28.25
1402413274|28.187
1402413297|28.25
1402413319|28.25
1402413342|28.25
1402413364|28.25
1402413387|28.25
1402413409|28.25
1402413431|28.25
1402413454|28.25
1402413476|28.25
1402413499|28.25
1402413521|28.25
1402413544|28.25
1402413566|28.25
1402413589|28.25
1402413611|28.25
1402413634|28.25
1402413656|28.312
1402413679|28.25
1402413701|28.312
1402413724|28.25
1402413746|28.312
1402413768|28.312
1402413791|28.312
1402413813|28.312
1402413836|28.312
1402413858|28.312
1402413881|28.312
1402413903|28.312
1402413926|28.312
1402413948|28.312
1402413971|28.312
1402413993|28.312
1402414016|28.312
1402414038|28.312
1402414061|28.312
1402414083|28.312
1402414105|28.312
1402414128|28.312
1402414150|28.312
1402414173|28.312
1402414195|28.312
1402414218|28.312
1402414240|28.312
1402414263|28.312
1402414285|28.312
1402414308|28.312
1402414330|28.312
1402414353|28.312
1402414375|28.312
1402414398|28.312
1402414420|28.312
1402414443|28.312
1402414465|28.312
1402414488|28.312
1402414510|28.312
1402414532|28.312
1402414555|28.312
1402414577|28.312
1402414600|28.375
1402414622|28.375
1402414645|28.375
1402414667|28.312
1402414690|28.312
1402414712|28.312
1402414735|28.312
1402414757|28.375
1402414780|28.375
1402414802|28.312
1402414825|28.375
1402414847|28.375
1402414869|28.375
1402414892|28.375
1402414914|28.375
1402414937|28.375
1402414959|28.312
1402414982|28.312
1402415004|28.375
1402415027|28.312
1402415049|28.312
1402415072|28.312
1402415094|28.312
1402415117|28.375
1402415139|28.375
1402415162|28.312
1402415184|28.375
1402415206|28.312
1402415229|28.375
1402415251|28.375
1402415274|28.375
1402415296|28.375
1402415319|28.375
1402415341|28.312
1402415364|28.312
1402415386|28.375
1402415409|28.312
1402415431|28.375
1402415454|28.375
1402415476|28.375
1402415499|28.375
1402415521|28.375
1402415543|28.375
1402415566|28.375
1402415588|28.375
1402415611|28.312
1402415633|28.375
1402415656|28.375
1402415678|28.375
1402415701|28.375
1402415723|28.375
1402415746|28.375
1402415768|28.375
1402415791|28.375
1402415813|28.375
1402415836|28.312
1402415858|28.375
1402415881|28.375
1402415903|28.375
1402415926|28.375
1402415948|28.375
1402415970|28.375
1402415993|28.375
1402416015|28.312
1402416038|28.375
1402416060|28.312
1402416083|28.312
1402416105|28.375
1402416128|28.375
1402416150|28.312
1402416173|28.375
1402416195|28.312
1402416218|28.312
1402416240|28.375
1402416263|28.375
1402416285|28.312
1402416307|28.312
1402416330|28.312
1402416352|28.312
1402416375|28.312
1402416397|28.375
1402416420|28.375
1402416442|28.312
1402416465|28.375
1402416487|28.312
1402416510|28.312
1402416532|28.312
1402416555|28.312
1402416577|28.312
1402416600|28.312
1402416622|28.375
1402416644|28.312
1402416667|28.312
1402416689|28.312
1402416712|28.312
1402416734|28.312
1402416757|28.312
1402416779|28.375
1402416802|28.312
1402416824|28.312
1402416847|28.312
1402416869|28.312
1402416892|28.312
1402416914|28.312
1402416937|28.312
1402416959|28.312
1402416981|28.312
1402417004|28.312
1402417026|28.312
1402417049|28.312
1402417071|28.312
1402417094|28.312
1402417116|28.312
1402417139|28.25
1402417161|28.312
1402417184|28.312
1402417206|28.25
1402417229|28.25
1402417251|28.25
1402417274|28.25
1402417296|28.312
1402417319|28.25
1402417341|28.25
1402417363|28.25
1402417386|28.25
1402417408|28.25
1402417431|28.25
1402417453|28.25
1402417476|28.25
1402417498|28.25
1402417521|28.25
1402417543|28.25
1402417566|28.25
1402417588|28.25
1402417611|28.25
1402417633|28.25
1402417656|28.25
1402417678|28.25
1402417700|28.25
1402417723|28.25
1402417745|28.25
1402417768|28.25
1402417790|28.25
1402417813|28.25
1402417835|28.187
1402417858|28.187
1402417880|28.187
1402417903|28.25
1402417925|28.25
1402417948|28.25
1402417970|28.25
1402417993|28.25
1402418015|28.187
1402418037|28.187
1402418060|28.187
1402418082|28.187
1402418105|28.187
1402418127|28.187
1402418150|28.187
1402418172|28.187
1402418195|28.187
1402418217|28.187
1402418240|28.187
1402418262|28.187
1402418285|28.187
1402418307|28.187
1402418330|28.187
1402418352|28.187
1402418375|28.187
1402418397|28.187
1402418420|28.187
1402418442|28.187
1402418464|28.187
1402418487|28.187
1402418509|28.187
1402418532|28.187
1402418554|28.187
1402418577|28.187
1402418599|28.187
1402418622|28.187
1402418644|28.187
1402418667|28.187
1402418689|28.187
1402418712|28.187
1402418734|28.187
1402418757|28.187
1402418779|28.187
1402418801|28.187
1402418824|28.187
1402418846|28.187
1402418869|28.125
1402418891|28.187
1402418914|28.187
1402418936|28.187
1402418959|28.187
1402418981|28.187
1402419004|28.187
1402419026|28.125
1402419049|28.187
1402419071|28.187
1402419094|28.187
1402419116|28.187
1402419138|28.125
1402419161|28.187
1402419183|28.187
1402419206|28.187
1402419228|28.187
1402419251|28.125
1402419273|28.125
1402419296|28.187
1402419318|28.187
1402419341|28.187
1402419363|28.187
1402419386|28.125
1402419408|28.187
1402419431|28.187
1402419453|28.187
1402419475|28.187
1402419498|28.187
1402419520|28.187
1402419543|28.125
1402419565|28.125
1402419588|28.187
1402419610|28.125
1402419633|28.125
1402419655|28.125
1402419678|28.125
1402419700|28.187
1402419723|28.125
1402419745|28.187
1402419768|28.125
1402419790|28.187
1402419812|28.125
1402419835|28.125
1402419857|28.125
1402419880|28.125
1402419902|28.125
1402419925|28.125
1402419947|28.125
1402419970|28.125
1402419992|28.125
1402420015|28.125
1402420037|28.125
1402420060|28.125
1402420082|28.125
1402420105|28.125
1402420127|28.125
1402420150|28.125
1402420172|28.125
1402420195|28.125
1402420217|28.125
1402420239|28.125
1402420262|28.125
1402420284|28.187
1402420307|28.125
1402420329|28.125
1402420352|28.125
1402420374|28.125
1402420397|28.125
1402420419|28.125
1402420442|28.125
1402420464|28.125
1402420487|28.062
1402420509|28.062
1402420532|28.062
1402420554|28.062
1402420576|28.062
1402420599|28.062
1402420621|28.062
1402420644|28.062
1402420666|28.062
1402420689|28.062
1402420711|28.062
1402420734|28.062
1402420756|28.062
1402420779|28.062
1402420801|28.062
1402420824|28.062
1402420846|28.062
1402420869|28.062
1402420891|28.062
1402420913|28.062
1402420936|28.062
1402420958|28.062
1402420981|28.062
1402421003|28.062
1402421026|28.062
1402421048|28.062
1402421071|28.062
1402421093|28.062
1402421116|28.062
1402421138|28.062
1402421161|28.062
1402421183|28.062
1402421206|28.0
1402421228|28.062
1402421250|28.062
1402421273|28.062
1402421295|28.0
1402421318|28.0
1402421340|28.0
1402421363|28.0
1402421385|28.0
1402421408|28.0
1402421430|28.0
1402421453|28.0
1402421475|28.0
1402421498|28.0
1402421520|28.0
1402421543|28.0
1402421565|28.0
1402421588|28.0
1402421610|28.0
1402421632|28.0
1402421655|28.0
1402421677|28.0
1402421700|28.0
1402421722|28.0
1402421745|27.937
1402421767|27.937
1402421790|27.937
1402421812|28.0
1402421835|27.937
1402421857|27.937
1402421880|27.937
1402421902|27.937
1402421925|27.937
1402421947|27.937
1402421969|27.937
1402421992|27.937
1402422014|27.937
1402422037|27.937
1402422059|27.875
1402422082|27.875
1402422104|27.875
1402422127|27.875
1402422149|27.875
1402422172|27.875
1402422194|27.875
1402422217|27.875
1402422239|27.812
1402422262|27.812
1402422284|27.812
1402422306|27.812
1402422329|27.812
1402422351|27.75
1402422374|27.75
1402422396|27.687
1402422419|27.687
1402422441|27.687
1402422464|27.625
1402422486|27.625
1402422509|27.562
1402422531|27.625
1402422554|27.625
1402422576|27.625
1402422599|27.562
1402422621|27.625
1402422643|27.562
1402422666|27.562
1402422688|27.562
1402422711|27.562
1402422733|27.562
1402422756|27.5
1402422778|27.5
1402422801|27.5
1402422823|27.5
1402422846|27.437
1402422868|27.437
1402422891|27.437
1402422913|27.437
1402422936|27.437
1402422958|27.437
1402422981|27.437
1402423003|27.437
1402423026|27.437
1402423048|27.437
1402423070|27.375
1402423093|27.375
1402423115|27.375
1402423138|27.375
1402423160|27.375
1402423183|27.375
1402423205|27.375
1402423228|27.375
1402423250|27.375
1402423273|27.375
1402423295|27.375
1402423318|27.375
1402423340|27.375
1402423363|27.375
1402423385|27.375
1402423407|27.375
1402423430|27.375
1402423452|27.312
1402423475|27.312
1402423497|27.312
1402423520|27.312
1402423542|27.312
1402423565|27.312
1402423587|27.312
1402423610|27.312
1402423632|27.312
1402423655|27.312
1402423677|27.312
1402423700|27.312
1402423722|27.312
1402423744|27.312
1402423767|27.312
1402423789|27.312
1402423812|27.312
1402423834|27.312
1402423857|27.312
1402423879|27.312
1402423902|27.312
1402423924|27.312
1402423947|27.312
1402423969|27.312
1402423992|27.312
1402424014|27.312
1402424037|27.312
1402424059|27.312
1402424082|27.312
1402424104|27.312
1402424126|27.312
1402424149|27.312
1402424171|27.375
1402424194|27.375
1402424216|27.375
1402424239|27.375
1402424261|27.375
1402424284|27.375
1402424306|27.375
1402424329|27.375
1402424351|27.375
1402424374|27.375
1402424396|27.375
1402424419|27.375
1402424441|27.375
1402424464|27.375
1402424486|27.375
1402424508|27.437
1402424531|27.437
1402424553|27.437
1402424576|27.437
1402424598|27.437
1402424621|27.437
1402424643|27.437
1402424666|27.437
1402424688|27.437
1402424711|27.437
1402424733|27.437
1402424756|27.437
1402424778|27.437
1402424801|27.437
1402424823|27.437
1402424845|27.437
1402424868|27.437
1402424890|27.437
1402424913|27.437
1402424935|27.5
1402424958|27.5
1402424980|27.437
1402425003|27.5
