1404717121|32.812
1404717143|32.812
1404717166|32.812
1404717188|32.812
1404717211|32.812
1404717233|32.812
1404717256|32.812
1404717278|32.812
1404717301|32.812
1404717323|32.812
1404717346|32.812
1404717368|32.812
1404717391|32.812
1404717413|32.812
1404717436|32.812
1404717458|32.812
1404717481|32.75
1404717503|32.75
1404717526|32.75
1404717548|32.812
1404717571|32.812
1404717593|32.812
1404717616|32.812
1404717638|32.812
1404717661|32.812
1404717683|32.75
1404717706|32.812
1404717728|32.812
1404717751|32.812
1404717773|32.812
1404717796|32.812
1404717818|32.812
1404717841|32.812
1404717863|32.812
1404717886|32.812
1404717908|32.75
1404717931|32.812
1404717953|32.75
1404717976|32.75
1404717998|32.75
1404718021|32.75
1404718043|32.812
1404718066|32.812
1404718088|32.812
1404718111|32.812
1404718133|32.812
1404718156|32.812
1404718178|32.75
1404718201|32.812
1404718223|32.812
1404718246|32.75
1404718268|32.812
1404718291|32.812
1404718313|32.75
1404718336|32.812
1404718358|32.812
1404718381|32.812
1404718403|32.812
1404718426|32.75
1404718448|32.812
1404718471|32.812
1404718493|32.812
1404718516|32.812
1404718538|32.812
1404718561|32.812
1404718583|32.812
1404718606|32.75
1404718628|32.812
1404718651|32.812
1404718673|32.812
1404718696|32.812
1404718718|32.812
1404718741|32.812
1404718763|32.75
1404718786|32.812
1404718808|32.812
1404718831|32.812
1404718853|32.812
1404718876|32.812
1404718898|32.812
1404718921|32.812
1404718943|32.812
1404718966|32.812
1404718988|32.812
1404719011|32.812
1404719033|32.812
1404719056|32.812
1404719078|32.812
1404719101|32.812
1404719123|32.812
1404719146|32.812
1404719168|32.812
1404719191|32.812
1404719213|32.812
1404719236|32.812
1404719258|32.812
1404719281|32.812
1404719303|32.812
1404719326|32.812
1404719348|32.812
1404719371|32.812
1404719393|32.812
1404719416|32.812
1404719438|32.812
1404719461|32.812
1404719483|32.812
1404719506|32.812
1404719528|32.812
1404719551|32.812
1404719573|32.875
1404719596|32.875
1404719618|32.812
1404719641|32.812
1404719663|32.812
1404719686|32.875
1404719708|32.875
1404719731|32.875
1404719753|32.812
1404719776|32.875
1404719798|32.875
1404719821|32.875
1404719843|32.875
1404719866|32.875
1404719888|32.875
1404719911|32.875
1404719933|32.875
1404719956|32.875
1404719978|32.875
1404720001|32.875
1404720023|32.875
1404720047|32.875
1404720069|32.875
1404720092|32.875
1404720114|32.875
1404720137|32.875
1404720159|32.875
1404720182|32.875
1404720204|32.937
1404720227|32.875
1404720249|32.937
1404720272|32.937
1404720294|32.937
1404720317|32.937
1404720339|32.937
1404720362|32.937
1404720384|32.937
1404720407|32.937
1404720429|32.937
1404720452|32.937
1404720474|32.937
1404720497|32.937
1404720519|32.937
1404720542|32.937
1404720564|32.937
1404720587|32.937
1404720609|32.937
1404720632|33.0
1404720654|32.937
1404720677|32.937
1404720699|33.0
1404720722|33.0
1404720744|33.0
1404720767|33.0
1404720789|33.0
1404720812|33.0
1404720834|33.0
1404720857|33.0
1404720879|33.0
1404720902|33.0
1404720924|33.0
1404720947|33.062
1404720969|33.062
1404720992|33.062
1404721014|33.062
1404721037|33.062
1404721059|33.062
1404721082|33.0
1404721104|33.0
1404721127|33.062
1404721149|33.062
1404721172|33.062
1404721194|33.062
1404721217|33.062
1404721239|33.062
1404721262|33.062
1404721284|33.062
1404721307|33.062
1404721329|33.062
1404721352|33.062
1404721374|33.062
1404721397|33.062
1404721419|33.062
1404721442|33.125
1404721464|33.125
1404721487|33.125
1404721509|33.125
1404721532|33.125
1404721554|33.125
1404721577|33.125
1404721599|33.125
1404721622|33.125
1404721644|33.125
1404721667|33.125
1404721689|33.125
1404721712|33.125
1404721734|33.125
1404721757|33.125
1404721779|33.125
1404721802|33.187
1404721824|33.125
1404721847|33.125
1404721869|33.187
1404721892|33.187
1404721914|33.125
1404721937|33.125
1404721959|33.187
1404721982|33.187
1404722004|33.187
1404722027|33.187
1404722049|33.187
1404722072|33.187
1404722094|33.187
1404722117|33.187
1404722139|33.187
1404722162|33.187
1404722184|33.187
1404722207|33.187
1404722229|33.187
1404722252|33.187
1404722274|33.25
1404722297|33.25
1404722319|33.25
1404722342|33.25
1404722364|33.25
1404722387|33.25
1404722409|33.25
1404722432|33.25
1404722454|33.25
1404722477|33.25
1404722499|33.25
1404722522|33.25
1404722544|33.25
1404722567|33.25
1404722589|33.312
1404722612|33.312
1404722634|33.25
1404722657|33.312
1404722679|33.312
1404722702|33.312
1404722724|33.312
1404722747|33.312
1404722769|33.312
1404722792|33.312
1404722814|33.312
1404722837|33.312
1404722859|33.312
1404722882|33.312
1404722904|33.312
1404722927|33.312
1404722949|33.312
1404722972|33.312
1404722994|33.375
1404723017|33.375
1404723039|33.375
1404723062|33.375
1404723084|33.375
1404723107|33.375
1404723129|33.375
1404723152|33.375
1404723174|33.375
1404723197|33.375
1404723219|33.375
1404723242|33.375
1404723264|33.375
1404723287|33.375
1404723309|33.375
1404723332|33.437
1404723354|33.437
1404723377|33.437
1404723399|33.437
1404723422|33.437
1404723444|33.437
1404723467|33.437
1404723489|33.437
1404723512|33.437
1404723534|33.437
1404723557|33.437
1404723579|33.437
1404723602|33.437
1404723624|33.437
1404723647|33.5
1404723669|33.437
1404723692|33.5
1404723714|33.437
1404723737|33.5
1404723759|33.437
1404723782|33.437
1404723804|33.5
1404723827|33.5
1404723849|33.5
1404723872|33.5
1404723894|33.5
1404723917|33.5
1404723939|33.5
1404723962|33.5
1404723984|33.5
1404724007|33.5
1404724029|33.562
1404724052|33.5
1404724074|33.562
1404724097|33.562
1404724119|33.562
1404724142|33.562
1404724164|33.562
1404724187|33.562
1404724209|33.562
1404724232|33.562
1404724254|33.562
1404724277|33.562
1404724299|33.562
1404724322|33.625
1404724344|33.562
1404724367|33.625
1404724389|33.625
1404724412|33.562
1404724434|33.625
1404724457|33.625
1404724479|33.625
1404724502|33.625
1404724524|33.625
1404724547|33.625
1404724569|33.625
1404724592|33.625
1404724614|33.625
1404724637|33.625
1404724659|33.687
1404724682|33.687
1404724704|33.687
1404724727|33.687
1404724749|33.687
1404724772|33.687
1404724794|33.687
1404724817|33.687
1404724839|33.687
1404724862|33.687
1404724884|33.687
1404724907|33.75
1404724930|33.687
1404724952|33.75
1404724974|33.687
1404724997|33.75
1404725019|33.75
1404725042|33.75
1404725064|33.75
1404725087|33.75
1404725109|33.75
1404725132|33.75
1404725155|33.812
1404725177|33.812
1404725199|33.812
1404725222|33.812
1404725244|33.812
1404725267|33.812
1404725290|33.812
1404725312|33.812
1404725334|33.812
1404725357|33.812
1404725380|33.812
1404725402|33.812
1404725424|33.812
1404725447|33.812
1404725470|33.875
1404725492|33.812
1404725514|33.875
1404725537|33.875
1404725559|33.875
1404725582|33.875
1404725605|33.875
1404725627|33.875
1404725649|33.875
1404725672|33.875
1404725695|33.875
1404725717|33.875
1404725739|33.875
1404725762|33.875
1404725785|33.875
1404725807|33.875
1404725830|33.937
1404725852|33.937
1404725874|33.937
1404725897|33.937
1404725920|33.937
1404725942|33.937
1404725964|33.937
1404725987|33.937
1404726010|34.0
1404726032|33.937
1404726055|33.937
1404726077|34.0
1404726100|33.937
1404726122|34.0
1404726145|34.0
1404726167|34.0
1404726190|34.0
1404726212|34.062
1404726235|34.0
1404726257|34.062
1404726280|34.062
1404726302|34.062
1404726325|34.062
1404726347|34.062
1404726370|34.062
1404726392|34.125
1404726415|34.125
1404726437|34.125
1404726460|34.125
1404726482|34.125
1404726505|34.125
1404726527|34.125
1404726550|34.125
1404726572|34.125
1404726595|34.125
1404726617|34.187
1404726640|34.187
1404726662|34.187
1404726685|34.187
1404726707|34.187
1404726730|34.187
1404726752|34.187
1404726775|34.187
1404726797|34.187
1404726820|34.187
1404726842|34.25
1404726865|34.187
1404726887|34.25
1404726910|34.25
1404726932|34.25
1404726955|34.25
1404726977|34.25
1404727000|34.25
1404727022|34.25
1404727045|34.25
1404727067|34.312
1404727090|34.312
1404727112|34.312
1404727135|34.312
1404727157|34.312
1404727180|34.312
1404727202|34.312
1404727225|34.312
1404727247|34.312
1404727270|34.375
1404727292|34.375
1404727315|34.375
1404727337|34.375
1404727360|34.375
1404727382|34.375
1404727405|34.375
1404727427|34.437
1404727450|34.437
1404727472|34.437
1404727495|34.437
1404727517|34.437
1404727540|34.437
1404727562|34.437
1404727585|34.5
1404727607|34.437
1404727630|34.437
1404727652|34.5
1404727675|34.5
1404727697|34.437
1404727720|34.5
1404727742|34.5
1404727765|34.5
1404727787|34.5
1404727810|34.5
1404727832|34.5
1404727855|34.562
1404727877|34.562
1404727900|34.562
1404727922|34.562
1404727945|34.562
1404727967|34.562
1404727990|34.562
1404728012|34.562
1404728035|34.562
1404728057|34.562
1404728080|34.625
1404728102|34.562
1404728125|34.625
1404728147|34.625
1404728170|34.625
1404728192|34.625
1404728215|34.625
1404728237|34.625
1404728260|34.687
1404728282|34.687
1404728305|34.687
1404728327|34.687
1404728350|34.687
1404728372|34.687
1404728395|34.687
1404728417|34.75
1404728440|34.75
1404728462|34.75
1404728485|34.687
1404728507|34.75
1404728530|34.75
1404728552|34.75
1404728575|34.75
1404728597|34.75
1404728620|34.75
1404728642|34.812
1404728665|34.75
1404728687|34.812
1404728710|34.75
1404728732|34.812
1404728755|34.812
1404728777|34.812
1404728800|34.812
1404728822|34.875
1404728845|34.875
1404728867|34.875
1404728890|34.875
1404728912|34.875
1404728935|34.875
1404728957|34.875
1404728980|34.875
1404729002|34.875
1404729025|34.937
1404729047|34.937
1404729070|34.937
1404729092|34.937
1404729115|34.937
1404729137|34.937
1404729160|34.937
1404729182|34.937
1404729205|34.937
1404729227|34.937
1404729250|35.0
1404729272|35.0
1404729295|35.0
1404729317|35.0
1404729340|35.0
1404729362|35.0
1404729385|35.0
1404729407|35.0
1404729430|35.0
1404729452|35.062
1404729475|35.062
1404729497|35.062
1404729520|35.062
1404729542|35.0
1404729565|35.062
1404729587|35.062
1404729610|35.062
1404729632|35.062
1404729655|35.062
1404729677|35.062
1404729700|35.062
1404729722|35.125
1404729745|35.125
1404729767|35.125
1404729790|35.062
1404729812|35.125
1404729835|35.125
1404729857|35.125
1404729880|35.125
1404729902|35.125
1404729925|35.125
1404729947|35.125
1404729970|35.125
1404729992|35.125
1404730015|35.187
1404730038|35.187
1404730060|35.187
1404730082|35.187
1404730105|35.187
1404730128|35.187
1404730150|35.187
1404730172|35.187
1404730195|35.25
1404730217|35.25
1404730240|35.25
1404730263|35.25
1404730285|35.25
1404730307|35.25
1404730330|35.25
1404730353|35.25
1404730375|35.312
1404730397|35.312
1404730420|35.312
1404730443|35.312
1404730465|35.312
1404730488|35.312
1404730510|35.312
1404730533|35.312
1404730555|35.312
1404730578|35.375
1404730600|35.312
1404730623|35.375
1404730645|35.375
1404730668|35.375
1404730690|35.375
1404730713|35.375
1404730735|35.375
1404730758|35.375
1404730780|35.375
1404730803|35.437
1404730825|35.375
1404730848|35.437
1404730870|35.437
1404730893|35.437
1404730915|35.437
1404730938|35.437
1404730960|35.437
1404730983|35.437
1404731005|35.437
1404731028|35.437
1404731050|35.437
1404731073|35.5
1404731095|35.5
1404731118|35.5
1404731140|35.5
1404731163|35.5
1404731185|35.5
1404731208|35.5
1404731230|35.5
1404731253|35.5
1404731275|35.562
1404731298|35.562
1404731320|35.562
1404731343|35.562
1404731365|35.562
1404731388|35.562
1404731410|35.562
1404731433|35.625
1404731455|35.625
1404731478|35.625
1404731500|35.625
1404731523|35.625
