1406057693|29.312
1406057713|29.312
1406057733|29.312
1406057759|29.312
1406057779|29.312
1406057799|29.312
1406057820|29.312
1406057840|29.312
1406057860|29.312
1406057880|29.312
1406057900|29.312
1406057921|29.312
1406057941|29.312
1406057961|29.312
1406057981|29.312
1406058001|29.312
1406058021|29.312
1406058041|29.312
1406058061|29.312
1406058081|29.25
1406058101|29.312
1406058121|29.25
1406058141|29.312
1406058162|29.312
1406058182|29.312
1406058202|29.312
1406058222|29.312
1406058242|29.312
1406058262|29.312
1406058282|29.312
1406058302|29.312
1406058322|29.312
1406058342|29.312
1406058362|29.312
1406058382|29.312
1406058403|29.312
1406058423|29.25
1406058443|29.25
1406058463|29.25
1406058483|29.25
1406058504|29.25
1406058524|29.312
1406058544|29.25
1406058564|29.25
1406058584|29.312
1406058604|29.25
1406058624|29.312
1406058644|29.25
1406058664|29.25
1406058684|29.25
1406058704|29.25
1406058724|29.25
1406058744|29.25
1406058765|29.312
1406058785|29.25
1406058806|29.25
1406058826|29.312
1406058846|29.312
1406058866|29.25
1406058886|29.25
1406058906|29.25
1406058926|29.25
1406058946|29.25
1406058966|29.25
1406058986|29.25
1406059006|29.25
1406059026|29.25
1406059047|29.25
1406059067|29.25
1406059087|29.25
1406059107|29.25
1406059127|29.25
1406059148|29.25
1406059168|29.25
1406059188|29.25
1406059208|29.25
1406059228|29.25
1406059248|29.25
1406059268|29.25
1406059288|29.25
1406059308|29.25
1406059328|29.25
1406059348|29.25
1406059368|29.25
1406059388|29.25
1406059409|29.25
1406059429|29.25
1406059449|29.25
1406059469|29.25
1406059489|29.25
1406059509|29.25
1406059529|29.25
1406059549|29.25
1406059569|29.25
1406059589|29.25
1406059609|29.25
1406059629|29.25
1406059650|29.25
1406059670|29.25
1406059690|29.25
1406059710|29.25
1406059730|29.25
1406059751|29.25
1406059771|29.187
1406059791|29.25
1406059811|29.25
1406059831|29.25
1406059851|29.25
1406059871|29.25
1406059891|29.25
1406059911|29.25
1406059931|29.25
1406059951|29.187
1406059972|29.25
1406059992|29.25
1406060012|29.25
1406060032|29.25
1406060052|29.25
1406060072|29.25
1406060092|29.25
1406060112|29.25
1406060132|29.25
1406060152|29.25
1406060172|29.25
1406060192|29.187
1406060212|29.25
1406060233|29.25
1406060253|29.25
1406060273|29.25
1406060293|29.187
1406060313|29.187
1406060333|29.187
1406060353|29.25
1406060374|29.187
1406060394|29.25
1406060414|29.187
1406060434|29.187
1406060454|29.25
1406060474|29.187
1406060494|29.187
1406060514|29.187
1406060534|29.187
1406060555|29.187
1406060575|29.187
1406060595|29.187
1406060615|29.187
1406060635|29.187
1406060655|29.187
1406060675|29.187
1406060695|29.187
1406060715|29.187
1406060735|29.187
1406060755|29.187
1406060775|29.187
1406060795|29.187
1406060816|29.187
1406060836|29.187
1406060856|29.187
1406060876|29.187
1406060896|29.187
1406060916|29.187
1406060936|29.187
1406060956|29.187
1406060977|29.187
1406060997|29.187
1406061017|29.187
1406061037|29.187
1406061057|29.187
1406061077|29.187
1406061098|29.187
1406061118|29.187
1406061138|29.187
1406061158|29.187
1406061178|29.187
1406061198|29.187
1406061218|29.187
1406061238|29.187
1406061258|29.187
1406061278|29.187
1406061298|29.187
1406061318|29.187
1406061338|29.187
1406061359|29.187
1406061379|29.187
1406061399|29.187
1406061419|29.187
1406061439|29.187
1406061459|29.187
1406061479|29.187
1406061499|29.187
1406061519|29.187
1406061539|29.187
1406061559|29.187
1406061580|29.187
1406061600|29.187
1406061620|29.187
1406061640|29.187
1406061660|29.187
1406061680|29.187
1406061700|29.187
1406061721|29.187
1406061741|29.187
1406061761|29.187
1406061781|29.187
1406061801|29.187
1406061821|29.187
1406061841|29.187
1406061861|29.187
1406061881|29.125
1406061901|29.187
1406061921|29.187
1406061941|29.125
1406061961|29.125
1406061982|29.125
1406062002|29.125
1406062022|29.125
1406062042|29.125
1406062062|29.125
1406062082|29.187
1406062102|29.125
1406062122|29.125
1406062142|29.125
1406062162|29.125
1406062183|29.125
1406062203|29.125
1406062223|29.125
1406062243|29.125
1406062263|29.125
1406062283|29.125
1406062303|29.125
1406062324|29.125
1406062344|29.125
1406062364|29.125
1406062384|29.125
1406062404|29.125
1406062424|29.125
1406062444|29.125
1406062464|29.125
1406062484|29.125
1406062504|29.125
1406062524|29.125
1406062544|29.125
1406062564|29.125
1406062585|29.125
1406062605|29.125
1406062625|29.125
1406062645|29.125
1406062665|29.125
1406062685|29.125
1406062705|29.125
1406062725|29.125
1406062745|29.125
1406062765|29.125
1406062786|29.125
1406062806|29.125
1406062826|29.125
1406062846|29.125
1406062866|29.125
1406062886|29.125
1406062906|29.125
1406062927|29.125
1406062947|29.125
1406062967|29.125
1406062987|29.125
1406063007|29.125
1406063027|29.125
1406063047|29.125
1406063067|29.125
1406063087|29.125
1406063107|29.125
1406063127|29.125
1406063147|29.125
1406063167|29.125
1406063188|29.125
1406063208|29.125
1406063228|29.125
1406063248|29.125
1406063268|29.125
1406063288|29.125
1406063308|29.125
1406063328|29.062
1406063348|29.125
1406063368|29.062
1406063389|29.062
1406063409|29.062
1406063429|29.062
1406063449|29.062
1406063469|29.125
1406063489|29.062
1406063509|29.062
1406063530|29.062
1406063550|29.062
1406063570|29.062
1406063590|29.062
1406063610|29.062
1406063630|29.062
1406063650|29.062
1406063670|29.062
1406063690|29.062
1406063710|29.062
1406063730|29.062
1406063750|29.062
1406063770|29.062
1406063791|29.062
1406063811|29.062
1406063831|29.062
1406063851|29.062
1406063871|29.062
1406063891|29.062
1406063911|29.062
1406063931|29.062
1406063951|29.062
1406063971|29.062
1406063991|29.062
1406064012|29.062
1406064032|29.062
1406064052|29.062
1406064072|29.062
1406064093|29.062
1406064113|29.062
1406064133|29.062
1406064153|29.062
1406064173|29.062
1406064193|29.062
1406064213|29.062
1406064233|29.062
1406064253|29.062
1406064273|29.062
1406064293|29.062
1406064313|29.062
1406064334|29.062
1406064354|29.062
1406064374|29.062
1406064394|29.062
1406064414|29.062
1406064434|29.062
1406064454|29.062
1406064474|29.062
1406064494|29.062
1406064514|29.062
1406064534|29.062
1406064554|29.062
1406064574|29.0
1406064595|29.062
1406064615|29.062
1406064635|29.062
1406064655|29.062
1406064675|29.0
1406064696|29.062
1406064716|29.062
1406064736|29.0
1406064756|29.0
1406064776|29.062
1406064796|29.0
1406064816|29.0
1406064836|29.0
1406064856|29.0
1406064876|29.0
1406064896|29.062
1406064917|29.0
1406064937|29.0
1406064957|29.0
1406064977|29.0
1406064997|29.0
1406065017|29.0
1406065037|29.0
1406065057|29.0
1406065077|29.0
1406065097|29.0
1406065117|29.0
1406065137|29.0
1406065157|29.0
1406065178|29.0
1406065198|29.0
1406065218|29.0
1406065238|29.0
1406065258|29.0
1406065278|29.0
1406065298|29.0
1406065319|29.0
1406065339|29.0
1406065359|29.0
1406065379|29.0
1406065399|29.0
1406065419|29.0
1406065439|29.0
1406065459|29.0
1406065479|29.0
1406065499|29.0
1406065519|29.0
1406065540|29.0
1406065560|29.0
1406065580|29.0
1406065600|29.0
1406065620|29.0
1406065640|29.0
1406065660|29.0
1406065680|29.0
1406065700|29.0
1406065720|29.0
1406065740|29.0
1406065760|29.0
1406065781|29.0
1406065801|29.0
1406065821|28.937
1406065841|29.0
1406065861|29.0
1406065881|29.0
1406065901|28.937
1406065922|29.0
1406065942|29.0
1406065962|28.937
1406065982|28.937
1406066002|28.937
1406066022|28.937
1406066042|28.937
1406066062|28.937
1406066082|28.937
1406066102|28.937
1406066122|28.937
1406066143|28.937
1406066163|28.937
1406066183|28.937
1406066203|28.937
1406066223|28.937
1406066243|28.937
1406066263|28.937
1406066283|28.937
1406066303|28.937
1406066323|28.937
1406066343|28.937
1406066363|28.937
1406066383|28.937
1406066404|28.937
1406066424|28.937
1406066444|28.937
1406066464|28.937
1406066484|28.937
1406066504|28.937
1406066524|28.937
1406066545|28.937
1406066565|28.937
1406066585|28.937
1406066605|28.937
1406066625|28.937
1406066645|28.937
1406066665|28.937
1406066685|28.937
1406066705|28.937
1406066725|28.937
1406066746|28.937
1406066766|28.937
1406066786|28.937
1406066806|28.937
1406066826|28.937
1406066846|28.937
1406066866|28.937
1406066886|28.937
1406066906|28.937
1406066926|28.937
1406066946|28.937
1406066966|28.937
1406066986|28.937
1406067007|28.937
1406067027|28.937
1406067047|28.937
1406067067|28.937
1406067087|28.937
1406067107|28.875
1406067127|28.875
1406067147|28.937
1406067168|28.875
1406067188|28.937
1406067208|28.875
1406067228|28.937
1406067248|28.937
1406067268|28.937
1406067288|28.937
1406067308|28.875
1406067328|28.937
1406067349|28.875
1406067369|28.875
1406067389|28.875
1406067409|28.875
1406067429|28.875
1406067449|28.875
1406067469|28.875
1406067489|28.875
1406067509|28.875
1406067529|28.875
1406067549|28.875
1406067569|28.875
1406067590|28.875
1406067610|28.875
1406067630|28.875
1406067650|28.875
1406067670|28.875
1406067690|28.875
1406067710|28.875
1406067730|28.875
1406067750|28.875
1406067771|28.875
1406067791|28.875
1406067811|28.875
1406067831|28.875
1406067851|28.875
1406067871|28.875
1406067891|28.875
1406067911|28.875
1406067931|28.875
1406067952|28.875
1406067972|28.875
1406067992|28.875
1406068012|28.875
1406068032|28.875
1406068052|28.875
1406068072|28.875
1406068092|28.875
1406068112|28.875
1406068132|28.875
1406068152|28.875
1406068172|28.875
1406068193|28.875
1406068213|28.875
1406068233|28.875
1406068253|28.875
1406068273|28.875
1406068293|28.875
1406068313|28.875
1406068333|28.875
1406068353|28.812
1406068374|28.812
1406068394|28.875
1406068414|28.875
1406068434|28.812
1406068455|28.812
1406068475|28.875
1406068495|28.875
1406068515|28.812
1406068535|28.875
1406068555|28.812
1406068575|28.812
1406068595|28.875
1406068615|28.875
1406068635|28.875
1406068655|28.812
1406068675|28.812
1406068695|28.812
1406068716|28.812
1406068736|28.812
1406068756|28.812
1406068776|28.812
1406068796|28.812
1406068816|28.812
1406068836|28.812
1406068856|28.812
1406068876|28.812
1406068896|28.812
1406068917|28.812
1406068937|28.812
1406068957|28.812
1406068977|28.812
1406068997|28.812
1406069017|28.812
1406069038|28.812
1406069058|28.812
1406069078|28.812
1406069098|28.812
1406069119|28.812
1406069139|28.812
1406069159|28.812
1406069179|28.812
1406069199|28.812
1406069219|28.812
1406069239|28.812
1406069259|28.812
1406069279|28.812
1406069299|28.812
1406069319|28.812
1406069339|28.812
1406069360|28.812
1406069380|28.812
1406069400|28.812
1406069420|28.812
1406069440|28.812
1406069460|28.812
1406069480|28.812
1406069500|28.812
1406069520|28.812
1406069540|28.812
1406069560|28.812
1406069580|28.75
1406069600|28.75
1406069621|28.75
1406069641|28.812
1406069661|28.75
1406069681|28.75
1406069701|28.75
1406069721|28.75
1406069741|28.75
1406069762|28.75
1406069782|28.75
1406069802|28.75
1406069822|28.75
1406069842|28.75
1406069862|28.75
1406069882|28.75
1406069902|28.75
1406069922|28.75
1406069942|28.75
1406069962|28.75
1406069983|28.75
1406070003|28.75
1406070023|28.75
1406070043|28.75
1406070063|28.75
1406070083|28.75
1406070103|28.75
1406070123|28.75
1406070143|28.75
1406070163|28.75
1406070183|28.75
1406070203|28.75
1406070224|28.75
1406070244|28.75
1406070264|28.75
1406070284|28.75
1406070304|28.75
1406070324|28.75
1406070344|28.75
1406070365|28.75
1406070385|28.75
1406070405|28.75
1406070425|28.75
1406070445|28.75
1406070465|28.75
1406070485|28.75
1406070505|28.75
1406070525|28.75
1406070546|28.75
1406070566|28.75
1406070586|28.75
1406070606|28.75
1406070626|28.75
1406070646|28.75
1406070666|28.75
1406070686|28.687
1406070706|28.75
1406070726|28.687
1406070746|28.75
1406070766|28.75
1406070786|28.75
1406070807|28.687
1406070827|28.687
1406070847|28.687
1406070867|28.687
1406070887|28.687
1406070907|28.687
1406070927|28.687
1406070947|28.687
1406070968|28.75
1406070988|28.75
1406071008|28.75
1406071028|28.687
1406071048|28.687
1406071068|28.687
1406071088|28.687
1406071109|28.687
1406071129|28.687
1406071149|28.687
1406071169|28.687
1406071189|28.687
1406071209|28.687
1406071229|28.687
1406071249|28.687
1406071269|28.687
1406071289|28.687
1406071309|28.687
1406071329|28.687
1406071349|28.687
1406071370|28.687
1406071390|28.687
1406071410|28.687
1406071430|28.687
1406071450|28.687
1406071470|28.687
1406071490|28.687
1406071510|28.687
1406071530|28.687
1406071550|28.687
1406071571|28.687
1406071591|28.687
1406071611|28.687
1406071631|28.687
1406071651|28.687
1406071671|28.687
1406071692|28.687
1406071712|28.687
1406071732|28.687
1406071752|28.687
1406071773|28.687
1406071793|28.687
1406071813|28.687
1406071833|28.687
1406071853|28.625
1406071873|28.687
1406071893|28.625
1406071913|28.625
1406071933|28.687
1406071953|28.625
1406071974|28.687
1406071994|28.687
1406072014|28.687
1406072034|28.687
1406072054|28.687
1406072074|28.687
1406072094|28.625
1406072114|28.625
1406072134|28.625
1406072155|28.687
1406072175|28.625
1406072195|28.625
1406072215|28.625
1406072235|28.625
1406072255|28.687
1406072275|28.625
1406072296|28.625
1406072316|28.625
1406072336|28.625
1406072356|28.625
1406072376|28.625
1406072397|28.625
1406072417|28.625
1406072437|28.625
1406072457|28.625
1406072477|28.625
1406072497|28.625
1406072517|28.625
1406072537|28.625
1406072557|28.625
1406072577|28.625
1406072597|28.625
1406072617|28.625
1406072638|28.625
1406072658|28.625
1406072678|28.625
1406072698|28.625
1406072718|28.625
1406072738|28.625
1406072758|28.625
1406072778|28.625
1406072798|28.625
1406072818|28.625
1406072838|28.625
1406072858|28.625
1406072879|28.625
1406072899|28.625
1406072919|28.625
1406072939|28.625
1406072959|28.625
1406072979|28.625
1406072999|28.625
1406073020|28.625
1406073040|28.625
1406073060|28.625
1406073080|28.625
1406073100|28.625
1406073120|28.625
1406073140|28.625
1406073160|28.625
1406073180|28.625
1406073200|28.625
1406073221|28.625
1406073241|28.625
1406073261|28.625
1406073281|28.625
1406073301|28.562
1406073321|28.625
1406073341|28.562
1406073361|28.562
1406073381|28.625
1406073401|28.625
1406073421|28.625
1406073441|28.562
1406073461|28.562
1406073482|28.562
1406073502|28.562
1406073522|28.562
1406073542|28.562
1406073562|28.562
1406073582|28.562
1406073602|28.562
1406073622|28.562
1406073643|28.562
1406073663|28.562
1406073683|28.562
1406073703|28.562
1406073723|28.562
1406073743|28.562
1406073763|28.562
1406073783|28.562
1406073803|28.562
1406073824|28.562
1406073844|28.562
1406073864|28.562
1406073884|28.562
1406073904|28.562
1406073924|28.562
1406073944|28.562
1406073964|28.562
1406073984|28.562
1406074004|28.562
1406074024|28.562
1406074044|28.562
1406074064|28.562
1406074085|28.562
1406074105|28.562
1406074125|28.562
1406074145|28.562
1406074165|28.562
1406074185|28.562
1406074205|28.562
1406074225|28.562
1406074246|28.562
1406074266|28.562
1406074286|28.562
1406074306|28.562
1406074326|28.562
1406074346|28.562
1406074366|28.562
1406074386|28.562
1406074406|28.562
1406074427|28.562
1406074447|28.562
1406074467|28.562
1406074487|28.562
1406074507|28.562
1406074527|28.5
1406074547|28.562
1406074567|28.5
1406074587|28.5
1406074607|28.5
1406074627|28.5
1406074647|28.5
1406074669|28.562
1406074689|28.5
1406074709|28.5
1406074729|28.5
1406074749|28.5
1406074769|28.5
1406074789|28.5
1406074809|28.5
1406074829|28.5
1406074849|28.5
1406074869|28.5
1406074890|28.5
1406074910|28.5
1406074930|28.562
1406074950|28.5
1406074970|28.5
1406074991|28.5
1406075011|28.5
1406075031|28.5
1406075051|28.5
1406075071|28.5
1406075091|28.5
1406075111|28.5
1406075131|28.5
1406075151|28.5
1406075171|28.5
1406075191|28.5
1406075211|28.5
1406075232|28.5
1406075252|28.5
1406075272|28.5
1406075292|28.5
1406075312|28.5
1406075332|28.5
1406075352|28.5
1406075372|28.5
1406075392|28.5
1406075412|28.5
1406075432|28.5
1406075452|28.5
1406075473|28.5
1406075493|28.5
1406075513|28.5
1406075533|28.5
1406075553|28.5
1406075574|28.5
1406075594|28.437
1406075614|28.5
1406075634|28.5
1406075654|28.5
1406075674|28.437
1406075694|28.437
1406075714|28.437
1406075734|28.437
1406075754|28.437
1406075774|28.437
1406075794|28.437
1406075814|28.437
1406075835|28.437
1406075855|28.437
1406075875|28.437
1406075895|28.437
1406075915|28.437
1406075935|28.437
1406075955|28.437
1406075975|28.437
1406075995|28.437
1406076015|28.437
1406076035|28.437
1406076056|28.437
1406076076|28.437
1406076096|28.437
1406076116|28.437
1406076136|28.437
1406076157|28.437
1406076177|28.437
1406076197|28.437
1406076217|28.437
1406076237|28.437
1406076257|28.437
1406076277|28.437
1406076297|28.437
1406076318|28.437
1406076338|28.437
1406076358|28.437
1406076378|28.437
1406076398|28.437
1406076418|28.437
1406076438|28.437
1406076458|28.437
1406076478|28.437
1406076498|28.437
1406076518|28.437
1406076538|28.437
1406076559|28.375
1406076579|28.437
1406076599|28.375
1406076619|28.437
1406076639|28.437
1406076659|28.437
1406076679|28.437
1406076699|28.437
1406076719|28.437
1406076740|28.437
1406076760|28.375
1406076780|28.437
1406076800|28.437
1406076820|28.437
1406076840|28.437
1406076860|28.437
1406076881|28.375
1406076901|28.375
1406076921|28.437
1406076941|28.437
1406076961|28.375
1406076981|28.375
1406077001|28.375
1406077021|28.375
1406077041|28.375
1406077061|28.375
1406077081|28.375
1406077101|28.375
1406077121|28.375
1406077142|28.375
1406077162|28.375
1406077182|28.375
1406077202|28.375
1406077222|28.375
1406077242|28.375
1406077262|28.375
1406077282|28.375
1406077302|28.375
1406077322|28.375
1406077342|28.375
1406077363|28.375
1406077383|28.375
1406077403|28.375
1406077423|28.375
1406077443|28.375
1406077464|28.375
1406077484|28.375
1406077504|28.375
1406077524|28.375
1406077544|28.375
1406077564|28.312
1406077584|28.375
1406077604|28.312
1406077624|28.375
1406077644|28.375
1406077664|28.375
1406077684|28.375
1406077704|28.375
1406077725|28.375
1406077745|28.375
1406077765|28.312
1406077785|28.375
1406077805|28.375
1406077825|28.375
1406077845|28.375
1406077865|28.375
1406077885|28.312
1406077905|28.312
1406077925|28.312
1406077945|28.312
1406077966|28.312
1406077986|28.375
1406078006|28.312
1406078026|28.312
1406078046|28.312
1406078067|28.312
1406078087|28.312
1406078107|28.312
1406078127|28.312
1406078147|28.312
1406078167|28.312
1406078187|28.312
1406078207|28.312
1406078227|28.312
1406078247|28.312
1406078267|28.312
1406078287|28.312
1406078308|28.312
1406078328|28.312
1406078348|28.312
1406078368|28.312
1406078388|28.312
1406078408|28.312
1406078428|28.312
1406078448|28.312
1406078468|28.312
1406078488|28.312
1406078508|28.312
1406078528|28.312
1406078548|28.312
1406078569|28.312
1406078589|28.312
1406078609|28.312
1406078629|28.312
1406078649|28.312
1406078670|28.312
1406078690|28.312
1406078710|28.312
1406078730|28.312
1406078750|28.312
1406078770|28.312
1406078790|28.312
1406078810|28.312
1406078830|28.312
1406078850|28.312
1406078870|28.312
1406078890|28.312
1406078911|28.312
1406078931|28.25
1406078951|28.312
1406078971|28.312
1406078991|28.25
1406079011|28.25
1406079031|28.25
1406079051|28.25
1406079071|28.312
1406079091|28.312
1406079111|28.25
1406079131|28.25
1406079151|28.25
1406079172|28.25
1406079192|28.312
1406079212|28.312
1406079232|28.25
1406079252|28.25
1406079273|28.25
1406079293|28.25
1406079313|28.25
1406079333|28.25
1406079353|28.25
1406079373|28.25
1406079393|28.25
1406079413|28.25
1406079433|28.25
1406079453|28.25
1406079473|28.25
1406079494|28.25
1406079514|28.25
1406079534|28.25
1406079554|28.25
1406079574|28.25
1406079594|28.25
1406079614|28.25
1406079634|28.25
1406079654|28.25
1406079674|28.25
1406079694|28.25
1406079714|28.25
1406079734|28.25
1406079755|28.25
1406079775|28.25
1406079795|28.25
1406079815|28.25
1406079835|28.25
1406079856|28.25
1406079876|28.25
1406079896|28.25
1406079916|28.25
1406079936|28.25
1406079956|28.25
1406079976|28.25
1406079996|28.25
1406080016|28.25
1406080036|28.187
1406080057|28.25
1406080077|28.187
1406080097|28.187
1406080117|28.25
1406080137|28.25
1406080157|28.187
1406080177|28.25
1406080197|28.187
1406080217|28.25
1406080237|28.187
1406080257|28.187
1406080277|28.187
1406080297|28.187
1406080318|28.187
1406080338|28.187
1406080358|28.187
1406080378|28.187
1406080398|28.187
1406080418|28.187
1406080438|28.187
1406080459|28.187
1406080479|28.187
1406080499|28.187
1406080519|28.187
1406080539|28.187
1406080559|28.187
1406080579|28.187
1406080599|28.187
1406080619|28.187
1406080640|28.187
1406080660|28.187
1406080680|28.187
1406080700|28.187
1406080720|28.187
1406080740|28.187
1406080760|28.187
1406080780|28.187
1406080800|28.187
1406080820|28.187
1406080840|28.187
1406080860|28.187
1406080880|28.125
1406080901|28.125
1406080921|28.187
1406080941|28.187
1406080961|28.125
1406080981|28.187
1406081001|28.187
1406081021|28.125
1406081041|28.125
1406081062|28.125
1406081082|28.187
1406081102|28.125
1406081122|28.125
1406081142|28.125
1406081162|28.187
1406081182|28.125
1406081203|28.187
1406081223|28.187
1406081243|28.125
1406081263|28.125
1406081283|28.187
1406081303|28.125
1406081323|28.125
1406081343|28.125
1406081363|28.125
1406081383|28.125
1406081403|28.125
1406081423|28.125
1406081444|28.125
1406081464|28.125
1406081484|28.125
1406081504|28.125
1406081524|28.125
1406081544|28.125
1406081564|28.125
1406081584|28.125
1406081604|28.125
1406081624|28.125
1406081645|28.125
1406081665|28.125
1406081685|28.125
1406081705|28.125
1406081725|28.125
1406081745|28.125
1406081765|28.125
1406081786|28.125
1406081806|28.125
1406081826|28.125
1406081846|28.125
1406081866|28.125
1406081886|28.125
1406081906|28.125
1406081926|28.125
1406081946|28.125
1406081966|28.125
1406081986|28.125
1406082006|28.125
1406082027|28.125
1406082047|28.125
1406082067|28.125
1406082087|28.125
1406082107|28.062
1406082127|28.125
1406082147|28.062
1406082167|28.062
1406082187|28.062
1406082207|28.062
1406082227|28.062
1406082248|28.062
1406082268|28.062
1406082288|28.062
1406082308|28.062
1406082328|28.062
1406082348|28.062
1406082368|28.062
1406082389|28.062
1406082409|28.062
1406082429|28.062
1406082449|28.062
1406082469|28.062
1406082489|28.062
1406082509|28.062
1406082529|28.062
1406082549|28.062
1406082569|28.062
1406082589|28.062
1406082609|28.062
1406082630|28.062
1406082650|28.062
1406082670|28.062
1406082690|28.062
1406082710|28.062
1406082730|28.062
1406082750|28.062
1406082770|28.062
1406082790|28.062
1406082810|28.062
1406082830|28.062
1406082851|28.062
1406082871|28.062
1406082891|28.062
1406082911|28.062
1406082931|28.062
1406082951|28.062
1406082972|28.062
1406082992|28.062
1406083012|28.062
1406083032|28.062
1406083052|28.062
1406083072|28.0
1406083092|28.062
1406083112|28.0
1406083133|28.062
1406083153|28.062
1406083173|28.062
1406083193|28.062
1406083213|28.062
1406083233|28.0
1406083253|28.062
1406083273|28.0
1406083294|28.062
1406083314|28.062
1406083334|28.062
1406083354|28.0
1406083374|28.0
1406083394|28.0
1406083414|28.0
1406083434|28.0
1406083454|28.0
1406083474|28.0
1406083494|28.0
1406083515|28.0
1406083535|28.0
1406083555|28.0
1406083575|28.0
1406083596|28.0
1406083616|28.0
1406083636|28.0
1406083656|28.0
1406083676|28.0
1406083696|28.0
1406083716|28.0
1406083736|28.0
1406083756|28.0
1406083776|28.0
1406083796|28.0
1406083816|28.0
1406083837|28.0
1406083857|28.0
1406083877|28.0
1406083897|28.0
1406083917|28.0
1406083937|28.0
1406083957|28.0
1406083977|28.0
1406083997|28.0
1406084017|28.0
1406084037|28.0
1406084057|27.937
1406084077|28.0
1406084098|28.0
1406084118|28.0
1406084138|28.0
1406084158|28.0
1406084178|28.0
1406084200|28.0
1406084220|27.937
1406084240|28.0
1406084260|28.0
1406084280|27.937
1406084300|27.937
1406084320|27.937
1406084340|27.937
1406084360|27.937
1406084381|27.937
1406084401|27.937
1406084421|27.937
1406084441|27.937
1406084461|27.937
1406084481|27.937
1406084501|27.937
1406084521|27.937
1406084541|27.937
1406084561|27.937
1406084581|27.937
1406084601|27.937
1406084621|27.937
1406084642|27.937
1406084662|27.937
1406084682|27.937
1406084702|27.937
1406084722|27.937
1406084742|27.937
1406084762|27.937
1406084782|27.937
1406084803|27.937
1406084823|27.937
1406084843|27.937
1406084863|27.937
1406084883|27.937
1406084903|27.937
1406084924|27.937
1406084944|27.937
1406084964|27.937
1406084984|27.937
1406085004|27.937
1406085024|27.937
1406085044|27.937
1406085064|27.937
1406085084|27.937
1406085104|27.937
1406085125|27.937
1406085145|27.937
1406085165|27.937
1406085185|27.937
1406085205|27.937
1406085226|27.937
1406085246|27.875
1406085266|27.937
1406085286|27.875
1406085306|27.875
1406085326|27.937
1406085346|27.875
1406085366|27.937
1406085386|27.875
1406085406|27.937
1406085426|27.937
1406085448|27.937
1406085468|27.875
1406085488|27.875
1406085508|27.875
1406085528|27.937
1406085548|27.875
1406085568|27.875
1406085588|27.875
1406085609|27.875
1406085629|27.875
1406085649|27.875
1406085669|27.875
1406085689|27.875
1406085709|27.937
1406085729|27.875
1406085749|27.875
1406085770|27.875
1406085790|27.875
1406085810|27.875
1406085830|27.875
1406085850|27.875
1406085870|27.875
1406085890|27.875
1406085910|27.875
1406085930|27.875
1406085950|27.875
1406085970|27.875
1406085990|27.875
1406086011|27.875
1406086031|27.875
1406086051|27.875
1406086071|27.875
1406086091|27.875
1406086111|27.875
1406086131|27.875
1406086151|27.875
1406086171|27.875
1406086191|27.875
1406086212|27.875
1406086232|27.875
1406086252|27.875
1406086272|27.875
1406086292|27.812
1406086312|27.812
1406086332|27.875
1406086352|27.875
1406086373|27.875
1406086393|27.812
1406086413|27.875
1406086433|27.812
1406086453|27.875
1406086473|27.812
1406086493|27.812
1406086513|27.812
1406086533|27.812
1406086553|27.875
1406086574|27.812
1406086594|27.812
1406086614|27.812
1406086634|27.875
1406086654|27.812
1406086674|27.875
1406086694|27.812
1406086715|27.812
1406086735|27.812
1406086755|27.812
1406086775|27.812
1406086795|27.812
1406086815|27.812
1406086835|27.812
1406086855|27.812
1406086875|27.812
1406086896|27.812
1406086916|27.812
1406086936|27.812
1406086956|27.812
1406086976|27.812
1406086996|27.812
1406087017|27.812
1406087037|27.812
1406087057|27.812
1406087077|27.812
1406087097|27.812
1406087117|27.812
1406087137|27.812
1406087157|27.812
1406087177|27.812
1406087197|27.812
1406087217|27.812
1406087237|27.812
1406087257|27.812
1406087278|27.812
1406087298|27.812
1406087318|27.75
1406087338|27.812
1406087358|27.812
1406087378|27.812
1406087398|27.812
1406087418|27.812
1406087438|27.812
1406087458|27.812
1406087478|27.812
1406087499|27.812
1406087519|27.812
1406087539|27.812
1406087559|27.812
1406087580|27.812
1406087600|27.75
1406087620|27.75
1406087640|27.812
1406087660|27.812
1406087680|27.75
1406087700|27.75
1406087720|27.75
1406087740|27.75
1406087760|27.75
1406087780|27.75
1406087800|27.75
1406087820|27.75
1406087841|27.75
1406087861|27.75
1406087881|27.812
1406087901|27.75
1406087921|27.75
1406087941|27.75
1406087961|27.75
1406087981|27.75
1406088001|27.75
1406088021|27.75
1406088041|27.75
1406088061|27.75
1406088082|27.75
1406088102|27.75
1406088122|27.75
1406088142|27.75
1406088163|27.75
1406088183|27.75
1406088203|27.75
1406088223|27.75
1406088243|27.75
1406088263|27.75
1406088283|27.75
1406088303|27.75
1406088323|27.75
1406088343|27.75
1406088363|27.75
1406088383|27.75
1406088403|27.75
1406088424|27.75
1406088444|27.75
1406088464|27.687
1406088484|27.75
1406088504|27.75
1406088524|27.75
1406088544|27.75
1406088564|27.75
1406088584|27.687
1406088604|27.75
1406088624|27.75
1406088644|27.687
1406088664|27.687
1406088685|27.75
1406088705|27.75
1406088725|27.75
1406088745|27.687
1406088765|27.687
1406088786|27.687
1406088806|27.687
1406088826|27.687
1406088846|27.687
1406088866|27.687
1406088886|27.687
1406088906|27.687
1406088926|27.687
1406088946|27.687
1406088966|27.687
1406088986|27.687
1406089007|27.687
1406089027|27.687
1406089047|27.687
1406089067|27.687
1406089087|27.687
1406089107|27.687
1406089127|27.687
1406089147|27.687
1406089167|27.687
1406089187|27.687
1406089207|27.687
1406089227|27.687
1406089248|27.687
1406089268|27.687
1406089288|27.687
1406089308|27.687
1406089328|27.687
1406089348|27.687
1406089368|27.687
1406089389|27.687
1406089409|27.687
1406089429|27.687
1406089449|27.687
1406089469|27.687
1406089489|27.687
1406089509|27.687
1406089529|27.687
1406089549|27.687
1406089569|27.687
1406089590|27.687
1406089610|27.687
1406089630|27.687
1406089650|27.687
1406089670|27.687
1406089690|27.687
1406089710|27.687
1406089730|27.687
1406089750|27.687
1406089770|27.687
1406089790|27.687
1406089810|27.625
1406089830|27.687
1406089851|27.687
1406089871|27.687
1406089891|27.687
1406089911|27.687
1406089931|27.687
1406089951|27.625
1406089971|27.687
1406089992|27.687
1406090012|27.687
1406090032|27.625
1406090052|27.625
1406090072|27.625
1406090092|27.625
1406090112|27.625
1406090132|27.687
1406090152|27.687
1406090173|27.687
1406090193|27.687
1406090213|27.625
1406090233|27.625
1406090253|27.625
1406090273|27.625
1406090293|27.625
1406090313|27.625
1406090333|27.625
1406090353|27.625
1406090373|27.625
1406090393|27.625
1406090414|27.625
1406090434|27.625
1406090454|27.625
1406090474|27.625
1406090494|27.625
1406090514|27.625
1406090534|27.625
1406090554|27.625
1406090574|27.625
1406090595|27.625
1406090615|27.625
1406090635|27.625
1406090655|27.625
1406090675|27.625
1406090695|27.625
1406090715|27.625
1406090735|27.625
1406090756|27.625
1406090776|27.625
1406090796|27.625
1406090816|27.625
1406090836|27.625
1406090856|27.625
1406090876|27.625
1406090896|27.625
1406090916|27.625
1406090936|27.625
1406090956|27.625
1406090976|27.625
1406090996|27.625
1406091017|27.625
1406091037|27.625
1406091057|27.625
1406091077|27.625
1406091097|27.625
1406091117|27.625
1406091137|27.625
1406091157|27.625
1406091178|27.625
1406091198|27.625
1406091218|27.625
1406091238|27.625
1406091258|27.625
1406091278|27.625
1406091298|27.625
1406091318|27.625
1406091339|27.625
1406091359|27.625
1406091379|27.625
1406091399|27.562
1406091420|27.625
1406091440|27.625
1406091460|27.625
1406091480|27.625
1406091500|27.625
1406091520|27.562
1406091540|27.562
1406091560|27.625
1406091580|27.625
1406091600|27.625
1406091620|27.625
1406091640|27.625
1406091661|27.625
1406091681|27.625
1406091701|27.562
1406091721|27.625
1406091741|27.625
1406091761|27.562
1406091781|27.562
1406091801|27.625
1406091821|27.625
1406091842|27.562
1406091862|27.562
1406091882|27.562
1406091902|27.562
1406091922|27.562
1406091942|27.625
1406091962|27.625
1406091982|27.562
1406092003|27.562
1406092023|27.562
1406092043|27.562
1406092063|27.562
1406092083|27.562
1406092103|27.562
1406092123|27.562
1406092143|27.562
1406092163|27.562
1406092183|27.562
1406092203|27.562
1406092223|27.562
1406092243|27.562
1406092264|27.562
1406092284|27.562
1406092304|27.562
1406092324|27.562
1406092344|27.562
1406092364|27.562
1406092384|27.562
1406092404|27.562
1406092424|27.562
1406092444|27.562
1406092465|27.562
1406092485|27.562
1406092505|27.562
1406092525|27.562
1406092545|27.562
1406092565|27.562
1406092586|27.562
1406092606|27.562
1406092626|27.562
1406092646|27.562
1406092666|27.562
1406092686|27.562
1406092706|27.562
1406092726|27.562
1406092746|27.562
1406092766|27.562
1406092786|27.562
1406092808|27.562
1406092828|27.562
1406092848|27.562
1406092868|27.562
1406092888|27.562
1406092908|27.562
1406092928|27.562
1406092948|27.562
1406092968|27.562
1406092988|27.562
1406093008|27.562
1406093029|27.562
1406093049|27.562
1406093069|27.562
1406093089|27.562
1406093109|27.562
1406093129|27.562
1406093149|27.562
1406093169|27.562
1406093190|27.562
1406093210|27.562
1406093230|27.562
1406093250|27.562
1406093270|27.562
1406093290|27.562
1406093310|27.562
1406093330|27.562
1406093351|27.562
1406093371|27.562
1406093391|27.562
1406093411|27.562
1406093431|27.562
1406093451|27.562
1406093471|27.562
1406093491|27.562
1406093511|27.562
1406093531|27.562
1406093551|27.562
1406093571|27.562
1406093591|27.562
1406093612|27.562
1406093632|27.562
1406093652|27.562
1406093672|27.562
1406093692|27.562
1406093712|27.562
1406093732|27.562
1406093752|27.562
1406093772|27.562
1406093792|27.562
1406093813|27.562
1406093833|27.562
1406093853|27.562
1406093873|27.562
1406093893|27.562
1406093913|27.562
1406093933|27.562
1406093954|27.562
1406093974|27.562
1406093994|27.562
1406094014|27.562
1406094034|27.562
1406094054|27.562
1406094074|27.562
1406094094|27.562
1406094114|27.562
1406094134|27.562
1406094154|27.562
1406094174|27.562
1406094195|27.562
1406094215|27.562
1406094235|27.562
1406094255|27.562
1406094275|27.562
1406094295|27.562
1406094315|27.562
1406094335|27.562
1406094355|27.562
1406094375|27.562
1406094395|27.562
1406094416|27.562
1406094436|27.562
1406094456|27.562
1406094476|27.562
1406094496|27.562
1406094516|27.562
1406094537|27.562
1406094557|27.562
1406094577|27.562
1406094597|27.562
1406094617|27.562
1406094637|27.562
1406094657|27.5
1406094677|27.562
1406094697|27.562
1406094717|27.562
1406094737|27.562
1406094757|27.562
1406094777|27.562
1406094798|27.562
1406094818|27.562
1406094838|27.562
1406094858|27.562
1406094878|27.562
1406094898|27.562
1406094918|27.562
1406094938|27.562
1406094958|27.562
1406094978|27.562
1406094998|27.562
1406095019|27.562
1406095039|27.562
1406095059|27.562
1406095079|27.562
1406095099|27.562
1406095119|27.562
1406095140|27.562
1406095160|27.562
1406095180|27.562
1406095200|27.562
1406095220|27.562
1406095240|27.562
1406095260|27.562
1406095280|27.5
1406095300|27.562
1406095320|27.562
1406095340|27.562
1406095360|27.562
1406095380|27.562
1406095401|27.562
1406095421|27.5
1406095441|27.5
1406095461|27.562
1406095481|27.5
1406095501|27.562
1406095521|27.562
1406095541|27.5
1406095561|27.5
1406095581|27.562
1406095601|27.562
1406095621|27.5
1406095642|27.5
1406095662|27.5
1406095682|27.5
1406095702|27.5
1406095722|27.5
1406095743|27.5
1406095763|27.5
1406095783|27.562
1406095803|27.5
1406095823|27.5
1406095843|27.5
1406095863|27.5
1406095883|27.562
1406095903|27.5
1406095923|27.5
1406095943|27.5
1406095963|27.5
1406095983|27.5
1406096004|27.5
1406096024|27.5
1406096044|27.562
1406096064|27.5
1406096084|27.5
1406096104|27.562
1406096124|27.5
1406096144|27.5
1406096164|27.5
1406096184|27.562
1406096204|27.5
1406096224|27.562
1406096245|27.5
1406096265|27.562
1406096285|27.562
1406096305|27.562
1406096325|27.5
1406096345|27.5
1406096366|27.5
1406096386|27.5
1406096406|27.5
1406096426|27.562
1406096446|27.562
1406096466|27.562
1406096486|27.5
1406096506|27.562
1406096526|27.5
1406096546|27.5
1406096566|27.5
1406096586|27.562
1406096607|27.5
1406096627|27.5
1406096647|27.5
1406096667|27.5
1406096687|27.5
1406096707|27.5
1406096727|27.5
1406096748|27.5
1406096769|27.5
1406096789|27.5
1406096809|27.5
1406096829|27.5
1406096849|27.5
1406096869|27.5
1406096889|27.5
1406096909|27.5
1406096929|27.5
1406096950|27.5
1406096970|27.5
1406096990|27.5
1406097010|27.5
1406097030|27.5
1406097050|27.5
1406097070|27.5
1406097090|27.5
1406097111|27.5
1406097131|27.5
1406097151|27.5
1406097171|27.5
1406097191|27.5
1406097211|27.5
1406097231|27.5
1406097251|27.5
1406097271|27.5
1406097291|27.5
1406097311|27.5
1406097331|27.5
1406097351|27.5
1406097372|27.5
1406097392|27.5
1406097412|27.5
1406097432|27.5
1406097452|27.5
1406097472|27.5
1406097492|27.5
1406097512|27.5
1406097532|27.5
1406097552|27.562
1406097572|27.5
1406097593|27.5
1406097613|27.5
1406097633|27.5
1406097653|27.5
1406097673|27.5
1406097693|27.562
1406097714|27.5
1406097734|27.562
1406097754|27.5
1406097775|27.5
1406097795|27.5
1406097815|27.5
1406097835|27.5
1406097855|27.5
1406097875|27.5
1406097895|27.5
1406097915|27.5
1406097935|27.5
1406097955|27.5
1406097975|27.5
1406097995|27.5
1406098015|27.5
1406098036|27.5
1406098056|27.5
1406098076|27.5
1406098096|27.5
1406098116|27.5
1406098136|27.5
1406098156|27.5
1406098176|27.5
1406098196|27.5
1406098216|27.5
1406098236|27.562
1406098257|27.5
1406098277|27.5
1406098297|27.5
1406098317|27.5
1406098337|27.5
1406098357|27.5
1406098378|27.5
1406098398|27.5
1406098418|27.5
1406098438|27.5
1406098458|27.562
1406098478|27.562
1406098498|27.5
1406098518|27.5
1406098538|27.5
1406098558|27.5
1406098578|27.562
1406098598|27.562
1406098619|27.5
1406098639|27.5
1406098659|27.562
1406098679|27.5
1406098699|27.562
1406098719|27.562
1406098739|27.5
1406098759|27.5
1406098779|27.5
1406098799|27.5
1406098819|27.5
1406098839|27.5
1406098859|27.5
1406098880|27.5
1406098900|27.5
1406098920|27.5
1406098941|27.5
1406098961|27.5
1406098981|27.5
1406099001|27.5
1406099021|27.5
1406099041|27.5
1406099061|27.5
1406099081|27.5
1406099102|27.562
1406099122|27.5
1406099142|27.5
1406099162|27.562
1406099182|27.5
1406099202|27.5
1406099222|27.5
1406099242|27.5
1406099262|27.5
1406099282|27.562
1406099302|27.562
1406099322|27.5
1406099342|27.5
1406099363|27.562
1406099383|27.562
1406099403|27.562
1406099423|27.562
1406099443|27.5
1406099463|27.5
1406099483|27.5
1406099503|27.5
1406099523|27.5
1406099543|27.5
1406099564|27.562
1406099584|27.5
1406099604|27.5
1406099624|27.5
1406099644|27.562
1406099664|27.562
1406099684|27.5
1406099705|27.5
1406099725|27.5
1406099745|27.5
1406099765|27.5
1406099785|27.5
1406099805|27.562
1406099825|27.562
1406099845|27.562
1406099865|27.5
1406099885|27.562
1406099905|27.562
1406099925|27.5
1406099946|27.562
1406099966|27.562
1406099986|27.562
1406100006|27.562
1406100026|27.562
1406100046|27.562
1406100066|27.5
1406100086|27.5
1406100106|27.562
1406100126|27.562
1406100146|27.562
1406100167|27.5
1406100187|27.562
1406100207|27.5
1406100227|27.562
1406100247|27.5
1406100268|27.5
1406100288|27.562
1406100308|27.562
1406100328|27.5
1406100348|27.5
1406100368|27.5
1406100388|27.562
1406100408|27.562
1406100428|27.562
1406100448|27.5
1406100468|27.5
1406100488|27.562
1406100508|27.562
1406100529|27.562
1406100549|27.562
1406100569|27.562
1406100589|27.562
1406100609|27.562
1406100629|27.562
1406100649|27.562
1406100669|27.562
1406100689|27.562
1406100709|27.562
1406100729|27.5
1406100750|27.562
1406100770|27.562
1406100790|27.5
1406100810|27.562
1406100830|27.562
1406100850|27.562
1406100871|27.562
1406100891|27.562
1406100911|27.562
1406100931|27.562
1406100951|27.562
1406100972|27.562
1406100992|27.562
1406101012|27.5
1406101032|27.562
1406101052|27.562
1406101072|27.562
1406101092|27.562
1406101112|27.562
1406101132|27.562
1406101152|27.562
1406101172|27.562
1406101192|27.562
1406101212|27.562
1406101233|27.562
1406101253|27.562
1406101273|27.562
1406101293|27.562
1406101313|27.562
1406101333|27.562
1406101353|27.562
1406101373|27.562
1406101393|27.562
1406101413|27.562
1406101434|27.5
1406101454|27.562
1406101474|27.562
1406101494|27.562
1406101514|27.562
1406101534|27.562
1406101554|27.562
1406101575|27.562
1406101595|27.562
1406101615|27.562
1406101635|27.562
1406101655|27.562
1406101675|27.562
1406101695|27.562
1406101715|27.562
1406101736|27.562
1406101756|27.562
1406101776|27.562
1406101796|27.562
1406101816|27.562
1406101836|27.562
1406101856|27.562
1406101876|27.562
1406101896|27.562
1406101916|27.562
1406101936|27.562
1406101956|27.562
1406101976|27.562
1406101997|27.562
1406102017|27.562
1406102037|27.562
1406102057|27.562
1406102077|27.562
1406102097|27.562
1406102118|27.562
1406102138|27.5
1406102158|27.5
1406102178|27.5
1406102198|27.5
1406102218|27.562
1406102238|27.562
1406102258|27.562
1406102278|27.562
1406102298|27.562
1406102318|27.562
1406102339|27.562
1406102359|27.562
1406102379|27.562
1406102399|27.562
1406102419|27.562
1406102439|27.562
1406102459|27.562
1406102479|27.562
1406102499|27.562
1406102519|27.5
1406102539|27.562
1406102559|27.562
1406102579|27.562
1406102600|27.562
1406102620|27.562
1406102640|27.562
1406102660|27.562
1406102680|27.562
1406102700|27.562
1406102721|27.562
1406102741|27.562
1406102761|27.562
1406102781|27.562
1406102801|27.562
1406102821|27.562
1406102841|27.562
1406102861|27.562
1406102881|27.562
1406102901|27.562
1406102921|27.562
1406102941|27.562
1406102962|27.562
1406102982|27.562
1406103002|27.562
1406103022|27.562
1406103042|27.562
1406103062|27.562
1406103082|27.562
1406103102|27.562
1406103122|27.562
1406103142|27.562
1406103162|27.562
1406103182|27.562
1406103202|27.562
1406103223|27.562
1406103243|27.562
1406103263|27.562
1406103283|27.562
1406103303|27.562
1406103323|27.625
1406103344|27.562
1406103364|27.625
1406103384|27.625
1406103404|27.562
1406103424|27.625
1406103444|27.625
1406103464|27.625
1406103484|27.625
1406103504|27.625
1406103524|27.625
1406103544|27.625
1406103565|27.625
1406103585|27.625
1406103605|27.625
1406103625|27.562
1406103645|27.625
1406103665|27.625
1406103685|27.625
1406103705|27.625
1406103725|27.625
1406103745|27.625
1406103765|27.625
1406103785|27.625
1406103805|27.625
1406103826|27.625
1406103846|27.625
1406103866|27.625
1406103886|27.625
1406103906|27.625
1406103926|27.625
1406103947|27.625
1406103967|27.625
1406103987|27.625
1406104007|27.625
1406104027|27.625
1406104047|27.625
1406104067|27.625
1406104087|27.625
1406104107|27.625
1406104128|27.625
1406104148|27.625
1406104168|27.625
1406104188|27.625
1406104208|27.625
1406104228|27.625
1406104248|27.625
1406104268|27.625
1406104288|27.625
1406104308|27.625
1406104328|27.625
1406104348|27.625
1406104368|27.625
1406104389|27.625
1406104409|27.625
1406104429|27.625
1406104449|27.625
1406104469|27.625
1406104489|27.625
1406104509|27.625
1406104529|27.625
1406104549|27.687
1406104570|27.625
1406104590|27.687
1406104610|27.625
1406104630|27.687
1406104650|27.687
1406104670|27.687
1406104690|27.687
1406104710|27.687
1406104730|27.687
1406104751|27.687
1406104771|27.687
1406104791|27.687
1406104811|27.687
1406104831|27.687
1406104851|27.687
1406104871|27.687
1406104891|27.687
1406104911|27.687
1406104931|27.687
1406104951|27.687
1406104971|27.687
1406104992|27.687
1406105012|27.687
1406105032|27.687
1406105052|27.687
1406105072|27.687
1406105092|27.687
1406105112|27.687
1406105132|27.687
1406105152|27.687
1406105173|27.687
1406105193|27.687
1406105213|27.687
1406105233|27.687
1406105253|27.687
1406105273|27.687
1406105293|27.687
1406105314|27.687
1406105334|27.687
1406105354|27.687
1406105374|27.687
1406105394|27.687
1406105414|27.687
1406105434|27.687
1406105454|27.687
1406105474|27.687
1406105494|27.687
1406105514|27.687
1406105534|27.687
1406105554|27.687
1406105575|27.687
1406105595|27.687
1406105615|27.687
1406105635|27.687
1406105655|27.687
1406105675|27.687
1406105695|27.687
1406105715|27.75
1406105735|27.75
1406105756|27.687
1406105776|27.687
1406105796|27.687
1406105816|27.687
1406105836|27.75
1406105856|27.75
1406105876|27.75
1406105897|27.687
1406105917|27.687
1406105937|27.687
1406105957|27.687
1406105977|27.687
1406105997|27.75
1406106017|27.687
1406106037|27.75
1406106057|27.75
1406106077|27.75
1406106097|27.75
1406106117|27.75
1406106137|27.75
1406106158|27.75
1406106178|27.75
1406106198|27.75
1406106218|27.75
1406106238|27.75
1406106258|27.75
1406106278|27.75
1406106298|27.75
1406106318|27.75
1406106338|27.75
1406106358|27.75
1406106379|27.75
1406106399|27.75
1406106419|27.75
1406106439|27.75
1406106459|27.75
1406106480|27.75
1406106500|27.75
1406106520|27.75
1406106540|27.75
1406106560|27.75
1406106580|27.75
1406106600|27.75
1406106620|27.75
1406106640|27.75
1406106660|27.75
1406106680|27.75
1406106700|27.75
1406106720|27.75
1406106741|27.75
1406106761|27.75
1406106781|27.75
1406106801|27.75
1406106821|27.75
1406106841|27.75
1406106861|27.75
1406106881|27.75
1406106901|27.75
1406106921|27.75
1406106941|27.812
1406106961|27.812
1406106982|27.75
1406107002|27.75
1406107022|27.75
1406107042|27.75
1406107062|27.75
1406107083|27.75
1406107103|27.75
1406107123|27.75
1406107143|27.75
1406107163|27.812
1406107183|27.75
1406107203|27.75
1406107223|27.812
1406107243|27.812
1406107263|27.812
1406107283|27.812
1406107304|27.812
1406107324|27.812
1406107344|27.812
1406107364|27.812
1406107384|27.812
1406107404|27.812
1406107424|27.812
1406107444|27.812
1406107464|27.812
1406107484|27.812
1406107504|27.812
1406107524|27.812
1406107544|27.812
1406107565|27.812
1406107585|27.812
1406107605|27.812
1406107625|27.812
1406107645|27.812
1406107665|27.812
1406107686|27.812
1406107706|27.812
1406107726|27.812
1406107746|27.812
1406107766|27.812
1406107786|27.812
1406107807|27.812
1406107827|27.812
1406107847|27.812
1406107867|27.812
1406107887|27.812
1406107907|27.812
1406107927|27.812
1406107947|27.812
1406107967|27.812
1406107987|27.812
1406108007|27.812
1406108027|27.812
1406108048|27.812
1406108068|27.812
1406108088|27.812
1406108108|27.812
1406108128|27.812
1406108148|27.812
1406108168|27.812
1406108188|27.812
1406108208|27.812
1406108228|27.875
1406108248|27.875
1406108269|27.812
1406108289|27.812
1406108309|27.812
1406108329|27.812
1406108349|27.875
1406108370|27.812
1406108390|27.812
1406108410|27.875
1406108430|27.875
1406108450|27.812
1406108470|27.812
1406108490|27.875
1406108510|27.812
1406108530|27.875
1406108550|27.812
1406108571|27.812
1406108591|27.875
1406108611|27.875
1406108631|27.875
1406108651|27.875
1406108671|27.875
1406108691|27.875
1406108711|27.875
1406108731|27.875
1406108751|27.875
1406108771|27.875
1406108791|27.875
1406108811|27.875
1406108832|27.875
1406108852|27.875
1406108872|27.875
1406108893|27.875
1406108913|27.875
1406108933|27.875
1406108953|27.875
1406108973|27.875
1406108993|27.875
1406109013|27.875
1406109034|27.875
1406109054|27.875
1406109074|27.875
1406109094|27.875
1406109114|27.875
1406109134|27.875
1406109154|27.937
1406109174|27.875
1406109194|27.875
1406109214|27.875
1406109235|27.875
1406109255|27.875
1406109275|27.875
1406109295|27.875
1406109315|27.875
1406109335|27.875
1406109355|27.875
1406109375|27.937
1406109395|27.875
1406109415|27.875
1406109435|27.875
1406109455|27.875
1406109475|27.937
1406109496|27.937
1406109516|27.875
1406109536|27.875
1406109556|27.875
1406109576|27.875
1406109596|27.875
1406109616|27.937
1406109636|27.937
1406109657|27.875
1406109677|27.875
1406109697|27.937
1406109717|27.875
1406109737|27.937
1406109757|27.937
1406109777|27.937
1406109797|27.937
1406109817|27.937
1406109837|27.937
1406109857|27.937
1406109878|27.937
1406109898|27.937
1406109918|27.937
1406109938|27.937
1406109958|27.937
1406109978|27.937
1406109998|27.937
1406110018|27.937
1406110038|27.937
1406110058|27.937
1406110078|27.937
1406110098|27.937
1406110118|27.937
1406110139|27.937
1406110159|27.937
1406110179|27.937
1406110199|27.937
1406110219|27.937
1406110239|27.937
1406110260|27.937
1406110280|27.937
1406110300|27.937
1406110320|27.937
1406110340|28.0
1406110360|27.937
1406110380|27.937
1406110400|27.937
1406110420|28.0
1406110440|27.937
1406110460|27.937
1406110481|27.937
1406110501|28.0
1406110521|28.0
1406110541|28.0
1406110561|28.0
1406110581|28.0
1406110601|28.0
1406110621|28.0
1406110641|28.0
1406110663|28.0
1406110683|28.0
1406110703|28.0
1406110723|28.0
1406110743|28.0
1406110763|28.0
1406110783|28.0
1406110803|28.0
1406110823|28.0
1406110843|28.0
1406110864|28.0
1406110884|28.0
1406110904|28.0
1406110924|28.0
1406110944|28.0
1406110964|28.0
1406110984|28.0
1406111004|28.0
1406111025|28.0
1406111045|28.0
1406111065|28.0
1406111085|28.0
1406111105|28.0
1406111125|28.0
1406111145|28.0
1406111165|28.0
1406111185|28.0
1406111205|28.0
1406111226|28.0
1406111246|28.0
1406111266|28.0
1406111286|28.0
1406111306|28.0
1406111326|28.0
1406111346|28.0
1406111366|28.062
1406111386|28.062
1406111406|28.062
1406111426|28.0
1406111446|28.062
1406111467|28.062
1406111487|28.062
1406111507|28.062
1406111527|28.0
1406111547|28.062
1406111567|28.062
1406111587|28.062
1406111607|28.062
1406111627|28.062
1406111648|28.062
1406111668|28.062
1406111688|28.062
1406111708|28.062
1406111728|28.062
1406111748|28.062
1406111768|28.062
1406111788|28.062
1406111809|28.062
1406111829|28.062
1406111849|28.062
1406111869|28.062
1406111889|28.062
1406111909|28.062
1406111929|28.062
1406111949|28.062
1406111969|28.062
1406111989|28.062
1406112009|28.062
1406112029|28.062
1406112049|28.062
1406112070|28.062
1406112090|28.062
1406112110|28.062
1406112130|28.062
1406112150|28.062
1406112170|28.062
1406112190|28.125
1406112210|28.062
1406112230|28.062
1406112251|28.125
1406112271|28.125
1406112291|28.062
1406112311|28.062
1406112331|28.062
1406112351|28.125
1406112371|28.125
1406112392|28.125
1406112412|28.125
1406112432|28.062
1406112452|28.062
1406112472|28.125
1406112492|28.125
1406112512|28.125
1406112532|28.125
1406112552|28.125
1406112572|28.125
1406112592|28.125
1406112612|28.125
1406112633|28.125
1406112653|28.125
1406112673|28.125
1406112693|28.062
1406112713|28.125
1406112733|28.125
1406112753|28.125
1406112773|28.125
1406112793|28.125
1406112813|28.125
1406112833|28.125
1406112853|28.125
1406112873|28.125
1406112894|28.125
1406112914|28.125
1406112934|28.187
1406112954|28.187
1406112975|28.187
1406112995|28.187
1406113015|28.187
1406113035|28.187
1406113055|28.187
1406113075|28.125
1406113095|28.187
1406113115|28.187
1406113135|28.125
1406113155|28.187
1406113175|28.187
1406113195|28.187
1406113215|28.187
1406113236|28.187
1406113256|28.187
1406113276|28.187
1406113296|28.187
1406113316|28.187
1406113336|28.187
1406113356|28.187
1406113376|28.187
1406113396|28.187
1406113416|28.187
1406113436|28.187
1406113457|28.187
1406113477|28.187
1406113497|28.187
1406113517|28.187
1406113537|28.187
1406113558|28.187
1406113578|28.187
1406113598|28.187
1406113618|28.187
1406113638|28.187
1406113658|28.25
1406113678|28.187
1406113698|28.187
1406113719|28.187
1406113739|28.187
1406113759|28.25
1406113779|28.25
1406113799|28.187
1406113819|28.25
1406113839|28.25
1406113859|28.25
1406113879|28.25
1406113899|28.25
1406113919|28.25
1406113939|28.25
1406113960|28.25
1406113980|28.25
1406114000|28.25
1406114020|28.25
1406114040|28.25
1406114060|28.25
1406114080|28.25
1406114100|28.25
1406114120|28.25
1406114140|28.25
1406114161|28.25
1406114181|28.25
1406114201|28.25
1406114221|28.25
1406114241|28.25
1406114261|28.25
1406114282|28.25
1406114302|28.25
1406114323|28.25
1406114343|28.25
1406114363|28.25
1406114383|28.25
1406114403|28.25
1406114423|28.25
1406114443|28.312
1406114463|28.25
1406114483|28.312
1406114503|28.25
1406114523|28.312
1406114543|28.312
1406114564|28.312
1406114584|28.312
1406114604|28.312
1406114624|28.312
1406114644|28.25
1406114664|28.312
1406114684|28.312
1406114704|28.312
1406114724|28.312
1406114744|28.312
1406114764|28.312
1406114784|28.312
1406114805|28.312
1406114825|28.312
1406114845|28.312
1406114865|28.312
1406114885|28.312
1406114905|28.312
1406114926|28.312
1406114946|28.312
1406114966|28.312
1406114986|28.312
1406115006|28.312
1406115026|28.312
1406115046|28.312
1406115067|28.312
1406115087|28.312
1406115107|28.312
1406115127|28.312
1406115147|28.312
1406115167|28.312
1406115187|28.375
1406115207|28.375
1406115228|28.375
1406115248|28.375
1406115268|28.375
1406115288|28.375
1406115308|28.375
1406115328|28.375
1406115348|28.375
1406115369|28.375
1406115389|28.375
1406115409|28.375
1406115429|28.375
1406115449|28.375
1406115469|28.375
1406115489|28.375
1406115509|28.375
1406115529|28.375
1406115549|28.375
1406115570|28.375
1406115590|28.375
1406115610|28.375
1406115630|28.375
1406115650|28.375
1406115670|28.375
1406115691|28.375
1406115711|28.375
1406115731|28.375
1406115751|28.437
1406115771|28.375
1406115791|28.375
1406115811|28.375
1406115831|28.437
1406115851|28.437
1406115871|28.375
1406115891|28.375
1406115911|28.437
1406115931|28.437
1406115952|28.437
1406115972|28.437
1406115992|28.437
1406116013|28.437
1406116033|28.437
1406116053|28.437
1406116073|28.437
1406116093|28.437
1406116113|28.437
1406116134|28.437
1406116154|28.437
1406116174|28.437
1406116194|28.437
1406116214|28.437
1406116235|28.437
1406116255|28.437
1406116275|28.437
1406116295|28.437
1406116315|28.437
1406116335|28.437
1406116355|28.437
1406116375|28.437
1406116395|28.437
1406116415|28.437
1406116436|28.437
1406116456|28.437
1406116476|28.437
1406116496|28.5
1406116516|28.5
1406116536|28.5
1406116556|28.5
1406116576|28.5
1406116597|28.5
1406116617|28.5
1406116637|28.5
1406116657|28.5
1406116677|28.5
1406116697|28.5
1406116717|28.5
1406116737|28.5
1406116757|28.5
1406116777|28.5
1406116797|28.5
1406116817|28.5
1406116838|28.5
1406116858|28.5
1406116878|28.5
1406116898|28.5
1406116918|28.5
1406116938|28.5
1406116958|28.5
1406116978|28.5
1406116998|28.5
1406117018|28.5
1406117039|28.5
1406117059|28.562
1406117079|28.562
1406117100|28.562
1406117120|28.562
1406117140|28.562
1406117160|28.562
1406117180|28.562
1406117200|28.562
1406117220|28.562
1406117240|28.562
1406117261|28.562
1406117281|28.562
1406117301|28.562
1406117321|28.562
1406117341|28.562
1406117361|28.562
1406117381|28.562
1406117401|28.562
1406117421|28.562
1406117442|28.562
1406117462|28.562
1406117482|28.562
1406117502|28.562
1406117522|28.562
1406117542|28.562
1406117562|28.562
1406117582|28.562
1406117602|28.562
1406117622|28.625
1406117642|28.562
1406117662|28.625
1406117683|28.625
1406117703|28.625
1406117723|28.625
1406117743|28.625
1406117763|28.625
1406117783|28.625
1406117803|28.625
1406117823|28.625
1406117843|28.625
1406117863|28.625
1406117883|28.625
1406117903|28.625
1406117924|28.625
1406117944|28.625
1406117964|28.625
1406117984|28.625
1406118004|28.625
1406118025|28.625
1406118045|28.625
1406118065|28.625
1406118085|28.625
1406118105|28.687
1406118125|28.625
1406118145|28.625
1406118165|28.625
1406118185|28.625
1406118205|28.625
1406118225|28.687
1406118245|28.687
1406118265|28.625
1406118286|28.625
1406118306|28.687
1406118326|28.687
1406118346|28.687
1406118366|28.687
1406118386|28.687
1406118406|28.687
1406118426|28.687
1406118446|28.687
1406118466|28.687
1406118486|28.687
1406118506|28.687
1406118527|28.687
1406118547|28.687
1406118567|28.687
1406118587|28.687
1406118607|28.687
1406118629|28.687
1406118649|28.687
1406118669|28.687
1406118689|28.687
1406118709|28.687
1406118729|28.687
1406118749|28.687
1406118769|28.687
1406118790|28.75
1406118810|28.75
1406118830|28.687
1406118850|28.687
1406118870|28.75
1406118890|28.75
1406118910|28.687
1406118930|28.75
1406118950|28.75
1406118970|28.75
1406118990|28.75
1406119010|28.75
1406119031|28.75
1406119051|28.75
1406119071|28.75
1406119091|28.75
1406119111|28.75
1406119131|28.75
1406119151|28.75
1406119171|28.75
1406119191|28.75
1406119211|28.75
1406119231|28.75
1406119251|28.75
1406119272|28.75
1406119292|28.75
1406119312|28.812
1406119332|28.75
1406119352|28.812
1406119372|28.812
1406119393|28.75
1406119413|28.812
1406119433|28.812
1406119453|28.812
1406119473|28.812
1406119493|28.812
1406119514|28.812
1406119534|28.812
1406119554|28.812
1406119574|28.812
1406119594|28.812
1406119614|28.812
1406119634|28.812
1406119654|28.812
1406119675|28.812
1406119695|28.812
1406119715|28.812
1406119735|28.812
1406119755|28.812
1406119775|28.812
1406119795|28.875
1406119815|28.812
1406119835|28.812
1406119855|28.812
1406119875|28.875
1406119895|28.812
1406119916|28.812
1406119936|28.812
1406119956|28.812
1406119976|28.875
1406119996|28.875
1406120016|28.812
1406120036|28.875
1406120057|28.812
1406120077|28.875
1406120097|28.875
1406120117|28.875
1406120137|28.875
1406120157|28.875
1406120177|28.875
1406120197|28.875
1406120217|28.875
1406120237|28.875
1406120257|28.875
1406120278|28.875
1406120298|28.875
1406120318|28.875
1406120338|28.875
1406120358|28.875
1406120378|28.875
1406120398|28.875
1406120418|28.875
1406120439|28.875
1406120459|28.875
1406120479|28.875
1406120499|28.875
1406120519|28.875
1406120539|28.875
1406120559|28.875
1406120579|28.875
1406120599|28.875
1406120619|28.875
1406120639|28.875
1406120659|28.875
1406120680|28.875
1406120700|28.937
1406120720|28.937
1406120740|28.937
1406120760|28.937
1406120781|28.937
1406120801|28.937
1406120821|28.937
1406120841|28.937
1406120861|28.937
1406120881|28.937
1406120901|28.937
1406120921|28.937
1406120941|28.937
1406120961|28.937
1406120981|28.937
1406121003|28.937
1406121023|28.937
1406121043|28.937
1406121063|28.937
1406121083|28.937
1406121103|28.937
1406121123|28.937
1406121144|28.937
1406121164|28.937
1406121184|29.0
1406121204|28.937
1406121224|28.937
1406121244|28.937
1406121264|29.0
1406121284|28.937
1406121304|29.0
1406121324|29.0
1406121344|29.0
1406121364|29.0
1406121384|29.0
1406121405|29.0
1406121425|29.0
1406121445|29.0
1406121465|29.0
1406121485|29.0
1406121505|29.0
1406121525|29.0
1406121546|29.0
1406121566|29.0
1406121586|29.0
1406121606|29.0
1406121626|29.0
1406121646|29.0
1406121666|29.0
1406121686|29.0
1406121706|29.0
1406121727|29.0
1406121747|29.0
1406121767|29.0
1406121787|29.0
1406121807|29.0
1406121827|29.062
1406121847|29.0
1406121867|29.062
1406121887|29.062
1406121907|29.0
1406121927|29.062
1406121947|29.062
1406121967|29.062
1406121988|29.062
1406122008|29.0
1406122028|29.0
1406122048|29.062
1406122068|29.062
1406122088|29.062
1406122108|29.062
1406122128|29.062
1406122148|29.062
1406122169|29.062
1406122189|29.062
1406122209|29.062
1406122229|29.062
1406122249|29.062
1406122270|29.062
1406122290|29.062
1406122310|29.062
1406122330|29.062
1406122350|29.062
1406122370|29.062
1406122390|29.062
1406122410|29.062
1406122430|29.125
1406122450|29.062
1406122470|29.125
1406122490|29.062
1406122511|29.062
1406122531|29.125
1406122551|29.125
1406122571|29.125
1406122591|29.125
1406122611|29.125
1406122631|29.125
1406122651|29.125
1406122671|29.125
1406122691|29.125
1406122711|29.125
1406122731|29.125
1406122751|29.125
1406122772|29.125
1406122792|29.125
1406122812|29.125
1406122832|29.125
1406122852|29.125
1406122872|29.125
1406122893|29.125
1406122913|29.125
1406122933|29.125
1406122953|29.125
1406122973|29.125
1406122993|29.125
1406123014|29.125
1406123034|29.125
1406123054|29.125
1406123074|29.125
1406123094|29.125
1406123114|29.187
1406123134|29.187
1406123154|29.187
1406123174|29.187
1406123194|29.187
1406123214|29.187
1406123234|29.125
1406123254|29.187
1406123275|29.125
1406123295|29.187
1406123315|29.187
1406123335|29.125
1406123355|29.187
1406123375|29.187
1406123395|29.187
1406123415|29.187
1406123435|29.187
1406123455|29.187
1406123475|29.187
1406123496|29.187
1406123516|29.187
1406123536|29.187
1406123556|29.187
1406123576|29.187
1406123596|29.187
1406123616|29.187
1406123637|29.187
1406123657|29.187
1406123677|29.187
1406123697|29.187
1406123717|29.187
1406123738|29.25
1406123758|29.25
1406123778|29.187
1406123798|29.25
1406123818|29.25
1406123838|29.187
1406123859|29.25
1406123879|29.25
1406123899|29.25
1406123919|29.25
1406123939|29.25
1406123959|29.25
1406123979|29.25
1406123999|29.25
1406124019|29.25
1406124039|29.25
1406124059|29.25
1406124079|29.25
1406124100|29.25
1406124120|29.25
1406124140|29.25
1406124160|29.25
1406124180|29.25
1406124200|29.25
1406124220|29.25
1406124240|29.25
1406124260|29.25
1406124281|29.25
1406124301|29.25
1406124321|29.25
1406124341|29.25
1406124361|29.25
1406124381|29.25
1406124401|29.25
1406124421|29.25
1406124441|29.25
1406124461|29.25
1406124482|29.312
1406124502|29.312
1406124522|29.312
1406124542|29.312
1406124562|29.312
1406124582|29.312
1406124602|29.312
1406124622|29.312
1406124642|29.312
1406124662|29.312
1406124682|29.312
1406124702|29.312
1406124723|29.312
1406124744|29.312
1406124764|29.312
1406124784|29.312
1406124804|29.312
1406124824|29.312
1406124844|29.312
1406124864|29.312
1406124884|29.312
1406124905|29.312
1406124925|29.312
1406124945|29.312
1406124965|29.312
1406124985|29.312
1406125005|29.375
1406125025|29.312
1406125045|29.375
1406125066|29.312
1406125086|29.312
1406125106|29.312
1406125126|29.312
1406125146|29.312
1406125166|29.375
1406125186|29.312
1406125206|29.312
1406125227|29.375
1406125247|29.375
1406125267|29.375
1406125287|29.375
1406125307|29.312
1406125327|29.375
1406125347|29.375
1406125367|29.375
1406125388|29.375
1406125408|29.375
1406125428|29.375
1406125448|29.375
1406125468|29.375
1406125488|29.375
1406125509|29.375
1406125529|29.375
1406125549|29.375
1406125569|29.375
1406125589|29.375
1406125609|29.375
1406125629|29.375
1406125649|29.375
1406125669|29.375
1406125689|29.375
1406125709|29.375
1406125729|29.375
1406125750|29.375
1406125770|29.375
1406125790|29.375
1406125810|29.375
1406125830|29.375
1406125851|29.437
1406125871|29.437
1406125891|29.437
1406125911|29.437
1406125931|29.437
1406125951|29.437
1406125971|29.437
1406125991|29.437
1406126011|29.437
1406126031|29.437
1406126051|29.437
1406126071|29.437
1406126091|29.437
1406126112|29.437
1406126132|29.437
1406126152|29.437
1406126172|29.437
1406126192|29.437
1406126212|29.437
1406126232|29.437
1406126252|29.437
1406126272|29.437
1406126292|29.437
1406126312|29.437
1406126332|29.437
1406126353|29.437
1406126373|29.437
1406126393|29.437
1406126413|29.437
1406126433|29.437
1406126453|29.437
1406126474|29.437
1406126494|29.437
1406126514|29.437
1406126534|29.5
1406126554|29.5
1406126574|29.5
1406126594|29.5
1406126614|29.5
1406126635|29.437
1406126655|29.5
1406126675|29.5
1406126695|29.437
1406126715|29.5
1406126735|29.5
1406126755|29.5
1406126775|29.5
1406126795|29.5
1406126815|29.5
1406126835|29.5
1406126855|29.5
1406126875|29.5
1406126896|29.5
1406126916|29.5
1406126936|29.5
1406126956|29.5
1406126976|29.5
1406126996|29.5
1406127016|29.5
1406127036|29.5
1406127056|29.5
1406127077|29.5
1406127097|29.5
1406127117|29.5
1406127137|29.562
1406127157|29.5
1406127177|29.5
1406127198|29.5
1406127218|29.5
1406127238|29.5
1406127258|29.5
1406127278|29.5
1406127298|29.562
1406127318|29.5
1406127339|29.5
1406127359|29.562
1406127379|29.562
1406127399|29.562
1406127419|29.5
1406127439|29.5
1406127459|29.562
1406127479|29.562
1406127499|29.562
1406127519|29.562
1406127539|29.562
1406127559|29.562
1406127580|29.562
1406127600|29.562
1406127620|29.562
1406127640|29.562
1406127660|29.562
1406127680|29.562
1406127700|29.562
1406127720|29.562
1406127740|29.562
1406127761|29.562
1406127781|29.562
1406127801|29.562
1406127821|29.562
1406127841|29.562
1406127861|29.562
1406127881|29.562
1406127901|29.562
1406127922|29.562
1406127942|29.562
1406127962|29.562
1406127982|29.562
1406128002|29.625
1406128022|29.562
1406128042|29.562
1406128062|29.562
1406128082|29.625
1406128102|29.562
1406128122|29.625
1406128142|29.562
1406128163|29.625
1406128183|29.625
1406128203|29.625
1406128223|29.625
1406128243|29.625
1406128263|29.625
1406128283|29.625
1406128303|29.625
1406128323|29.625
1406128343|29.625
1406128363|29.625
1406128384|29.625
1406128404|29.562
1406128424|29.625
1406128444|29.625
1406128464|29.625
1406128484|29.625
1406128504|29.625
1406128525|29.625
1406128545|29.625
1406128565|29.625
1406128585|29.625
1406128605|29.625
1406128625|29.625
1406128645|29.625
1406128665|29.625
1406128685|29.625
1406128705|29.625
1406128725|29.625
1406128745|29.625
1406128766|29.625
1406128786|29.625
1406128806|29.687
1406128826|29.625
1406128846|29.687
1406128866|29.625
1406128887|29.625
1406128907|29.625
1406128927|29.625
1406128947|29.687
1406128967|29.687
1406128987|29.687
1406129007|29.687
1406129027|29.687
1406129047|29.687
1406129068|29.687
1406129088|29.687
1406129108|29.687
1406129128|29.687
1406129148|29.687
1406129168|29.687
1406129188|29.687
1406129208|29.687
1406129228|29.687
1406129249|29.687
1406129269|29.687
1406129289|29.687
1406129309|29.687
1406129329|29.687
1406129349|29.687
1406129369|29.687
1406129389|29.687
1406129409|29.687
1406129429|29.687
1406129449|29.687
1406129469|29.687
1406129489|29.687
1406129510|29.687
1406129530|29.687
1406129550|29.687
1406129570|29.687
1406129590|29.687
1406129610|29.687
1406129630|29.687
1406129650|29.687
1406129670|29.687
1406129691|29.75
1406129711|29.687
1406129731|29.75
1406129751|29.75
1406129772|29.75
1406129792|29.75
1406129812|29.687
1406129832|29.75
1406129852|29.75
1406129872|29.75
1406129892|29.75
1406129912|29.75
1406129932|29.75
1406129952|29.75
1406129973|29.75
1406129993|29.687
1406130013|29.687
1406130033|29.75
1406130053|29.75
1406130073|29.75
1406130093|29.75
1406130113|29.75
1406130133|29.75
1406130153|29.75
1406130173|29.75
1406130193|29.75
1406130213|29.75
1406130234|29.75
1406130254|29.75
1406130274|29.75
1406130294|29.75
1406130314|29.75
1406130334|29.75
1406130354|29.75
1406130374|29.75
1406130395|29.75
1406130415|29.75
1406130435|29.75
1406130455|29.75
1406130475|29.75
1406130495|29.75
1406130515|29.75
1406130535|29.75
1406130555|29.75
1406130576|29.75
1406130596|29.75
1406130616|29.75
1406130636|29.75
1406130656|29.812
1406130676|29.75
1406130696|29.75
1406130716|29.75
1406130736|29.75
1406130756|29.812
1406130776|29.75
1406130796|29.812
1406130816|29.812
1406130837|29.812
1406130857|29.812
1406130877|29.812
1406130897|29.812
1406130917|29.812
1406130937|29.812
1406130957|29.812
1406130977|29.812
1406130998|29.812
1406131018|29.812
1406131038|29.812
1406131058|29.812
1406131078|29.812
1406131098|29.812
1406131118|29.812
1406131138|29.812
1406131159|29.812
1406131179|29.812
1406131199|29.812
1406131219|29.812
1406131239|29.812
1406131259|29.812
1406131279|29.812
1406131299|29.812
1406131319|29.812
1406131339|29.812
1406131359|29.812
1406131379|29.812
1406131399|29.812
1406131420|29.812
1406131440|29.812
1406131460|29.812
1406131480|29.812
1406131500|29.812
1406131520|29.812
1406131540|29.812
1406131560|29.812
1406131580|29.875
1406131600|29.812
1406131621|29.875
1406131641|29.812
1406131661|29.812
1406131681|29.812
1406131701|29.812
1406131721|29.812
1406131742|29.875
1406131762|29.812
1406131782|29.875
1406131802|29.875
1406131822|29.875
1406131842|29.875
1406131862|29.875
1406131882|29.875
1406131902|29.875
1406131922|29.875
1406131942|29.875
1406131962|29.875
1406131982|29.812
1406132003|29.875
1406132023|29.875
1406132043|29.875
1406132063|29.875
1406132083|29.875
1406132103|29.875
1406132123|29.875
1406132143|29.875
1406132163|29.875
1406132183|29.875
1406132203|29.875
1406132224|29.875
1406132244|29.875
1406132264|29.875
1406132284|29.875
1406132304|29.875
1406132324|29.875
1406132344|29.875
1406132365|29.875
1406132385|29.875
1406132405|29.875
1406132425|29.875
1406132445|29.875
1406132465|29.875
1406132485|29.875
1406132505|29.875
1406132526|29.875
1406132546|29.875
1406132566|29.875
1406132586|29.875
1406132606|29.875
1406132626|29.875
1406132646|29.875
1406132666|29.875
1406132686|29.875
1406132707|29.875
1406132727|29.875
1406132747|29.875
1406132767|29.875
1406132787|29.875
1406132807|29.875
1406132827|29.875
1406132847|29.875
1406132867|29.875
1406132887|29.875
1406132908|29.875
1406132928|29.875
1406132948|29.875
1406132968|29.875
1406132988|29.875
1406133008|29.875
1406133029|29.875
1406133049|29.875
1406133069|29.875
1406133089|29.875
1406133109|29.875
1406133129|29.937
1406133149|29.875
1406133169|29.875
1406133189|29.937
1406133209|29.875
1406133229|29.875
1406133249|29.875
1406133269|29.875
1406133290|29.875
1406133310|29.937
1406133330|29.937
1406133350|29.875
1406133370|29.875
1406133390|29.875
1406133410|29.875
1406133430|29.875
1406133450|29.875
1406133470|29.875
1406133490|29.875
1406133510|29.875
1406133531|29.875
1406133551|29.875
1406133571|29.875
1406133591|29.875
1406133612|29.875
1406133632|29.875
1406133652|29.875
1406133672|29.875
1406133692|29.875
1406133712|29.875
1406133732|29.875
1406133752|29.875
1406133772|29.875
1406133792|29.875
1406133812|29.875
1406133832|29.875
1406133852|29.937
1406133873|29.937
1406133893|29.937
1406133913|29.875
1406133933|29.937
1406133953|29.937
1406133973|29.875
1406133993|29.875
1406134013|29.937
1406134033|29.937
1406134053|29.875
1406134073|29.937
1406134093|29.937
1406134114|29.937
1406134134|29.937
1406134154|29.875
1406134174|29.937
1406134194|29.937
1406134215|29.937
1406134235|29.937
1406134255|29.937
1406134275|29.937
1406134295|29.937
1406134315|29.937
1406134335|29.937
1406134355|29.937
1406134375|29.937
1406134395|29.937
1406134415|29.937
1406134435|29.875
1406134456|29.937
1406134476|29.937
1406134496|29.937
1406134516|29.937
1406134536|29.937
1406134556|29.937
1406134576|29.937
1406134596|29.937
1406134616|29.937
1406134636|29.937
1406134656|29.937
1406134676|29.937
1406134696|29.937
1406134717|29.937
1406134737|29.937
1406134757|29.937
1406134777|29.937
1406134797|29.937
1406134818|29.937
1406134838|29.937
1406134858|29.937
1406134878|29.937
1406134898|29.937
1406134918|29.937
1406134938|29.937
1406134958|29.937
1406134978|29.937
1406134998|29.937
1406135018|29.937
1406135039|29.937
1406135059|29.937
1406135079|29.937
1406135099|29.937
1406135119|29.937
1406135139|29.937
1406135159|29.937
1406135179|29.937
1406135199|29.937
1406135219|29.937
1406135239|29.937
1406135259|29.937
1406135279|29.937
1406135300|29.937
1406135320|29.937
1406135340|29.937
1406135360|29.937
1406135380|29.937
1406135400|29.937
1406135420|29.937
1406135441|29.937
1406135461|29.937
1406135481|29.937
1406135501|29.937
1406135521|29.937
1406135541|29.937
1406135561|29.937
1406135581|29.937
1406135602|29.937
1406135622|29.937
1406135642|29.937
1406135662|29.937
1406135682|29.937
1406135702|29.937
1406135722|29.937
1406135742|29.937
1406135762|29.937
1406135782|29.937
1406135802|29.937
1406135822|29.937
1406135842|29.937
1406135863|29.937
1406135883|29.937
1406135903|29.937
1406135923|29.937
1406135943|29.937
1406135963|29.937
1406135983|29.937
1406136003|29.937
1406136023|29.937
1406136043|29.937
1406136064|29.937
1406136084|29.937
1406136104|29.937
1406136124|29.937
1406136144|29.937
1406136164|29.937
1406136184|29.937
1406136205|29.937
1406136225|29.937
1406136245|29.937
1406136265|29.937
1406136285|29.937
1406136305|29.937
1406136325|29.937
1406136345|29.937
1406136365|29.937
1406136385|29.937
1406136405|29.937
1406136425|29.937
1406136446|29.937
1406136466|29.937
1406136486|29.937
1406136506|29.937
1406136526|29.937
1406136546|29.937
1406136566|29.937
1406136586|29.937
1406136606|29.937
1406136626|29.937
1406136646|29.937
1406136667|29.937
1406136687|29.937
1406136707|29.937
1406136727|29.937
1406136747|29.937
1406136767|29.937
1406136787|29.937
1406136808|29.937
1406136828|29.937
1406136848|29.937
1406136868|29.937
1406136888|29.937
1406136908|29.937
1406136928|29.937
1406136948|29.937
1406136968|29.937
1406136988|29.937
1406137008|29.937
1406137028|29.937
1406137049|29.937
1406137069|29.937
1406137089|29.937
1406137109|29.937
1406137129|29.937
1406137149|29.937
1406137169|29.937
1406137189|29.937
1406137209|29.937
1406137229|29.937
1406137249|29.937
1406137270|29.937
1406137290|29.937
1406137310|29.937
1406137330|29.937
1406137350|29.937
1406137370|29.937
1406137391|29.937
1406137411|29.937
1406137431|29.937
1406137451|29.937
1406137471|29.937
1406137491|29.937
1406137511|29.937
1406137531|29.937
1406137551|29.937
1406137572|29.937
1406137592|29.937
1406137612|29.937
1406137632|29.937
1406137652|29.937
1406137672|29.937
1406137692|29.937
1406137712|29.937
1406137732|29.937
1406137752|29.937
1406137772|29.937
1406137792|29.937
1406137812|29.937
1406137833|29.937
1406137853|29.937
1406137873|29.937
1406137893|29.937
1406137913|29.937
1406137933|29.937
1406137954|29.937
1406137974|29.937
1406137994|29.937
1406138014|29.937
1406138034|29.937
1406138054|29.937
1406138074|29.937
1406138094|29.937
1406138114|29.937
1406138134|29.937
1406138154|29.937
1406138175|29.937
1406138195|29.937
1406138215|29.937
1406138235|29.937
1406138255|29.937
1406138275|29.937
1406138295|29.937
1406138315|29.937
1406138335|29.937
1406138355|29.937
1406138375|29.937
1406138395|29.937
1406138416|29.937
1406138436|29.937
1406138456|29.937
1406138476|29.937
1406138496|29.937
1406138516|29.937
1406138536|29.937
1406138557|29.937
1406138577|29.937
1406138597|29.937
1406138617|29.937
1406138637|29.937
1406138657|29.937
1406138677|29.937
1406138697|29.937
1406138717|29.937
1406138737|29.937
1406138758|29.937
1406138778|29.937
1406138798|29.937
1406138818|29.937
1406138838|29.937
1406138858|29.937
1406138878|29.937
1406138898|29.937
1406138918|29.937
1406138938|29.937
1406138958|29.937
1406138978|29.937
1406138998|29.937
1406139019|29.937
1406139039|29.937
1406139059|29.937
1406139079|29.937
1406139099|29.937
1406139119|29.937
1406139139|29.937
1406139160|29.937
1406139180|29.937
1406139200|29.937
1406139220|29.875
1406139240|29.937
1406139260|29.937
1406139280|29.937
1406139300|29.937
1406139320|29.937
1406139341|29.875
1406139361|29.937
1406139381|29.937
1406139401|29.937
1406139421|29.937
1406139441|29.937
1406139461|29.937
1406139481|29.937
1406139501|29.875
1406139521|29.937
1406139541|29.937
1406139561|29.937
1406139582|29.875
1406139602|29.937
1406139622|29.937
1406139642|29.875
1406139662|29.937
1406139682|29.937
1406139702|29.875
1406139722|29.875
1406139742|29.875
1406139762|29.875
1406139783|29.875
1406139803|29.875
1406139823|29.875
1406139843|29.875
1406139863|29.875
1406139883|29.875
1406139903|29.937
1406139924|29.937
1406139944|29.875
1406139964|29.875
1406139984|29.875
1406140004|29.875
1406140024|29.875
1406140044|29.937
1406140064|29.875
1406140084|29.937
1406140104|29.937
1406140124|29.875
1406140144|29.875
1406140164|29.875
1406140185|29.875
1406140205|29.937
1406140226|29.937
1406140246|29.875
1406140266|29.875
1406140286|29.875
1406140306|29.875
1406140326|29.875
1406140346|29.875
1406140366|29.937
1406140386|29.875
1406140406|29.937
1406140426|29.875
1406140447|29.875
1406140467|29.875
1406140487|29.875
1406140507|29.875
1406140527|29.875
1406140547|29.875
1406140568|29.875
1406140588|29.875
1406140608|29.875
1406140628|29.875
1406140648|29.875
1406140668|29.875
1406140688|29.875
1406140708|29.937
1406140728|29.875
1406140748|29.937
1406140768|29.875
1406140788|29.875
1406140809|29.875
1406140829|29.875
1406140849|29.875
1406140869|29.875
1406140889|29.875
1406140909|29.875
1406140929|29.875
1406140949|29.875
1406140969|29.875
1406140989|29.875
1406141009|29.875
1406141029|29.875
1406141050|29.875
1406141070|29.875
1406141090|29.875
1406141110|29.875
1406141130|29.875
1406141151|29.875
1406141171|29.875
1406141191|29.875
1406141211|29.875
1406141231|29.875
1406141251|29.875
1406141271|29.875
1406141291|29.875
1406141311|29.875
1406141331|29.875
1406141351|29.875
1406141371|29.875
1406141392|29.875
1406141412|29.875
1406141432|29.875
1406141452|29.875
1406141472|29.875
1406141492|29.875
1406141512|29.875
1406141532|29.875
1406141552|29.875
1406141572|29.875
1406141592|29.875
1406141612|29.875
1406141632|29.875
1406141653|29.875
1406141673|29.875
1406141693|29.875
1406141713|29.875
1406141733|29.875
1406141754|29.875
1406141774|29.875
1406141794|29.875
1406141814|29.875
1406141834|29.875
1406141854|29.875
1406141874|29.875
1406141894|29.875
1406141914|29.875
1406141934|29.875
1406141954|29.875
1406141974|29.875
1406141995|29.875
1406142015|29.875
1406142035|29.875
1406142055|29.875
1406142075|29.875
1406142095|29.875
1406142115|29.875
1406142135|29.875
1406142155|29.875
1406142175|29.875
1406142195|29.875
1406142215|29.875
1406142236|29.875
1406142256|29.875
1406142276|29.875
1406142296|29.875
1406142316|29.875
1406142336|29.875
1406142356|29.875
1406142377|29.875
1406142397|29.875
1406142417|29.875
1406142437|29.875
1406142457|29.875
1406142477|29.875
1406142497|29.875
1406142517|29.875
1406142537|29.875
1406142558|29.875
1406142578|29.875
1406142598|29.875
1406142618|29.875
1406142638|29.875
1406142658|29.875
1406142678|29.875
1406142698|29.875
1406142718|29.875
1406142738|29.875
1406142758|29.875
1406142778|29.875
1406142798|29.875
1406142819|29.875
1406142839|29.875
1406142859|29.875
1406142879|29.875
1406142899|29.875
1406142919|29.875
1406142939|29.875
1406142959|29.875
1406142980|29.875
1406143000|29.875
1406143020|29.875
1406143040|29.875
1406143060|29.812
1406143080|29.875
1406143100|29.875
1406143121|29.875
1406143141|29.812
1406143161|29.875
1406143181|29.875
1406143201|29.812
1406143221|29.812
1406143241|29.812
1406143261|29.812
1406143281|29.875
1406143301|29.812
1406143321|29.875
1406143341|29.812
1406143362|29.875
1406143382|29.875
1406143402|29.812
1406143422|29.875
1406143442|29.875
1406143462|29.812
1406143482|29.812
1406143502|29.875
1406143522|29.875
1406143542|29.875
1406143562|29.812
1406143583|29.875
1406143603|29.812
1406143623|29.875
1406143643|29.875
1406143663|29.812
1406143684|29.812
1406143704|29.875
1406143724|29.812
1406143744|29.812
1406143764|29.812
1406143784|29.812
1406143804|29.812
1406143824|29.812
1406143844|29.812
1406143864|29.812
1406143884|29.812
1406143904|29.812
1406143924|29.812
1406143945|29.812
1406143965|29.812
1406143985|29.812
1406144005|29.812
1406144025|29.812
1406144045|29.812
1406144065|29.812
1406144085|29.812
