1408985090|30.375
1408985110|30.375
1408985130|30.375
1408985150|30.375
1408985172|30.375
1408985192|30.375
1408985212|30.375
1408985232|30.375
1408985252|30.312
1408985272|30.375
1408985292|30.312
1408985312|30.312
1408985332|30.312
1408985353|30.312
1408985374|30.312
1408985394|30.312
1408985414|30.312
1408985434|30.312
1408985455|30.312
1408985475|30.25
1408985495|30.312
1408985515|30.25
1408985535|30.25
1408985555|30.25
1408985575|30.25
1408985595|30.25
1408985615|30.25
1408985635|30.25
1408985656|30.25
1408985676|30.25
1408985696|30.25
1408985717|30.25
1408985737|30.25
1408985758|30.187
1408985778|30.187
1408985799|30.187
1408985819|30.187
1408985839|30.187
1408985859|30.187
1408985879|30.187
1408985899|30.187
1408985919|30.187
1408985939|30.187
1408985960|30.187
1408985980|30.187
1408986000|30.187
1408986020|30.187
1408986040|30.125
1408986060|30.125
1408986080|30.125
1408986100|30.125
1408986120|30.125
1408986140|30.125
1408986160|30.125
1408986181|30.125
1408986201|30.125
1408986221|30.125
1408986241|30.125
1408986261|30.062
1408986281|30.125
1408986301|30.062
1408986322|30.125
1408986342|30.062
1408986362|30.062
1408986382|30.062
1408986402|30.062
1408986423|30.062
1408986443|30.062
1408986463|30.062
1408986483|30.062
1408986504|30.062
1408986524|30.062
1408986544|30.0
1408986564|30.0
1408986584|30.062
1408986604|30.0
1408986624|30.0
1408986644|30.0
1408986664|30.0
1408986684|30.0
1408986704|30.0
1408986725|30.0
1408986745|30.0
1408986765|30.0
1408986785|30.0
1408986805|30.0
1408986825|30.0
1408986845|30.0
1408986865|29.937
1408986885|29.937
1408986905|29.937
1408986926|29.937
1408986946|29.937
1408986966|29.937
1408986986|29.937
1408987006|29.937
1408987026|29.937
1408987049|29.937
1408987069|29.875
1408987089|29.937
1408987109|29.937
1408987129|29.937
1408987149|29.937
1408987169|29.875
1408987190|29.875
1408987210|29.875
1408987230|29.875
1408987250|29.875
1408987270|29.875
1408987290|29.875
1408987311|29.875
1408987331|29.875
1408987351|29.875
1408987371|29.875
1408987391|29.875
1408987411|29.875
1408987431|29.875
1408987452|29.875
1408987472|29.812
1408987493|29.812
1408987513|29.812
1408987533|29.812
1408987553|29.812
1408987573|29.812
1408987593|29.812
1408987613|29.812
1408987633|29.812
1408987654|29.812
1408987674|29.812
1408987694|29.812
1408987714|29.812
1408987734|29.812
1408987754|29.812
1408987774|29.812
1408987794|29.812
1408987814|29.75
1408987834|29.75
1408987855|29.812
1408987875|29.75
1408987895|29.75
1408987915|29.75
1408987935|29.75
1408987955|29.75
1408987976|29.75
1408987996|29.75
1408988016|29.75
1408988036|29.75
1408988056|29.75
1408988076|29.75
1408988096|29.75
1408988117|29.75
1408988137|29.75
1408988157|29.687
1408988177|29.687
1408988197|29.687
1408988217|29.687
1408988237|29.687
1408988257|29.75
1408988277|29.687
1408988297|29.687
1408988318|29.687
1408988338|29.687
1408988358|29.687
1408988378|29.687
1408988398|29.687
1408988418|29.687
1408988438|29.687
1408988458|29.687
1408988479|29.687
1408988499|29.687
1408988519|29.687
1408988539|29.687
1408988559|29.687
1408988579|29.687
1408988599|29.687
1408988620|29.687
1408988640|29.687
1408988660|29.687
1408988680|29.687
1408988700|29.687
1408988720|29.75
1408988740|29.75
1408988761|29.687
1408988781|29.687
1408988801|29.687
1408988821|29.75
1408988841|29.75
1408988861|29.75
1408988881|29.75
1408988901|29.75
1408988922|29.75
1408988942|29.75
1408988962|29.75
1408988982|29.812
1408989002|29.812
1408989022|29.812
1408989043|29.812
1408989063|29.812
1408989083|29.812
1408989103|29.812
1408989123|29.875
1408989143|29.875
1408989164|29.875
1408989184|29.875
1408989204|29.875
1408989224|29.875
1408989244|29.875
1408989264|29.875
1408989284|29.875
1408989304|29.875
1408989325|29.875
1408989345|29.875
1408989365|29.875
1408989385|29.875
1408989405|29.875
1408989425|29.937
1408989446|29.937
1408989466|29.937
1408989486|29.937
1408989506|29.937
1408989526|29.937
1408989546|29.937
1408989566|29.937
1408989586|29.937
1408989606|29.937
1408989626|29.937
1408989646|29.937
1408989667|29.937
1408989687|29.937
1408989707|29.937
1408989727|29.937
1408989747|29.937
1408989767|29.937
1408989787|29.937
1408989807|29.937
1408989827|29.937
1408989848|29.937
1408989868|29.937
1408989888|29.937
1408989908|29.937
1408989928|29.937
1408989948|29.937
1408989969|29.937
1408989989|29.937
1408990009|29.937
1408990029|29.937
1408990050|29.937
1408990070|29.937
1408990090|29.937
1408990110|29.937
1408990130|29.937
1408990150|29.937
1408990170|29.937
1408990190|29.937
1408990210|29.937
1408990230|29.937
1408990250|29.937
1408990271|29.937
1408990291|29.937
1408990311|29.937
1408990331|29.937
1408990351|29.937
1408990371|29.937
1408990391|29.937
1408990411|29.937
1408990431|29.937
1408990451|29.937
1408990472|29.937
1408990492|29.937
1408990512|29.937
1408990532|29.937
1408990552|29.937
1408990572|29.937
1408990593|29.937
1408990613|29.937
1408990633|29.937
1408990653|29.937
1408990673|29.937
1408990693|29.937
1408990713|29.937
1408990733|29.937
1408990754|29.937
1408990774|29.937
1408990794|29.937
1408990814|29.875
1408990834|29.937
1408990854|29.937
1408990874|29.937
1408990894|29.937
1408990914|29.937
1408990934|29.937
1408990955|29.875
1408990975|29.937
1408990995|29.937
1408991015|29.875
1408991035|29.875
1408991055|29.875
1408991075|29.875
1408991095|29.937
1408991115|29.875
1408991135|29.875
1408991156|29.875
1408991176|29.875
1408991196|29.875
1408991216|29.875
1408991236|29.875
1408991257|29.875
1408991277|29.875
1408991297|29.875
1408991317|29.875
1408991337|29.875
1408991357|29.875
1408991377|29.875
1408991397|29.875
1408991417|29.875
1408991438|29.875
1408991458|29.875
1408991478|29.875
1408991498|29.875
1408991519|29.875
1408991539|29.875
1408991559|29.875
1408991579|29.875
1408991599|29.875
1408991619|29.875
1408991639|29.875
1408991660|29.875
1408991680|29.875
1408991700|29.875
1408991720|29.875
1408991740|29.875
1408991760|29.875
1408991780|29.875
1408991800|29.875
1408991820|29.875
1408991841|29.875
1408991861|29.875
1408991881|29.875
1408991903|29.875
1408991923|29.875
1408991944|29.875
1408991964|29.875
1408991984|29.875
1408992004|29.875
1408992024|29.875
1408992044|29.875
1408992065|29.875
1408992085|29.875
1408992105|29.875
1408992125|29.875
1408992145|29.812
1408992165|29.875
1408992185|29.875
1408992205|29.875
1408992225|29.875
1408992245|29.875
1408992266|29.875
1408992286|29.875
1408992306|29.875
1408992326|29.875
1408992346|29.875
1408992366|29.875
1408992386|29.812
1408992406|29.812
1408992426|29.875
1408992446|29.875
1408992466|29.875
1408992487|29.875
1408992507|29.875
1408992527|29.875
1408992548|29.875
1408992569|29.875
1408992589|29.875
1408992610|29.875
1408992630|29.875
1408992650|29.875
1408992670|29.875
1408992690|29.875
1408992711|29.875
1408992731|29.875
1408992751|29.875
1408992771|29.875
1408992791|29.875
1408992811|29.875
1408992831|29.875
1408992851|29.875
1408992871|29.875
1408992891|29.937
1408992911|29.875
1408992932|29.875
1408992952|29.875
1408992972|29.937
1408992992|29.875
1408993012|29.875
1408993032|29.937
1408993052|29.937
1408993072|29.937
1408993092|29.937
1408993112|29.937
1408993133|29.937
1408993153|29.937
1408993174|29.937
1408993194|29.937
1408993214|29.937
1408993234|29.937
1408993254|29.937
1408993274|29.937
1408993295|29.937
1408993315|29.937
1408993335|29.937
1408993355|29.937
1408993375|29.937
1408993395|29.937
1408993415|29.937
1408993436|29.937
1408993456|29.937
1408993476|29.937
1408993496|29.937
1408993516|29.937
1408993536|29.937
1408993556|29.937
1408993576|29.875
1408993596|29.937
1408993616|29.937
1408993637|29.937
1408993657|29.875
1408993677|29.875
1408993697|29.937
1408993718|29.875
1408993738|29.875
1408993758|29.937
1408993778|29.875
1408993798|29.875
1408993818|29.875
1408993838|29.937
1408993858|29.937
1408993878|29.875
1408993899|29.875
1408993919|29.875
1408993939|29.875
1408993959|29.875
1408993979|29.875
1408994000|29.875
1408994020|29.937
1408994040|29.875
1408994060|29.937
1408994080|29.875
1408994100|29.875
1408994120|29.875
1408994140|29.937
1408994160|29.875
1408994181|29.875
1408994201|29.875
1408994221|29.875
1408994241|29.875
1408994261|29.875
1408994281|29.875
1408994301|29.875
1408994321|29.875
1408994341|29.875
1408994361|29.875
1408994381|29.875
1408994402|29.875
1408994422|29.875
1408994442|29.875
1408994463|29.875
1408994483|29.875
1408994503|29.875
1408994523|29.875
1408994543|29.875
1408994563|29.875
1408994583|29.875
1408994603|29.875
1408994624|29.875
1408994644|29.875
1408994664|29.875
1408994684|29.875
1408994705|29.875
1408994725|29.875
1408994745|29.875
1408994765|29.875
1408994785|29.875
1408994805|29.875
1408994825|29.875
1408994845|29.875
1408994865|29.875
1408994885|29.875
1408994906|29.875
1408994926|29.875
1408994946|29.875
1408994966|29.875
1408994986|29.875
1408995006|29.875
1408995026|29.875
1408995046|29.875
1408995066|29.875
1408995086|29.875
1408995107|29.875
1408995127|29.875
1408995147|29.875
1408995167|29.875
1408995188|29.875
1408995208|29.875
1408995228|29.875
1408995248|29.875
1408995268|29.875
1408995288|29.875
1408995309|29.875
1408995329|29.875
1408995349|29.875
1408995369|29.875
1408995389|29.875
1408995410|29.875
1408995430|29.875
1408995450|29.875
1408995470|29.875
1408995490|29.875
1408995510|29.875
1408995530|29.875
1408995550|29.875
1408995570|29.875
1408995590|29.875
1408995611|29.875
1408995631|29.875
1408995651|29.875
1408995671|29.875
1408995691|29.875
1408995711|29.875
1408995731|29.875
1408995751|29.875
1408995771|29.875
1408995791|29.875
1408995812|29.812
1408995832|29.812
1408995852|29.812
1408995872|29.875
1408995892|29.875
1408995913|29.812
1408995933|29.875
1408995953|29.875
1408995974|29.875
1408995994|29.812
1408996014|29.812
1408996034|29.875
1408996054|29.812
1408996074|29.812
1408996094|29.812
1408996115|29.812
1408996135|29.812
1408996155|29.812
1408996175|29.812
1408996195|29.812
1408996215|29.812
1408996235|29.812
1408996255|29.812
1408996276|29.812
1408996296|29.812
1408996316|29.812
1408996336|29.812
1408996356|29.812
1408996376|29.812
1408996396|29.812
1408996416|29.812
1408996436|29.812
1408996456|29.812
1408996476|29.812
1408996497|29.812
1408996517|29.812
1408996537|29.812
1408996557|29.812
1408996577|29.812
1408996597|29.812
1408996617|29.812
1408996637|29.812
1408996657|29.812
1408996678|29.75
1408996698|29.812
1408996718|29.812
1408996738|29.812
1408996759|29.75
1408996779|29.75
1408996799|29.75
1408996819|29.75
1408996839|29.75
1408996859|29.75
1408996879|29.75
1408996899|29.75
1408996919|29.75
1408996939|29.75
1408996960|29.75
1408996980|29.75
1408997000|29.75
1408997020|29.75
1408997040|29.75
1408997060|29.75
1408997080|29.75
1408997100|29.75
1408997120|29.75
1408997140|29.75
1408997160|29.687
1408997181|29.687
1408997201|29.75
1408997221|29.687
1408997241|29.687
1408997261|29.687
1408997281|29.687
1408997301|29.687
1408997322|29.687
1408997342|29.687
1408997362|29.687
1408997382|29.687
1408997404|29.687
1408997424|29.687
1408997444|29.687
1408997464|29.687
1408997484|29.687
1408997505|29.687
1408997525|29.687
1408997545|29.687
1408997565|29.687
1408997585|29.687
1408997605|29.687
1408997625|29.687
1408997645|29.687
1408997665|29.687
1408997685|29.687
1408997705|29.687
1408997726|29.687
1408997746|29.687
1408997766|29.687
1408997786|29.687
1408997806|29.625
1408997826|29.687
1408997846|29.687
1408997866|29.625
1408997886|29.687
1408997906|29.687
1408997927|29.625
1408997947|29.687
1408997967|29.625
1408997987|29.625
1408998007|29.687
1408998027|29.687
1408998048|29.687
1408998068|29.687
1408998088|29.625
1408998108|29.625
1408998128|29.625
1408998148|29.625
1408998168|29.625
1408998190|29.625
1408998210|29.625
1408998231|29.625
1408998251|29.625
1408998271|29.625
1408998291|29.625
1408998311|29.625
1408998331|29.625
1408998351|29.625
1408998371|29.625
1408998391|29.625
1408998411|29.625
1408998432|29.625
1408998452|29.625
1408998472|29.625
1408998492|29.625
1408998512|29.625
1408998532|29.625
1408998552|29.625
1408998572|29.625
1408998592|29.625
1408998612|29.625
1408998632|29.625
1408998653|29.625
1408998673|29.625
1408998693|29.625
1408998713|29.625
1408998734|29.562
1408998754|29.562
1408998774|29.625
1408998794|29.625
1408998814|29.625
1408998834|29.562
1408998854|29.625
1408998875|29.625
1408998895|29.625
1408998915|29.625
1408998935|29.562
1408998955|29.562
1408998975|29.625
1408998995|29.562
1408999015|29.562
1408999035|29.562
1408999055|29.562
1408999076|29.562
1408999096|29.562
1408999116|29.562
1408999136|29.562
1408999156|29.562
1408999176|29.562
1408999196|29.625
1408999216|29.562
1408999236|29.562
1408999256|29.562
1408999276|29.562
1408999297|29.562
1408999317|29.625
1408999337|29.562
1408999357|29.562
1408999377|29.562
1408999398|29.562
1408999418|29.562
1408999438|29.562
1408999458|29.562
1408999478|29.562
1408999498|29.562
1408999518|29.562
1408999539|29.562
1408999563|29.562
1408999583|29.562
1408999604|29.5
1408999624|29.562
1408999644|29.562
1408999664|29.5
1408999686|29.562
1408999706|29.5
1408999726|29.5
1408999747|29.5
1408999767|29.5
1408999787|29.5
1408999807|29.5
1408999827|29.5
1408999847|29.5
1408999867|29.5
1408999887|29.5
1408999907|29.5
1408999927|29.5
1408999947|29.5
1408999968|29.5
1408999988|29.5
1409000008|29.5
1409000028|29.5
1409000048|29.5
1409000068|29.5
1409000088|29.5
1409000108|29.5
1409000128|29.5
1409000148|29.5
1409000169|29.5
1409000189|29.5
1409000209|29.5
1409000229|29.5
1409000249|29.5
1409000269|29.5
1409000290|29.5
1409000310|29.5
1409000330|29.5
1409000350|29.5
1409000370|29.437
1409000390|29.5
1409000411|29.437
1409000431|29.437
1409000451|29.437
1409000471|29.437
1409000491|29.437
1409000511|29.5
1409000531|29.437
1409000551|29.437
1409000571|29.437
1409000591|29.437
1409000611|29.437
1409000632|29.437
1409000652|29.437
1409000672|29.437
1409000692|29.437
1409000712|29.437
1409000732|29.437
1409000752|29.437
1409000772|29.437
1409000792|29.437
1409000812|29.437
1409000833|29.437
1409000853|29.437
1409000873|29.437
1409000893|29.437
1409000913|29.437
1409000934|29.437
1409000954|29.437
1409000976|29.437
1409000996|29.437
1409001017|29.437
1409001037|29.375
1409001057|29.437
1409001077|29.437
1409001097|29.437
1409001117|29.437
1409001137|29.437
1409001157|29.437
1409001177|29.437
1409001197|29.437
1409001218|29.375
1409001238|29.437
1409001258|29.375
1409001278|29.375
1409001298|29.375
1409001318|29.375
1409001338|29.375
1409001358|29.375
1409001378|29.375
1409001398|29.375
1409001419|29.375
1409001439|29.375
1409001459|29.375
1409001479|29.375
1409001500|29.375
1409001520|29.375
1409001540|29.375
1409001560|29.375
1409001580|29.375
1409001601|29.375
1409001621|29.375
1409001641|29.375
1409001661|29.375
1409001681|29.375
1409001702|29.375
1409001722|29.375
1409001742|29.375
1409001762|29.375
1409001782|29.375
1409001802|29.375
1409001822|29.375
1409001843|29.375
1409001863|29.375
1409001883|29.375
1409001903|29.375
1409001923|29.312
1409001943|29.375
1409001963|29.312
1409001983|29.375
1409002003|29.312
1409002023|29.375
1409002043|29.312
1409002064|29.312
1409002084|29.312
1409002104|29.312
1409002124|29.312
1409002144|29.312
1409002164|29.312
1409002184|29.312
1409002204|29.312
1409002224|29.312
1409002244|29.312
1409002265|29.312
1409002285|29.312
1409002305|29.312
1409002325|29.312
1409002345|29.312
1409002366|29.312
1409002386|29.312
1409002406|29.312
1409002426|29.312
1409002446|29.312
1409002466|29.312
1409002487|29.312
1409002507|29.312
1409002527|29.312
1409002547|29.312
1409002567|29.312
1409002587|29.312
1409002607|29.312
1409002627|29.312
1409002647|29.312
1409002667|29.312
1409002688|29.312
1409002708|29.312
1409002728|29.312
1409002748|29.25
1409002768|29.312
1409002788|29.25
1409002808|29.312
1409002828|29.312
1409002848|29.25
1409002868|29.25
1409002889|29.25
1409002909|29.25
1409002929|29.25
1409002950|29.25
1409002970|29.25
1409002990|29.25
1409003010|29.25
1409003030|29.25
1409003051|29.25
1409003071|29.25
1409003091|29.25
1409003111|29.25
1409003131|29.25
1409003151|29.25
1409003171|29.25
1409003191|29.25
1409003211|29.25
1409003231|29.25
1409003252|29.25
1409003272|29.25
1409003292|29.25
1409003312|29.25
1409003332|29.25
1409003352|29.25
1409003372|29.25
1409003392|29.25
1409003412|29.25
1409003432|29.25
1409003452|29.25
1409003473|29.25
1409003493|29.187
1409003513|29.25
1409003533|29.25
1409003553|29.187
1409003573|29.25
1409003594|29.187
1409003614|29.187
1409003634|29.187
1409003655|29.187
1409003675|29.187
1409003695|29.187
1409003715|29.187
1409003735|29.187
1409003755|29.187
1409003775|29.187
1409003795|29.187
1409003815|29.187
1409003835|29.187
1409003855|29.187
1409003876|29.187
1409003896|29.187
1409003916|29.187
1409003936|29.187
1409003956|29.187
1409003976|29.187
1409003996|29.187
1409004016|29.187
1409004036|29.187
1409004056|29.187
1409004077|29.187
1409004097|29.187
1409004117|29.187
1409004137|29.187
1409004157|29.187
1409004177|29.187
1409004197|29.187
1409004217|29.125
1409004238|29.187
1409004258|29.187
1409004278|29.125
1409004298|29.187
1409004318|29.187
1409004339|29.187
1409004359|29.125
1409004379|29.125
1409004399|29.187
1409004419|29.187
1409004439|29.187
1409004459|29.125
1409004479|29.125
1409004499|29.125
1409004519|29.125
1409004540|29.125
1409004560|29.125
1409004580|29.125
1409004600|29.125
1409004620|29.125
1409004640|29.125
1409004660|29.125
1409004680|29.125
1409004700|29.125
1409004720|29.125
1409004741|29.125
1409004761|29.125
1409004781|29.125
1409004801|29.125
1409004821|29.125
1409004841|29.125
1409004862|29.125
1409004882|29.125
1409004902|29.125
1409004922|29.125
1409004942|29.125
1409004962|29.125
1409004982|29.125
1409005002|29.125
1409005022|29.125
1409005043|29.125
1409005063|29.125
1409005083|29.062
1409005103|29.062
1409005123|29.125
1409005143|29.062
1409005163|29.062
1409005183|29.062
1409005203|29.062
1409005223|29.062
1409005244|29.062
1409005264|29.062
1409005284|29.062
1409005304|29.062
1409005324|29.062
1409005344|29.062
1409005364|29.062
1409005384|29.062
1409005404|29.062
1409005425|29.062
1409005445|29.062
1409005465|29.062
1409005485|29.062
1409005506|29.062
1409005526|29.062
1409005546|29.062
1409005566|29.062
1409005586|29.062
1409005606|29.062
1409005626|29.062
1409005646|29.062
1409005666|29.062
1409005686|29.062
1409005706|29.062
1409005727|29.062
1409005747|29.062
1409005767|29.062
1409005787|29.062
1409005807|29.062
1409005827|29.062
1409005847|29.0
1409005867|29.062
1409005887|29.062
1409005907|29.062
1409005928|29.062
1409005948|29.062
1409005968|29.062
1409005988|29.062
1409006008|29.062
1409006028|29.062
1409006048|29.062
1409006068|29.062
1409006089|29.062
1409006109|29.062
1409006129|29.0
1409006149|29.0
1409006169|29.062
1409006189|29.062
1409006210|29.0
1409006230|29.062
1409006250|29.0
1409006270|29.062
1409006290|29.062
1409006310|29.062
1409006330|29.0
1409006350|29.0
1409006371|29.0
1409006391|29.0
1409006411|29.0
1409006431|29.0
1409006451|29.0
1409006471|29.0
1409006491|29.0
1409006511|29.0
1409006531|29.0
1409006551|29.0
1409006572|29.0
1409006592|29.0
1409006612|29.0
1409006632|29.0
1409006652|29.0
1409006672|29.0
1409006692|29.0
1409006712|29.0
1409006733|29.0
1409006753|29.0
1409006773|29.0
1409006793|29.0
1409006813|29.0
1409006833|29.0
1409006854|29.0
1409006874|29.0
1409006894|29.0
1409006914|29.0
1409006934|29.0
1409006954|29.0
1409006974|29.0
1409006994|29.0
1409007014|28.937
1409007034|29.0
1409007056|29.0
1409007076|28.937
1409007096|29.0
1409007116|28.937
1409007136|29.0
1409007156|29.0
1409007176|29.0
1409007196|29.0
1409007216|28.937
1409007236|28.937
1409007256|28.937
1409007277|28.937
1409007297|28.937
1409007317|28.937
1409007337|28.937
1409007357|28.937
1409007377|28.937
1409007397|28.937
1409007417|28.937
1409007438|28.937
1409007458|28.937
1409007478|28.937
1409007498|28.937
1409007518|28.937
1409007539|28.937
1409007559|28.937
1409007579|28.937
1409007599|28.937
1409007619|28.937
1409007639|28.937
1409007659|28.937
1409007679|28.937
1409007699|28.937
1409007719|28.937
1409007740|28.937
1409007760|28.937
1409007780|28.937
1409007800|28.937
1409007821|28.937
1409007841|28.875
1409007861|28.937
1409007881|28.937
1409007901|28.937
1409007921|28.937
1409007941|28.937
1409007961|28.937
1409007981|28.937
1409008001|28.937
1409008022|28.937
1409008042|28.937
1409008062|28.875
1409008082|28.875
1409008102|28.937
1409008122|28.875
1409008143|28.875
1409008163|28.875
1409008183|28.875
1409008203|28.875
1409008223|28.875
1409008243|28.875
1409008263|28.875
1409008284|28.875
1409008304|28.875
1409008324|28.875
1409008344|28.875
1409008364|28.875
1409008384|28.875
1409008404|28.875
1409008424|28.875
1409008445|28.875
1409008465|28.875
1409008485|28.875
1409008505|28.875
1409008525|28.875
1409008545|28.875
1409008565|28.875
1409008585|28.875
1409008605|28.875
1409008625|28.875
1409008646|28.875
1409008666|28.875
1409008686|28.875
1409008706|28.875
1409008726|28.875
1409008746|28.875
1409008766|28.875
1409008787|28.875
1409008807|28.875
1409008827|28.875
1409008847|28.875
1409008867|28.875
1409008888|28.875
1409008908|28.875
1409008928|28.875
1409008948|28.875
1409008968|28.875
1409008988|28.875
1409009008|28.875
1409009028|28.875
1409009048|28.812
1409009068|28.875
1409009088|28.875
1409009109|28.812
1409009129|28.812
1409009149|28.812
1409009169|28.812
1409009189|28.812
1409009209|28.812
1409009229|28.812
1409009249|28.812
1409009269|28.812
1409009289|28.812
1409009311|28.812
1409009331|28.812
1409009351|28.812
1409009371|28.812
1409009391|28.812
1409009411|28.812
1409009431|28.812
1409009451|28.812
1409009472|28.812
1409009492|28.812
1409009512|28.812
1409009532|28.812
1409009552|28.812
1409009572|28.812
1409009593|28.812
1409009613|28.812
1409009633|28.812
1409009653|28.812
1409009673|28.812
1409009693|28.812
1409009713|28.812
1409009733|28.812
1409009753|28.812
1409009773|28.812
1409009794|28.812
1409009814|28.812
1409009834|28.812
1409009854|28.812
1409009875|28.812
1409009895|28.812
1409009915|28.812
1409009935|28.812
1409009955|28.812
1409009975|28.75
1409009995|28.812
1409010015|28.812
1409010035|28.75
1409010056|28.75
1409010076|28.812
1409010096|28.812
1409010116|28.812
1409010136|28.812
1409010156|28.75
1409010176|28.812
1409010197|28.75
1409010217|28.75
1409010237|28.75
1409010257|28.75
1409010277|28.75
1409010297|28.75
1409010318|28.75
1409010338|28.75
1409010358|28.75
1409010378|28.75
1409010398|28.75
1409010418|28.75
1409010438|28.75
1409010458|28.75
1409010478|28.75
1409010498|28.75
1409010519|28.75
1409010539|28.75
1409010559|28.75
1409010579|28.75
1409010599|28.75
1409010619|28.75
1409010640|28.75
1409010660|28.75
1409010680|28.687
1409010700|28.75
1409010720|28.75
1409010740|28.75
1409010761|28.75
1409010781|28.75
1409010801|28.75
1409010821|28.75
1409010841|28.75
1409010861|28.687
1409010882|28.687
1409010902|28.75
1409010922|28.75
1409010942|28.687
1409010962|28.75
1409010982|28.75
1409011003|28.687
1409011023|28.687
1409011043|28.687
1409011063|28.687
1409011083|28.687
1409011103|28.687
1409011123|28.687
1409011143|28.687
1409011163|28.687
1409011183|28.687
1409011204|28.687
1409011224|28.687
1409011244|28.687
1409011264|28.687
1409011284|28.687
1409011304|28.687
1409011324|28.687
1409011345|28.687
1409011365|28.687
1409011385|28.687
1409011405|28.687
1409011425|28.687
1409011445|28.687
1409011465|28.687
1409011486|28.687
1409011506|28.687
1409011526|28.687
1409011546|28.687
1409011566|28.687
1409011587|28.687
1409011607|28.687
1409011627|28.687
1409011647|28.687
1409011667|28.687
1409011687|28.687
1409011707|28.687
1409011727|28.687
1409011748|28.687
1409011768|28.687
1409011788|28.687
1409011808|28.687
1409011828|28.687
1409011848|28.625
1409011868|28.687
1409011888|28.687
1409011908|28.687
1409011928|28.625
1409011949|28.625
1409011969|28.625
1409011989|28.625
1409012009|28.625
1409012029|28.625
1409012050|28.625
1409012070|28.625
1409012090|28.625
1409012110|28.625
1409012130|28.625
1409012150|28.625
1409012170|28.625
1409012190|28.625
1409012211|28.625
1409012231|28.625
1409012251|28.625
1409012271|28.625
1409012291|28.625
1409012312|28.625
1409012332|28.625
1409012352|28.625
1409012372|28.625
1409012392|28.625
1409012412|28.625
1409012432|28.625
1409012452|28.625
1409012472|28.625
1409012492|28.625
1409012513|28.625
1409012533|28.625
1409012553|28.625
1409012573|28.625
1409012593|28.625
1409012613|28.625
1409012633|28.625
1409012653|28.625
1409012673|28.625
1409012693|28.625
1409012714|28.625
1409012734|28.625
1409012754|28.625
1409012774|28.625
1409012794|28.625
1409012814|28.625
1409012834|28.625
1409012854|28.625
1409012875|28.625
1409012896|28.562
1409012916|28.625
1409012936|28.562
1409012956|28.625
1409012976|28.625
1409012997|28.625
1409013017|28.562
1409013037|28.625
1409013057|28.562
1409013077|28.562
1409013097|28.562
1409013117|28.562
1409013137|28.562
1409013157|28.562
1409013177|28.562
1409013198|28.562
1409013218|28.562
1409013238|28.562
1409013258|28.562
1409013278|28.562
1409013298|28.562
1409013318|28.562
1409013338|28.562
1409013358|28.562
1409013378|28.562
1409013399|28.562
1409013419|28.562
1409013439|28.562
1409013459|28.562
1409013479|28.562
1409013501|28.562
1409013521|28.562
1409013541|28.562
1409013561|28.562
1409013581|28.562
1409013601|28.562
1409013622|28.562
1409013642|28.562
1409013662|28.562
1409013682|28.562
1409013703|28.562
1409013723|28.562
1409013743|28.562
1409013763|28.562
1409013783|28.562
1409013803|28.562
1409013823|28.562
1409013843|28.562
1409013864|28.562
1409013884|28.562
1409013904|28.562
1409013924|28.562
1409013945|28.562
1409013966|28.562
1409013988|28.562
1409014008|28.562
1409014028|28.562
1409014049|28.562
1409014069|28.5
1409014089|28.562
1409014109|28.562
1409014129|28.5
1409014150|28.5
1409014170|28.5
1409014190|28.5
1409014210|28.5
1409014230|28.5
1409014250|28.5
1409014270|28.5
1409014290|28.562
1409014310|28.5
1409014331|28.5
1409014351|28.5
1409014371|28.5
1409014391|28.5
1409014411|28.5
1409014431|28.5
1409014451|28.5
1409014471|28.5
1409014491|28.5
1409014511|28.5
1409014531|28.5
1409014552|28.5
1409014572|28.5
1409014592|28.5
1409014612|28.5
1409014632|28.5
1409014652|28.5
1409014673|28.5
1409014693|28.5
1409014713|28.5
1409014733|28.5
1409014753|28.5
1409014773|28.5
1409014793|28.5
1409014813|28.5
1409014834|28.5
1409014854|28.5
1409014874|28.5
1409014894|28.5
1409014914|28.5
1409014934|28.5
1409014954|28.5
1409014974|28.5
1409014996|28.5
1409015016|28.5
1409015036|28.5
1409015056|28.5
1409015076|28.5
1409015096|28.5
1409015116|28.5
1409015136|28.5
1409015156|28.5
1409015176|28.437
1409015197|28.437
1409015217|28.437
1409015237|28.437
1409015257|28.437
1409015277|28.437
1409015297|28.437
1409015317|28.437
1409015337|28.437
1409015357|28.437
1409015378|28.437
1409015398|28.437
1409015418|28.437
1409015438|28.437
1409015459|28.437
1409015479|28.437
1409015499|28.437
1409015519|28.437
1409015539|28.437
1409015559|28.437
1409015579|28.437
1409015599|28.437
1409015619|28.437
1409015639|28.437
1409015660|28.437
1409015681|28.437
1409015701|28.437
1409015721|28.437
1409015741|28.437
1409015761|28.437
1409015781|28.437
1409015801|28.437
1409015821|28.437
1409015841|28.437
1409015861|28.437
1409015882|28.437
1409015902|28.437
1409015922|28.437
1409015942|28.437
1409015962|28.437
1409015982|28.437
1409016002|28.437
1409016022|28.437
1409016042|28.437
1409016063|28.437
1409016083|28.437
1409016103|28.437
1409016123|28.437
1409016144|28.437
1409016164|28.437
1409016184|28.437
1409016204|28.437
1409016224|28.437
1409016244|28.437
1409016264|28.375
1409016284|28.437
1409016304|28.375
1409016325|28.437
1409016345|28.437
1409016365|28.375
1409016385|28.375
1409016406|28.375
1409016426|28.375
1409016446|28.375
1409016466|28.375
1409016486|28.375
1409016506|28.375
1409016526|28.375
1409016546|28.375
1409016566|28.375
1409016586|28.375
1409016606|28.375
1409016627|28.375
1409016647|28.375
1409016667|28.375
1409016687|28.375
1409016708|28.375
1409016728|28.375
1409016748|28.375
1409016768|28.375
1409016788|28.375
1409016809|28.375
1409016829|28.375
1409016849|28.375
1409016870|28.375
1409016890|28.375
1409016910|28.375
1409016931|28.375
1409016951|28.375
1409016971|28.375
1409016991|28.375
1409017011|28.375
1409017031|28.375
1409017051|28.375
1409017071|28.375
1409017092|28.375
1409017112|28.375
1409017132|28.375
1409017153|28.375
1409017173|28.375
1409017193|28.375
1409017213|28.375
1409017233|28.375
1409017253|28.375
1409017273|28.375
1409017293|28.375
1409017313|28.375
1409017333|28.375
1409017354|28.375
1409017374|28.375
1409017394|28.375
1409017414|28.375
1409017434|28.375
1409017455|28.375
1409017475|28.375
1409017495|28.375
1409017515|28.375
1409017535|28.375
1409017555|28.375
1409017576|28.312
1409017596|28.375
1409017616|28.312
1409017636|28.312
1409017656|28.375
1409017677|28.375
1409017697|28.312
1409017717|28.375
1409017737|28.375
1409017757|28.312
1409017777|28.312
1409017797|28.375
1409017817|28.375
1409017837|28.375
1409017858|28.375
1409017878|28.312
1409017898|28.375
1409017918|28.312
1409017938|28.375
1409017958|28.312
1409017978|28.312
1409017998|28.375
1409018018|28.375
1409018038|28.375
1409018059|28.375
1409018079|28.375
1409018099|28.375
1409018119|28.375
1409018140|28.375
1409018160|28.375
1409018180|28.375
1409018200|28.375
1409018221|28.375
1409018241|28.375
1409018261|28.437
1409018281|28.437
1409018301|28.375
1409018321|28.437
1409018341|28.437
1409018361|28.437
1409018382|28.437
1409018402|28.437
1409018422|28.437
1409018442|28.437
1409018462|28.437
1409018483|28.437
1409018503|28.437
1409018523|28.5
1409018543|28.437
1409018563|28.437
1409018583|28.437
1409018603|28.5
1409018623|28.5
1409018643|28.5
1409018663|28.5
1409018684|28.5
1409018704|28.5
1409018724|28.5
1409018744|28.5
1409018764|28.5
1409018785|28.5
1409018805|28.437
1409018825|28.5
1409018845|28.437
1409018865|28.5
1409018885|28.437
1409018906|28.437
1409018926|28.5
1409018946|28.437
1409018966|28.437
1409018986|28.437
1409019006|28.5
1409019027|28.437
1409019047|28.437
1409019067|28.437
1409019087|28.437
1409019107|28.437
1409019127|28.437
1409019148|28.437
1409019168|28.437
1409019188|28.437
1409019208|28.437
1409019228|28.437
1409019248|28.375
1409019268|28.375
1409019288|28.375
1409019309|28.375
1409019329|28.375
1409019349|28.375
1409019369|28.375
1409019389|28.375
1409019409|28.375
1409019430|28.375
1409019450|28.375
1409019470|28.375
1409019490|28.375
1409019510|28.375
1409019530|28.312
1409019551|28.375
1409019571|28.312
1409019591|28.312
1409019611|28.312
1409019631|28.312
1409019651|28.312
1409019671|28.312
1409019691|28.312
1409019711|28.312
1409019731|28.312
1409019752|28.312
1409019772|28.312
1409019792|28.312
1409019812|28.312
1409019832|28.312
1409019852|28.312
1409019873|28.312
1409019893|28.312
1409019913|28.312
1409019933|28.25
1409019953|28.312
1409019974|28.25
1409019994|28.25
1409020014|28.312
1409020034|28.25
1409020054|28.25
1409020074|28.25
1409020094|28.25
1409020114|28.25
1409020135|28.25
1409020155|28.25
1409020175|28.25
1409020195|28.25
1409020215|28.25
1409020235|28.25
1409020255|28.25
1409020275|28.25
1409020295|28.25
1409020315|28.187
1409020336|28.25
1409020356|28.25
1409020376|28.25
1409020396|28.25
1409020416|28.25
1409020436|28.25
1409020456|28.25
1409020476|28.187
1409020497|28.187
1409020517|28.25
1409020537|28.25
1409020557|28.187
1409020577|28.187
1409020597|28.187
1409020618|28.25
1409020638|28.187
1409020658|28.187
1409020678|28.187
1409020698|28.187
1409020718|28.187
1409020738|28.187
1409020758|28.187
1409020778|28.187
1409020798|28.187
1409020819|28.187
1409020839|28.187
1409020859|28.187
1409020879|28.187
1409020899|28.187
1409020919|28.187
1409020939|28.187
1409020959|28.187
1409020979|28.187
1409021000|28.187
1409021020|28.187
1409021040|28.187
1409021060|28.187
1409021081|28.187
1409021101|28.187
1409021121|28.187
1409021141|28.187
1409021161|28.187
1409021181|28.187
1409021202|28.187
1409021222|28.187
1409021242|28.187
1409021262|28.187
1409021282|28.187
1409021302|28.187
1409021322|28.187
1409021342|28.125
1409021363|28.187
1409021383|28.125
1409021403|28.125
1409021423|28.125
1409021443|28.125
1409021463|28.125
1409021483|28.125
1409021503|28.125
1409021523|28.125
1409021543|28.187
1409021564|28.187
1409021584|28.187
1409021604|28.187
1409021624|28.125
1409021645|28.125
1409021666|28.125
1409021686|28.125
1409021706|28.125
1409021726|28.125
1409021746|28.125
1409021766|28.125
1409021787|28.125
1409021807|28.125
1409021827|28.125
1409021847|28.125
1409021867|28.125
1409021887|28.125
1409021907|28.125
1409021927|28.125
1409021947|28.125
1409021968|28.125
1409021988|28.125
1409022008|28.125
1409022028|28.125
1409022049|28.125
1409022069|28.125
1409022089|28.125
1409022109|28.125
1409022130|28.125
1409022150|28.125
1409022170|28.125
1409022190|28.125
1409022210|28.125
1409022231|28.125
1409022251|28.125
1409022271|28.125
1409022291|28.125
1409022311|28.125
1409022331|28.125
1409022351|28.125
1409022371|28.125
1409022391|28.125
1409022411|28.125
1409022432|28.125
1409022452|28.125
1409022472|28.125
1409022492|28.125
1409022512|28.125
1409022532|28.125
1409022552|28.125
1409022572|28.125
1409022592|28.125
1409022612|28.125
1409022632|28.125
1409022653|28.125
1409022673|28.062
1409022693|28.062
1409022713|28.062
1409022733|28.125
1409022754|28.125
1409022774|28.125
1409022794|28.062
1409022814|28.062
1409022834|28.125
1409022854|28.125
1409022874|28.125
1409022894|28.125
1409022915|28.062
1409022935|28.062
1409022955|28.062
1409022975|28.062
1409022995|28.062
1409023015|28.062
1409023036|28.062
1409023056|28.062
1409023076|28.062
1409023096|28.062
1409023116|28.062
1409023136|28.062
1409023157|28.062
1409023177|28.062
1409023197|28.062
1409023217|28.062
1409023237|28.062
1409023257|28.062
1409023277|28.062
1409023297|28.062
1409023317|28.062
1409023337|28.062
1409023357|28.062
1409023378|28.062
1409023398|28.062
1409023418|28.062
1409023438|28.062
1409023459|28.062
1409023479|28.062
1409023499|28.062
1409023519|28.062
1409023539|28.062
1409023559|28.062
1409023580|28.062
1409023600|28.062
1409023620|28.062
1409023640|28.062
1409023660|28.062
1409023680|28.062
1409023700|28.062
1409023720|28.062
1409023740|28.062
1409023760|28.062
1409023780|28.062
1409023801|28.062
1409023821|28.062
1409023841|28.062
1409023861|28.062
1409023881|28.062
1409023901|28.062
1409023921|28.062
1409023941|28.062
1409023961|28.062
1409023981|28.062
1409024002|28.062
1409024022|28.062
1409024042|28.062
1409024062|28.0
1409024083|28.062
1409024103|28.062
1409024123|28.0
1409024143|28.062
1409024163|28.062
1409024183|28.062
1409024203|28.062
1409024223|28.062
1409024243|28.062
1409024263|28.062
1409024284|28.062
1409024304|28.062
1409024324|28.062
1409024344|28.0
1409024364|28.0
1409024384|28.0
1409024404|28.062
1409024424|28.062
1409024444|28.0
1409024466|28.062
1409024486|28.0
1409024506|28.0
1409024526|28.062
1409024546|28.0
1409024566|28.0
1409024586|28.0
1409024606|28.0
1409024626|28.0
1409024646|28.0
1409024667|28.0
1409024687|28.0
1409024707|28.0
1409024727|28.0
1409024747|28.0
1409024767|28.0
1409024788|28.0
1409024808|28.0
1409024828|28.0
1409024848|28.0
1409024868|28.0
1409024888|28.0
1409024909|28.0
1409024929|28.0
1409024949|28.0
1409024969|28.0
1409024989|28.0
1409025009|28.0
1409025029|28.0
1409025049|28.0
1409025069|28.0
1409025089|28.0
1409025110|28.0
1409025130|28.0
1409025150|28.0
1409025170|28.0
1409025190|28.0
1409025210|28.0
1409025230|28.0
1409025251|28.0
1409025271|28.0
1409025291|28.0
1409025311|28.0
1409025331|28.0
1409025351|28.0
1409025371|28.062
1409025391|28.062
1409025411|28.062
1409025432|28.062
1409025452|28.062
1409025472|28.062
1409025492|28.062
1409025512|28.062
1409025532|28.062
1409025553|28.062
1409025573|28.062
1409025593|28.062
1409025613|28.062
1409025633|28.062
1409025653|28.125
1409025673|28.062
1409025693|28.062
1409025713|28.125
1409025733|28.125
1409025754|28.125
1409025774|28.125
1409025794|28.125
1409025814|28.062
1409025834|28.125
1409025854|28.125
1409025874|28.125
1409025894|28.125
1409025914|28.125
1409025934|28.125
1409025954|28.062
1409025975|28.062
1409025995|28.062
1409026015|28.062
1409026035|28.062
1409026055|28.062
1409026076|28.062
1409026096|28.062
1409026116|28.062
1409026136|28.062
1409026156|28.062
1409026176|28.062
1409026197|28.062
1409026217|28.062
1409026237|28.062
1409026257|28.062
1409026277|28.062
1409026297|28.062
1409026317|28.062
1409026337|28.062
1409026357|28.062
1409026377|28.062
1409026397|28.062
1409026418|28.062
1409026438|28.062
1409026458|28.062
1409026478|28.062
1409026498|28.062
1409026518|28.062
1409026538|28.062
1409026558|28.062
1409026578|28.062
1409026598|28.062
1409026619|28.062
1409026639|28.0
1409026659|28.0
1409026680|28.0
1409026700|28.062
1409026720|28.0
1409026741|28.0
1409026761|28.0
1409026781|28.0
1409026801|28.0
1409026821|28.0
1409026841|28.0
1409026861|28.0
1409026881|28.0
1409026901|28.0
1409026922|28.0
1409026942|28.0
1409026962|28.0
1409026982|28.0
1409027002|28.0
1409027022|28.0
1409027042|28.0
1409027062|28.0
1409027082|28.0
1409027102|28.0
1409027123|27.937
1409027143|28.0
1409027163|27.937
1409027183|27.937
1409027203|27.937
1409027223|27.937
1409027243|27.937
1409027263|27.937
1409027283|27.937
1409027304|27.937
1409027324|27.937
1409027344|27.937
1409027364|27.937
1409027384|27.937
1409027405|27.937
1409027425|27.937
1409027445|27.937
1409027465|27.937
1409027485|27.937
1409027505|27.937
1409027525|27.875
1409027545|27.937
1409027565|27.875
1409027586|27.875
1409027606|27.875
1409027626|27.875
1409027646|27.875
1409027666|27.875
1409027686|27.875
1409027706|27.875
1409027726|27.875
1409027746|27.875
1409027766|27.875
1409027787|27.875
1409027807|27.875
1409027827|27.875
1409027847|27.875
1409027867|27.812
1409027887|27.875
1409027907|27.875
1409027927|27.812
1409027947|27.812
1409027968|27.812
1409027988|27.875
1409028008|27.812
1409028029|27.812
1409028049|27.812
1409028069|27.812
1409028089|27.812
1409028109|27.812
1409028129|27.812
1409028149|27.812
1409028169|27.812
1409028189|27.812
1409028209|27.812
1409028230|27.812
1409028250|27.812
1409028270|27.75
1409028290|27.75
1409028310|27.812
1409028330|27.75
1409028350|27.812
1409028371|27.812
1409028391|27.75
1409028411|27.75
1409028431|27.75
1409028451|27.75
1409028471|27.75
1409028491|27.75
1409028511|27.75
1409028532|27.75
1409028552|27.75
1409028572|27.75
1409028592|27.75
1409028612|27.75
1409028632|27.75
1409028653|27.75
1409028673|27.687
1409028693|27.687
1409028713|27.687
1409028733|27.687
1409028754|27.687
1409028774|27.687
1409028794|27.687
1409028814|27.687
1409028834|27.687
1409028854|27.687
1409028874|27.687
1409028896|27.687
1409028916|27.687
1409028936|27.687
1409028956|27.687
1409028976|27.687
1409028996|27.687
1409029017|27.625
1409029037|27.687
1409029057|27.625
1409029077|27.687
1409029097|27.625
1409029117|27.625
1409029137|27.625
1409029157|27.625
1409029177|27.625
1409029197|27.625
1409029218|27.625
1409029238|27.625
1409029258|27.625
1409029278|27.625
1409029298|27.625
1409029318|27.625
1409029338|27.562
1409029358|27.625
1409029378|27.562
1409029399|27.625
1409029419|27.562
1409029439|27.562
1409029459|27.625
1409029480|27.625
1409029500|27.562
1409029520|27.562
1409029540|27.562
1409029560|27.562
1409029580|27.562
1409029601|27.562
1409029621|27.562
1409029641|27.562
1409029661|27.625
1409029681|27.562
1409029701|27.562
1409029721|27.562
1409029741|27.625
1409029761|27.625
1409029781|27.625
1409029801|27.625
1409029822|27.625
1409029842|27.625
1409029862|27.625
1409029882|27.625
1409029902|27.625
1409029922|27.625
1409029942|27.625
1409029962|27.625
1409029982|27.625
1409030002|27.625
1409030023|27.625
1409030043|27.625
1409030063|27.625
1409030083|27.625
1409030104|27.625
1409030124|27.625
1409030144|27.625
1409030164|27.625
1409030184|27.625
1409030204|27.625
1409030226|27.625
1409030247|27.625
1409030267|27.625
1409030287|27.625
1409030308|27.625
1409030328|27.625
1409030348|27.625
1409030368|27.625
1409030388|27.625
1409030408|27.625
1409030428|27.625
1409030448|27.625
1409030468|27.625
1409030488|27.625
1409030509|27.625
1409030529|27.625
1409030549|27.625
1409030569|27.625
1409030589|27.625
1409030609|27.625
1409030631|27.625
1409030651|27.625
1409030671|27.625
1409030691|27.625
1409030711|27.625
1409030732|27.625
1409030752|27.625
1409030772|27.625
1409030792|27.625
1409030812|27.625
1409030832|27.625
1409030852|27.625
1409030872|27.625
1409030892|27.625
1409030912|27.625
1409030932|27.625
1409030953|27.562
1409030973|27.562
1409030993|27.625
1409031014|27.562
1409031034|27.625
1409031054|27.562
1409031074|27.562
1409031094|27.625
1409031115|27.625
1409031135|27.562
1409031155|27.562
1409031175|27.562
1409031195|27.562
1409031215|27.562
1409031236|27.562
1409031256|27.562
1409031276|27.562
1409031296|27.562
1409031316|27.562
1409031336|27.562
1409031357|27.562
1409031377|27.562
1409031397|27.562
1409031417|27.562
1409031437|27.562
1409031457|27.562
1409031477|27.562
1409031497|27.562
1409031517|27.562
1409031537|27.562
1409031558|27.562
1409031578|27.562
1409031598|27.562
1409031618|27.562
1409031638|27.562
1409031658|27.562
1409031678|27.562
1409031698|27.562
1409031718|27.562
1409031739|27.562
1409031759|27.562
1409031780|27.562
1409031800|27.5
1409031820|27.5
1409031840|27.562
1409031860|27.5
1409031880|27.562
1409031900|27.5
1409031920|27.5
1409031941|27.5
1409031961|27.5
1409031981|27.5
1409032001|27.5
1409032021|27.5
1409032041|27.5
1409032061|27.5
1409032081|27.5
1409032101|27.5
1409032121|27.5
1409032141|27.5
1409032162|27.5
1409032182|27.5
1409032202|27.5
1409032222|27.5
1409032242|27.5
1409032262|27.5
1409032282|27.437
1409032302|27.5
1409032322|27.5
1409032343|27.437
1409032363|27.5
1409032383|27.5
1409032403|27.437
1409032424|27.437
1409032444|27.437
1409032464|27.437
1409032484|27.375
1409032504|27.375
1409032524|27.375
1409032544|27.375
1409032564|27.375
1409032584|27.375
1409032605|27.375
1409032625|27.375
1409032645|27.375
1409032665|27.375
1409032685|27.375
1409032705|27.312
1409032725|27.312
1409032745|27.312
1409032765|27.312
1409032785|27.312
1409032806|27.312
1409032826|27.312
1409032846|27.312
1409032866|27.312
1409032886|27.25
1409032906|27.25
1409032926|27.25
1409032946|27.25
1409032966|27.25
1409032987|27.312
1409033007|27.25
1409033027|27.25
1409033047|27.25
1409033067|27.25
1409033088|27.25
1409033108|27.25
1409033128|27.187
1409033148|27.25
1409033168|27.187
1409033188|27.187
1409033208|27.187
1409033228|27.187
1409033248|27.187
1409033268|27.187
1409033289|27.187
1409033309|27.187
1409033329|27.187
1409033349|27.125
1409033369|27.187
1409033389|27.187
1409033409|27.187
1409033429|27.125
1409033449|27.187
1409033469|27.125
1409033489|27.125
1409033510|27.125
1409033530|27.125
1409033550|27.125
1409033571|27.125
1409033591|27.125
1409033611|27.125
1409033631|27.125
1409033651|27.125
1409033672|27.125
1409033692|27.125
1409033712|27.125
1409033732|27.125
1409033753|27.125
1409033773|27.125
1409033793|27.125
1409033813|27.125
1409033833|27.125
1409033853|27.125
1409033873|27.125
1409033894|27.062
1409033914|27.062
1409033934|27.062
1409033954|27.062
1409033974|27.125
1409033994|27.062
1409034015|27.062
1409034035|27.125
1409034055|27.062
1409034075|27.062
1409034096|27.062
1409034116|27.062
1409034136|27.062
1409034156|27.062
1409034176|27.062
1409034196|27.062
1409034216|27.062
1409034236|27.062
1409034256|27.062
1409034276|27.062
1409034297|27.062
1409034317|27.062
1409034337|27.062
1409034357|27.062
1409034377|27.062
1409034397|27.062
1409034417|27.062
1409034437|27.062
1409034458|27.062
1409034478|27.062
1409034498|27.062
1409034518|27.062
1409034538|27.062
1409034558|27.062
1409034579|27.125
1409034599|27.062
1409034619|27.062
1409034639|27.125
1409034659|27.062
1409034679|27.062
1409034701|27.125
1409034721|27.125
1409034741|27.125
1409034761|27.125
1409034781|27.125
1409034801|27.125
1409034822|27.125
1409034842|27.125
1409034862|27.125
1409034882|27.125
1409034902|27.125
1409034922|27.125
1409034942|27.125
1409034962|27.125
1409034982|27.187
1409035002|27.125
1409035023|27.187
1409035043|27.125
1409035063|27.125
1409035083|27.125
1409035103|27.125
1409035123|27.125
1409035143|27.125
1409035163|27.125
1409035183|27.125
1409035204|27.125
1409035224|27.125
1409035244|27.125
1409035264|27.125
1409035284|27.125
1409035305|27.125
1409035325|27.125
1409035345|27.125
1409035365|27.125
1409035385|27.125
1409035405|27.062
1409035425|27.062
1409035446|27.125
1409035466|27.062
1409035486|27.062
1409035506|27.062
1409035526|27.062
1409035546|27.062
1409035566|27.062
1409035586|27.062
1409035606|27.062
1409035626|27.062
1409035647|27.062
1409035667|27.062
1409035687|27.062
1409035707|27.0
1409035727|27.0
1409035747|27.0
1409035767|27.0
1409035787|27.0
1409035807|27.0
1409035827|27.0
1409035848|27.0
1409035868|27.0
1409035888|27.0
1409035908|27.0
1409035929|27.0
1409035949|27.0
1409035969|27.0
1409035990|26.937
1409036010|26.937
1409036031|26.937
1409036051|26.937
1409036071|26.937
1409036091|26.937
1409036111|26.937
1409036131|26.937
1409036151|26.937
1409036171|26.937
1409036191|26.875
1409036211|26.937
1409036232|26.937
1409036252|26.875
1409036272|26.875
1409036292|26.875
1409036312|26.875
1409036332|26.875
1409036352|26.875
1409036372|26.875
1409036392|26.875
1409036412|26.875
1409036433|26.875
1409036453|26.875
1409036473|26.875
1409036493|26.875
1409036513|26.875
1409036533|26.875
1409036553|26.875
1409036573|26.875
1409036594|26.812
1409036614|26.812
1409036634|26.812
1409036654|26.812
1409036675|26.875
1409036695|26.875
1409036715|26.875
1409036735|26.812
1409036755|26.812
1409036776|26.812
1409036797|26.812
1409036817|26.812
1409036837|26.812
1409036858|26.812
1409036878|26.812
1409036898|26.812
1409036918|26.812
1409036938|26.812
1409036958|26.812
1409036978|26.812
1409036998|26.812
1409037018|26.812
1409037038|26.812
1409037059|26.812
1409037079|26.812
1409037099|26.812
1409037119|26.812
1409037139|26.812
1409037159|26.812
1409037179|26.812
1409037199|26.812
1409037219|26.75
1409037239|26.812
1409037259|26.812
1409037280|26.812
1409037300|26.812
1409037320|26.812
1409037340|26.812
1409037360|26.75
1409037381|26.75
1409037401|26.812
1409037421|26.812
1409037443|26.812
1409037463|26.812
1409037483|26.75
1409037503|26.75
1409037523|26.812
1409037543|26.812
1409037564|26.812
1409037584|26.75
1409037604|26.75
1409037624|26.812
1409037644|26.75
1409037664|26.812
1409037684|26.812
1409037704|26.812
1409037724|26.812
1409037744|26.812
1409037765|26.812
1409037785|26.812
1409037805|26.812
1409037825|26.812
1409037845|26.812
1409037865|26.812
1409037885|26.812
1409037905|26.812
1409037925|26.812
1409037945|26.812
1409037965|26.812
1409037986|26.812
1409038006|26.812
1409038026|26.812
1409038046|26.812
1409038066|26.812
1409038086|26.812
1409038107|26.812
1409038127|26.812
1409038147|26.812
1409038167|26.812
1409038187|26.812
1409038207|26.812
1409038227|26.812
1409038248|26.812
1409038268|26.812
1409038288|26.812
1409038308|26.875
1409038328|26.875
1409038348|26.875
1409038368|26.875
1409038388|26.875
1409038408|26.875
1409038428|26.875
1409038448|26.875
1409038469|26.875
1409038489|26.875
1409038509|26.875
1409038529|26.875
1409038549|26.875
1409038569|26.875
1409038589|26.875
1409038609|26.875
1409038629|26.875
1409038649|26.875
1409038670|26.875
1409038690|26.875
1409038710|26.875
1409038730|26.875
1409038751|26.875
1409038771|26.875
1409038791|26.875
1409038811|26.875
1409038831|26.875
1409038852|26.875
1409038872|26.875
1409038892|26.937
1409038913|26.937
1409038933|26.937
1409038953|26.937
1409038973|26.937
1409038993|26.937
1409039013|26.937
1409039033|26.937
1409039053|26.937
1409039073|26.937
1409039093|26.937
1409039114|26.937
1409039134|26.937
1409039154|26.937
1409039174|26.937
1409039194|26.937
1409039214|26.937
1409039234|26.937
1409039254|26.937
1409039274|26.937
1409039294|26.937
1409039315|26.937
1409039335|26.937
1409039355|26.937
1409039375|26.937
1409039395|26.937
1409039416|26.937
1409039436|26.937
1409039456|26.937
1409039477|26.937
1409039497|26.937
1409039517|26.937
1409039537|26.937
1409039557|26.937
1409039577|26.937
1409039597|26.937
1409039617|26.937
1409039638|26.937
1409039658|26.937
1409039678|26.937
1409039698|26.937
1409039718|26.937
1409039738|26.937
1409039758|26.937
1409039778|26.937
1409039798|26.937
1409039818|26.937
1409039838|26.937
1409039859|26.937
1409039879|26.937
1409039899|26.937
1409039919|26.937
1409039939|26.937
1409039959|26.937
1409039979|26.937
1409039999|26.937
1409040019|26.937
1409040040|26.937
1409040060|26.937
1409040080|26.937
1409040100|26.937
1409040120|26.937
1409040141|26.937
1409040161|26.937
1409040182|26.937
1409040202|26.937
1409040222|26.937
1409040242|26.937
1409040262|26.937
1409040282|26.937
1409040302|26.937
1409040322|26.937
1409040342|26.937
1409040363|26.937
1409040383|26.937
1409040403|26.937
1409040423|26.937
1409040443|26.937
1409040463|26.937
1409040483|26.937
1409040503|26.937
1409040523|26.937
1409040543|26.937
1409040564|26.937
1409040584|26.875
1409040604|26.937
1409040624|26.875
1409040644|26.875
1409040664|26.875
1409040684|26.937
1409040704|26.937
1409040724|26.875
1409040745|26.875
1409040765|26.875
1409040785|26.875
1409040805|26.875
1409040826|26.875
1409040846|26.875
1409040866|26.875
1409040886|26.875
1409040906|26.875
1409040926|26.875
1409040946|26.875
1409040966|26.875
1409040986|26.875
1409041006|26.875
1409041027|26.875
1409041047|26.875
1409041067|26.875
1409041087|26.875
1409041107|26.875
1409041127|26.875
1409041147|26.875
1409041167|26.875
1409041188|26.875
1409041208|26.875
1409041228|26.875
1409041248|26.875
1409041268|26.875
1409041288|26.875
1409041308|26.812
1409041328|26.875
1409041348|26.875
1409041369|26.875
1409041389|26.875
1409041409|26.812
1409041429|26.875
1409041450|26.875
1409041470|26.812
1409041490|26.875
1409041510|26.875
1409041530|26.875
1409041550|26.812
1409041570|26.812
1409041591|26.812
1409041611|26.812
1409041631|26.812
1409041651|26.812
1409041672|26.812
1409041692|26.812
1409041712|26.812
1409041732|26.812
1409041752|26.812
1409041772|26.812
1409041793|26.812
1409041813|26.812
1409041833|26.812
1409041853|26.812
1409041873|26.812
1409041893|26.812
1409041913|26.812
1409041933|26.812
1409041953|26.812
1409041973|26.812
1409041993|26.812
1409042014|26.812
1409042034|26.812
1409042054|26.812
1409042074|26.812
1409042094|26.812
1409042114|26.812
1409042134|26.812
1409042155|26.812
1409042175|26.812
1409042195|26.812
1409042215|26.812
1409042235|26.812
1409042255|26.75
1409042276|26.812
1409042296|26.75
1409042316|26.812
1409042336|26.75
1409042356|26.812
1409042376|26.812
1409042396|26.812
1409042416|26.75
1409042436|26.812
1409042457|26.812
1409042477|26.812
1409042497|26.812
1409042517|26.812
1409042537|26.812
1409042557|26.812
1409042577|26.812
1409042597|26.812
1409042617|26.812
1409042637|26.75
1409042658|26.75
1409042678|26.75
1409042698|26.75
1409042718|26.75
1409042738|26.75
1409042758|26.812
1409042780|26.75
1409042800|26.75
1409042821|26.75
1409042841|26.75
1409042861|26.75
1409042881|26.75
1409042902|26.75
1409042922|26.75
1409042942|26.75
1409042962|26.75
1409042982|26.75
1409043002|26.75
1409043022|26.75
1409043042|26.75
1409043062|26.75
1409043082|26.75
1409043103|26.75
1409043123|26.75
1409043143|26.75
1409043163|26.75
1409043183|26.75
1409043203|26.75
1409043223|26.75
1409043243|26.75
1409043263|26.75
1409043283|26.75
1409043303|26.75
1409043324|26.75
1409043344|26.75
1409043364|26.75
1409043384|26.75
1409043404|26.75
1409043424|26.75
1409043444|26.75
1409043465|26.75
1409043485|26.75
1409043505|26.75
1409043525|26.75
1409043547|26.75
1409043568|26.75
1409043588|26.75
1409043608|26.75
1409043628|26.75
1409043649|26.75
1409043669|26.75
1409043689|26.75
1409043709|26.75
1409043729|26.75
1409043749|26.75
1409043769|26.75
1409043789|26.75
1409043809|26.75
1409043829|26.75
1409043850|26.812
1409043870|26.812
1409043890|26.812
1409043910|26.812
1409043930|26.812
1409043950|26.812
1409043970|26.812
1409043991|26.812
1409044011|26.812
1409044031|26.875
1409044051|26.812
1409044072|26.812
1409044092|26.875
1409044112|26.875
1409044132|26.875
1409044152|26.875
1409044172|26.875
1409044192|26.875
1409044213|26.875
1409044233|26.875
1409044253|26.937
1409044273|26.937
1409044293|26.937
1409044314|26.937
1409044334|26.937
1409044354|26.937
1409044374|26.937
1409044394|27.0
1409044414|27.0
1409044434|27.0
1409044454|27.0
1409044475|27.0
1409044495|27.0
1409044517|27.0
1409044537|27.0
1409044557|27.062
1409044577|27.0
1409044597|27.062
1409044617|27.062
1409044639|27.062
1409044659|27.062
1409044683|27.062
1409044703|27.062
1409044724|27.062
1409044744|27.062
1409044764|27.062
1409044784|27.062
1409044804|27.125
1409044824|27.125
1409044844|27.062
1409044864|27.125
1409044884|27.125
1409044905|27.125
1409044925|27.125
1409044945|27.125
1409044965|27.125
1409044985|27.125
1409045005|27.125
1409045025|27.125
1409045045|27.187
1409045065|27.125
1409045085|27.125
1409045105|27.125
1409045126|27.187
1409045146|27.187
1409045166|27.187
1409045186|27.187
1409045206|27.187
1409045226|27.187
1409045246|27.187
1409045266|27.187
1409045287|27.187
1409045307|27.187
1409045328|27.187
1409045348|27.187
1409045369|27.25
1409045389|27.187
1409045409|27.25
1409045429|27.25
1409045450|27.25
1409045470|27.25
1409045490|27.25
1409045510|27.25
1409045530|27.25
1409045550|27.25
1409045570|27.25
1409045590|27.25
1409045610|27.25
1409045630|27.25
1409045652|27.312
1409045672|27.312
1409045692|27.312
1409045712|27.312
1409045732|27.312
1409045752|27.312
1409045772|27.312
1409045792|27.312
1409045812|27.312
1409045832|27.312
1409045853|27.312
1409045873|27.375
1409045893|27.375
1409045913|27.375
1409045933|27.375
1409045953|27.375
1409045973|27.375
1409045993|27.375
1409046013|27.375
1409046033|27.375
1409046054|27.375
1409046074|27.437
1409046094|27.375
1409046114|27.437
1409046135|27.437
1409046155|27.437
1409046176|27.437
1409046196|27.437
1409046216|27.437
1409046236|27.437
1409046256|27.437
1409046276|27.5
1409046297|27.437
1409046317|27.5
1409046338|27.5
1409046358|27.5
1409046378|27.5
1409046398|27.5
1409046418|27.5
1409046438|27.5
1409046459|27.5
1409046479|27.562
1409046499|27.562
1409046519|27.562
1409046539|27.562
1409046559|27.562
1409046579|27.562
1409046599|27.625
1409046619|27.625
1409046639|27.625
1409046662|27.625
1409046682|27.625
1409046702|27.625
1409046722|27.687
1409046742|27.687
1409046762|27.687
1409046782|27.687
1409046802|27.687
1409046823|27.75
1409046843|27.75
1409046863|27.75
1409046883|27.75
1409046903|27.75
1409046923|27.75
1409046943|27.812
1409046963|27.812
1409046983|27.812
1409047003|27.812
1409047024|27.875
1409047044|27.875
1409047064|27.875
1409047084|27.875
1409047105|27.875
1409047125|27.937
1409047145|27.937
1409047165|27.937
1409047185|27.937
1409047205|27.937
1409047225|27.937
1409047246|27.937
1409047266|27.937
1409047286|28.0
1409047306|28.0
1409047326|28.0
1409047346|28.0
1409047366|28.0
1409047387|28.0
1409047407|28.0
1409047428|28.062
1409047448|28.062
1409047468|28.062
1409047488|28.062
1409047508|28.062
1409047528|28.062
1409047548|28.062
1409047568|28.125
1409047589|28.125
1409047609|28.125
1409047629|28.125
1409047649|28.125
1409047669|28.125
1409047689|28.125
1409047709|28.125
1409047729|28.187
1409047749|28.187
1409047769|28.187
1409047789|28.187
1409047810|28.187
1409047830|28.187
1409047850|28.187
1409047870|28.187
1409047891|28.187
1409047911|28.187
1409047931|28.187
1409047951|28.187
1409047971|28.25
1409047991|28.25
1409048011|28.25
1409048031|28.25
1409048051|28.25
1409048071|28.25
1409048092|28.25
1409048112|28.25
1409048132|28.25
1409048152|28.25
1409048172|28.25
1409048192|28.25
1409048212|28.25
1409048232|28.25
1409048252|28.25
1409048272|28.25
1409048293|28.25
1409048313|28.25
1409048333|28.25
1409048353|28.312
1409048373|28.312
1409048393|28.312
1409048413|28.25
1409048433|28.25
1409048454|28.312
1409048474|28.25
1409048494|28.312
1409048515|28.312
1409048535|28.312
1409048555|28.312
1409048575|28.312
1409048595|28.312
1409048615|28.312
1409048636|28.312
1409048656|28.312
1409048676|28.312
1409048696|28.312
1409048716|28.312
1409048736|28.312
1409048756|28.312
1409048776|28.312
1409048796|28.312
1409048816|28.312
1409048837|28.312
1409048857|28.312
1409048877|28.312
1409048897|28.312
1409048917|28.312
1409048937|28.312
1409048957|28.312
1409048977|28.312
1409048997|28.312
1409049017|28.312
1409049038|28.312
1409049058|28.312
1409049078|28.312
1409049098|28.312
1409049118|28.312
1409049138|28.312
1409049159|28.312
1409049179|28.312
1409049199|28.312
1409049219|28.312
1409049239|28.312
1409049260|28.312
1409049280|28.312
1409049300|28.312
1409049320|28.312
1409049340|28.312
1409049360|28.312
1409049380|28.312
1409049400|28.312
1409049420|28.312
1409049440|28.312
1409049460|28.312
1409049481|28.312
1409049501|28.312
1409049521|28.312
1409049541|28.312
1409049561|28.312
1409049581|28.312
1409049601|28.312
1409049621|28.312
1409049641|28.312
1409049661|28.312
1409049682|28.312
1409049702|28.312
1409049722|28.312
1409049742|28.312
1409049763|28.375
1409049783|28.375
1409049804|28.312
1409049824|28.375
1409049844|28.375
1409049864|28.375
1409049884|28.375
1409049905|28.312
1409049925|28.375
1409049945|28.375
1409049965|28.375
1409049985|28.375
1409050005|28.375
1409050025|28.375
1409050045|28.375
1409050065|28.375
1409050085|28.437
1409050105|28.437
1409050126|28.437
1409050146|28.437
1409050166|28.437
1409050186|28.437
1409050206|28.437
1409050226|28.437
1409050246|28.437
1409050266|28.5
1409050286|28.5
1409050306|28.437
1409050327|28.5
1409050347|28.5
1409050367|28.5
1409050387|28.5
1409050408|28.5
1409050428|28.5
1409050448|28.5
1409050468|28.5
1409050488|28.5
1409050509|28.5
1409050529|28.5
1409050549|28.5
1409050569|28.5
1409050589|28.5
1409050609|28.5
1409050629|28.562
1409050649|28.5
1409050669|28.562
1409050689|28.562
1409050710|28.562
1409050730|28.562
1409050750|28.562
1409050770|28.562
1409050790|28.562
1409050810|28.562
1409050830|28.562
1409050851|28.562
1409050871|28.562
1409050891|28.562
1409050911|28.562
1409050931|28.562
1409050952|28.562
1409050972|28.562
1409050992|28.562
1409051012|28.562
1409051032|28.562
1409051052|28.562
1409051072|28.562
1409051092|28.562
1409051113|28.625
1409051133|28.562
1409051153|28.562
1409051173|28.562
1409051193|28.562
1409051214|28.625
1409051234|28.625
1409051255|28.625
1409051275|28.562
1409051296|28.625
1409051316|28.625
1409051336|28.625
1409051356|28.625
1409051376|28.625
1409051396|28.625
1409051416|28.625
1409051437|28.625
1409051457|28.625
1409051477|28.625
1409051497|28.625
1409051517|28.625
1409051539|28.625
1409051559|28.625
1409051579|28.625
1409051599|28.625
1409051619|28.625
1409051639|28.625
1409051659|28.687
1409051679|28.687
1409051699|28.687
1409051719|28.687
1409051740|28.687
1409051760|28.687
1409051780|28.687
1409051800|28.687
1409051820|28.687
1409051840|28.687
1409051860|28.687
1409051880|28.687
1409051900|28.687
1409051920|28.687
1409051941|28.687
1409051961|28.687
1409051981|28.75
1409052001|28.75
1409052021|28.75
1409052041|28.75
1409052062|28.75
1409052082|28.75
1409052102|28.75
1409052122|28.75
1409052142|28.75
1409052162|28.75
1409052182|28.75
1409052202|28.75
1409052223|28.75
1409052243|28.75
1409052263|28.75
1409052283|28.75
1409052303|28.75
1409052323|28.75
1409052343|28.75
1409052363|28.75
1409052383|28.812
1409052403|28.75
1409052423|28.75
1409052444|28.812
1409052464|28.812
1409052484|28.812
1409052504|28.812
1409052524|28.812
1409052544|28.812
1409052564|28.812
1409052584|28.812
1409052604|28.812
1409052625|28.812
1409052645|28.812
1409052665|28.812
1409052685|28.875
1409052706|28.875
1409052726|28.875
1409052746|28.875
1409052766|28.875
1409052786|28.875
1409052806|28.875
1409052826|28.875
1409052846|28.875
1409052866|28.875
1409052886|28.937
1409052907|28.937
1409052927|28.937
1409052947|28.937
1409052967|28.937
1409052987|28.937
1409053007|28.937
1409053027|28.937
1409053047|28.937
1409053067|28.937
1409053087|29.0
1409053107|29.0
1409053128|29.0
1409053148|29.0
1409053168|29.0
1409053188|29.0
1409053208|29.0
1409053228|29.0
1409053248|29.0
1409053268|29.0
1409053289|29.0
1409053309|29.0
1409053329|29.0
1409053349|29.0
1409053369|29.0
1409053389|29.0
1409053410|29.0
1409053430|29.0
1409053450|29.0
1409053470|29.0
1409053490|29.0
1409053510|29.0
1409053530|29.0
1409053550|29.062
1409053570|29.062
1409053590|29.062
1409053611|29.0
1409053631|29.0
1409053651|29.0
1409053671|29.062
1409053691|29.062
1409053711|29.062
1409053731|29.0
1409053751|29.062
1409053771|29.062
1409053791|29.0
1409053811|29.062
1409053832|29.062
1409053852|29.062
1409053872|29.062
1409053892|29.0
1409053912|29.062
1409053933|29.062
1409053953|29.062
1409053973|29.062
1409053993|29.062
1409054013|29.0
1409054033|29.062
1409054053|29.062
1409054073|29.062
1409054094|29.062
1409054114|29.062
1409054134|29.062
1409054154|29.062
1409054174|29.062
1409054194|29.062
1409054214|29.062
1409054234|29.062
1409054254|29.062
1409054274|29.062
1409054295|29.062
1409054315|29.062
1409054335|29.0
1409054355|29.062
1409054375|29.062
1409054395|29.062
1409054415|29.062
1409054435|29.062
1409054455|29.062
1409054475|29.062
1409054496|29.062
1409054516|29.062
1409054536|29.0
1409054556|29.062
1409054576|29.062
1409054597|29.062
1409054617|29.062
1409054637|29.062
1409054657|29.062
1409054677|29.062
1409054697|29.062
1409054717|29.062
1409054737|29.062
1409054757|29.0
1409054777|29.062
1409054798|29.062
1409054818|29.0
1409054838|29.062
1409054858|29.062
1409054878|29.062
1409054898|29.062
1409054918|29.062
1409054938|29.062
1409054958|29.062
1409054978|29.062
1409054999|29.062
1409055019|29.062
1409055039|29.0
1409055059|29.0
1409055079|29.062
1409055099|29.062
1409055119|29.062
1409055139|29.062
1409055160|29.062
1409055180|29.062
1409055200|29.062
1409055221|29.062
1409055242|29.062
1409055262|29.062
1409055282|29.062
1409055302|29.062
1409055322|29.062
1409055342|29.062
1409055362|29.062
1409055382|29.062
1409055402|29.0
1409055423|29.062
1409055443|29.062
1409055463|29.062
1409055483|29.062
1409055503|29.062
1409055523|29.062
1409055543|29.062
1409055563|29.062
1409055583|29.062
1409055603|29.062
1409055624|29.0
1409055644|29.062
1409055664|29.062
1409055684|29.062
1409055704|29.062
1409055724|29.062
1409055744|29.062
1409055764|29.062
1409055784|29.062
1409055805|29.062
1409055825|29.062
1409055845|29.062
1409055865|29.062
1409055886|29.062
1409055906|29.062
1409055926|29.062
1409055947|29.0
1409055967|29.062
1409055987|29.062
1409056007|29.0
1409056027|29.062
1409056047|29.062
1409056067|29.062
1409056087|29.0
1409056107|29.062
1409056128|29.0
1409056148|29.062
1409056168|29.0
1409056188|29.062
1409056208|29.062
1409056228|29.062
1409056248|29.0
1409056268|29.0
1409056288|29.0
1409056308|29.0
1409056328|29.062
1409056349|29.062
1409056369|29.062
1409056389|29.0
1409056409|29.0
1409056429|29.0
1409056449|29.0
1409056469|29.0
1409056489|29.0
1409056510|29.0
1409056530|29.0
1409056550|29.0
1409056570|29.0
1409056590|29.0
1409056610|29.0
1409056631|29.0
1409056651|29.0
1409056672|29.0
1409056692|29.0
1409056712|29.0
1409056732|29.0
1409056753|29.0
1409056773|29.0
1409056793|29.0
1409056813|29.0
1409056833|29.0
1409056853|29.0
1409056873|29.0
1409056893|29.0
1409056913|29.0
1409056933|29.0
1409056953|29.0
1409056974|29.0
1409056994|29.0
1409057014|29.0
1409057034|29.062
1409057054|29.0
1409057074|29.0
1409057094|29.0
1409057114|29.0
1409057134|29.0
1409057154|29.0
1409057175|29.0
1409057195|29.0
1409057215|29.0
1409057235|29.0
1409057255|29.0
1409057276|29.0
1409057296|29.0
1409057316|29.0
1409057336|29.0
1409057356|29.0
1409057376|29.0
1409057397|29.0
1409057417|29.0
1409057437|28.937
1409057457|29.0
1409057477|29.0
1409057497|28.937
1409057517|28.937
1409057537|28.937
1409057557|28.937
1409057577|28.937
1409057598|28.937
1409057618|28.937
1409057638|29.0
1409057658|28.937
1409057678|28.937
1409057698|28.937
1409057718|29.0
1409057738|28.937
1409057758|28.937
1409057778|28.937
1409057799|28.937
1409057819|28.937
1409057839|28.937
1409057859|28.937
1409057879|28.937
1409057899|28.937
1409057920|28.937
1409057940|28.937
1409057960|28.937
1409057980|28.937
1409058000|28.937
1409058020|29.0
1409058040|29.0
1409058061|28.937
1409058081|28.937
1409058101|29.0
1409058121|29.0
1409058141|29.0
1409058162|29.0
1409058182|29.0
1409058202|29.0
1409058222|29.0
1409058242|29.0
1409058262|29.0
1409058282|29.0
1409058302|29.062
1409058322|29.0
1409058342|29.0
1409058363|29.062
1409058383|29.062
1409058403|29.062
1409058423|29.062
1409058443|29.062
1409058463|29.062
1409058483|29.062
1409058503|29.062
1409058523|29.062
1409058544|29.125
1409058564|29.125
1409058584|29.125
1409058604|29.125
1409058624|29.125
1409058644|29.125
1409058665|29.125
1409058685|29.125
1409058705|29.125
1409058725|29.125
1409058745|29.125
1409058765|29.125
1409058785|29.125
1409058805|29.125
1409058825|29.125
1409058845|29.125
1409058866|29.125
1409058886|29.125
1409058906|29.125
1409058926|29.125
1409058946|29.125
1409058966|29.187
1409058986|29.187
1409059006|29.187
1409059026|29.187
1409059046|29.187
1409059067|29.187
1409059087|29.187
1409059107|29.187
1409059127|29.125
1409059147|29.187
1409059168|29.187
1409059188|29.187
1409059208|29.187
1409059228|29.187
1409059249|29.187
1409059269|29.187
1409059289|29.187
1409059309|29.187
1409059329|29.187
1409059349|29.187
1409059369|29.187
1409059389|29.187
1409059409|29.187
1409059429|29.187
1409059449|29.187
1409059470|29.187
1409059490|29.187
1409059510|29.187
1409059530|29.187
1409059550|29.187
1409059570|29.187
1409059590|29.187
1409059610|29.187
1409059630|29.187
1409059650|29.187
1409059671|29.187
1409059691|29.187
1409059711|29.187
1409059732|29.187
1409059752|29.187
1409059772|29.187
1409059792|29.187
1409059813|29.187
1409059833|29.187
1409059853|29.187
1409059873|29.187
1409059893|29.25
1409059913|29.187
1409059934|29.25
1409059954|29.187
1409059974|29.25
1409059994|29.25
1409060014|29.25
1409060034|29.25
1409060054|29.25
1409060075|29.25
1409060095|29.25
1409060115|29.25
1409060135|29.25
1409060155|29.25
1409060175|29.25
1409060195|29.25
1409060215|29.25
1409060235|29.25
1409060255|29.25
1409060276|29.25
1409060296|29.25
1409060316|29.25
1409060336|29.25
1409060356|29.25
1409060376|29.25
1409060396|29.25
1409060417|29.25
1409060437|29.25
1409060457|29.25
1409060477|29.25
1409060498|29.25
1409060518|29.25
1409060538|29.312
1409060558|29.312
1409060578|29.312
1409060598|29.312
1409060619|29.312
1409060639|29.312
1409060659|29.312
1409060679|29.312
1409060699|29.312
1409060719|29.312
1409060740|29.312
1409060760|29.312
1409060780|29.312
1409060800|29.312
1409060820|29.312
1409060840|29.312
1409060860|29.312
1409060880|29.312
1409060900|29.312
1409060920|29.312
1409060940|29.312
1409060961|29.312
1409060981|29.312
1409061001|29.312
1409061021|29.312
1409061041|29.312
1409061061|29.312
1409061081|29.312
1409061103|29.312
1409061123|29.312
1409061143|29.312
1409061163|29.312
1409061183|29.312
1409061203|29.312
1409061224|29.312
1409061244|29.312
1409061264|29.312
1409061284|29.312
1409061304|29.312
1409061324|29.312
1409061344|29.312
1409061365|29.312
1409061385|29.312
1409061405|29.312
1409061425|29.312
1409061446|29.312
1409061466|29.312
1409061486|29.312
1409061506|29.312
1409061526|29.312
1409061548|29.312
1409061568|29.312
1409061588|29.312
1409061608|29.312
1409061628|29.312
1409061648|29.312
1409061669|29.312
1409061689|29.375
1409061709|29.312
1409061729|29.312
1409061749|29.375
1409061769|29.312
1409061789|29.312
1409061809|29.375
1409061829|29.312
1409061849|29.375
1409061870|29.375
1409061890|29.312
1409061910|29.375
1409061930|29.375
1409061950|29.375
1409061970|29.375
1409061990|29.375
1409062010|29.375
1409062030|29.375
1409062050|29.375
1409062071|29.375
1409062091|29.375
1409062111|29.375
1409062131|29.375
1409062152|29.375
1409062172|29.375
1409062192|29.375
1409062212|29.375
1409062232|29.375
1409062252|29.375
1409062272|29.375
1409062292|29.375
1409062313|29.375
1409062333|29.375
1409062353|29.437
1409062373|29.437
1409062393|29.437
1409062413|29.437
1409062433|29.437
1409062453|29.437
1409062473|29.437
1409062493|29.437
1409062514|29.437
1409062534|29.437
1409062554|29.437
1409062574|29.437
1409062594|29.437
1409062614|29.437
1409062634|29.437
1409062654|29.437
1409062674|29.437
1409062694|29.5
1409062715|29.5
1409062735|29.5
1409062755|29.5
1409062775|29.5
1409062796|29.5
1409062816|29.5
1409062836|29.5
1409062856|29.5
1409062876|29.5
1409062896|29.562
1409062916|29.5
1409062936|29.5
1409062956|29.5
1409062976|29.562
1409062996|29.562
1409063017|29.562
1409063037|29.562
1409063057|29.562
1409063077|29.562
1409063097|29.562
1409063118|29.562
1409063138|29.625
1409063158|29.625
1409063178|29.625
1409063198|29.625
1409063218|29.625
1409063238|29.625
1409063258|29.625
1409063278|29.625
1409063298|29.625
1409063319|29.625
1409063339|29.625
1409063359|29.687
1409063379|29.687
1409063399|29.687
1409063420|29.687
1409063440|29.687
1409063460|29.687
1409063480|29.687
1409063500|29.687
1409063520|29.687
1409063540|29.687
1409063560|29.687
1409063580|29.687
1409063602|29.75
1409063622|29.75
1409063642|29.75
1409063662|29.75
1409063682|29.75
1409063702|29.75
1409063723|29.75
1409063743|29.75
1409063763|29.75
1409063783|29.75
1409063803|29.812
1409063823|29.75
1409063843|29.812
1409063863|29.75
1409063883|29.75
1409063903|29.812
1409063923|29.812
1409063944|29.812
1409063964|29.812
1409063984|29.812
1409064004|29.812
1409064024|29.812
1409064044|29.812
1409064064|29.812
1409064084|29.812
1409064104|29.812
1409064125|29.812
1409064145|29.812
1409064165|29.812
1409064185|29.812
1409064206|29.812
1409064226|29.812
1409064246|29.812
1409064266|29.812
1409064286|29.875
1409064306|29.875
1409064326|29.875
1409064346|29.812
1409064366|29.875
1409064386|29.875
1409064406|29.875
1409064427|29.875
1409064447|29.875
1409064467|29.875
1409064487|29.875
1409064507|29.875
1409064527|29.875
1409064547|29.875
1409064567|29.875
1409064587|29.875
1409064607|29.875
1409064628|29.937
1409064648|29.937
1409064668|29.937
1409064688|29.937
1409064708|29.937
1409064728|29.937
1409064748|29.937
1409064769|30.0
1409064789|30.0
1409064809|30.0
1409064830|30.0
1409064850|30.0
1409064870|30.0
1409064890|30.0
1409064910|30.0
1409064930|30.0
1409064950|30.062
1409064970|30.062
1409064990|30.062
1409065010|30.062
1409065030|30.062
1409065051|30.062
1409065071|30.062
1409065091|30.062
1409065111|30.062
1409065131|30.125
1409065151|30.062
1409065171|30.125
1409065191|30.125
1409065212|30.125
1409065232|30.125
1409065252|30.125
1409065272|30.125
1409065293|30.125
1409065313|30.125
1409065333|30.187
1409065353|30.125
1409065373|30.125
1409065393|30.187
1409065413|30.187
1409065434|30.187
1409065454|30.187
1409065474|30.187
1409065494|30.187
1409065514|30.187
1409065534|30.187
1409065555|30.187
1409065575|30.187
1409065595|30.25
1409065615|30.187
1409065635|30.25
1409065655|30.25
1409065675|30.25
1409065695|30.25
1409065715|30.25
1409065735|30.25
1409065755|30.25
1409065776|30.25
1409065796|30.25
1409065816|30.25
1409065837|30.25
1409065857|30.25
1409065877|30.25
1409065897|30.25
1409065917|30.25
1409065937|30.25
1409065957|30.25
1409065977|30.25
1409065997|30.25
1409066017|30.25
1409066038|30.25
1409066058|30.25
1409066078|30.25
1409066098|30.25
1409066118|30.25
1409066139|30.25
1409066159|30.312
1409066179|30.312
1409066199|30.25
1409066219|30.312
1409066239|30.312
1409066259|30.312
1409066279|30.312
1409066300|30.312
1409066320|30.312
1409066340|30.312
1409066360|30.312
1409066380|30.312
1409066400|30.312
1409066420|30.312
1409066440|30.312
1409066460|30.312
1409066480|30.312
1409066500|30.312
1409066521|30.312
1409066541|30.312
1409066561|30.312
1409066581|30.312
1409066601|30.312
1409066622|30.312
1409066642|30.312
1409066662|30.375
1409066683|30.375
1409066703|30.312
1409066723|30.375
1409066743|30.375
1409066763|30.375
1409066783|30.375
1409066803|30.375
1409066824|30.375
1409066844|30.375
1409066864|30.375
1409066884|30.375
1409066904|30.375
1409066925|30.375
1409066945|30.375
1409066965|30.375
1409066985|30.375
1409067005|30.375
1409067025|30.375
1409067045|30.375
1409067065|30.375
1409067085|30.375
1409067105|30.375
1409067125|30.375
1409067146|30.375
1409067166|30.375
1409067186|30.375
1409067206|30.375
1409067226|30.375
1409067246|30.375
1409067267|30.375
1409067287|30.375
1409067307|30.437
1409067327|30.375
1409067347|30.437
1409067367|30.437
1409067387|30.437
1409067407|30.437
1409067427|30.437
1409067448|30.437
1409067468|30.437
1409067488|30.437
1409067508|30.437
1409067528|30.437
1409067549|30.437
1409067569|30.437
1409067589|30.437
1409067609|30.437
1409067629|30.437
1409067649|30.437
1409067669|30.5
1409067689|30.5
1409067709|30.5
1409067730|30.5
1409067750|30.5
1409067770|30.5
1409067790|30.5
1409067810|30.5
1409067830|30.5
1409067850|30.5
1409067870|30.5
1409067890|30.5
1409067910|30.5
1409067931|30.5
1409067951|30.5
1409067971|30.5
1409067991|30.5
1409068011|30.5
1409068032|30.562
1409068052|30.5
1409068072|30.5
1409068092|30.5
1409068112|30.5
1409068133|30.5
1409068153|30.5
1409068173|30.5
1409068193|30.5
1409068213|30.5
1409068233|30.5
1409068254|30.5
1409068274|30.5
1409068294|30.5
1409068314|30.5
1409068334|30.5
1409068354|30.5
1409068374|30.5
1409068395|30.5
1409068415|30.5
1409068435|30.5
1409068455|30.5
1409068475|30.5
1409068495|30.5
1409068515|30.5
1409068535|30.5
1409068555|30.5
1409068575|30.562
1409068598|30.5
1409068618|30.562
1409068638|30.562
1409068658|30.562
1409068678|30.562
1409068698|30.562
1409068719|30.562
1409068739|30.562
1409068759|30.562
1409068779|30.562
1409068799|30.562
1409068819|30.562
1409068839|30.562
1409068859|30.562
1409068879|30.562
1409068899|30.562
1409068920|30.562
1409068940|30.562
1409068960|30.562
1409068980|30.562
1409069000|30.562
1409069020|30.562
1409069040|30.562
1409069061|30.562
1409069081|30.562
1409069101|30.562
1409069121|30.562
1409069141|30.562
1409069162|30.562
1409069182|30.562
1409069202|30.562
1409069222|30.562
1409069242|30.562
1409069262|30.625
1409069282|30.562
1409069302|30.625
1409069322|30.562
1409069342|30.562
1409069363|30.562
1409069383|30.625
1409069403|30.562
1409069423|30.562
1409069443|30.625
1409069463|30.625
1409069483|30.562
1409069503|30.562
1409069523|30.625
1409069543|30.625
1409069563|30.625
1409069584|30.625
1409069604|30.562
1409069624|30.625
1409069644|30.562
1409069664|30.625
1409069685|30.625
1409069705|30.625
1409069725|30.625
1409069745|30.625
1409069765|30.625
1409069785|30.625
1409069805|30.625
1409069825|30.625
1409069846|30.625
1409069868|30.625
1409069888|30.625
1409069908|30.625
1409069928|30.625
1409069948|30.625
1409069969|30.625
1409069989|30.625
1409070009|30.625
1409070029|30.625
1409070049|30.625
1409070069|30.625
1409070089|30.625
1409070109|30.625
1409070129|30.625
1409070149|30.625
1409070170|30.625
1409070190|30.625
1409070210|30.625
1409070230|30.625
1409070250|30.625
1409070270|30.625
1409070290|30.625
1409070310|30.625
1409070330|30.625
1409070350|30.625
1409070370|30.625
1409070391|30.625
1409070411|30.625
1409070431|30.625
1409070451|30.625
1409070472|30.625
1409070492|30.625
1409070513|30.625
1409070533|30.625
1409070553|30.625
1409070573|30.625
1409070593|30.625
1409070613|30.625
1409070633|30.625
1409070653|30.625
1409070674|30.625
1409070694|30.625
1409070714|30.625
1409070734|30.625
1409070754|30.625
1409070774|30.625
1409070794|30.625
1409070814|30.625
1409070834|30.625
1409070854|30.625
1409070874|30.625
1409070895|30.625
1409070915|30.625
1409070935|30.625
1409070955|30.625
1409070975|30.625
1409070995|30.625
1409071015|30.625
1409071035|30.625
1409071055|30.625
1409071076|30.687
1409071096|30.625
1409071116|30.687
1409071136|30.687
1409071156|30.687
1409071177|30.625
1409071197|30.625
1409071217|30.687
1409071237|30.687
1409071257|30.687
1409071277|30.687
1409071298|30.687
1409071318|30.687
1409071338|30.687
1409071358|30.687
1409071378|30.687
1409071398|30.687
1409071418|30.687
1409071438|30.687
1409071458|30.687
1409071478|30.687
