1409080490|29.687
1409080510|29.687
1409080530|29.687
1409080550|29.687
1409080571|29.687
1409080591|29.687
1409080611|29.687
1409080631|29.687
1409080651|29.687
1409080671|29.687
1409080691|29.687
1409080712|29.687
1409080732|29.687
1409080752|29.687
1409080774|29.687
1409080794|29.687
1409080814|29.687
1409080835|29.687
1409080856|29.687
1409080876|29.687
1409080896|29.687
1409080916|29.687
1409080936|29.687
1409080956|29.687
1409080977|29.687
1409080997|29.687
1409081017|29.687
1409081037|29.687
1409081058|29.75
1409081078|29.687
1409081098|29.687
1409081118|29.687
1409081138|29.687
1409081158|29.687
1409081178|29.687
1409081198|29.687
1409081219|29.687
1409081239|29.687
1409081259|29.687
1409081279|29.687
1409081299|29.687
1409081320|29.687
1409081340|29.687
1409081360|29.687
1409081380|29.687
1409081400|29.687
1409081420|29.687
1409081440|29.687
1409081460|29.687
1409081480|29.687
1409081501|29.687
1409081521|29.687
1409081541|29.625
1409081561|29.625
1409081582|29.687
1409081602|29.625
1409081622|29.625
1409081642|29.625
1409081662|29.625
1409081682|29.625
1409081702|29.625
1409081722|29.625
1409081742|29.625
1409081762|29.625
1409081783|29.625
1409081803|29.625
1409081823|29.625
1409081843|29.625
1409081863|29.625
1409081883|29.625
1409081903|29.625
1409081923|29.625
1409081943|29.625
1409081963|29.625
1409081984|29.625
1409082004|29.625
1409082024|29.625
1409082044|29.625
1409082064|29.625
1409082085|29.625
1409082106|29.625
1409082126|29.625
1409082146|29.625
1409082166|29.625
1409082186|29.625
1409082206|29.625
1409082226|29.625
1409082246|29.625
1409082267|29.625
1409082287|29.625
1409082307|29.625
1409082327|29.625
1409082347|29.625
1409082368|29.625
1409082388|29.625
1409082408|29.625
1409082428|29.625
1409082448|29.625
1409082468|29.625
1409082488|29.625
1409082508|29.625
1409082528|29.625
1409082548|29.562
1409082569|29.625
1409082589|29.562
1409082609|29.625
1409082629|29.625
1409082650|29.562
1409082670|29.625
1409082690|29.562
1409082710|29.562
1409082730|29.625
1409082751|29.625
1409082771|29.625
1409082791|29.625
1409082811|29.625
1409082831|29.562
1409082851|29.625
1409082871|29.625
1409082891|29.625
1409082911|29.562
1409082932|29.562
1409082952|29.562
1409082972|29.562
1409082992|29.562
1409083012|29.562
1409083033|29.562
1409083053|29.562
1409083073|29.625
1409083093|29.562
1409083113|29.562
1409083133|29.562
1409083153|29.562
1409083173|29.562
1409083193|29.562
1409083213|29.562
1409083233|29.562
1409083255|29.562
1409083276|29.562
1409083296|29.562
1409083316|29.562
1409083336|29.625
1409083356|29.562
1409083376|29.562
1409083397|29.562
1409083417|29.562
1409083437|29.562
1409083457|29.562
1409083477|29.562
1409083497|29.562
1409083517|29.562
1409083537|29.562
1409083557|29.562
1409083577|29.562
1409083597|29.562
1409083618|29.562
1409083638|29.562
1409083658|29.562
1409083678|29.562
1409083698|29.562
1409083718|29.562
1409083738|29.562
1409083758|29.562
1409083778|29.562
1409083799|29.562
1409083820|29.562
1409083841|29.562
1409083861|29.562
1409083881|29.562
1409083902|29.562
1409083922|29.562
1409083942|29.562
1409083962|29.562
1409083982|29.562
1409084002|29.562
1409084022|29.562
1409084042|29.562
1409084063|29.562
1409084083|29.562
1409084103|29.562
1409084123|29.562
1409084143|29.562
1409084163|29.562
1409084183|29.562
1409084203|29.562
1409084223|29.562
1409084243|29.562
1409084266|29.562
1409084286|29.562
1409084306|29.562
1409084326|29.562
1409084346|29.562
1409084366|29.562
1409084386|29.562
1409084406|29.562
1409084426|29.562
1409084447|29.562
1409084467|29.562
1409084487|29.562
1409084507|29.562
1409084527|29.562
1409084547|29.562
1409084567|29.562
1409084587|29.562
1409084607|29.562
1409084627|29.562
1409084648|29.562
1409084668|29.562
1409084688|29.5
1409084709|29.562
1409084729|29.5
1409084750|29.5
1409084770|29.5
1409084790|29.562
1409084810|29.562
1409084830|29.562
1409084850|29.562
1409084870|29.562
1409084890|29.562
1409084910|29.562
1409084931|29.562
1409084951|29.562
1409084971|29.562
1409084991|29.562
1409085011|29.562
1409085031|29.562
1409085051|29.562
1409085071|29.5
1409085091|29.562
1409085111|29.562
1409085132|29.562
1409085153|29.562
1409085173|29.562
1409085193|29.562
1409085213|29.562
1409085234|29.562
1409085254|29.562
1409085274|29.562
1409085294|29.562
1409085314|29.5
1409085334|29.562
1409085355|29.5
1409085375|29.562
1409085395|29.562
1409085415|29.562
1409085435|29.562
1409085455|29.562
1409085475|29.562
1409085496|29.562
1409085516|29.5
1409085536|29.5
1409085556|29.562
1409085576|29.5
1409085596|29.562
1409085616|29.562
1409085637|29.5
1409085658|29.562
1409085678|29.562
1409085698|29.5
1409085718|29.5
1409085738|29.562
1409085758|29.5
1409085778|29.5
1409085798|29.562
1409085818|29.5
1409085838|29.562
1409085859|29.562
1409085879|29.5
1409085899|29.562
1409085919|29.562
1409085939|29.5
1409085959|29.5
1409085979|29.5
1409085999|29.5
1409086019|29.5
1409086039|29.5
1409086059|29.5
1409086080|29.5
1409086100|29.5
1409086120|29.5
1409086140|29.5
1409086160|29.5
1409086180|29.5
1409086201|29.5
1409086221|29.5
1409086241|29.5
1409086261|29.5
1409086281|29.5
1409086301|29.5
1409086321|29.5
1409086342|29.5
1409086362|29.5
1409086382|29.5
1409086403|29.5
1409086423|29.5
1409086444|29.5
1409086464|29.5
1409086484|29.5
1409086504|29.5
1409086524|29.5
1409086544|29.5
1409086564|29.5
1409086584|29.5
1409086604|29.5
1409086624|29.5
1409086644|29.5
1409086665|29.5
1409086685|29.5
1409086705|29.5
1409086725|29.5
1409086745|29.5
1409086765|29.5
1409086785|29.5
1409086805|29.5
1409086825|29.5
1409086845|29.5
1409086865|29.5
1409086887|29.5
1409086907|29.5
1409086928|29.5
1409086948|29.5
1409086968|29.5
1409086988|29.5
1409087008|29.5
1409087028|29.5
1409087048|29.5
1409087068|29.5
1409087089|29.5
1409087109|29.5
1409087130|29.5
1409087150|29.5
1409087170|29.5
1409087190|29.437
1409087211|29.437
1409087231|29.5
1409087251|29.5
1409087271|29.5
1409087291|29.5
1409087311|29.5
1409087331|29.5
1409087351|29.5
1409087371|29.5
1409087391|29.5
1409087411|29.5
1409087432|29.437
1409087452|29.5
1409087472|29.437
1409087492|29.5
1409087512|29.437
1409087532|29.437
1409087552|29.5
1409087572|29.437
1409087592|29.437
1409087612|29.437
1409087633|29.5
1409087654|29.5
1409087674|29.5
1409087695|29.437
1409087715|29.5
1409087735|29.437
1409087755|29.437
1409087775|29.437
1409087795|29.437
1409087815|29.437
1409087836|29.437
1409087856|29.437
1409087876|29.437
1409087896|29.437
1409087917|29.437
1409087937|29.5
1409087957|29.437
1409087977|29.437
1409087997|29.5
1409088017|29.437
1409088037|29.437
1409088057|29.437
1409088078|29.437
1409088098|29.437
1409088118|29.437
1409088138|29.437
1409088158|29.437
1409088178|29.437
1409088198|29.437
1409088219|29.437
1409088239|29.437
1409088259|29.437
1409088279|29.437
1409088299|29.437
1409088319|29.437
1409088339|29.437
1409088359|29.437
1409088379|29.437
1409088399|29.437
1409088420|29.437
1409088440|29.437
1409088460|29.437
1409088480|29.437
1409088500|29.437
1409088520|29.437
1409088540|29.437
1409088561|29.437
1409088581|29.437
1409088601|29.437
1409088621|29.437
1409088641|29.437
1409088661|29.437
1409088682|29.437
1409088702|29.437
1409088722|29.437
1409088742|29.437
1409088762|29.375
1409088782|29.375
1409088802|29.437
1409088822|29.375
1409088842|29.437
1409088862|29.437
1409088882|29.375
1409088903|29.437
1409088923|29.375
1409088943|29.375
1409088963|29.375
1409088983|29.437
1409089003|29.375
1409089023|29.437
1409089043|29.375
1409089063|29.375
1409089083|29.375
1409089105|29.375
1409089126|29.375
1409089146|29.375
1409089166|29.375
1409089186|29.375
1409089206|29.375
1409089226|29.375
1409089247|29.375
1409089267|29.375
1409089287|29.375
1409089307|29.375
1409089327|29.375
1409089347|29.375
1409089367|29.375
1409089388|29.375
1409089408|29.375
1409089428|29.375
1409089448|29.375
1409089468|29.375
1409089488|29.375
1409089508|29.375
1409089528|29.375
1409089549|29.375
1409089569|29.375
1409089589|29.375
1409089609|29.375
1409089629|29.375
1409089649|29.375
1409089670|29.375
1409089690|29.375
1409089710|29.375
1409089730|29.375
1409089750|29.375
1409089770|29.375
1409089791|29.375
1409089811|29.375
1409089831|29.375
1409089851|29.375
1409089871|29.375
1409089891|29.375
1409089911|29.375
1409089931|29.375
1409089951|29.375
1409089971|29.375
1409089992|29.375
1409090012|29.375
1409090032|29.375
1409090052|29.375
1409090072|29.375
1409090093|29.375
1409090113|29.375
1409090133|29.375
1409090153|29.375
1409090173|29.375
1409090193|29.375
1409090213|29.375
1409090233|29.375
1409090254|29.375
1409090274|29.375
1409090294|29.375
1409090314|29.375
1409090334|29.375
1409090354|29.375
1409090374|29.375
1409090394|29.375
1409090414|29.375
1409090434|29.375
1409090454|29.375
1409090475|29.375
1409090495|29.375
1409090515|29.375
1409090535|29.312
1409090555|29.375
1409090575|29.312
1409090596|29.312
1409090616|29.312
1409090636|29.375
1409090656|29.375
1409090676|29.312
1409090696|29.312
1409090717|29.312
1409090737|29.312
1409090757|29.312
1409090777|29.312
1409090797|29.375
1409090818|29.312
1409090838|29.312
1409090858|29.312
1409090879|29.375
1409090899|29.312
1409090921|29.312
1409090941|29.312
1409090961|29.312
1409090981|29.312
1409091001|29.312
1409091021|29.312
1409091041|29.312
1409091061|29.312
1409091082|29.312
1409091102|29.312
1409091122|29.312
1409091142|29.312
1409091162|29.312
1409091182|29.312
1409091202|29.312
1409091222|29.312
1409091242|29.312
1409091262|29.312
1409091283|29.312
1409091303|29.312
1409091323|29.312
1409091343|29.312
1409091363|29.312
1409091383|29.312
1409091403|29.312
1409091423|29.312
1409091444|29.312
1409091464|29.312
1409091484|29.312
1409091504|29.312
1409091524|29.312
1409091545|29.312
1409091565|29.312
1409091585|29.312
1409091605|29.312
1409091625|29.312
1409091646|29.312
1409091666|29.312
1409091686|29.312
1409091706|29.312
1409091726|29.312
1409091746|29.312
1409091766|29.25
1409091786|29.312
1409091806|29.312
1409091826|29.312
1409091846|29.312
1409091867|29.25
1409091887|29.312
1409091907|29.25
1409091927|29.25
1409091947|29.25
1409091967|29.25
1409091987|29.25
1409092007|29.312
1409092027|29.312
1409092047|29.312
1409092068|29.25
1409092088|29.312
1409092108|29.312
1409092128|29.25
1409092148|29.25
1409092168|29.25
1409092189|29.25
1409092209|29.25
1409092229|29.25
1409092249|29.25
1409092269|29.25
1409092289|29.25
1409092310|29.25
1409092330|29.25
1409092350|29.25
1409092370|29.25
1409092390|29.25
1409092410|29.25
1409092430|29.25
1409092450|29.25
1409092470|29.25
1409092490|29.25
1409092511|29.25
1409092531|29.25
1409092551|29.25
1409092571|29.25
1409092591|29.25
1409092611|29.25
1409092631|29.25
1409092651|29.187
1409092672|29.25
1409092692|29.25
1409092712|29.25
1409092732|29.25
1409092752|29.25
1409092772|29.25
1409092792|29.25
1409092812|29.25
1409092833|29.25
1409092853|29.25
1409092873|29.25
1409092893|29.25
1409092913|29.25
1409092933|29.25
1409092954|29.25
1409092974|29.187
1409092994|29.25
1409093014|29.25
1409093034|29.187
1409093054|29.25
1409093074|29.187
1409093094|29.25
1409093114|29.187
1409093134|29.25
1409093154|29.25
1409093175|29.187
1409093195|29.187
1409093215|29.187
1409093235|29.187
1409093255|29.187
1409093275|29.187
1409093296|29.187
1409093316|29.187
1409093336|29.187
1409093356|29.187
1409093376|29.187
1409093396|29.187
1409093416|29.187
1409093436|29.187
1409093457|29.187
1409093477|29.187
1409093497|29.187
1409093517|29.187
1409093538|29.187
1409093558|29.187
1409093578|29.187
1409093598|29.187
1409093618|29.187
1409093638|29.187
1409093658|29.187
1409093678|29.187
1409093698|29.187
1409093718|29.187
1409093739|29.187
1409093759|29.187
1409093779|29.187
1409093799|29.187
1409093819|29.187
1409093839|29.187
1409093859|29.187
1409093879|29.187
1409093899|29.187
1409093919|29.187
1409093939|29.187
1409093960|29.187
1409093980|29.187
1409094000|29.125
1409094020|29.187
1409094040|29.187
1409094060|29.187
1409094080|29.187
1409094101|29.187
1409094121|29.125
1409094141|29.187
1409094162|29.187
1409094182|29.187
1409094202|29.187
1409094222|29.187
1409094242|29.187
1409094262|29.125
1409094282|29.187
1409094302|29.187
1409094322|29.125
1409094342|29.187
1409094362|29.187
1409094383|29.125
1409094403|29.125
1409094423|29.125
1409094443|29.125
1409094463|29.125
1409094483|29.125
1409094503|29.125
1409094523|29.125
1409094543|29.125
1409094563|29.125
1409094584|29.125
1409094604|29.125
1409094624|29.125
1409094644|29.125
1409094664|29.187
1409094684|29.125
1409094704|29.125
1409094725|29.125
1409094745|29.125
1409094765|29.125
1409094785|29.125
1409094805|29.125
1409094825|29.125
1409094845|29.125
1409094866|29.125
1409094887|29.125
1409094907|29.125
1409094927|29.125
1409094947|29.125
1409094967|29.125
1409094987|29.125
1409095008|29.125
1409095028|29.125
1409095048|29.125
1409095068|29.125
1409095088|29.125
1409095108|29.125
1409095129|29.125
1409095149|29.125
1409095169|29.125
1409095189|29.125
1409095209|29.125
1409095229|29.125
1409095249|29.125
1409095269|29.125
1409095289|29.125
1409095309|29.125
1409095329|29.125
1409095350|29.125
1409095370|29.125
1409095390|29.125
1409095410|29.125
1409095430|29.125
1409095450|29.125
1409095470|29.125
1409095491|29.125
1409095511|29.125
1409095531|29.125
1409095551|29.125
1409095571|29.125
1409095592|29.125
1409095612|29.062
1409095632|29.125
1409095652|29.125
1409095672|29.125
1409095692|29.125
1409095712|29.125
1409095732|29.125
1409095753|29.125
1409095773|29.062
1409095793|29.062
1409095813|29.125
1409095833|29.062
1409095853|29.062
1409095873|29.125
1409095893|29.062
1409095913|29.062
1409095933|29.062
1409095954|29.062
1409095974|29.125
1409095994|29.125
1409096014|29.062
1409096034|29.062
1409096054|29.062
1409096074|29.062
1409096094|29.062
1409096115|29.062
1409096135|29.062
1409096155|29.062
1409096175|29.062
1409096195|29.062
1409096216|29.062
1409096236|29.062
1409096256|29.062
1409096277|29.062
1409096297|29.062
1409096318|29.062
1409096338|29.062
1409096358|29.062
1409096378|29.062
1409096398|29.062
1409096418|29.062
1409096438|29.062
1409096458|29.062
1409096480|29.062
1409096500|29.062
1409096520|29.062
1409096540|29.062
1409096560|29.062
1409096580|29.062
1409096600|29.062
1409096621|29.062
1409096641|29.062
1409096661|29.062
1409096682|29.062
1409096702|29.062
1409096722|29.062
1409096743|29.062
1409096764|29.062
1409096784|29.062
1409096804|29.062
1409096824|29.062
1409096844|29.062
1409096865|29.062
1409096885|29.062
1409096905|29.062
1409096925|29.062
1409096945|29.0
1409096965|29.062
1409096985|29.062
1409097007|29.062
1409097027|29.0
1409097047|29.0
1409097067|29.062
1409097087|29.0
1409097107|29.0
1409097127|29.0
1409097147|29.0
1409097167|29.0
1409097188|29.0
1409097209|29.0
1409097229|29.0
1409097250|29.0
1409097270|29.0
1409097290|29.0
1409097310|29.0
1409097330|29.0
1409097350|29.0
1409097370|29.0
1409097390|29.0
1409097410|29.0
1409097431|29.0
1409097452|29.0
1409097472|29.0
1409097493|29.0
1409097513|29.0
1409097533|29.0
1409097553|29.0
1409097573|29.0
1409097593|29.0
1409097614|29.0
1409097634|29.0
1409097654|29.0
1409097674|29.0
1409097694|29.0
1409097714|29.0
1409097735|29.0
1409097755|29.0
1409097775|29.0
1409097795|29.0
1409097815|29.0
1409097835|29.0
1409097855|29.0
1409097876|29.0
1409097896|29.0
1409097916|29.0
1409097936|29.0
1409097956|29.0
1409097976|29.0
1409097996|29.0
1409098016|29.0
1409098036|29.0
1409098056|29.0
1409098077|29.0
1409098097|29.0
1409098117|29.0
1409098137|29.0
1409098157|29.0
1409098177|29.0
1409098197|28.937
1409098217|29.0
1409098237|29.0
1409098257|29.0
1409098278|28.937
1409098298|29.0
1409098318|28.937
1409098338|28.937
1409098358|28.937
1409098378|28.937
1409098399|28.937
1409098419|28.937
1409098439|28.937
1409098461|28.937
1409098481|28.937
1409098501|28.937
1409098521|28.937
1409098541|28.937
1409098561|28.937
1409098581|28.937
1409098601|28.937
1409098621|28.937
1409098642|28.937
1409098662|28.937
1409098682|28.937
1409098702|28.937
1409098722|28.937
1409098742|28.937
1409098762|28.937
1409098782|28.937
1409098802|28.937
1409098822|28.937
1409098843|28.937
1409098863|28.937
1409098883|28.937
1409098903|28.937
1409098923|28.937
1409098943|28.937
1409098963|28.937
1409098983|28.937
1409099003|28.937
1409099024|28.937
1409099044|28.937
1409099064|28.937
1409099084|28.937
1409099104|28.875
1409099125|28.937
1409099145|28.875
1409099165|28.937
1409099185|28.875
1409099205|28.937
1409099225|28.875
1409099245|28.937
1409099265|28.937
1409099285|28.875
1409099305|28.937
1409099326|28.875
1409099346|28.937
1409099366|28.937
1409099386|28.937
1409099406|28.937
1409099426|28.875
1409099446|28.937
1409099466|28.875
1409099486|28.875
1409099506|28.875
1409099527|28.875
1409099547|28.875
1409099567|28.875
1409099587|28.875
1409099607|28.875
1409099627|28.937
1409099647|28.875
1409099668|28.875
1409099688|28.875
1409099708|28.875
1409099728|28.937
1409099748|28.875
1409099768|28.875
1409099788|28.875
1409099809|28.875
1409099829|28.875
1409099849|28.875
1409099869|28.875
1409099889|28.875
1409099909|28.875
1409099929|28.875
1409099949|28.875
1409099969|28.875
1409099989|28.875
1409100010|28.875
1409100030|28.875
1409100050|28.875
1409100070|28.875
1409100091|28.875
1409100111|28.875
1409100131|28.875
1409100151|28.875
1409100171|28.875
1409100191|28.875
1409100211|28.875
1409100231|28.812
1409100251|28.875
1409100271|28.875
1409100292|28.875
1409100312|28.875
1409100332|28.875
1409100352|28.875
1409100372|28.875
1409100393|28.875
1409100413|28.812
1409100433|28.812
1409100453|28.875
1409100473|28.875
1409100493|28.875
1409100513|28.875
1409100533|28.875
1409100553|28.875
1409100574|28.875
1409100594|28.875
1409100614|28.875
1409100634|28.875
1409100654|28.812
1409100675|28.875
1409100695|28.812
1409100715|28.875
1409100735|28.875
1409100755|28.875
1409100775|28.812
1409100795|28.812
1409100815|28.812
1409100835|28.812
1409100855|28.812
1409100876|28.812
1409100896|28.812
1409100916|28.812
1409100936|28.812
1409100956|28.812
1409100976|28.812
1409100996|28.812
1409101017|28.812
1409101037|28.812
1409101057|28.812
1409101077|28.812
1409101097|28.812
1409101117|28.812
1409101138|28.812
1409101158|28.812
1409101178|28.812
1409101198|28.812
1409101218|28.812
1409101239|28.812
1409101259|28.812
1409101279|28.812
1409101299|28.812
1409101319|28.812
1409101339|28.812
1409101359|28.812
1409101379|28.812
1409101399|28.812
1409101419|28.812
1409101440|28.812
1409101460|28.812
1409101480|28.812
1409101500|28.812
1409101520|28.75
1409101540|28.812
1409101560|28.75
1409101580|28.812
1409101600|28.812
1409101620|28.812
1409101641|28.812
1409101661|28.75
1409101681|28.812
1409101701|28.812
1409101722|28.75
1409101742|28.75
1409101762|28.75
1409101782|28.75
1409101802|28.75
1409101822|28.75
1409101842|28.75
1409101862|28.75
1409101882|28.75
1409101903|28.75
1409101923|28.75
1409101943|28.75
1409101963|28.75
1409101983|28.75
1409102003|28.75
1409102023|28.75
1409102043|28.75
1409102063|28.75
1409102083|28.75
1409102103|28.75
1409102124|28.75
1409102144|28.75
1409102164|28.75
1409102184|28.75
1409102204|28.75
1409102224|28.75
1409102245|28.75
1409102265|28.75
1409102285|28.75
1409102305|28.75
1409102325|28.75
1409102345|28.75
1409102366|28.75
1409102386|28.75
1409102406|28.75
1409102426|28.75
1409102446|28.75
1409102466|28.75
1409102487|28.75
1409102507|28.75
1409102528|28.75
1409102548|28.75
1409102568|28.75
1409102588|28.75
1409102609|28.75
1409102629|28.75
1409102649|28.75
1409102669|28.75
1409102689|28.75
1409102709|28.75
1409102729|28.75
1409102749|28.75
1409102769|28.75
1409102789|28.75
1409102810|28.75
1409102830|28.75
1409102850|28.75
1409102870|28.75
1409102890|28.75
1409102910|28.687
1409102930|28.75
1409102950|28.75
1409102970|28.75
1409102990|28.687
1409103010|28.75
1409103031|28.687
1409103051|28.75
1409103071|28.75
1409103092|28.75
1409103112|28.75
1409103132|28.75
1409103152|28.687
1409103172|28.687
1409103192|28.687
1409103212|28.75
1409103232|28.75
1409103252|28.687
1409103272|28.687
1409103293|28.687
1409103313|28.687
1409103333|28.687
1409103353|28.687
1409103373|28.687
1409103393|28.687
1409103413|28.687
1409103433|28.687
1409103453|28.687
1409103473|28.687
1409103494|28.687
1409103514|28.687
1409103534|28.687
1409103554|28.687
1409103574|28.687
1409103594|28.687
1409103614|28.687
1409103634|28.687
1409103654|28.687
1409103675|28.687
1409103695|28.687
1409103715|28.687
1409103735|28.687
1409103755|28.687
1409103776|28.687
1409103796|28.687
1409103816|28.687
1409103836|28.687
1409103856|28.687
1409103876|28.687
1409103896|28.687
1409103916|28.687
1409103936|28.687
1409103956|28.687
1409103977|28.687
1409103997|28.687
1409104017|28.687
1409104037|28.687
1409104057|28.687
1409104077|28.625
1409104097|28.687
1409104117|28.687
1409104137|28.687
1409104157|28.625
1409104178|28.625
1409104198|28.625
1409104218|28.687
1409104238|28.625
1409104258|28.625
1409104278|28.625
1409104299|28.625
1409104319|28.625
1409104339|28.625
1409104359|28.625
1409104379|28.625
1409104399|28.625
1409104420|28.625
1409104440|28.625
1409104460|28.625
1409104480|28.625
1409104500|28.625
1409104520|28.625
1409104541|28.625
1409104561|28.625
1409104581|28.625
1409104601|28.625
1409104621|28.625
1409104641|28.625
1409104661|28.625
1409104681|28.625
1409104701|28.625
1409104721|28.625
1409104742|28.625
1409104762|28.625
1409104782|28.625
1409104802|28.625
1409104822|28.625
1409104842|28.625
1409104862|28.625
1409104882|28.625
1409104902|28.625
1409104922|28.625
1409104943|28.625
1409104963|28.625
1409104983|28.625
1409105003|28.625
1409105024|28.625
1409105044|28.625
1409105064|28.625
1409105084|28.625
1409105104|28.625
1409105124|28.625
1409105144|28.625
1409105164|28.625
1409105184|28.562
1409105204|28.625
1409105225|28.625
1409105245|28.562
1409105265|28.625
1409105285|28.625
1409105305|28.625
1409105326|28.625
1409105346|28.625
1409105366|28.625
1409105386|28.625
1409105406|28.625
1409105426|28.625
1409105446|28.562
1409105466|28.562
1409105486|28.562
1409105506|28.562
1409105527|28.625
1409105547|28.562
1409105567|28.562
1409105587|28.562
1409105607|28.562
1409105627|28.562
1409105648|28.562
1409105668|28.562
1409105688|28.562
1409105708|28.562
1409105728|28.562
1409105748|28.562
1409105769|28.562
1409105789|28.562
1409105809|28.562
1409105829|28.562
1409105849|28.562
1409105869|28.562
1409105889|28.562
1409105909|28.562
1409105929|28.562
1409105949|28.562
1409105970|28.562
1409105990|28.562
1409106010|28.562
1409106030|28.562
1409106050|28.562
1409106070|28.562
1409106090|28.562
1409106110|28.562
1409106130|28.562
1409106150|28.562
1409106171|28.562
1409106191|28.562
1409106211|28.562
1409106231|28.562
1409106251|28.562
1409106271|28.562
1409106292|28.562
1409106312|28.562
1409106332|28.562
1409106352|28.562
1409106372|28.562
1409106392|28.562
1409106413|28.5
1409106433|28.562
1409106453|28.5
1409106473|28.562
1409106493|28.5
1409106513|28.562
1409106533|28.562
1409106553|28.562
1409106573|28.5
1409106593|28.5
1409106613|28.562
1409106634|28.5
1409106654|28.562
1409106674|28.5
1409106694|28.5
1409106714|28.5
1409106734|28.562
1409106754|28.5
1409106774|28.5
1409106794|28.5
1409106814|28.5
1409106835|28.5
1409106855|28.5
1409106875|28.5
1409106895|28.5
1409106916|28.5
1409106936|28.5
1409106957|28.562
1409106977|28.5
1409106997|28.5
1409107017|28.5
1409107037|28.5
1409107057|28.5
1409107078|28.5
1409107098|28.5
1409107118|28.5
1409107138|28.5
1409107158|28.5
1409107178|28.5
1409107198|28.5
1409107218|28.5
1409107238|28.5
1409107258|28.5
1409107279|28.5
1409107299|28.5
1409107319|28.5
1409107339|28.5
1409107359|28.5
1409107379|28.5
1409107399|28.5
1409107419|28.5
1409107439|28.5
1409107459|28.5
1409107480|28.5
1409107500|28.5
1409107521|28.5
1409107542|28.5
1409107562|28.5
1409107582|28.5
1409107602|28.437
1409107622|28.437
1409107642|28.437
1409107663|28.437
1409107683|28.5
1409107703|28.5
1409107723|28.5
1409107743|28.5
1409107763|28.5
1409107784|28.5
1409107804|28.5
1409107824|28.437
1409107844|28.5
1409107864|28.5
1409107884|28.437
1409107904|28.437
1409107924|28.437
1409107945|28.437
1409107966|28.437
1409107986|28.437
1409108006|28.5
1409108027|28.5
1409108047|28.437
1409108067|28.5
1409108087|28.5
1409108107|28.437
1409108127|28.437
1409108147|28.437
1409108167|28.437
1409108187|28.437
1409108207|28.437
1409108228|28.437
1409108248|28.437
1409108268|28.437
1409108288|28.437
1409108308|28.437
1409108328|28.437
1409108348|28.437
1409108368|28.437
1409108388|28.437
1409108408|28.437
1409108429|28.437
1409108449|28.437
1409108469|28.437
1409108489|28.437
1409108509|28.437
1409108529|28.437
1409108549|28.437
1409108570|28.437
1409108590|28.437
1409108610|28.437
1409108630|28.437
1409108650|28.437
1409108670|28.437
1409108690|28.437
1409108710|28.437
1409108731|28.375
1409108751|28.437
1409108771|28.437
1409108791|28.375
1409108811|28.375
1409108831|28.375
1409108851|28.375
1409108871|28.437
1409108891|28.437
1409108911|28.437
1409108932|28.437
1409108952|28.375
1409108972|28.375
1409108992|28.375
1409109012|28.375
1409109032|28.437
1409109052|28.375
1409109072|28.375
1409109092|28.375
1409109113|28.437
1409109133|28.375
1409109153|28.375
1409109173|28.375
1409109193|28.375
1409109214|28.375
1409109234|28.375
1409109254|28.375
1409109275|28.375
1409109295|28.375
1409109315|28.375
1409109335|28.375
1409109355|28.375
1409109375|28.375
1409109396|28.375
1409109416|28.375
1409109436|28.375
1409109456|28.375
1409109476|28.375
1409109496|28.375
1409109516|28.375
1409109536|28.375
1409109556|28.375
1409109576|28.375
1409109597|28.375
1409109617|28.375
1409109637|28.375
1409109657|28.375
1409109677|28.375
1409109697|28.312
1409109717|28.375
1409109737|28.375
1409109757|28.375
1409109777|28.375
1409109797|28.375
1409109818|28.375
1409109838|28.375
1409109858|28.375
1409109878|28.375
1409109899|28.375
1409109919|28.375
1409109939|28.375
1409109959|28.375
1409109979|28.375
1409109999|28.375
1409110020|28.375
1409110040|28.375
1409110060|28.375
1409110080|28.375
1409110101|28.312
1409110122|28.375
1409110142|28.312
1409110162|28.375
1409110182|28.375
1409110202|28.312
1409110222|28.375
1409110242|28.375
1409110262|28.312
1409110282|28.312
1409110302|28.312
1409110323|28.375
1409110343|28.375
1409110363|28.312
1409110383|28.312
1409110403|28.312
1409110423|28.312
1409110443|28.312
1409110463|28.312
1409110483|28.312
1409110503|28.312
1409110524|28.312
1409110544|28.312
1409110564|28.312
1409110584|28.312
1409110604|28.312
1409110624|28.312
1409110644|28.312
1409110665|28.312
1409110685|28.312
1409110706|28.312
1409110727|28.312
1409110747|28.312
1409110767|28.312
1409110787|28.312
1409110807|28.312
1409110827|28.312
1409110847|28.312
1409110868|28.312
1409110888|28.312
1409110908|28.312
1409110928|28.312
1409110948|28.312
1409110968|28.312
1409110988|28.312
1409111008|28.312
1409111028|28.312
1409111048|28.312
1409111069|28.312
1409111089|28.312
1409111109|28.312
1409111129|28.25
1409111149|28.312
1409111169|28.25
1409111189|28.312
1409111209|28.25
1409111229|28.312
1409111249|28.312
1409111270|28.312
1409111290|28.25
1409111310|28.312
1409111330|28.25
1409111350|28.25
1409111371|28.25
1409111391|28.25
1409111411|28.25
1409111431|28.25
1409111451|28.25
1409111471|28.25
1409111491|28.25
1409111511|28.25
1409111532|28.25
1409111552|28.312
1409111572|28.25
1409111592|28.25
1409111612|28.312
1409111632|28.25
1409111652|28.25
1409111672|28.25
1409111692|28.25
1409111712|28.312
1409111732|28.25
1409111753|28.312
1409111773|28.25
1409111793|28.25
1409111813|28.312
1409111833|28.312
1409111853|28.312
1409111873|28.312
1409111893|28.312
1409111913|28.312
1409111933|28.312
1409111954|28.312
1409111974|28.312
1409111994|28.312
1409112015|28.312
1409112035|28.312
1409112055|28.312
1409112076|28.312
1409112097|28.375
1409112117|28.375
1409112137|28.375
1409112157|28.375
1409112178|28.375
1409112198|28.375
1409112218|28.375
1409112238|28.375
1409112258|28.375
1409112278|28.375
1409112298|28.437
1409112318|28.437
1409112338|28.437
1409112358|28.437
1409112379|28.437
1409112399|28.437
1409112419|28.437
1409112439|28.437
1409112459|28.437
1409112479|28.437
1409112499|28.437
1409112519|28.437
1409112540|28.5
1409112560|28.437
1409112580|28.5
1409112600|28.5
1409112620|28.5
1409112642|28.5
1409112662|28.5
1409112682|28.5
1409112702|28.5
1409112722|28.5
1409112742|28.5
1409112762|28.5
1409112783|28.5
1409112803|28.5
1409112823|28.5
1409112843|28.5
1409112863|28.5
1409112885|28.5
1409112905|28.5
1409112925|28.5
1409112945|28.5
1409112966|28.5
1409112986|28.5
1409113006|28.5
1409113026|28.5
1409113046|28.5
1409113066|28.5
1409113087|28.5
1409113108|28.5
1409113128|28.5
1409113148|28.5
1409113168|28.5
1409113188|28.5
1409113208|28.5
1409113228|28.5
1409113248|28.5
1409113268|28.5
1409113289|28.5
1409113309|28.5
1409113329|28.5
1409113349|28.5
1409113369|28.5
1409113389|28.5
1409113409|28.5
1409113429|28.5
1409113449|28.5
1409113469|28.437
1409113490|28.5
1409113510|28.437
1409113530|28.5
1409113550|28.5
1409113573|28.437
1409113593|28.437
1409113613|28.5
1409113633|28.5
1409113653|28.5
1409113673|28.437
1409113693|28.437
1409113713|28.5
1409113733|28.437
1409113754|28.437
1409113774|28.437
1409113794|28.437
1409113814|28.437
1409113834|28.437
1409113854|28.437
1409113874|28.437
1409113895|28.437
1409113915|28.437
1409113935|28.437
1409113955|28.437
1409113975|28.437
1409113995|28.437
1409114016|28.437
1409114036|28.437
1409114056|28.437
1409114076|28.437
1409114096|28.437
1409114116|28.437
1409114136|28.437
1409114156|28.437
1409114176|28.437
1409114196|28.437
1409114217|28.437
1409114237|28.437
1409114258|28.375
1409114278|28.437
1409114300|28.437
1409114320|28.437
1409114340|28.375
1409114360|28.437
1409114380|28.437
1409114400|28.437
1409114420|28.437
1409114440|28.375
1409114460|28.437
1409114480|28.437
1409114501|28.375
1409114521|28.375
1409114541|28.437
1409114561|28.375
1409114581|28.375
1409114601|28.437
1409114621|28.375
1409114641|28.375
1409114661|28.375
1409114681|28.375
1409114702|28.375
1409114722|28.375
1409114742|28.375
1409114762|28.437
1409114782|28.375
1409114803|28.375
1409114823|28.375
1409114843|28.375
1409114863|28.375
1409114883|28.375
1409114903|28.375
1409114923|28.375
1409114943|28.437
1409114963|28.375
1409114983|28.375
1409115004|28.375
1409115024|28.375
1409115044|28.375
1409115064|28.375
1409115084|28.375
1409115104|28.375
1409115124|28.375
1409115144|28.375
1409115164|28.375
1409115184|28.375
1409115205|28.375
1409115225|28.375
1409115245|28.375
1409115265|28.375
1409115285|28.375
1409115305|28.375
1409115325|28.375
1409115346|28.375
1409115366|28.375
1409115386|28.375
1409115406|28.375
1409115426|28.375
1409115446|28.375
1409115467|28.375
1409115487|28.375
1409115507|28.375
1409115527|28.375
1409115547|28.375
1409115567|28.375
1409115587|28.375
1409115607|28.312
1409115627|28.312
1409115647|28.375
1409115667|28.375
1409115688|28.312
1409115708|28.312
1409115728|28.312
1409115748|28.312
1409115768|28.312
1409115788|28.312
1409115808|28.312
1409115828|28.312
1409115848|28.312
1409115869|28.312
1409115889|28.312
1409115910|28.312
1409115930|28.312
1409115950|28.312
1409115970|28.312
1409115990|28.312
1409116010|28.312
1409116030|28.312
1409116051|28.25
1409116071|28.312
1409116091|28.25
1409116111|28.25
1409116131|28.25
1409116151|28.25
1409116171|28.25
1409116192|28.25
1409116212|28.25
1409116232|28.25
1409116252|28.25
1409116272|28.25
1409116292|28.25
1409116312|28.25
1409116332|28.25
1409116352|28.25
1409116372|28.25
1409116392|28.25
1409116413|28.25
1409116433|28.187
1409116453|28.187
1409116473|28.187
1409116493|28.187
1409116513|28.187
1409116533|28.187
1409116553|28.187
1409116573|28.125
1409116594|28.125
1409116614|28.125
1409116634|28.125
1409116654|28.125
1409116674|28.125
1409116695|28.125
1409116716|28.125
1409116737|28.125
1409116757|28.125
1409116777|28.125
1409116797|28.125
1409116817|28.187
1409116837|28.187
1409116857|28.187
1409116877|28.187
1409116897|28.187
1409116919|28.187
1409116939|28.187
1409116960|28.125
1409116980|28.187
1409117001|28.187
1409117021|28.187
1409117041|28.187
1409117061|28.187
1409117081|28.187
1409117101|28.187
1409117121|28.187
1409117141|28.25
1409117161|28.187
1409117181|28.187
1409117202|28.187
1409117222|28.25
1409117242|28.25
1409117262|28.25
1409117282|28.25
1409117302|28.25
1409117322|28.25
1409117342|28.25
1409117362|28.25
1409117382|28.25
1409117403|28.25
1409117423|28.25
1409117443|28.312
1409117463|28.312
1409117483|28.312
1409117503|28.312
1409117523|28.312
1409117544|28.312
1409117564|28.312
1409117584|28.312
1409117604|28.312
1409117624|28.312
1409117644|28.312
1409117664|28.312
1409117684|28.312
1409117705|28.312
1409117725|28.312
1409117745|28.312
1409117765|28.312
1409117785|28.312
1409117805|28.312
1409117825|28.312
1409117845|28.25
1409117865|28.312
1409117887|28.25
1409117907|28.312
1409117927|28.25
1409117947|28.25
1409117967|28.25
1409117987|28.25
1409118007|28.25
1409118027|28.25
1409118047|28.25
1409118068|28.25
1409118088|28.25
1409118108|28.187
1409118128|28.187
1409118148|28.25
1409118168|28.187
1409118188|28.187
1409118208|28.187
1409118228|28.187
1409118249|28.187
1409118269|28.187
1409118289|28.187
1409118309|28.187
1409118329|28.125
1409118350|28.125
1409118370|28.125
1409118390|28.125
1409118410|28.125
1409118430|28.125
1409118450|28.125
1409118470|28.125
1409118490|28.125
1409118510|28.125
1409118530|28.125
1409118550|28.125
1409118571|28.062
1409118591|28.125
1409118611|28.062
1409118631|28.062
1409118651|28.062
1409118671|28.062
1409118692|28.062
1409118712|28.062
1409118732|28.062
1409118752|28.062
1409118772|28.062
1409118792|28.062
1409118812|28.062
1409118832|28.062
1409118852|28.062
1409118872|28.062
1409118893|28.062
1409118913|28.062
1409118934|28.062
1409118954|28.0
1409118975|28.0
1409118995|28.0
1409119015|28.0
1409119035|28.0
1409119055|28.062
1409119076|28.0
1409119096|28.0
1409119116|28.0
1409119137|28.0
1409119157|28.0
1409119178|28.0
1409119198|28.0
1409119218|28.0
1409119239|28.0
1409119259|28.0
1409119279|27.937
1409119299|27.937
1409119319|28.0
1409119339|27.937
1409119359|27.937
1409119379|27.937
1409119399|27.937
1409119419|27.875
1409119439|27.937
1409119460|27.937
1409119480|27.875
1409119500|27.875
1409119520|27.875
1409119540|27.875
1409119560|27.875
1409119580|27.875
1409119600|27.875
1409119621|27.812
1409119641|27.875
1409119661|27.812
1409119681|27.812
1409119701|27.812
1409119721|27.812
1409119741|27.812
1409119761|27.812
1409119782|27.812
1409119802|27.812
1409119822|27.75
1409119842|27.75
1409119863|27.75
1409119883|27.75
1409119903|27.75
1409119923|27.75
1409119943|27.75
1409119963|27.75
1409119983|27.75
1409120003|27.687
1409120023|27.687
1409120043|27.687
1409120064|27.687
1409120084|27.687
1409120104|27.687
1409120124|27.625
1409120144|27.625
1409120164|27.625
1409120184|27.625
1409120204|27.625
1409120224|27.625
1409120245|27.625
1409120265|27.625
1409120285|27.625
1409120306|27.625
1409120326|27.625
1409120346|27.562
1409120367|27.562
1409120387|27.562
1409120407|27.562
1409120427|27.562
1409120447|27.562
1409120467|27.562
1409120487|27.562
1409120507|27.562
1409120528|27.5
1409120548|27.562
1409120568|27.5
1409120588|27.5
1409120608|27.5
1409120629|27.5
1409120649|27.5
1409120669|27.5
1409120689|27.5
1409120709|27.437
1409120730|27.5
1409120752|27.437
1409120772|27.437
1409120792|27.437
1409120812|27.437
1409120833|27.437
1409120853|27.437
1409120873|27.437
1409120893|27.437
1409120913|27.437
1409120933|27.437
1409120953|27.375
1409120973|27.437
1409120993|27.375
1409121013|27.437
1409121034|27.437
1409121054|27.375
1409121074|27.437
1409121094|27.437
1409121114|27.437
1409121134|27.437
1409121154|27.437
1409121174|27.437
1409121194|27.437
1409121214|27.437
1409121235|27.437
1409121255|27.437
1409121275|27.437
1409121295|27.437
1409121315|27.437
1409121335|27.437
1409121356|27.437
1409121376|27.437
1409121396|27.437
1409121417|27.437
1409121437|27.437
1409121457|27.437
1409121477|27.437
1409121497|27.437
1409121517|27.437
1409121537|27.437
1409121557|27.437
1409121577|27.437
1409121597|27.437
1409121617|27.437
1409121638|27.437
1409121658|27.437
1409121678|27.437
1409121698|27.437
1409121718|27.375
1409121738|27.437
1409121758|27.375
1409121778|27.375
1409121798|27.375
1409121818|27.375
1409121839|27.375
1409121859|27.375
1409121879|27.375
1409121899|27.375
1409121919|27.375
1409121939|27.312
1409121960|27.312
1409121980|27.312
1409122000|27.312
1409122020|27.312
1409122040|27.312
1409122061|27.312
1409122081|27.312
1409122101|27.312
1409122121|27.312
1409122142|27.312
1409122162|27.312
1409122182|27.312
1409122202|27.25
1409122222|27.25
1409122242|27.25
1409122262|27.25
1409122282|27.25
1409122302|27.25
1409122322|27.25
1409122343|27.25
1409122363|27.25
1409122383|27.25
1409122403|27.25
1409122423|27.25
1409122443|27.25
1409122463|27.25
1409122483|27.187
1409122503|27.187
1409122523|27.187
1409122544|27.187
1409122564|27.187
1409122584|27.187
1409122604|27.187
1409122624|27.187
1409122644|27.187
1409122665|27.187
1409122686|27.187
1409122707|27.187
1409122727|27.187
1409122748|27.187
1409122768|27.187
1409122788|27.187
1409122808|27.25
1409122828|27.187
1409122848|27.25
1409122868|27.25
1409122888|27.25
1409122908|27.25
1409122928|27.25
1409122949|27.25
1409122969|27.187
1409122989|27.187
1409123009|27.25
1409123029|27.25
1409123049|27.25
1409123069|27.25
1409123089|27.25
1409123109|27.25
1409123129|27.25
1409123150|27.25
1409123170|27.25
1409123190|27.25
1409123210|27.25
1409123230|27.25
1409123250|27.25
1409123270|27.25
1409123290|27.25
1409123311|27.25
1409123331|27.25
1409123351|27.312
1409123372|27.25
1409123392|27.312
1409123412|27.312
1409123433|27.312
1409123454|27.312
1409123474|27.312
1409123494|27.312
1409123515|27.312
1409123535|27.312
1409123555|27.312
1409123575|27.312
1409123595|27.312
1409123615|27.312
1409123635|27.375
1409123655|27.312
1409123676|27.375
1409123696|27.312
1409123716|27.375
1409123736|27.375
1409123756|27.375
1409123776|27.375
1409123796|27.375
1409123816|27.375
1409123836|27.375
1409123858|27.375
1409123878|27.375
1409123898|27.375
1409123918|27.375
1409123940|27.375
1409123960|27.375
1409123980|27.437
1409124000|27.437
1409124020|27.437
1409124040|27.437
1409124061|27.437
1409124081|27.437
1409124101|27.437
1409124121|27.437
1409124141|27.5
1409124161|27.5
1409124181|27.5
1409124201|27.5
1409124221|27.5
1409124241|27.5
1409124262|27.5
1409124282|27.5
1409124302|27.5
1409124322|27.5
1409124342|27.5
1409124363|27.5
1409124383|27.5
1409124403|27.5
1409124423|27.5
1409124443|27.5
1409124463|27.562
1409124483|27.562
1409124503|27.562
1409124523|27.562
1409124544|27.562
1409124564|27.562
1409124584|27.562
1409124604|27.562
1409124624|27.562
1409124644|27.562
1409124664|27.562
1409124684|27.562
1409124704|27.562
1409124724|27.562
1409124744|27.625
1409124765|27.625
1409124785|27.625
1409124805|27.625
1409124825|27.625
1409124845|27.625
1409124865|27.625
1409124885|27.625
1409124905|27.625
1409124926|27.625
1409124946|27.625
1409124966|27.625
1409124986|27.625
1409125007|27.625
1409125027|27.625
1409125047|27.625
1409125067|27.625
1409125087|27.625
1409125107|27.687
1409125127|27.625
1409125147|27.687
1409125167|27.625
1409125187|27.687
1409125208|27.687
1409125228|27.687
1409125248|27.687
1409125268|27.687
1409125288|27.687
1409125308|27.687
1409125328|27.687
1409125348|27.687
1409125368|27.687
1409125388|27.687
1409125409|27.687
1409125429|27.687
1409125449|27.687
1409125469|27.687
1409125489|27.687
1409125509|27.687
1409125529|27.687
1409125549|27.687
1409125570|27.687
1409125590|27.75
1409125610|27.75
1409125631|27.75
1409125651|27.75
1409125671|27.75
1409125691|27.75
1409125711|27.75
1409125731|27.75
1409125751|27.75
1409125771|27.75
1409125791|27.75
1409125811|27.75
1409125832|27.75
1409125852|27.75
1409125872|27.75
1409125892|27.812
1409125912|27.812
1409125932|27.812
1409125952|27.812
1409125972|27.812
1409125992|27.812
1409126012|27.812
1409126033|27.812
1409126053|27.812
1409126073|27.812
1409126093|27.812
1409126113|27.812
1409126133|27.812
1409126153|27.875
1409126173|27.875
1409126193|27.812
1409126214|27.812
1409126234|27.875
1409126254|27.875
1409126274|27.875
1409126294|27.875
1409126315|27.875
1409126335|27.875
1409126355|27.875
1409126376|27.875
1409126396|27.875
1409126416|27.875
1409126436|27.875
1409126456|27.937
1409126476|27.875
1409126496|27.875
1409126517|27.875
1409126537|27.875
1409126557|27.875
1409126577|27.875
1409126597|27.875
1409126617|27.875
1409126637|27.875
1409126657|27.875
1409126677|27.875
1409126697|27.875
1409126718|27.875
1409126738|27.875
1409126758|27.875
1409126778|27.937
1409126798|27.937
1409126818|27.875
1409126838|27.937
1409126858|27.937
1409126878|27.937
1409126899|27.937
1409126919|27.937
1409126939|27.937
1409126959|27.937
1409126979|28.0
1409127000|27.937
1409127020|28.0
1409127040|28.0
1409127060|28.0
1409127080|28.0
1409127100|28.0
1409127120|28.0
1409127140|28.062
1409127160|28.062
1409127181|28.062
1409127201|28.062
1409127221|28.062
1409127241|28.062
1409127261|28.062
1409127281|28.062
1409127301|28.125
1409127321|28.125
1409127341|28.125
1409127361|28.125
1409127382|28.125
1409127402|28.125
1409127422|28.125
1409127442|28.187
1409127462|28.187
1409127482|28.187
1409127502|28.187
1409127522|28.187
1409127542|28.187
1409127562|28.187
1409127583|28.187
1409127603|28.187
1409127623|28.25
1409127643|28.25
1409127664|28.25
1409127684|28.25
1409127704|28.25
1409127724|28.25
1409127744|28.25
1409127764|28.312
1409127784|28.312
1409127804|28.312
1409127824|28.312
1409127844|28.312
1409127864|28.375
1409127885|28.375
1409127905|28.375
1409127925|28.375
1409127945|28.375
1409127966|28.375
1409127986|28.375
1409128006|28.375
1409128026|28.375
1409128046|28.437
1409128066|28.437
1409128086|28.437
1409128106|28.437
1409128126|28.437
1409128146|28.437
1409128166|28.437
1409128187|28.437
1409128207|28.437
1409128227|28.437
1409128247|28.5
1409128267|28.5
1409128288|28.5
1409128308|28.5
1409128328|28.5
1409128348|28.5
1409128368|28.5
1409128388|28.562
1409128408|28.562
1409128428|28.562
1409128448|28.562
1409128469|28.562
1409128489|28.562
1409128509|28.562
1409128529|28.562
1409128549|28.562
1409128569|28.562
1409128589|28.562
1409128609|28.625
1409128629|28.562
1409128649|28.625
1409128670|28.625
1409128690|28.625
1409128710|28.625
1409128731|28.625
1409128751|28.625
1409128771|28.625
1409128791|28.687
1409128811|28.625
1409128831|28.687
1409128851|28.687
1409128872|28.687
1409128892|28.687
1409128912|28.687
1409128932|28.687
1409128952|28.687
1409128972|28.687
1409128993|28.687
1409129013|28.687
1409129033|28.75
1409129053|28.75
1409129073|28.75
1409129093|28.75
1409129114|28.75
1409129134|28.75
1409129154|28.812
1409129174|28.812
1409129194|28.812
1409129214|28.812
1409129234|28.812
1409129254|28.812
1409129274|28.812
1409129295|28.812
1409129315|28.812
1409129336|28.812
1409129356|28.812
1409129376|28.812
1409129396|28.875
1409129416|28.875
1409129436|28.875
1409129457|28.875
1409129477|28.875
1409129497|28.875
1409129517|28.875
1409129537|28.875
1409129557|28.875
1409129577|28.875
1409129597|28.937
1409129617|28.937
1409129638|28.937
1409129658|28.937
1409129678|28.937
1409129698|28.937
1409129718|28.937
1409129738|28.937
1409129759|28.937
1409129779|29.0
1409129799|29.0
1409129819|29.0
1409129839|29.0
1409129859|29.0
1409129879|29.0
1409129899|29.0
1409129920|29.0
1409129940|28.937
1409129960|28.937
1409129981|29.0
1409130001|29.0
1409130021|29.0
1409130041|29.0
1409130061|29.0
1409130082|29.0
1409130102|29.0
1409130122|29.0
1409130142|29.0
1409130162|29.0
1409130182|29.0
1409130202|29.062
1409130222|29.062
1409130242|29.062
1409130262|29.062
1409130282|29.062
1409130303|29.062
1409130323|29.062
1409130343|29.062
1409130363|29.062
1409130383|29.062
1409130403|29.062
1409130423|29.062
1409130443|29.062
1409130464|29.062
1409130484|29.062
1409130504|29.062
1409130524|29.062
1409130544|29.062
1409130565|29.125
1409130585|29.062
1409130606|29.062
1409130626|29.062
1409130646|29.125
1409130666|29.125
1409130686|29.125
1409130707|29.062
1409130727|29.125
1409130747|29.125
1409130767|29.125
1409130787|29.125
1409130807|29.125
1409130827|29.125
1409130848|29.125
1409130868|29.125
1409130888|29.125
1409130908|29.125
1409130928|29.125
1409130948|29.125
1409130968|29.125
1409130988|29.125
1409131008|29.125
1409131028|29.125
1409131048|29.125
1409131069|29.125
1409131089|29.125
1409131109|29.125
1409131129|29.125
1409131149|29.125
1409131169|29.125
1409131189|29.125
1409131209|29.125
1409131230|29.125
1409131250|29.125
1409131270|29.125
1409131290|29.125
1409131310|29.125
1409131330|29.125
1409131351|29.125
1409131371|29.125
1409131391|29.187
1409131411|29.187
1409131431|29.187
1409131451|29.187
1409131471|29.187
1409131491|29.187
1409131511|29.187
1409131531|29.187
1409131551|29.187
1409131572|29.187
1409131592|29.187
1409131612|29.187
1409131632|29.187
1409131652|29.25
1409131672|29.187
1409131692|29.25
1409131712|29.25
1409131732|29.25
1409131752|29.25
1409131773|29.25
1409131793|29.25
1409131813|29.312
1409131833|29.312
1409131853|29.312
1409131874|29.312
1409131894|29.312
1409131914|29.312
1409131934|29.312
1409131954|29.312
1409131974|29.375
1409131994|29.375
1409132014|29.375
1409132034|29.375
1409132055|29.375
1409132075|29.375
1409132095|29.375
1409132115|29.437
1409132135|29.437
1409132155|29.437
1409132175|29.437
1409132195|29.437
1409132215|29.5
1409132235|29.437
1409132256|29.5
1409132276|29.5
1409132296|29.5
1409132316|29.5
1409132336|29.5
1409132356|29.5
1409132376|29.5
1409132396|29.5
1409132416|29.5
1409132436|29.5
1409132457|29.562
1409132477|29.562
1409132497|29.562
1409132517|29.562
1409132538|29.562
1409132558|29.562
1409132578|29.562
1409132598|29.562
1409132618|29.562
1409132638|29.562
1409132658|29.625
1409132678|29.625
1409132698|29.625
1409132718|29.625
1409132738|29.625
1409132759|29.625
1409132779|29.625
1409132799|29.625
1409132819|29.687
1409132839|29.687
1409132859|29.625
1409132879|29.687
1409132899|29.687
1409132919|29.687
1409132940|29.687
1409132960|29.687
1409132980|29.687
1409133000|29.687
1409133020|29.687
1409133040|29.687
1409133060|29.687
1409133080|29.75
1409133101|29.75
1409133121|29.75
1409133141|29.75
1409133161|29.75
1409133181|29.75
1409133201|29.812
1409133222|29.75
1409133242|29.75
1409133262|29.812
1409133282|29.75
1409133302|29.75
1409133322|29.812
1409133342|29.812
1409133362|29.812
1409133382|29.812
1409133402|29.812
1409133423|29.812
1409133443|29.812
1409133463|29.812
1409133483|29.812
1409133503|29.812
1409133523|29.812
1409133543|29.875
1409133563|29.812
1409133583|29.875
1409133603|29.875
1409133624|29.875
1409133644|29.875
1409133664|29.875
1409133684|29.875
1409133704|29.875
1409133725|29.875
1409133745|29.875
1409133765|29.875
1409133785|29.875
1409133806|29.875
1409133826|29.875
1409133846|29.875
1409133866|29.875
1409133886|29.812
1409133906|29.875
1409133926|29.875
1409133946|29.875
1409133966|29.812
1409133986|29.875
1409134007|29.812
1409134027|29.812
1409134047|29.812
1409134067|29.812
1409134087|29.812
1409134107|29.812
1409134127|29.812
1409134147|29.812
1409134167|29.812
1409134187|29.812
1409134208|29.812
1409134228|29.812
1409134249|29.812
1409134269|29.812
1409134289|29.75
1409134309|29.812
1409134329|29.812
1409134349|29.75
1409134369|29.812
1409134389|29.75
1409134409|29.75
1409134430|29.812
1409134450|29.812
1409134470|29.75
1409134490|29.812
1409134510|29.75
1409134530|29.75
1409134551|29.75
1409134571|29.75
1409134591|29.75
1409134611|29.75
1409134631|29.75
1409134651|29.75
1409134671|29.75
1409134691|29.75
1409134711|29.75
1409134731|29.75
1409134752|29.75
1409134772|29.75
1409134792|29.75
1409134812|29.75
1409134832|29.75
1409134852|29.75
1409134872|29.812
1409134892|29.75
1409134912|29.75
1409134932|29.75
1409134953|29.75
1409134973|29.75
1409134993|29.75
1409135013|29.75
1409135033|29.75
1409135053|29.75
1409135074|29.75
1409135094|29.75
1409135114|29.75
1409135134|29.75
1409135154|29.812
1409135174|29.75
1409135194|29.812
1409135214|29.812
1409135234|29.812
1409135255|29.812
1409135275|29.812
1409135295|29.812
1409135315|29.812
1409135335|29.812
1409135355|29.812
1409135375|29.812
1409135395|29.812
1409135415|29.812
1409135435|29.812
1409135455|29.812
1409135476|29.812
1409135496|29.812
1409135516|29.812
1409135536|29.812
1409135556|29.812
1409135576|29.812
1409135596|29.812
1409135616|29.812
1409135636|29.812
1409135657|29.812
1409135677|29.812
1409135697|29.812
1409135717|29.812
1409135738|29.812
1409135758|29.812
1409135778|29.812
1409135798|29.812
1409135818|29.812
1409135838|29.812
1409135858|29.812
1409135878|29.812
1409135898|29.812
1409135918|29.812
1409135939|29.812
1409135959|29.812
1409135979|29.812
1409135999|29.812
1409136019|29.812
1409136039|29.812
1409136060|29.812
1409136080|29.812
1409136100|29.812
1409136120|29.812
1409136140|29.812
1409136160|29.812
1409136180|29.812
1409136200|29.75
1409136220|29.812
1409136240|29.812
1409136261|29.812
1409136281|29.812
1409136301|29.812
1409136321|29.812
1409136342|29.812
1409136362|29.812
1409136382|29.812
1409136403|29.812
1409136423|29.812
1409136443|29.812
1409136463|29.812
1409136483|29.75
1409136503|29.812
1409136523|29.812
1409136543|29.812
1409136563|29.812
1409136583|29.812
1409136603|29.812
1409136624|29.812
1409136644|29.812
1409136664|29.812
1409136684|29.812
1409136704|29.812
1409136724|29.75
1409136744|29.75
1409136764|29.75
1409136784|29.812
1409136804|29.812
1409136825|29.812
1409136845|29.75
1409136865|29.812
1409136885|29.75
1409136905|29.75
1409136925|29.75
1409136945|29.75
1409136965|29.75
1409136986|29.75
1409137006|29.812
1409137026|29.812
1409137046|29.812
1409137066|29.75
1409137087|29.75
1409137107|29.75
1409137127|29.75
1409137147|29.75
1409137167|29.75
1409137187|29.75
1409137207|29.75
1409137229|29.75
1409137249|29.75
1409137269|29.812
1409137289|29.812
1409137309|29.812
1409137329|29.812
1409137349|29.812
1409137369|29.812
1409137389|29.875
1409137410|29.875
1409137431|29.875
1409137451|29.875
1409137472|29.875
1409137493|29.875
1409137513|29.875
1409137533|29.875
1409137553|29.875
1409137573|29.875
1409137593|29.875
1409137613|29.875
1409137633|29.875
1409137653|29.875
1409137676|29.937
1409137696|29.875
1409137716|29.875
1409137736|29.937
1409137756|29.875
1409137776|29.875
1409137796|29.875
1409137817|29.875
1409137837|29.875
1409137857|29.875
1409137877|29.875
1409137897|29.875
1409137917|29.937
1409137937|29.937
1409137957|29.937
1409137977|29.937
1409137997|29.937
1409138017|29.937
1409138038|29.937
1409138058|30.0
1409138086|30.0
1409138107|29.937
1409138127|30.0
1409138147|30.0
1409138167|30.0
1409138187|30.0
1409138207|30.0
1409138228|30.0
1409138248|30.0
1409138268|30.0
1409138288|30.0
1409138308|30.0
1409138328|30.0
1409138348|30.0
1409138368|30.062
1409138388|30.062
1409138408|30.062
1409138428|30.062
1409138449|30.062
1409138469|30.062
1409138489|30.062
1409138509|30.062
1409138529|30.062
1409138549|30.062
1409138569|30.062
1409138589|30.062
1409138609|30.125
1409138629|30.125
1409138650|30.125
1409138670|30.125
1409138690|30.125
1409138710|30.125
1409138730|30.187
1409138751|30.187
1409138771|30.187
1409138791|30.187
1409138811|30.187
1409138831|30.25
1409138851|30.25
1409138871|30.25
1409138891|30.25
1409138912|30.25
1409138932|30.25
1409138952|30.312
1409138972|30.312
1409138992|30.312
1409139012|30.375
1409139032|30.375
1409139052|30.375
1409139072|30.375
1409139092|30.375
1409139113|30.375
1409139133|30.375
1409139153|30.375
1409139173|30.437
1409139193|30.437
1409139213|30.437
1409139233|30.437
1409139253|30.437
1409139273|30.5
1409139294|30.5
1409139314|30.5
1409139334|30.5
1409139355|30.5
1409139375|30.5
1409139395|30.5
1409139416|30.5
1409139436|30.562
1409139456|30.562
1409139476|30.562
1409139496|30.562
1409139516|30.562
1409139536|30.562
1409139556|30.562
1409139577|30.562
1409139597|30.625
1409139617|30.625
1409139637|30.625
1409139657|30.625
1409139677|30.625
1409139697|30.625
1409139717|30.625
1409139737|30.625
1409139757|30.625
1409139777|30.625
1409139798|30.625
1409139818|30.687
1409139838|30.687
1409139858|30.687
1409139878|30.687
1409139898|30.687
1409139918|30.687
1409139938|30.687
1409139959|30.687
1409139979|30.687
1409139999|30.75
1409140019|30.687
1409140040|30.75
1409140060|30.75
1409140080|30.75
1409140100|30.75
1409140120|30.75
1409140140|30.75
1409140160|30.75
1409140180|30.75
1409140200|30.75
1409140220|30.75
1409140240|30.812
1409140261|30.812
1409140281|30.812
1409140301|30.812
1409140321|30.812
1409140341|30.812
1409140361|30.812
1409140381|30.812
1409140401|30.875
1409140421|30.812
1409140441|30.875
1409140462|30.875
1409140482|30.875
1409140502|30.875
1409140522|30.875
1409140542|30.875
1409140562|30.875
1409140582|30.875
1409140602|30.875
1409140623|30.937
1409140643|30.937
1409140663|30.937
1409140683|30.937
1409140703|30.937
1409140723|30.937
1409140744|30.937
1409140764|30.937
1409140784|30.937
1409140804|30.937
1409140824|31.0
1409140844|31.0
1409140864|31.0
1409140884|31.0
1409140905|31.0
1409140925|31.0
1409140945|31.0
1409140965|31.0
1409140985|31.0
1409141005|31.062
1409141026|31.062
1409141046|31.062
1409141066|31.062
1409141086|31.062
1409141106|31.062
1409141126|31.062
1409141146|31.062
1409141166|31.062
1409141186|31.062
1409141206|31.062
1409141227|31.062
1409141247|31.062
1409141267|31.062
1409141287|31.125
1409141307|31.125
1409141327|31.125
1409141348|31.125
1409141368|31.125
1409141388|31.125
1409141408|31.125
1409141428|31.125
1409141448|31.125
1409141468|31.125
1409141488|31.125
1409141508|31.125
1409141529|31.125
1409141549|31.125
1409141570|31.125
1409141590|31.187
1409141610|31.187
1409141630|31.125
1409141650|31.125
1409141671|31.125
1409141691|31.125
1409141711|31.125
1409141731|31.125
1409141751|31.125
1409141771|31.125
1409141791|31.125
1409141811|31.125
1409141831|31.125
1409141851|31.125
1409141872|31.125
1409141892|31.125
1409141912|31.125
1409141932|31.125
1409141952|31.187
1409141972|31.187
1409141992|31.125
1409142012|31.187
1409142032|31.187
1409142053|31.187
1409142073|31.187
1409142093|31.187
1409142113|31.187
1409142133|31.187
1409142154|31.125
1409142175|31.187
1409142195|31.187
1409142215|31.187
1409142235|31.187
1409142255|31.187
1409142275|31.187
1409142296|31.187
1409142316|31.187
1409142336|31.187
1409142356|31.187
1409142376|31.187
1409142396|31.187
1409142416|31.187
1409142436|31.187
1409142456|31.187
1409142476|31.187
1409142497|31.187
1409142517|31.187
1409142537|31.187
1409142557|31.25
1409142577|31.187
1409142597|31.187
1409142617|31.25
1409142637|31.25
1409142657|31.25
1409142677|31.25
1409142698|31.25
1409142718|31.187
1409142738|31.25
1409142758|31.187
1409142778|31.25
1409142799|31.25
1409142819|31.25
1409142839|31.187
1409142859|31.25
1409142879|31.25
1409142899|31.25
1409142919|31.187
1409142939|31.25
1409142959|31.25
1409142980|31.25
1409143000|31.25
1409143020|31.25
1409143040|31.25
1409143060|31.187
1409143080|31.25
1409143100|31.187
1409143120|31.25
1409143140|31.187
1409143160|31.187
1409143180|31.187
1409143201|31.187
1409143221|31.187
1409143241|31.25
1409143261|31.25
1409143281|31.187
1409143301|31.187
1409143321|31.25
1409143341|31.25
1409143362|31.25
1409143382|31.187
1409143402|31.187
1409143422|31.187
1409143442|31.187
1409143463|31.25
1409143483|31.25
1409143503|31.25
1409143523|31.25
1409143543|31.25
1409143563|31.187
1409143583|31.25
1409143603|31.25
1409143625|31.187
1409143645|31.25
1409143665|31.25
1409143685|31.25
1409143705|31.187
1409143726|31.187
1409143746|31.187
1409143766|31.187
1409143786|31.25
1409143806|31.187
1409143826|31.187
1409143846|31.25
1409143866|31.187
1409143886|31.25
1409143906|31.25
1409143927|31.187
1409143947|31.187
1409143967|31.25
1409143987|31.187
1409144007|31.187
1409144027|31.187
1409144047|31.187
1409144067|31.187
1409144087|31.187
1409144107|31.187
1409144128|31.187
1409144148|31.187
1409144168|31.187
1409144188|31.187
1409144208|31.187
1409144229|31.187
1409144249|31.25
1409144269|31.187
1409144289|31.187
1409144309|31.187
1409144329|31.25
1409144350|31.187
1409144370|31.187
1409144390|31.187
1409144410|31.187
1409144430|31.25
1409144450|31.25
1409144471|31.25
1409144491|31.187
1409144511|31.25
1409144531|31.187
1409144551|31.25
1409144571|31.187
1409144591|31.187
1409144611|31.187
1409144631|31.187
1409144651|31.187
1409144672|31.187
1409144692|31.187
1409144712|31.187
1409144732|31.187
1409144752|31.187
1409144772|31.187
1409144792|31.25
1409144812|31.25
1409144832|31.187
1409144853|31.187
1409144873|31.25
1409144893|31.25
1409144913|31.25
1409144933|31.25
1409144954|31.25
1409144974|31.25
1409144994|31.25
1409145014|31.25
1409145034|31.25
1409145055|31.25
1409145075|31.25
1409145095|31.25
1409145115|31.25
1409145135|31.25
1409145155|31.25
1409145176|31.25
1409145196|31.187
1409145216|31.25
1409145236|31.25
1409145256|31.187
1409145276|31.25
1409145296|31.25
1409145316|31.25
1409145336|31.25
1409145356|31.25
1409145377|31.25
1409145397|31.25
1409145417|31.25
1409145437|31.25
1409145457|31.25
1409145477|31.25
1409145497|31.25
1409145517|31.25
1409145537|31.25
1409145558|31.25
1409145578|31.25
1409145598|31.25
1409145618|31.25
1409145638|31.25
1409145658|31.25
1409145680|31.25
1409145701|31.25
1409145721|31.25
1409145742|31.25
1409145762|31.25
1409145782|31.25
1409145802|31.25
1409145822|31.25
1409145842|31.25
1409145862|31.25
1409145882|31.25
1409145902|31.25
1409145922|31.25
1409145943|31.25
1409145963|31.25
1409145983|31.25
1409146003|31.25
1409146023|31.25
1409146043|31.25
1409146063|31.25
1409146083|31.25
1409146103|31.25
1409146123|31.25
1409146143|31.25
1409146164|31.25
1409146184|31.25
1409146204|31.25
1409146224|31.25
1409146245|31.25
1409146265|31.25
1409146285|31.25
1409146305|31.25
1409146325|31.25
1409146345|31.25
1409146366|31.25
1409146386|31.25
1409146406|31.25
1409146426|31.25
1409146446|31.25
1409146466|31.312
1409146487|31.25
1409146507|31.312
1409146527|31.25
1409146547|31.25
1409146567|31.25
1409146587|31.312
1409146607|31.25
1409146627|31.312
1409146647|31.312
1409146667|31.25
1409146688|31.312
1409146708|31.312
1409146728|31.25
1409146748|31.25
1409146768|31.25
1409146788|31.25
1409146808|31.25
1409146828|31.25
1409146848|31.25
1409146868|31.25
1409146890|31.25
1409146911|31.25
1409146931|31.25
1409146951|31.25
1409146971|31.25
1409146991|31.312
1409147011|31.25
1409147031|31.25
1409147052|31.25
1409147072|31.312
1409147092|31.312
1409147112|31.25
1409147132|31.25
1409147152|31.312
1409147172|31.312
1409147193|31.312
1409147213|31.312
1409147233|31.312
1409147253|31.25
1409147273|31.25
1409147293|31.312
1409147313|31.312
1409147334|31.312
1409147354|31.312
1409147374|31.312
1409147394|31.312
1409147414|31.312
1409147434|31.312
1409147454|31.312
1409147474|31.312
1409147494|31.312
1409147514|31.312
1409147535|31.312
1409147555|31.312
1409147575|31.312
1409147595|31.312
1409147615|31.312
1409147635|31.312
1409147655|31.312
1409147675|31.312
1409147695|31.312
1409147715|31.312
1409147736|31.312
1409147756|31.312
1409147776|31.312
1409147796|31.375
1409147816|31.312
1409147836|31.312
1409147857|31.312
1409147877|31.312
1409147897|31.312
1409147917|31.312
1409147937|31.312
1409147957|31.312
1409147977|31.312
1409147997|31.312
1409148018|31.312
1409148038|31.312
1409148058|31.312
1409148078|31.312
1409148098|31.312
1409148118|31.312
1409148138|31.312
1409148158|31.312
1409148178|31.312
1409148198|31.312
1409148218|31.375
1409148239|31.375
1409148259|31.375
1409148279|31.312
1409148299|31.312
1409148319|31.312
1409148339|31.312
1409148359|31.312
1409148380|31.375
1409148400|31.312
1409148420|31.375
1409148440|31.375
1409148460|31.312
1409148481|31.312
1409148501|31.312
1409148521|31.312
1409148541|31.312
1409148562|31.312
1409148582|31.312
1409148602|31.312
1409148622|31.312
1409148642|31.312
1409148662|31.312
1409148682|31.312
1409148702|31.312
1409148722|31.312
1409148742|31.312
1409148763|31.312
1409148783|31.312
1409148803|31.312
1409148823|31.312
1409148843|31.312
1409148863|31.312
1409148883|31.312
1409148903|31.312
1409148923|31.312
1409148943|31.312
1409148964|31.312
1409148984|31.312
1409149004|31.312
1409149024|31.312
1409149044|31.312
1409149064|31.312
1409149085|31.312
1409149105|31.312
1409149125|31.312
1409149145|31.312
1409149166|31.312
1409149186|31.312
1409149206|31.312
1409149226|31.312
1409149246|31.312
1409149267|31.312
1409149287|31.312
1409149307|31.312
1409149327|31.312
1409149347|31.312
1409149367|31.312
1409149387|31.312
1409149407|31.312
1409149427|31.312
1409149447|31.312
1409149467|31.312
1409149488|31.312
1409149508|31.312
1409149528|31.312
1409149548|31.312
1409149568|31.312
1409149588|31.312
1409149608|31.312
1409149628|31.312
1409149648|31.312
1409149668|31.312
1409149689|31.375
1409149709|31.312
1409149729|31.312
1409149749|31.375
1409149769|31.375
1409149789|31.375
1409149810|31.375
1409149830|31.312
1409149850|31.312
1409149870|31.312
1409149890|31.312
1409149910|31.375
1409149931|31.312
1409149951|31.312
1409149971|31.312
1409149991|31.312
1409150011|31.312
1409150031|31.312
1409150051|31.312
1409150071|31.312
1409150091|31.312
1409150111|31.312
1409150132|31.312
1409150152|31.312
1409150172|31.312
1409150192|31.312
1409150212|31.312
1409150232|31.312
1409150252|31.312
1409150272|31.312
1409150292|31.312
1409150312|31.312
1409150332|31.312
1409150353|31.312
1409150373|31.312
1409150393|31.312
1409150413|31.312
1409150433|31.312
1409150454|31.312
1409150474|31.312
1409150494|31.312
1409150514|31.312
1409150534|31.312
1409150554|31.312
1409150574|31.312
1409150594|31.312
1409150614|31.312
1409150635|31.312
1409150655|31.312
1409150675|31.312
1409150695|31.312
1409150715|31.312
1409150735|31.312
1409150755|31.312
1409150775|31.312
1409150795|31.312
1409150815|31.312
1409150835|31.312
1409150856|31.312
1409150876|31.312
1409150896|31.312
1409150916|31.312
1409150936|31.312
1409150956|31.312
1409150976|31.25
1409150996|31.312
1409151016|31.312
1409151037|31.312
1409151057|31.312
1409151077|31.25
1409151097|31.25
1409151118|31.25
1409151138|31.25
1409151158|31.25
1409151178|31.25
1409151198|31.25
1409151218|31.25
1409151238|31.25
1409151258|31.25
1409151279|31.25
1409151299|31.25
1409151319|31.25
1409151339|31.25
1409151359|31.25
1409151379|31.25
1409151399|31.25
1409151419|31.25
1409151440|31.312
1409151460|31.25
1409151480|31.25
1409151500|31.25
1409151520|31.25
1409151540|31.25
1409151560|31.25
1409151580|31.25
1409151600|31.25
1409151620|31.25
1409151641|31.25
1409151661|31.25
1409151681|31.25
1409151701|31.25
1409151721|31.25
1409151742|31.25
1409151762|31.25
1409151782|31.25
1409151802|31.25
1409151822|31.25
1409151842|31.25
1409151862|31.25
1409151883|31.25
1409151903|31.25
1409151923|31.25
1409151943|31.25
1409151963|31.25
1409151983|31.25
1409152003|31.25
1409152023|31.25
1409152043|31.25
1409152063|31.25
1409152083|31.25
1409152104|31.25
1409152124|31.25
1409152144|31.25
1409152164|31.25
1409152184|31.25
1409152205|31.25
1409152225|31.25
1409152245|31.25
1409152265|31.25
1409152285|31.25
1409152305|31.25
1409152326|31.25
1409152346|31.25
1409152366|31.25
1409152386|31.25
1409152406|31.25
1409152426|31.25
1409152446|31.25
1409152466|31.25
1409152487|31.25
1409152507|31.25
1409152528|31.25
1409152548|31.25
1409152568|31.25
1409152588|31.187
1409152608|31.25
1409152628|31.187
1409152649|31.25
1409152669|31.187
1409152689|31.25
1409152710|31.25
1409152731|31.25
1409152751|31.25
1409152771|31.25
1409152791|31.187
1409152811|31.187
1409152831|31.187
1409152852|31.25
1409152872|31.187
1409152892|31.187
1409152912|31.25
1409152932|31.187
1409152952|31.187
1409152972|31.187
1409152992|31.187
1409153012|31.25
1409153032|31.187
1409153053|31.25
1409153073|31.187
1409153093|31.25
1409153113|31.187
1409153133|31.187
1409153153|31.187
1409153173|31.187
1409153194|31.187
1409153214|31.187
1409153234|31.187
1409153254|31.187
1409153274|31.187
1409153294|31.187
1409153315|31.187
1409153335|31.125
1409153355|31.125
1409153375|31.125
1409153395|31.125
1409153416|31.125
1409153436|31.125
1409153456|31.125
1409153476|31.125
1409153496|31.125
1409153516|31.125
1409153536|31.062
1409153557|31.125
1409153577|31.125
1409153597|31.125
1409153617|31.062
1409153637|31.062
1409153657|31.062
1409153677|31.062
1409153698|31.062
1409153718|31.062
1409153738|31.062
1409153758|31.062
1409153778|31.062
1409153798|31.0
1409153818|31.062
1409153838|31.0
1409153858|31.0
1409153878|31.0
1409153899|31.0
1409153919|31.0
1409153939|31.0
1409153959|31.0
1409153979|31.0
1409153999|31.0
1409154019|30.937
1409154040|30.937
1409154060|30.937
1409154080|30.937
1409154100|30.937
1409154120|30.937
1409154140|30.937
1409154160|30.937
1409154181|30.937
1409154201|30.937
1409154221|30.937
1409154241|30.875
1409154261|30.937
1409154281|30.937
1409154301|30.937
1409154321|30.875
1409154341|30.937
1409154361|30.937
1409154382|30.937
1409154402|30.937
1409154422|30.937
1409154442|30.937
1409154462|30.875
1409154482|30.937
1409154502|30.937
1409154522|30.937
1409154543|30.937
1409154563|30.937
1409154583|30.937
1409154603|30.937
1409154623|30.937
1409154643|30.937
1409154663|30.937
1409154684|30.937
1409154704|30.937
1409154724|30.937
1409154744|30.937
1409154765|30.937
1409154785|30.937
1409154805|31.0
1409154825|30.937
1409154845|30.937
1409154865|30.937
1409154887|30.937
1409154907|30.937
1409154927|30.937
1409154947|30.937
1409154967|30.937
1409154987|30.937
1409155007|30.937
1409155027|30.937
1409155047|30.937
1409155068|30.937
1409155088|31.0
1409155108|30.937
1409155128|31.0
1409155148|30.937
1409155168|31.0
1409155188|31.0
1409155208|30.937
1409155229|30.937
1409155249|31.0
1409155269|31.0
1409155289|31.0
1409155309|30.937
1409155329|30.937
1409155349|31.0
1409155369|31.0
1409155389|31.0
1409155410|30.937
1409155430|30.937
1409155450|31.0
1409155470|31.0
1409155490|31.0
1409155511|31.0
1409155531|30.937
1409155551|31.0
1409155571|31.0
1409155591|31.0
1409155611|31.0
1409155631|31.0
1409155651|31.0
1409155671|31.0
1409155693|31.0
1409155713|31.0
1409155733|31.0
1409155753|31.0
1409155773|31.0
1409155793|31.0
1409155813|31.0
1409155834|31.0
1409155854|31.062
1409155874|31.062
1409155894|31.0
1409155914|31.062
1409155935|31.062
1409155955|31.062
1409155976|31.062
1409155996|31.062
1409156016|31.062
1409156036|31.062
1409156056|31.062
1409156076|31.125
1409156096|31.062
1409156116|31.062
1409156137|31.125
1409156157|31.125
1409156177|31.125
1409156197|31.125
1409156218|31.062
1409156238|31.125
1409156259|31.125
1409156279|31.125
1409156299|31.125
1409156320|31.125
1409156340|31.125
1409156360|31.125
1409156380|31.125
1409156400|31.125
1409156420|31.125
1409156440|31.125
1409156460|31.125
1409156480|31.125
1409156501|31.125
1409156521|31.125
1409156541|31.125
1409156561|31.125
1409156582|31.125
1409156602|31.125
1409156622|31.125
1409156642|31.125
1409156662|31.125
1409156682|31.125
1409156702|31.125
1409156722|31.125
1409156744|31.125
1409156764|31.125
1409156784|31.125
1409156804|31.125
1409156824|31.125
1409156844|31.187
1409156865|31.125
1409156885|31.125
1409156905|31.125
1409156925|31.125
1409156945|31.125
1409156965|31.125
1409156985|31.125
1409157005|31.125
1409157027|31.125
1409157047|31.187
1409157067|31.125
1409157087|31.187
1409157107|31.187
1409157127|31.125
1409157147|31.125
1409157168|31.125
1409157188|31.125
1409157208|31.125
1409157228|31.125
1409157248|31.125
1409157268|31.125
1409157288|31.125
1409157308|31.125
1409157328|31.125
1409157348|31.125
1409157368|31.125
1409157389|31.125
1409157409|31.125
1409157429|31.125
1409157449|31.125
1409157470|31.125
1409157490|31.125
1409157510|31.125
1409157530|31.125
1409157550|31.125
1409157570|31.125
1409157590|31.125
1409157611|31.125
1409157631|31.125
1409157651|31.062
1409157672|31.125
1409157692|31.125
1409157712|31.125
1409157732|31.062
1409157752|31.062
1409157772|31.062
1409157793|31.062
1409157813|31.062
1409157833|31.062
1409157853|31.062
1409157873|31.062
1409157893|31.062
1409157913|31.062
1409157933|31.062
1409157953|31.062
1409157973|31.062
1409157995|31.062
1409158015|31.062
1409158037|31.062
1409158057|31.062
1409158077|31.062
1409158097|31.062
1409158117|31.062
1409158137|31.062
1409158157|31.062
1409158177|31.062
1409158198|31.062
1409158218|31.062
1409158238|31.062
1409158258|31.062
1409158278|31.062
1409158298|31.062
1409158318|31.0
1409158338|31.062
1409158358|31.062
1409158378|31.062
1409158399|31.0
1409158419|31.0
1409158439|31.0
1409158459|31.0
1409158480|31.0
1409158500|31.0
1409158520|31.0
1409158540|31.0
1409158560|31.0
1409158580|31.0
1409158600|31.0
1409158620|31.0
1409158640|31.0
1409158660|31.0
1409158680|31.0
1409158701|31.0
1409158721|31.0
1409158741|31.0
1409158761|31.0
1409158781|31.0
1409158801|31.0
1409158821|31.0
1409158841|31.0
1409158861|31.0
1409158881|31.0
1409158902|31.0
1409158922|31.0
1409158942|30.937
1409158962|30.937
1409158982|30.937
1409159002|30.937
1409159022|30.937
1409159043|30.937
1409159063|30.937
1409159083|30.937
1409159103|30.937
1409159123|30.937
1409159144|30.937
1409159164|30.937
1409159184|30.937
1409159204|30.937
1409159224|30.937
1409159244|30.937
1409159264|30.937
1409159284|30.937
1409159304|30.937
1409159324|30.937
1409159345|30.875
1409159365|30.875
1409159385|30.875
1409159405|30.875
1409159425|30.875
1409159445|30.875
1409159465|30.875
1409159485|30.875
1409159505|30.875
1409159525|30.875
1409159546|30.875
1409159566|30.875
1409159586|30.875
1409159606|30.875
1409159626|30.875
1409159646|30.875
1409159666|30.812
1409159686|30.875
1409159707|30.875
1409159727|30.812
1409159747|30.812
1409159767|30.875
1409159787|30.812
1409159808|30.812
1409159828|30.812
1409159848|30.812
1409159868|30.812
1409159888|30.812
1409159908|30.812
1409159928|30.812
1409159948|30.812
1409159968|30.812
1409159988|30.812
1409160009|30.812
1409160029|30.812
1409160049|30.812
1409160069|30.812
1409160089|30.812
1409160109|30.812
1409160130|30.812
1409160150|30.812
1409160170|30.812
1409160190|30.875
1409160210|30.812
1409160230|30.812
1409160250|30.812
1409160271|30.812
1409160291|30.875
1409160311|30.875
1409160331|30.875
1409160351|30.875
1409160371|30.875
1409160392|30.875
1409160412|30.875
1409160432|30.937
1409160452|30.937
1409160472|30.875
1409160492|30.875
1409160512|30.937
1409160532|30.937
1409160553|30.875
1409160573|30.875
1409160593|30.937
1409160613|30.937
1409160633|30.937
1409160653|30.937
1409160673|30.937
1409160693|30.875
1409160713|30.875
1409160733|30.937
1409160754|30.937
1409160774|30.937
1409160794|30.937
1409160814|30.937
1409160834|30.937
1409160854|30.937
1409160874|30.937
1409160894|30.937
1409160914|30.937
1409160935|30.937
1409160955|30.937
1409160975|30.937
1409160995|30.937
1409161015|31.0
1409161036|30.937
1409161056|30.937
1409161076|30.937
1409161096|30.937
1409161116|30.937
1409161136|30.937
1409161156|30.937
1409161176|30.937
1409161196|30.937
1409161216|30.937
1409161237|30.937
1409161257|30.937
1409161277|30.937
1409161297|30.937
1409161317|30.937
1409161337|30.937
1409161357|30.937
1409161378|30.937
1409161398|30.937
1409161418|30.937
1409161438|30.937
1409161458|30.937
1409161478|30.937
1409161498|30.937
1409161518|30.937
1409161538|30.937
1409161558|30.937
1409161579|30.937
1409161599|30.937
1409161619|30.937
1409161639|30.937
1409161659|30.937
1409161680|31.0
1409161700|30.937
1409161720|30.937
1409161740|30.937
1409161760|30.937
1409161780|31.0
1409161800|30.937
1409161820|30.937
1409161840|30.937
1409161860|30.937
1409161881|30.937
1409161901|30.937
1409161921|30.937
1409161941|30.937
1409161961|30.937
1409161981|30.937
1409162001|30.937
1409162021|30.937
1409162041|30.937
1409162061|30.937
1409162082|30.937
1409162102|30.937
1409162122|30.937
1409162142|30.937
1409162162|30.937
1409162182|30.937
1409162202|30.937
1409162222|30.937
1409162242|30.937
1409162263|30.937
1409162283|30.937
1409162303|30.937
1409162324|30.937
1409162344|30.875
1409162364|30.937
1409162384|30.937
1409162404|30.875
1409162424|30.937
1409162444|30.937
1409162464|30.875
1409162484|30.875
1409162505|30.937
1409162525|30.875
1409162545|30.875
1409162565|30.875
1409162585|30.875
1409162605|30.875
1409162625|30.875
1409162645|30.875
1409162665|30.875
1409162685|30.875
1409162706|30.875
1409162726|30.875
1409162746|30.875
1409162766|30.875
1409162786|30.875
1409162806|30.875
1409162826|30.875
1409162846|30.875
1409162867|30.875
1409162887|30.875
1409162908|30.875
1409162928|30.875
1409162948|30.875
1409162968|30.875
1409162988|30.875
1409163008|30.875
1409163029|30.875
1409163049|30.875
1409163069|30.875
1409163089|30.875
1409163109|30.875
1409163129|30.875
1409163149|30.875
1409163169|30.875
1409163189|30.875
1409163209|30.875
1409163230|30.875
1409163250|30.875
1409163270|30.875
1409163290|30.875
1409163310|30.875
1409163330|30.875
1409163350|30.875
1409163370|30.875
1409163390|30.875
1409163410|30.875
1409163431|30.875
1409163451|30.875
1409163471|30.875
1409163492|30.875
1409163512|30.875
1409163532|30.937
1409163552|30.875
1409163572|30.875
1409163592|30.937
1409163613|30.875
1409163633|30.875
1409163653|30.875
1409163673|30.875
1409163693|30.875
1409163714|30.875
1409163734|30.875
1409163754|30.875
1409163774|30.875
1409163794|30.875
1409163814|30.875
1409163834|30.875
1409163854|30.875
1409163874|30.875
1409163894|30.875
1409163914|30.875
1409163935|30.875
1409163955|30.875
1409163975|30.875
1409163995|30.812
1409164015|30.875
1409164035|30.812
1409164055|30.875
1409164075|30.812
1409164095|30.812
1409164115|30.812
1409164136|30.875
1409164156|30.812
1409164176|30.812
1409164196|30.875
1409164216|30.875
1409164237|30.812
1409164257|30.875
1409164277|30.812
1409164297|30.812
1409164317|30.812
1409164337|30.875
1409164357|30.812
1409164378|30.812
1409164398|30.812
1409164418|30.812
1409164438|30.812
1409164458|30.812
1409164478|30.812
1409164498|30.812
1409164518|30.812
1409164538|30.812
1409164558|30.812
1409164579|30.812
1409164599|30.812
1409164619|30.812
1409164639|30.812
1409164659|30.812
1409164679|30.812
1409164699|30.812
1409164719|30.812
1409164739|30.812
1409164759|30.812
1409164780|30.812
1409164800|30.812
1409164820|30.812
1409164840|30.812
1409164860|30.812
1409164881|30.812
1409164901|30.812
1409164921|30.812
1409164941|30.812
1409164961|30.75
1409164982|30.812
1409165002|30.812
1409165022|30.75
1409165042|30.812
1409165062|30.812
1409165082|30.812
1409165102|30.812
1409165122|30.812
1409165142|30.75
1409165162|30.812
1409165183|30.812
1409165203|30.812
1409165223|30.812
1409165243|30.812
1409165263|30.812
1409165283|30.812
1409165303|30.75
1409165323|30.75
1409165343|30.812
1409165363|30.75
1409165384|30.75
1409165404|30.75
1409165424|30.812
1409165444|30.75
1409165464|30.75
1409165484|30.75
1409165505|30.75
1409165525|30.75
1409165545|30.812
1409165565|30.75
1409165585|30.75
1409165605|30.75
1409165626|30.75
1409165646|30.75
1409165666|30.75
1409165686|30.75
1409165706|30.75
1409165726|30.75
1409165746|30.75
1409165766|30.75
1409165786|30.75
1409165806|30.75
1409165827|30.75
1409165847|30.75
1409165867|30.75
1409165887|30.75
1409165907|30.75
1409165927|30.75
1409165947|30.75
1409165967|30.75
1409165987|30.75
1409166007|30.75
1409166027|30.75
1409166048|30.75
1409166068|30.75
1409166088|30.75
1409166108|30.75
1409166128|30.75
1409166149|30.75
1409166169|30.75
1409166189|30.75
1409166209|30.75
1409166229|30.75
1409166249|30.687
1409166269|30.75
1409166289|30.75
1409166309|30.75
1409166330|30.75
1409166350|30.687
1409166370|30.687
1409166390|30.687
1409166410|30.687
1409166430|30.687
1409166450|30.75
1409166470|30.687
1409166490|30.687
1409166510|30.687
1409166531|30.687
1409166551|30.687
1409166571|30.687
1409166591|30.687
1409166611|30.687
1409166631|30.687
1409166651|30.687
1409166671|30.687
1409166691|30.687
1409166712|30.687
1409166732|30.687
1409166752|30.687
1409166772|30.687
1409166792|30.687
1409166813|30.687
1409166833|30.687
1409166853|30.687
