1396899504|12.125
1396899526|12.125
1396899549|12.125
1396899571|12.125
1396899594|12.187
1396899616|12.125
1396899639|12.125
1396899661|12.187
1396899684|12.125
1396899706|12.125
1396899729|12.125
1396899751|12.125
1396899773|12.125
1396899796|12.125
1396899818|12.125
1396899841|12.125
1396899863|12.125
1396899886|12.187
1396899908|12.125
1396899931|12.125
1396899953|12.125
1396899976|12.125
1396899998|12.125
1396900021|12.125
1396900043|12.125
1396900066|12.125
1396900088|12.125
1396900111|12.125
1396900133|12.125
1396900155|12.125
1396900178|12.125
1396900200|12.125
1396900223|12.125
1396900245|12.125
1396900268|12.125
1396900290|12.125
1396900313|12.125
1396900335|12.125
1396900358|12.125
1396900380|12.125
1396900403|12.125
1396900425|12.125
1396900448|12.125
1396900470|12.125
1396900492|12.125
1396900515|12.125
1396900537|12.062
1396900560|12.125
1396900582|12.062
1396900605|12.062
1396900627|12.125
1396900650|12.125
1396900672|12.125
1396900695|12.062
1396900717|12.125
1396900740|12.125
1396900762|12.125
1396900785|12.062
1396900807|12.062
1396900830|12.125
1396900852|12.125
1396900874|12.125
1396900897|12.125
1396900919|12.125
1396900942|12.125
1396900964|12.125
1396900987|12.125
1396901009|12.125
1396901032|12.125
1396901054|12.125
1396901077|12.062
1396901099|12.125
1396901122|12.125
1396901144|12.062
1396901167|12.125
1396901189|12.062
1396901211|12.125
1396901234|12.062
1396901256|12.062
1396901279|12.062
1396901301|12.062
1396901324|12.125
1396901346|12.062
1396901369|12.062
1396901391|12.062
1396901414|12.125
1396901436|12.062
1396901459|12.062
1396901481|12.062
1396901504|12.062
1396901526|12.062
1396901548|12.125
1396901571|12.125
1396901593|12.062
1396901616|12.062
1396901638|12.125
1396901661|12.062
1396901683|12.062
1396901706|12.062
1396901728|12.062
1396901751|12.062
1396901773|12.062
1396901796|12.062
1396901818|12.125
1396901841|12.062
1396901863|12.062
1396901886|12.062
1396901908|12.062
1396901931|12.062
1396901953|12.062
1396901975|12.062
1396901998|12.062
1396902020|12.062
1396902043|12.062
1396902065|12.062
1396902088|12.125
1396902110|12.062
1396902133|12.125
1396902155|12.062
1396902178|12.062
1396902200|12.062
1396902223|12.062
1396902245|12.062
1396902268|12.062
1396902290|12.062
1396902312|12.062
1396902335|12.062
1396902357|12.062
1396902380|12.062
1396902402|12.125
1396902425|12.062
1396902447|12.062
1396902470|12.062
1396902492|12.062
1396902515|12.062
1396902537|12.062
1396902560|12.062
1396902582|12.062
1396902605|12.062
1396902627|12.062
1396902650|12.062
1396902672|12.062
1396902694|12.062
1396902717|12.062
1396902739|12.062
1396902762|12.062
1396902784|12.062
1396902807|12.062
1396902829|12.062
1396902852|12.062
1396902874|12.062
1396902897|12.062
1396902919|12.062
1396902942|12.062
1396902964|12.062
1396902987|12.062
1396903009|12.062
1396903031|12.062
1396903054|12.062
1396903076|12.062
1396903099|12.062
1396903121|12.062
1396903144|12.062
1396903166|12.062
1396903189|12.062
1396903211|12.062
1396903234|12.062
1396903256|12.062
1396903279|12.062
1396903301|12.062
1396903324|12.062
1396903346|12.062
1396903368|12.062
1396903391|12.062
1396903413|12.062
1396903436|12.062
1396903458|12.062
1396903481|12.062
1396903503|12.062
1396903526|12.062
1396903548|12.062
1396903571|12.062
1396903593|12.062
1396903616|12.062
1396903638|12.062
1396903661|12.062
1396903683|12.062
1396903705|12.125
1396903728|12.125
1396903751|12.125
1396903773|12.125
1396903795|12.125
1396903818|12.125
1396903840|12.125
1396903863|12.125
1396903885|12.062
1396903908|12.125
1396903930|12.062
1396903953|12.125
1396903975|12.062
1396903998|12.062
1396904020|12.062
1396904043|12.062
1396904065|12.062
1396904088|12.062
1396904110|12.062
1396904132|12.062
1396904155|12.062
1396904177|12.062
1396904200|12.062
1396904222|12.062
1396904245|12.062
1396904267|12.062
1396904290|12.062
1396904312|12.062
1396904335|12.062
1396904357|12.0
1396904380|12.0
1396904402|12.062
1396904425|12.062
1396904447|12.062
1396904469|12.062
1396904492|12.062
1396904514|12.0
1396904537|12.062
1396904559|12.062
1396904582|12.062
1396904604|12.062
1396904627|12.062
1396904649|12.062
1396904672|12.062
1396904694|12.062
1396904717|12.062
1396904739|12.062
1396904762|12.062
1396904784|12.062
1396904806|12.062
1396904829|12.062
1396904851|12.0
1396904874|12.0
1396904896|12.062
1396904919|12.062
1396904941|12.062
1396904964|12.0
1396904986|12.0
1396905009|12.0
1396905031|12.0
1396905054|12.0
1396905076|12.0
1396905099|12.0
1396905121|12.0
1396905144|12.0
1396905166|12.0
1396905189|12.0
1396905211|12.0
1396905233|12.0
1396905256|12.0
1396905278|12.0
1396905301|12.0
1396905323|12.0
1396905346|12.0
1396905368|12.0
1396905391|12.0
1396905413|12.062
1396905436|12.0
1396905458|12.0
1396905481|12.0
1396905503|12.0
1396905526|12.0
1396905548|12.0
1396905570|12.0
1396905593|12.0
1396905615|12.0
1396905638|12.0
1396905660|12.0
1396905683|12.0
1396905705|12.0
1396905728|12.0
1396905750|12.0
1396905773|12.0
1396905795|12.0
1396905818|12.0
1396905840|12.0
1396905863|12.0
1396905885|12.0
1396905908|12.0
1396905930|12.0
1396905952|12.0
1396905975|12.0
1396905997|11.937
1396906020|11.937
1396906042|12.0
1396906065|12.0
1396906087|12.0
1396906110|11.937
1396906132|12.0
1396906155|12.0
1396906177|12.0
1396906200|12.0
1396906222|12.0
1396906245|12.0
1396906267|12.0
1396906289|12.0
1396906312|12.0
1396906334|12.0
1396906357|12.0
1396906379|12.0
1396906402|12.0
1396906424|12.0
1396906447|12.0
1396906469|12.0
1396906492|12.0
1396906514|12.0
1396906537|11.937
1396906559|12.0
1396906582|12.0
1396906604|12.0
1396906626|12.0
1396906649|11.937
1396906671|11.937
1396906694|11.937
1396906716|11.937
1396906739|11.937
1396906761|11.937
1396906784|11.937
1396906806|11.937
1396906829|11.937
1396906851|11.937
1396906874|11.937
1396906896|11.937
1396906919|11.937
1396906941|11.937
1396906963|11.937
1396906986|11.937
1396907008|11.937
1396907031|11.937
1396907053|11.937
1396907076|11.937
1396907098|11.937
1396907121|11.937
1396907143|11.937
1396907166|11.937
1396907188|11.937
1396907211|11.937
1396907233|11.937
1396907256|11.937
1396907278|11.937
1396907301|11.937
1396907323|11.937
1396907345|11.937
1396907368|11.937
1396907390|11.937
1396907413|11.937
1396907435|11.937
1396907458|11.937
1396907480|11.875
1396907503|11.875
1396907525|11.875
1396907548|11.875
1396907570|11.937
1396907593|11.937
1396907615|11.937
1396907638|11.937
1396907660|11.937
1396907683|11.937
1396907705|11.937
1396907727|11.937
1396907750|11.875
1396907772|11.875
1396907795|11.875
1396907817|11.875
1396907840|11.875
1396907862|11.875
1396907885|11.875
1396907907|11.875
1396907930|11.875
1396907952|11.875
1396907975|11.875
1396907997|11.875
1396908020|11.875
1396908042|11.875
1396908065|11.812
1396908087|11.812
1396908109|11.812
1396908132|11.812
1396908154|11.812
1396908177|11.812
1396908199|11.812
1396908222|11.812
1396908244|11.812
1396908267|11.812
1396908289|11.812
1396908312|11.812
1396908334|11.812
1396908357|11.812
1396908379|11.812
1396908402|11.812
1396908424|11.812
1396908447|11.812
1396908469|11.812
1396908491|11.812
1396908514|11.812
1396908536|11.812
1396908559|11.812
1396908581|11.812
1396908604|11.812
1396908626|11.75
1396908649|11.75
1396908671|11.75
1396908694|11.75
1396908716|11.75
1396908739|11.812
1396908761|11.75
1396908784|11.812
1396908806|11.812
1396908828|11.812
1396908851|11.812
1396908873|11.75
1396908896|11.75
1396908918|11.812
1396908941|11.75
1396908963|11.812
1396908986|11.75
1396909008|11.812
1396909031|11.812
1396909053|11.75
1396909076|11.75
1396909098|11.75
1396909121|11.75
1396909143|11.75
1396909165|11.75
1396909188|11.687
1396909210|11.687
1396909233|11.687
1396909255|11.687
1396909278|11.687
1396909300|11.687
1396909323|11.625
1396909345|11.625
1396909368|11.625
1396909390|11.625
1396909413|11.625
1396909435|11.625
1396909458|11.625
1396909480|11.625
1396909503|11.562
1396909525|11.562
1396909547|11.562
1396909570|11.562
1396909592|11.562
1396909615|11.562
1396909637|11.562
1396909660|11.562
1396909682|11.562
1396909705|11.562
1396909727|11.562
1396909750|11.562
1396909772|11.562
1396909795|11.5
1396909817|11.562
1396909840|11.562
1396909862|11.562
1396909884|11.562
1396909907|11.5
1396909929|11.562
1396909952|11.562
1396909974|11.5
1396909997|11.5
1396910019|11.5
1396910042|11.5
1396910064|11.562
1396910087|11.5
1396910109|11.5
1396910132|11.5
1396910154|11.5
1396910177|11.5
1396910199|11.5
1396910221|11.5
1396910244|11.5
1396910266|11.5
1396910289|11.5
1396910311|11.5
1396910334|11.437
1396910356|11.437
1396910379|11.437
1396910401|11.437
1396910424|11.437
1396910446|11.437
1396910469|11.437
1396910491|11.437
1396910514|11.437
1396910536|11.5
1396910558|11.437
1396910581|11.437
1396910603|11.437
1396910626|11.437
1396910648|11.5
1396910671|11.437
1396910693|11.437
1396910716|11.437
1396910738|11.437
1396910761|11.437
1396910783|11.437
1396910806|11.437
1396910828|11.437
1396910851|11.437
1396910873|11.437
1396910896|11.437
1396910918|11.437
1396910941|11.375
1396910963|11.437
1396910985|11.437
1396911008|11.375
1396911030|11.375
1396911053|11.437
1396911075|11.375
1396911098|11.437
1396911120|11.437
1396911143|11.375
1396911165|11.375
1396911188|11.437
1396911210|11.437
1396911233|11.375
1396911255|11.437
1396911278|11.437
1396911300|11.437
1396911322|11.375
1396911345|11.437
1396911367|11.437
1396911390|11.437
1396911412|11.437
1396911435|11.375
1396911457|11.375
1396911480|11.375
1396911502|11.375
1396911525|11.437
1396911547|11.437
1396911570|11.437
1396911592|11.437
1396911615|11.437
1396911637|11.437
1396911660|11.437
1396911682|11.437
1396911705|11.437
1396911727|11.5
1396911749|11.437
1396911772|11.437
1396911794|11.437
1396911817|11.437
1396911839|11.437
1396911862|11.437
1396911884|11.437
1396911907|11.437
1396911929|11.437
1396911952|11.375
1396911974|11.437
1396911997|11.375
1396912019|11.437
1396912042|11.375
1396912064|11.375
1396912086|11.312
1396912109|11.312
1396912131|11.312
1396912154|11.312
1396912176|11.25
1396912199|11.25
1396912221|11.25
1396912244|11.25
1396912266|11.25
1396912289|11.25
1396912311|11.25
1396912334|11.25
1396912356|11.25
1396912379|11.25
1396912401|11.25
1396912423|11.25
1396912446|11.25
1396912468|11.187
1396912491|11.187
1396912513|11.187
1396912536|11.187
1396912558|11.187
1396912581|11.187
1396912603|11.187
1396912626|11.187
1396912648|11.187
1396912671|11.187
1396912693|11.187
1396912716|11.187
1396912738|11.187
1396912760|11.187
1396912783|11.25
1396912805|11.187
1396912828|11.187
1396912850|11.25
1396912873|11.25
1396912895|11.25
1396912918|11.25
1396912940|11.25
1396912963|11.25
1396912985|11.25
1396913008|11.25
1396913030|11.25
1396913053|11.25
1396913075|11.25
1396913097|11.25
1396913120|11.25
1396913142|11.25
1396913165|11.25
1396913187|11.25
1396913210|11.25
1396913232|11.25
1396913255|11.25
1396913277|11.25
1396913300|11.25
1396913322|11.25
1396913345|11.25
1396913367|11.25
1396913390|11.25
1396913412|11.25
1396913434|11.187
1396913457|11.187
1396913479|11.187
1396913502|11.187
1396913524|11.187
1396913547|11.187
1396913569|11.125
1396913592|11.125
1396913614|11.125
1396913637|11.125
1396913659|11.187
1396913682|11.125
1396913704|11.187
1396913727|11.125
1396913749|11.125
1396913772|11.125
1396913794|11.125
1396913816|11.125
1396913839|11.125
1396913861|11.125
1396913884|11.125
1396913906|11.125
1396913929|11.125
1396913951|11.125
1396913974|11.125
1396913996|11.062
1396914019|11.062
1396914041|11.062
1396914064|11.062
1396914086|11.062
1396914109|11.062
1396914131|11.062
1396914153|11.062
1396914176|11.062
1396914198|11.062
1396914221|11.062
1396914243|11.0
1396914266|11.0
1396914288|11.0
1396914311|11.0
1396914333|11.0
1396914356|11.0
1396914378|11.0
1396914401|11.0
1396914423|10.937
1396914446|10.937
1396914468|10.937
1396914490|10.937
1396914513|10.937
1396914535|10.937
1396914558|11.0
1396914580|10.937
1396914603|10.937
1396914625|10.937
1396914648|10.937
1396914670|10.937
1396914693|10.937
1396914715|10.937
1396914738|10.937
1396914760|10.937
1396914783|10.937
1396914805|10.937
1396914828|10.937
1396914850|10.937
1396914873|11.0
1396914895|11.0
1396914917|11.0
1396914940|11.0
1396914962|11.0
1396914985|11.0
1396915007|11.0
1396915030|11.0
1396915052|11.0
1396915075|11.0
1396915097|11.0
1396915120|11.0
1396915142|11.0
1396915165|11.0
1396915187|11.0
1396915210|11.062
1396915232|11.062
1396915254|11.062
1396915277|11.062
1396915299|11.062
1396915322|11.062
1396915344|11.062
1396915367|11.062
1396915389|11.062
1396915412|11.062
1396915434|11.062
1396915457|11.062
1396915479|11.062
1396915502|11.0
1396915524|11.062
1396915547|11.0
1396915569|11.0
1396915591|11.0
1396915614|11.0
1396915636|11.0
1396915659|11.0
1396915681|11.0
1396915704|11.0
1396915726|11.0
1396915749|11.0
1396915771|11.0
1396915794|11.0
1396915816|11.0
1396915839|11.0
1396915861|11.0
1396915884|11.0
1396915906|11.0
1396915929|11.0
1396915951|11.0
1396915974|11.0
1396915996|11.0
1396916018|11.0
1396916041|10.937
1396916063|11.0
1396916086|11.0
1396916108|11.0
1396916131|11.0
1396916153|11.0
1396916176|11.0
1396916198|11.0
1396916221|11.0
1396916243|11.0
1396916266|11.0
1396916288|10.937
1396916311|10.937
1396916333|10.937
1396916355|11.0
1396916378|10.937
1396916400|10.937
1396916423|10.937
1396916445|10.937
1396916468|10.875
1396916490|10.937
1396916513|10.937
1396916535|10.937
1396916558|10.937
1396916580|10.937
1396916603|10.937
1396916625|11.0
1396916648|11.0
1396916670|11.0
1396916692|11.0
1396916715|11.0
1396916737|11.0
1396916760|11.0
1396916782|11.0
1396916805|11.0
1396916827|11.0
1396916850|11.0
1396916872|11.0
1396916895|11.062
1396916917|11.062
1396916940|11.0
1396916962|11.0
1396916985|11.062
1396917007|11.062
1396917029|11.062
1396917052|11.062
1396917074|11.062
1396917097|11.062
1396917119|11.062
1396917142|11.125
1396917164|11.125
1396917187|11.125
1396917209|11.125
1396917232|11.125
1396917254|11.125
1396917277|11.125
1396917299|11.125
1396917322|11.125
1396917344|11.125
1396917366|11.125
1396917389|11.125
1396917411|11.125
1396917434|11.125
1396917456|11.125
1396917479|11.125
1396917501|11.125
1396917524|11.125
1396917546|11.125
1396917569|11.125
1396917591|11.125
1396917614|11.125
1396917636|11.125
1396917659|11.125
1396917681|11.062
1396917704|11.062
1396917726|11.062
1396917748|11.062
1396917771|11.062
1396917793|11.062
1396917816|11.062
1396917838|11.062
1396917861|11.062
1396917883|11.062
1396917906|11.062
1396917928|11.062
1396917951|11.062
1396917973|11.062
1396917996|11.062
1396918018|11.125
1396918041|11.125
1396918063|11.125
1396918085|11.125
1396918108|11.125
1396918130|11.125
1396918153|11.125
1396918175|11.062
1396918198|11.062
1396918220|11.125
1396918243|11.062
1396918265|11.062
1396918288|11.062
1396918310|11.062
1396918333|11.062
1396918355|11.062
1396918378|11.125
1396918400|11.125
1396918422|11.125
1396918445|11.125
1396918467|11.125
1396918490|11.125
1396918512|11.125
1396918535|11.125
1396918557|11.125
1396918580|11.125
1396918602|11.125
1396918625|11.125
1396918647|11.125
1396918670|11.187
1396918692|11.187
1396918715|11.187
1396918737|11.187
1396918760|11.187
1396918782|11.187
1396918804|11.187
1396918827|11.187
1396918849|11.25
1396918872|11.25
1396918894|11.25
1396918917|11.25
1396918939|11.25
1396918962|11.25
1396918984|11.25
1396919007|11.25
1396919029|11.25
1396919052|11.312
1396919074|11.25
1396919097|11.25
1396919119|11.312
1396919142|11.25
1396919164|11.25
1396919186|11.312
1396919209|11.312
1396919231|11.312
1396919254|11.25
1396919276|11.25
1396919299|11.312
1396919321|11.25
1396919344|11.312
1396919366|11.25
1396919389|11.25
1396919411|11.25
1396919434|11.312
1396919456|11.312
1396919479|11.25
1396919501|11.25
1396919524|11.25
1396919546|11.25
1396919569|11.25
1396919591|11.25
1396919613|11.25
1396919636|11.25
1396919658|11.25
1396919681|11.25
1396919703|11.187
1396919726|11.187
1396919748|11.187
1396919771|11.187
1396919793|11.187
1396919816|11.187
1396919838|11.187
1396919861|11.187
1396919883|11.187
1396919906|11.187
1396919928|11.187
1396919950|11.187
1396919973|11.187
1396919995|11.187
1396920018|11.187
1396920040|11.187
1396920063|11.187
1396920085|11.125
1396920108|11.187
1396920130|11.125
1396920153|11.187
1396920175|11.125
1396920198|11.187
1396920220|11.187
1396920243|11.187
1396920265|11.187
1396920287|11.187
1396920310|11.187
1396920332|11.187
1396920355|11.187
1396920377|11.187
1396920400|11.187
1396920422|11.187
1396920445|11.25
1396920467|11.25
1396920490|11.25
1396920512|11.25
1396920535|11.25
1396920557|11.25
1396920580|11.25
1396920602|11.25
1396920624|11.25
1396920647|11.25
1396920669|11.25
1396920692|11.25
1396920714|11.25
1396920737|11.25
1396920759|11.25
1396920782|11.312
1396920804|11.25
1396920827|11.25
1396920849|11.25
1396920872|11.25
1396920894|11.312
1396920917|11.25
1396920939|11.25
1396920961|11.25
1396920984|11.25
1396921006|11.25
1396921029|11.25
1396921051|11.25
1396921074|11.187
1396921096|11.25
1396921119|11.187
1396921141|11.187
1396921164|11.187
1396921186|11.187
1396921209|11.187
1396921231|11.25
1396921254|11.25
1396921276|11.25
1396921299|11.25
1396921321|11.25
1396921343|11.25
1396921366|11.187
1396921388|11.187
1396921411|11.187
1396921433|11.187
1396921456|11.187
1396921478|11.187
1396921501|11.187
1396921523|11.187
1396921546|11.187
1396921568|11.187
1396921591|11.187
1396921613|11.25
1396921636|11.187
1396921658|11.25
1396921680|11.187
1396921703|11.187
1396921725|11.187
1396921748|11.25
1396921770|11.25
1396921793|11.25
1396921815|11.25
1396921838|11.25
1396921860|11.25
1396921883|11.25
1396921905|11.25
1396921928|11.25
1396921950|11.25
1396921973|11.25
1396921995|11.25
1396922017|11.25
1396922040|11.25
1396922062|11.25
1396922085|11.25
1396922107|11.25
1396922130|11.312
1396922152|11.25
1396922175|11.25
1396922197|11.25
1396922220|11.25
1396922242|11.25
1396922265|11.25
1396922287|11.187
1396922310|11.25
1396922332|11.25
1396922355|11.25
1396922377|11.25
1396922400|11.25
1396922422|11.25
1396922444|11.25
1396922467|11.25
1396922489|11.25
1396922512|11.187
1396922534|11.25
1396922557|11.187
1396922579|11.187
1396922602|11.25
1396922624|11.187
1396922647|11.187
1396922669|11.187
1396922692|11.125
1396922714|11.187
1396922737|11.187
1396922759|11.187
1396922781|11.125
1396922804|11.125
1396922826|11.125
1396922849|11.125
1396922871|11.125
1396922894|11.125
1396922916|11.062
1396922939|11.062
1396922961|11.062
1396922984|11.125
1396923006|11.062
1396923029|11.125
1396923051|11.125
1396923074|11.125
1396923096|11.125
1396923118|11.062
1396923141|11.125
1396923163|11.062
1396923186|11.062
1396923208|11.062
1396923231|11.062
1396923253|11.062
1396923276|11.062
1396923298|11.062
1396923321|11.0
1396923343|11.062
1396923366|11.0
1396923388|11.062
1396923411|11.062
1396923433|11.0
1396923456|11.0
1396923478|11.0
1396923501|11.062
1396923523|11.0
1396923545|11.0
1396923568|11.0
1396923590|11.0
1396923613|11.0
1396923635|11.0
1396923658|11.0
1396923680|11.0
1396923703|11.0
1396923725|11.0
1396923748|11.0
1396923770|10.937
1396923793|10.937
1396923815|10.937
1396923838|10.937
1396923860|10.875
1396923882|10.875
1396923905|10.875
1396923927|10.875
1396923950|10.875
1396923972|10.812
1396923995|10.812
1396924017|10.812
1396924040|10.812
1396924062|10.75
1396924085|10.75
1396924107|10.75
1396924130|10.75
1396924152|10.75
1396924175|10.75
1396924197|10.75
1396924219|10.687
1396924242|10.687
1396924264|10.625
1396924287|10.625
1396924309|10.625
1396924332|10.625
1396924354|10.625
1396924377|10.625
1396924399|10.625
1396924422|10.625
1396924444|10.625
1396924467|10.625
1396924489|10.625
1396924512|10.562
1396924534|10.562
1396924556|10.562
1396924579|10.562
1396924601|10.562
1396924624|10.562
1396924646|10.562
1396924669|10.5
1396924691|10.562
1396924714|10.5
1396924736|10.5
1396924759|10.437
1396924781|10.437
1396924804|10.437
1396924826|10.437
1396924849|10.437
1396924871|10.437
1396924894|10.437
1396924916|10.437
1396924938|10.5
1396924961|10.5
1396924983|10.5
1396925006|10.5
1396925028|10.5
1396925051|10.437
1396925073|10.437
1396925096|10.437
1396925118|10.437
1396925141|10.437
1396925163|10.5
1396925186|10.5
1396925208|10.5
1396925231|10.5
1396925254|10.5
1396925276|10.5
1396925299|10.5
1396925321|10.5
1396925344|10.5
1396925366|10.5
1396925389|10.437
1396925411|10.5
1396925434|10.5
1396925456|10.5
1396925478|10.5
1396925501|10.5
1396925523|10.437
1396925546|10.5
1396925568|10.5
1396925591|10.5
1396925613|10.5
1396925636|10.5
1396925658|10.5
1396925681|10.5
1396925703|10.5
1396925726|10.5
1396925748|10.5
1396925771|10.5
1396925793|10.5
1396925816|10.5
1396925838|10.5
1396925860|10.5
1396925883|10.5
1396925905|10.5
1396925928|10.437
1396925950|10.5
1396925973|10.5
1396925995|10.5
1396926018|10.5
1396926040|10.5
1396926063|10.5
1396926085|10.5
1396926108|10.5
1396926130|10.5
1396926153|10.5
1396926175|10.5
1396926198|10.562
1396926220|10.562
1396926242|10.5
1396926265|10.5
1396926287|10.5
1396926310|10.5
1396926332|10.5
1396926355|10.437
1396926377|10.437
1396926400|10.437
1396926422|10.437
1396926445|10.437
1396926467|10.437
1396926490|10.437
1396926512|10.437
1396926535|10.375
1396926557|10.375
1396926579|10.375
1396926602|10.375
1396926624|10.437
1396926647|10.437
1396926669|10.437
1396926692|10.375
1396926714|10.437
1396926737|10.437
1396926759|10.375
1396926782|10.375
1396926804|10.375
1396926827|10.375
1396926849|10.312
1396926872|10.312
1396926894|10.312
1396926916|10.312
1396926939|10.312
1396926961|10.312
1396926984|10.312
1396927006|10.312
1396927029|10.312
1396927051|10.312
1396927074|10.312
1396927096|10.312
1396927119|10.312
1396927141|10.312
1396927164|10.312
1396927186|10.312
1396927209|10.312
1396927231|10.312
1396927254|10.312
1396927276|10.312
1396927299|10.375
1396927321|10.375
1396927343|10.312
1396927366|10.312
1396927388|10.312
1396927411|10.312
1396927433|10.25
1396927456|10.312
1396927478|10.375
1396927501|10.312
1396927523|10.375
1396927546|10.375
1396927568|10.375
1396927591|10.375
1396927613|10.375
1396927636|10.375
1396927658|10.375
1396927680|10.375
1396927703|10.375
1396927725|10.375
1396927748|10.375
1396927770|10.375
1396927793|10.375
1396927815|10.312
1396927838|10.312
1396927860|10.312
1396927883|10.375
1396927905|10.312
1396927928|10.312
1396927950|10.312
1396927973|10.312
1396927995|10.312
1396928017|10.312
1396928040|10.312
1396928062|10.312
1396928085|10.312
1396928107|10.312
1396928130|10.312
1396928152|10.312
1396928175|10.312
1396928197|10.312
1396928220|10.312
1396928242|10.312
1396928265|10.25
1396928287|10.312
1396928310|10.312
1396928332|10.312
1396928354|10.312
1396928377|10.312
1396928399|10.312
1396928422|10.312
1396928444|10.312
1396928467|10.312
1396928489|10.312
1396928512|10.312
1396928534|10.312
1396928557|10.312
1396928579|10.375
1396928602|10.375
1396928624|10.375
1396928647|10.375
1396928669|10.375
1396928691|10.375
1396928714|10.375
1396928736|10.375
1396928759|10.375
1396928781|10.375
1396928804|10.375
1396928826|10.375
1396928849|10.375
1396928871|10.375
1396928894|10.437
1396928916|10.437
1396928939|10.437
1396928961|10.437
1396928984|10.437
1396929006|10.437
1396929029|10.437
1396929051|10.437
1396929073|10.375
1396929096|10.375
1396929118|10.375
1396929141|10.375
1396929163|10.375
1396929186|10.437
1396929208|10.437
1396929231|10.375
1396929253|10.437
1396929276|10.437
1396929298|10.437
1396929321|10.437
1396929343|10.437
1396929366|10.437
1396929388|10.375
1396929410|10.375
1396929433|10.375
1396929455|10.375
1396929478|10.375
1396929500|10.375
1396929523|10.437
1396929545|10.437
1396929568|10.437
1396929590|10.437
1396929613|10.5
1396929635|10.5
1396929658|10.5
1396929680|10.5
1396929703|10.5
1396929725|10.5
1396929747|10.437
1396929770|10.5
1396929792|10.5
1396929815|10.437
1396929837|10.5
1396929860|10.5
1396929882|10.5
1396929905|10.5
1396929927|10.5
1396929950|10.5
1396929972|10.5
1396929995|10.5
1396930017|10.5
1396930040|10.562
1396930062|10.562
1396930085|10.562
1396930107|10.562
1396930130|10.562
1396930152|10.562
1396930174|10.562
1396930197|10.5
1396930219|10.5
1396930242|10.5
1396930264|10.5
1396930287|10.5
1396930309|10.5
1396930332|10.5
1396930354|10.5
1396930377|10.5
1396930399|10.5
1396930422|10.5
1396930444|10.5
1396930467|10.5
1396930489|10.5
1396930511|10.5
1396930534|10.5
1396930556|10.562
1396930579|10.562
1396930601|10.5
1396930624|10.5
1396930646|10.5
1396930669|10.5
1396930691|10.5
1396930714|10.5
1396930736|10.5
1396930759|10.562
1396930781|10.562
1396930804|10.562
1396930826|10.562
1396930849|10.625
1396930871|10.625
1396930893|10.625
1396930916|10.625
1396930938|10.562
1396930961|10.562
1396930983|10.562
1396931006|10.562
1396931028|10.562
1396931051|10.562
1396931073|10.625
1396931096|10.625
1396931118|10.562
1396931141|10.625
1396931163|10.625
1396931186|10.687
1396931208|10.625
1396931231|10.625
1396931253|10.625
1396931275|10.625
1396931298|10.625
1396931320|10.625
1396931343|10.625
1396931365|10.687
1396931388|10.625
1396931410|10.687
1396931433|10.625
1396931455|10.687
1396931478|10.687
1396931500|10.687
1396931523|10.687
1396931545|10.687
1396931568|10.687
1396931590|10.687
1396931612|10.687
1396931635|10.687
1396931657|10.687
1396931680|10.687
1396931702|10.687
1396931725|10.687
1396931747|10.687
1396931770|10.687
1396931792|10.687
1396931815|10.687
1396931837|10.687
1396931860|10.687
1396931882|10.687
1396931905|10.687
1396931927|10.687
1396931949|10.75
1396931972|10.687
1396931994|10.75
1396932017|10.75
1396932039|10.75
1396932062|10.75
1396932084|10.75
1396932107|10.75
1396932129|10.75
1396932152|10.812
1396932174|10.812
1396932197|10.812
1396932219|10.812
1396932242|10.812
1396932264|10.812
1396932286|10.812
1396932309|10.812
1396932331|10.812
1396932354|10.812
1396932376|10.812
1396932399|10.75
1396932421|10.812
1396932444|10.75
1396932466|10.812
1396932489|10.812
1396932511|10.812
1396932534|10.812
1396932556|10.812
1396932579|10.812
1396932601|10.812
1396932624|10.812
1396932646|10.812
1396932668|10.812
1396932691|10.812
1396932713|10.812
1396932736|10.812
1396932758|10.812
1396932781|10.812
1396932803|10.812
1396932826|10.812
1396932848|10.812
1396932871|10.875
1396932893|10.875
1396932916|10.875
1396932938|10.875
1396932961|10.875
1396932983|10.875
1396933005|10.875
1396933028|10.875
1396933050|10.875
1396933073|10.875
1396933095|10.875
1396933118|10.875
1396933140|10.875
1396933163|10.875
1396933185|10.875
1396933208|10.812
1396933230|10.812
1396933253|10.875
1396933275|10.875
1396933298|10.812
1396933320|10.812
1396933343|10.875
1396933365|10.875
1396933388|10.875
1396933410|10.875
1396933432|10.875
1396933455|10.875
1396933477|10.875
1396933500|10.937
1396933522|10.937
1396933545|10.937
1396933567|11.0
1396933590|11.0
1396933612|11.0
1396933635|11.0
1396933657|11.0
1396933680|11.062
1396933702|11.062
1396933725|11.062
1396933747|11.062
1396933769|11.125
1396933792|11.125
1396933814|11.125
1396933837|11.062
1396933859|11.125
1396933882|11.125
1396933904|11.125
1396933927|11.125
1396933949|11.125
1396933972|11.125
1396933994|11.187
1396934017|11.187
1396934039|11.187
1396934062|11.187
1396934084|11.187
1396934106|11.187
1396934129|11.187
1396934151|11.187
1396934174|11.187
1396934196|11.25
1396934219|11.187
1396934241|11.25
1396934264|11.25
1396934286|11.25
1396934309|11.25
1396934331|11.25
1396934354|11.25
1396934376|11.25
1396934399|11.25
1396934421|11.25
1396934444|11.25
1396934466|11.25
1396934488|11.25
1396934511|11.25
1396934533|11.25
1396934556|11.25
1396934578|11.25
1396934601|11.25
1396934623|11.25
1396934646|11.25
1396934668|11.187
1396934691|11.25
1396934713|11.25
1396934736|11.25
1396934758|11.25
1396934781|11.25
1396934803|11.25
1396934826|11.25
1396934848|11.25
1396934870|11.25
1396934893|11.25
1396934915|11.312
1396934938|11.312
1396934960|11.312
1396934983|11.312
1396935005|11.312
1396935028|11.312
1396935050|11.375
1396935073|11.312
1396935095|11.312
1396935118|11.375
1396935140|11.375
1396935163|11.375
1396935185|11.375
1396935207|11.375
1396935230|11.375
1396935252|11.375
1396935275|11.375
1396935297|11.375
1396935320|11.375
1396935342|11.375
1396935365|11.375
1396935387|11.375
1396935410|11.437
1396935432|11.437
1396935455|11.437
1396935477|11.375
1396935500|11.437
1396935522|11.375
1396935544|11.437
1396935567|11.437
1396935589|11.437
1396935612|11.437
1396935634|11.437
1396935657|11.437
1396935679|11.437
1396935702|11.437
1396935724|11.5
1396935747|11.5
1396935769|11.5
1396935792|11.5
1396935814|11.5
1396935837|11.5
1396935859|11.5
1396935881|11.437
1396935904|11.5
1396935926|11.437
1396935949|11.5
1396935971|11.5
1396935994|11.5
1396936016|11.5
1396936039|11.562
1396936061|11.562
1396936084|11.562
1396936106|11.562
1396936129|11.562
1396936151|11.5
1396936174|11.5
1396936196|11.5
1396936218|11.437
1396936241|11.437
1396936263|11.5
1396936286|11.5
1396936308|11.5
1396936331|11.562
1396936353|11.625
1396936376|11.625
1396936398|11.625
1396936421|11.625
1396936443|11.562
1396936466|11.562
1396936488|11.562
1396936511|11.562
1396936533|11.625
1396936555|11.625
1396936578|11.625
1396936600|11.625
1396936623|11.625
1396936645|11.562
1396936668|11.625
1396936690|11.562
1396936713|11.562
1396936735|11.562
1396936758|11.5
1396936780|11.437
1396936803|11.375
1396936825|11.375
1396936848|11.375
1396936870|11.375
1396936893|11.375
1396936915|11.25
1396936937|11.25
1396936960|11.25
1396936982|11.187
1396937005|11.187
1396937027|11.125
1396937050|11.062
1396937072|11.062
1396937095|11.0
1396937117|10.937
1396937140|10.937
1396937162|11.0
1396937185|11.0
1396937207|11.0
1396937230|11.0
1396937252|11.0
1396937274|10.937
1396937297|10.937
1396937319|10.875
1396937342|10.937
1396937364|10.937
1396937387|10.937
1396937409|10.875
1396937432|10.875
1396937454|10.937
1396937477|10.937
1396937499|10.937
1396937522|10.875
1396937544|10.937
1396937567|10.937
1396937589|10.875
1396937611|10.937
1396937634|10.937
1396937656|10.937
1396937679|10.937
1396937701|11.0
1396937724|11.0
1396937746|11.0
1396937769|11.0
1396937791|11.062
1396937814|11.125
1396937836|11.187
1396937859|11.187
1396937881|11.25
1396937904|11.25
1396937926|11.25
1396937948|11.312
1396937971|11.312
1396937993|11.312
1396938016|11.312
1396938038|11.375
1396938061|11.375
1396938083|11.375
1396938106|11.375
1396938128|11.437
1396938151|11.375
1396938173|11.375
1396938196|11.375
1396938218|11.312
1396938241|11.375
1396938263|11.375
1396938286|11.375
1396938308|11.312
1396938331|11.312
1396938353|11.25
1396938375|11.25
1396938398|11.187
1396938420|11.187
1396938443|11.187
1396938465|11.187
1396938488|11.125
1396938510|11.125
1396938533|11.125
1396938555|11.062
1396938578|11.062
1396938600|11.062
1396938623|11.062
1396938645|11.062
1396938668|11.125
1396938690|11.062
1396938713|11.125
1396938735|11.125
1396938758|11.125
1396938780|11.125
1396938802|11.125
1396938825|11.062
1396938847|11.125
1396938870|11.062
1396938892|11.062
1396938915|11.062
1396938937|11.062
1396938960|11.062
1396938982|11.062
1396939005|11.062
1396939027|11.0
1396939050|11.0
1396939072|11.0
1396939095|10.875
1396939117|10.875
1396939139|10.875
1396939162|10.812
1396939184|10.75
1396939207|10.812
1396939229|10.812
1396939252|10.875
1396939274|10.875
1396939297|10.875
1396939319|10.812
1396939342|10.875
1396939364|10.875
1396939387|10.875
1396939409|10.875
1396939432|10.875
1396939454|10.875
1396939476|10.937
1396939499|10.937
1396939521|10.875
1396939544|10.937
1396939566|10.875
1396939589|10.937
1396939611|11.0
1396939634|11.0
1396939656|11.0
1396939679|11.0
1396939701|11.0
1396939724|11.0
1396939746|10.937
1396939769|10.937
1396939791|10.937
1396939813|10.937
1396939836|10.937
1396939858|10.937
1396939881|10.875
1396939903|10.875
1396939926|10.875
1396939948|10.875
1396939971|10.875
1396939993|10.937
1396940016|10.937
1396940038|10.937
1396940061|10.937
1396940083|11.0
1396940106|11.0
1396940128|10.937
1396940151|10.937
1396940173|10.937
1396940195|11.0
1396940218|11.0
1396940240|10.875
1396940263|10.812
1396940285|10.812
1396940308|10.812
1396940330|10.75
1396940353|10.75
1396940375|10.75
1396940398|10.75
1396940420|10.687
1396940443|10.562
1396940465|10.562
1396940488|10.625
1396940510|10.562
1396940532|10.562
1396940555|10.5
1396940577|10.5
1396940600|10.437
1396940622|10.5
1396940645|10.5
1396940667|10.562
1396940690|10.5
1396940712|10.562
1396940735|10.5
1396940757|10.5
1396940780|10.5
1396940802|10.437
1396940825|10.5
1396940847|10.5
1396940869|10.562
1396940892|10.562
1396940914|10.562
1396940937|10.625
1396940959|10.562
1396940982|10.687
1396941004|10.687
1396941027|10.625
1396941049|10.625
1396941072|10.687
1396941094|10.687
1396941117|10.687
1396941139|10.625
1396941162|10.687
1396941184|10.75
1396941206|10.75
1396941229|10.75
1396941252|10.75
1396941274|10.75
1396941296|10.687
1396941319|10.687
1396941341|10.75
1396941364|10.687
1396941386|10.75
1396941409|10.687
1396941431|10.75
1396941454|10.75
1396941476|10.75
1396941499|10.75
1396941521|10.75
1396941544|10.812
1396941566|10.75
1396941589|10.812
1396941611|10.812
1396941633|10.812
1396941656|10.812
1396941678|10.875
1396941701|10.875
1396941723|10.875
1396941746|10.875
1396941768|10.875
1396941791|10.937
1396941813|10.937
1396941836|10.875
1396941858|10.875
1396941881|10.937
1396941903|10.937
1396941926|10.937
1396941948|10.937
1396941970|10.937
1396941993|10.937
1396942015|10.937
1396942038|11.0
1396942060|10.937
1396942083|10.937
1396942105|10.937
1396942128|10.937
1396942150|10.937
1396942173|10.937
1396942195|11.0
1396942218|10.937
1396942240|11.0
1396942263|11.0
1396942285|11.0
1396942307|11.062
1396942330|11.062
1396942352|11.062
1396942375|11.125
1396942397|11.187
1396942421|11.187
1396942443|11.187
1396942466|11.25
1396942488|11.25
1396942511|11.25
1396942533|11.25
1396942555|11.187
1396942578|11.187
1396942600|11.25
1396942623|11.25
1396942645|11.25
1396942668|11.312
1396942690|11.312
1396942713|11.25
1396942735|11.312
1396942758|11.312
1396942780|11.312
1396942803|11.312
1396942825|11.312
1396942848|11.375
1396942870|11.375
1396942893|11.375
1396942915|11.375
1396942937|11.375
1396942960|11.375
1396942982|11.375
1396943005|11.437
1396943028|11.5
1396943051|11.5
1396943073|11.5
1396943096|11.562
1396943118|11.562
1396943140|11.625
1396943163|11.625
1396943185|11.5
1396943208|11.562
1396943230|11.562
1396943253|11.625
1396943275|11.625
1396943298|11.625
1396943320|11.687
1396943343|11.75
1396943365|11.687
1396943388|11.687
1396943410|11.75
1396943433|11.75
1396943455|11.75
1396943477|11.687
1396943500|11.687
1396943522|11.75
1396943545|11.812
1396943567|11.75
1396943590|11.75
1396943612|11.687
1396943635|11.625
1396943657|11.625
1396943680|11.625
1396943702|11.562
1396943725|11.562
1396943747|11.562
1396943770|11.625
1396943792|11.625
1396943815|11.625
1396943837|11.625
1396943859|11.625
1396943882|11.625
1396943904|11.625
1396943927|11.562
1396943949|11.562
1396943972|11.562
1396943994|11.562
1396944017|11.562
1396944039|11.562
1396944062|11.562
1396944084|11.562
1396944107|11.625
1396944129|11.5
1396944152|11.437
1396944174|11.437
1396944196|11.437
1396944219|11.5
1396944241|11.5
1396944264|11.5
1396944286|11.562
1396944309|11.5
1396944331|11.5
1396944354|11.437
1396944376|11.5
1396944399|11.5
1396944421|11.5
1396944444|11.5
1396944466|11.5
1396944489|11.5
1396944511|11.5
1396944533|11.5
1396944556|11.437
1396944578|11.5
1396944601|11.437
1396944623|11.375
1396944646|11.375
1396944668|11.437
1396944691|11.437
1396944713|11.5
1396944736|11.437
1396944758|11.312
1396944781|11.375
1396944803|11.375
1396944826|11.25
1396944848|11.312
1396944870|11.312
1396944893|11.312
1396944915|11.312
1396944938|11.375
1396944960|11.375
1396944983|11.25
1396945005|11.25
1396945028|11.312
1396945050|11.312
1396945073|11.312
1396945095|11.312
1396945118|11.375
1396945140|11.312
1396945163|11.375
1396945185|11.375
1396945208|11.312
1396945230|11.312
1396945253|11.312
1396945275|11.312
1396945297|11.312
1396945320|11.312
1396945342|11.25
1396945365|11.312
1396945387|11.25
1396945410|11.312
1396945432|11.312
1396945455|11.25
1396945477|11.312
1396945500|11.312
1396945522|11.312
1396945545|11.25
1396945567|11.187
1396945590|11.187
1396945612|11.187
1396945634|11.187
1396945657|11.187
1396945679|11.187
1396945702|11.187
1396945724|11.187
1396945747|11.125
1396945769|11.187
1396945792|11.187
1396945814|11.187
1396945837|11.187
1396945859|11.062
1396945882|11.062
1396945904|11.062
1396945927|11.125
1396945949|11.062
1396945971|11.0
1396945994|11.0
1396946016|11.0
1396946039|10.937
1396946061|10.937
1396946084|10.875
1396946106|10.875
1396946129|10.875
1396946151|10.937
1396946174|11.0
1396946196|11.0
1396946219|11.0
1396946241|11.0
1396946264|11.0
1396946286|10.937
1396946309|10.937
1396946331|10.937
1396946354|10.937
1396946376|10.875
1396946398|10.875
1396946421|10.875
1396946443|10.875
1396946466|10.875
1396946488|10.875
1396946511|10.875
1396946533|10.875
1396946556|10.937
1396946578|10.937
1396946601|10.937
1396946623|10.875
1396946646|10.937
1396946668|10.937
1396946691|10.937
1396946713|10.937
1396946735|10.937
1396946758|10.937
1396946780|10.875
1396946803|10.875
1396946825|10.812
1396946848|10.812
1396946870|10.812
1396946893|10.75
1396946915|10.75
1396946938|10.75
1396946960|10.75
1396946983|10.75
1396947005|10.75
1396947028|10.687
1396947050|10.687
1396947072|10.687
1396947095|10.687
1396947117|10.687
1396947140|10.687
1396947162|10.625
1396947185|10.625
1396947207|10.562
1396947230|10.562
1396947252|10.562
1396947275|10.5
1396947297|10.437
1396947320|10.437
1396947342|10.437
1396947365|10.5
1396947387|10.5
1396947409|10.437
1396947432|10.5
1396947454|10.5
1396947477|10.5
1396947499|10.375
1396947522|10.375
1396947544|10.375
1396947567|10.375
1396947589|10.375
1396947612|10.375
1396947634|10.437
1396947657|10.437
1396947679|10.375
1396947702|10.437
1396947724|10.5
1396947746|10.5
1396947769|10.5
1396947791|10.5
1396947814|10.5
1396947836|10.562
1396947859|10.562
1396947881|10.562
1396947904|10.562
1396947926|10.562
1396947949|10.562
1396947971|10.562
1396947994|10.625
1396948016|10.625
1396948039|10.562
1396948061|10.562
1396948084|10.625
1396948106|10.562
1396948128|10.562
1396948151|10.562
1396948173|10.5
1396948196|10.5
1396948218|10.437
1396948241|10.375
1396948263|10.375
1396948286|10.375
1396948308|10.312
1396948331|10.312
1396948353|10.312
1396948376|10.312
1396948398|10.312
1396948421|10.312
1396948443|10.312
1396948466|10.312
1396948488|10.312
1396948511|10.312
1396948533|10.312
1396948555|10.312
1396948578|10.25
1396948600|10.312
1396948623|10.25
1396948645|10.25
1396948668|10.25
1396948690|10.25
1396948713|10.187
1396948735|10.187
1396948758|10.187
1396948780|10.187
1396948803|10.125
1396948825|10.062
1396948848|10.062
1396948870|10.062
1396948892|10.062
1396948915|10.062
1396948937|10.0
1396948960|10.0
1396948982|10.0
1396949005|10.062
1396949027|10.0
1396949050|10.062
1396949072|10.0
1396949095|10.0
1396949117|10.0
1396949140|10.0
1396949162|9.937
1396949185|9.875
1396949207|9.875
1396949229|9.875
1396949252|9.812
1396949274|9.812
1396949297|9.812
1396949319|9.875
1396949342|9.812
1396949364|9.875
1396949387|9.812
1396949409|9.812
1396949432|9.812
1396949454|9.75
1396949477|9.75
1396949499|9.75
1396949522|9.687
1396949544|9.625
1396949566|9.625
1396949589|9.625
1396949611|9.625
1396949634|9.687
1396949656|9.625
1396949679|9.687
1396949701|9.687
1396949724|9.687
1396949746|9.75
1396949769|9.75
1396949791|9.75
1396949814|9.75
1396949836|9.812
1396949859|9.812
1396949881|9.812
1396949903|9.812
1396949926|9.875
1396949948|9.875
1396949971|9.875
1396949993|9.875
1396950016|9.875
1396950038|9.875
1396950061|9.875
1396950083|9.812
1396950106|9.812
1396950128|9.812
1396950151|9.875
1396950173|9.937
1396950196|9.875
1396950218|9.937
1396950241|9.937
1396950263|9.937
1396950286|9.937
1396950308|9.937
1396950330|9.937
1396950353|9.937
1396950375|9.937
1396950398|9.875
1396950420|9.937
1396950443|9.937
1396950465|9.875
1396950488|9.875
1396950510|9.875
1396950533|9.875
1396950555|9.875
1396950578|9.875
1396950600|9.875
1396950623|9.937
1396950645|9.937
1396950667|9.937
1396950690|9.937
1396950712|9.937
1396950735|9.937
1396950757|9.937
1396950780|9.937
1396950802|9.937
1396950825|9.937
1396950847|9.875
1396950870|9.875
1396950892|9.875
1396950915|9.875
1396950937|9.875
1396950960|9.812
1396950982|9.875
1396951004|9.875
1396951027|9.812
1396951049|9.875
1396951072|9.875
1396951094|9.875
1396951117|9.875
1396951139|9.75
1396951162|9.75
1396951184|9.812
1396951207|9.812
1396951229|9.875
1396951252|9.875
1396951274|9.875
1396951297|9.937
1396951319|9.875
1396951341|9.937
1396951364|9.937
1396951386|9.937
1396951409|9.875
1396951431|9.875
1396951454|9.937
1396951476|9.937
1396951499|9.937
1396951521|9.937
1396951544|9.937
1396951566|9.937
1396951589|9.937
1396951611|9.937
1396951634|9.937
1396951656|9.937
1396951679|9.937
1396951701|9.937
1396951723|10.0
1396951746|10.0
1396951768|10.0
1396951791|10.0
1396951813|10.0
1396951836|10.062
1396951858|10.0
1396951881|10.0
1396951903|10.0
1396951926|10.0
1396951948|10.0
1396951971|10.0
1396951993|10.0
1396952016|10.0
1396952038|10.0
1396952060|10.0
1396952083|10.0
1396952105|10.0
1396952128|10.0
1396952150|10.0
1396952173|10.0
1396952195|10.0
1396952218|10.062
1396952240|10.062
1396952263|10.0
1396952285|10.062
1396952308|10.062
1396952330|10.062
1396952353|10.0
1396952375|10.062
1396952397|10.062
1396952420|10.062
1396952442|10.062
1396952465|10.062
1396952487|10.125
1396952510|10.125
1396952532|10.125
1396952555|10.187
1396952577|10.187
1396952600|10.187
1396952622|10.25
1396952645|10.187
1396952667|10.187
1396952690|10.187
1396952712|10.187
1396952734|10.187
1396952757|10.187
1396952779|10.187
1396952802|10.187
1396952824|10.125
1396952847|10.187
1396952869|10.125
1396952892|10.125
1396952914|10.125
1396952937|10.062
1396952959|10.062
1396952982|10.062
1396953004|10.062
1396953027|9.937
1396953049|10.0
1396953072|10.0
1396953094|9.937
1396953116|10.0
1396953139|9.937
1396953161|10.0
1396953184|10.0
1396953206|10.0
1396953229|10.0
1396953251|10.0
1396953274|9.937
1396953296|9.937
1396953319|9.937
1396953341|10.0
1396953364|10.0
1396953386|10.0
1396953409|9.937
1396953431|9.937
1396953454|9.937
1396953476|9.937
1396953498|9.937
1396953521|9.875
1396953543|9.875
1396953566|9.875
1396953588|9.937
1396953611|9.937
1396953633|9.937
1396953656|10.0
1396953678|10.0
1396953701|10.0
1396953723|10.0
1396953746|10.0
1396953768|10.0
1396953791|10.0
1396953813|9.937
1396953835|9.937
1396953858|9.937
1396953880|9.937
1396953903|9.937
1396953925|9.937
1396953948|9.937
1396953970|9.937
1396953993|9.875
1396954015|9.875
1396954038|9.937
1396954060|9.875
1396954083|9.875
1396954105|9.875
1396954128|9.875
1396954150|9.875
1396954172|9.937
1396954195|10.0
1396954217|10.0
1396954240|10.0
1396954262|10.062
1396954285|10.125
1396954307|10.125
1396954330|10.187
1396954352|10.187
1396954375|10.187
1396954397|10.25
1396954420|10.25
1396954442|10.25
1396954465|10.312
1396954487|10.312
1396954509|10.375
1396954532|10.375
1396954554|10.375
1396954577|10.375
1396954599|10.437
1396954622|10.437
1396954644|10.437
1396954667|10.437
1396954689|10.437
1396954712|10.5
1396954734|10.5
1396954757|10.5
1396954779|10.562
1396954802|10.562
1396954824|10.625
1396954846|10.687
1396954869|10.687
1396954891|10.687
1396954914|10.75
1396954936|10.812
1396954959|10.812
1396954981|10.812
1396955004|10.875
1396955026|10.875
1396955049|10.875
1396955071|10.875
1396955094|10.812
1396955116|10.812
1396955139|10.812
1396955161|10.812
1396955184|10.812
1396955206|10.812
1396955228|10.812
1396955251|10.812
1396955273|10.812
1396955296|10.75
1396955318|10.687
1396955341|10.75
1396955363|10.687
1396955386|10.75
1396955408|10.75
1396955431|10.687
1396955453|10.687
1396955476|10.687
1396955498|10.625
1396955521|10.625
1396955543|10.625
1396955566|10.625
1396955588|10.687
1396955611|10.687
1396955633|10.625
1396955656|10.625
1396955678|10.625
1396955701|10.5
1396955723|10.437
1396955746|10.437
1396955768|10.5
1396955791|10.5
1396955813|10.5
1396955836|10.5
1396955858|10.5
1396955881|10.5
1396955903|10.5
1396955925|10.5
1396955948|10.5
1396955970|10.5
1396955993|10.5
1396956015|10.5
1396956038|10.5
1396956060|10.562
1396956083|10.625
1396956105|10.625
1396956128|10.687
1396956150|10.687
1396956173|10.75
1396956195|10.75
1396956218|10.75
1396956240|10.75
1396956262|10.812
1396956285|10.812
1396956307|10.812
1396956330|10.875
1396956352|10.875
1396956375|10.75
1396956397|10.812
1396956420|10.812
1396956442|10.812
1396956465|10.812
1396956487|10.812
1396956510|10.812
1396956532|10.875
1396956555|10.875
1396956577|10.812
1396956599|10.812
1396956622|10.875
1396956644|10.812
1396956667|10.875
1396956689|10.875
1396956712|10.937
1396956734|10.937
1396956757|11.0
1396956779|11.062
1396956802|11.062
1396956824|11.0
1396956847|11.062
1396956869|11.0
1396956892|11.062
1396956914|11.0
1396956937|11.0
1396956959|11.062
1396956981|11.062
1396957004|11.062
1396957026|11.062
1396957049|11.062
1396957071|11.062
1396957094|11.062
1396957116|11.062
1396957139|11.125
1396957161|11.062
1396957184|11.062
1396957206|11.062
1396957229|11.062
1396957251|11.062
1396957274|11.125
1396957296|11.125
1396957318|11.125
1396957341|11.125
1396957363|11.125
1396957386|11.187
1396957408|11.187
1396957431|11.187
1396957453|11.25
1396957476|11.312
1396957498|11.312
1396957521|11.312
1396957543|11.375
1396957566|11.375
1396957588|11.375
1396957611|11.437
1396957633|11.437
1396957655|11.437
1396957678|11.437
1396957700|11.5
1396957723|11.5
1396957745|11.562
1396957768|11.562
1396957790|11.562
1396957813|11.562
1396957835|11.562
1396957858|11.562
1396957880|11.562
1396957903|11.5
1396957925|11.5
1396957948|11.5
1396957970|11.437
1396957992|11.375
1396958015|11.375
1396958037|11.375
1396958060|11.375
1396958082|11.375
1396958105|11.437
1396958127|11.5
1396958150|11.5
1396958172|11.5
1396958195|11.5
1396958217|11.5
1396958240|11.562
1396958262|11.5
1396958285|11.5
1396958307|11.562
1396958329|11.562
1396958352|11.625
1396958374|11.625
1396958397|11.625
1396958419|11.625
1396958442|11.687
1396958464|11.687
1396958487|11.75
1396958509|11.812
1396958532|11.812
1396958554|11.875
1396958577|11.875
1396958599|11.937
1396958622|11.937
1396958644|11.937
1396958666|11.875
1396958689|11.937
1396958711|11.937
1396958734|11.937
1396958756|11.875
1396958779|11.875
1396958801|11.875
1396958824|11.875
1396958846|11.812
1396958869|11.75
1396958891|11.75
1396958914|11.75
1396958936|11.812
1396958959|11.875
1396958981|11.875
1396959004|11.875
1396959026|11.875
1396959049|11.875
1396959071|11.812
1396959093|11.937
1396959116|11.937
1396959138|11.937
1396959161|12.0
1396959183|11.937
1396959206|12.0
1396959228|12.0
1396959251|12.0
1396959273|12.0
1396959296|11.937
1396959318|11.937
1396959341|11.875
1396959363|11.812
1396959386|11.75
1396959408|11.687
1396959430|11.625
1396959453|11.562
1396959475|11.562
1396959498|11.625
1396959520|11.562
1396959543|11.562
1396959565|11.625
1396959588|11.562
1396959610|11.625
1396959633|11.625
1396959655|11.687
1396959678|11.687
1396959700|11.687
1396959723|11.625
1396959745|11.625
1396959767|11.5
1396959790|11.5
1396959812|11.5
1396959835|11.5
1396959857|11.437
1396959880|11.437
1396959902|11.5
1396959925|11.437
1396959947|11.437
1396959970|11.437
1396959992|11.375
1396960015|11.375
1396960037|11.375
1396960060|11.375
1396960082|11.437
1396960104|11.5
1396960127|11.562
1396960149|11.5
1396960172|11.562
1396960194|11.625
1396960217|11.562
1396960239|11.5
1396960262|11.5
1396960284|11.562
1396960307|11.562
1396960329|11.375
1396960352|11.375
1396960374|11.375
1396960397|11.312
1396960419|11.25
1396960441|11.187
1396960464|11.25
1396960487|11.25
1396960509|11.187
1396960531|11.125
1396960554|11.125
1396960576|11.062
1396960599|10.937
1396960621|10.937
1396960644|10.937
1396960666|11.0
1396960689|11.062
1396960711|11.062
1396960734|11.125
1396960756|11.125
1396960779|11.062
1396960801|11.0
1396960824|11.0
1396960846|11.0
1396960868|11.0
1396960891|10.937
1396960913|10.937
1396960936|10.937
1396960958|11.0
1396960981|11.0
1396961003|11.0
1396961026|11.062
1396961048|11.062
1396961071|11.062
1396961093|10.937
1396961116|10.875
1396961138|10.875
1396961161|10.875
1396961183|10.75
1396961205|10.687
1396961228|10.562
1396961250|10.625
1396961273|10.625
1396961295|10.625
1396961318|10.625
1396961340|10.562
1396961363|10.625
1396961385|10.687
1396961408|10.687
1396961430|10.687
1396961453|10.687
1396961475|10.687
1396961498|10.687
1396961520|10.75
1396961543|10.812
1396961565|10.875
1396961587|10.75
1396961610|10.812
1396961632|10.687
1396961655|10.625
1396961677|10.625
1396961700|10.75
1396961722|10.562
1396961745|10.5
1396961767|10.562
1396961790|10.625
1396961812|10.687
1396961835|10.687
1396961857|10.687
1396961880|10.812
1396961902|10.875
1396961924|10.875
1396961947|11.0
1396961969|11.0
1396961992|11.0
1396962014|11.0
1396962037|10.875
1396962059|10.875
1396962082|10.875
1396962104|11.062
1396962127|11.125
1396962149|11.25
1396962172|11.312
1396962194|11.437
1396962217|11.5
1396962239|11.625
1396962261|11.687
1396962284|11.812
1396962306|11.687
1396962329|11.75
1396962351|11.75
1396962374|11.75
1396962396|11.875
1396962419|11.75
1396962441|11.75
1396962464|11.812
1396962486|12.0
1396962509|12.062
1396962531|12.187
1396962554|12.187
1396962576|12.5
1396962598|12.562
1396962621|12.625
1396962643|12.625
1396962666|12.75
1396962688|12.75
1396962711|12.75
1396962733|12.625
1396962756|12.375
1396962778|12.437
1396962801|12.25
1396962823|12.125
1396962846|12.062
1396962868|12.062
1396962891|12.062
1396962913|12.125
1396962936|12.125
1396962958|12.125
1396962981|12.187
1396963003|12.25
1396963025|12.25
1396963048|12.062
1396963070|12.062
1396963093|11.812
1396963115|11.75
1396963138|11.75
1396963160|11.812
1396963183|11.875
1396963205|11.875
1396963228|11.875
1396963250|11.812
1396963273|11.812
1396963295|11.687
1396963318|11.75
1396963340|11.75
1396963362|11.687
1396963385|11.687
1396963407|11.75
1396963430|11.75
1396963452|11.75
1396963475|11.75
1396963497|11.75
1396963520|11.812
1396963542|11.812
1396963565|11.875
1396963587|11.937
1396963610|11.937
1396963632|12.0
1396963655|11.937
1396963677|11.937
1396963699|11.875
1396963722|11.875
1396963744|12.0
1396963767|12.0
1396963789|12.0
1396963812|12.0
1396963834|11.875
1396963857|11.937
1396963879|11.937
1396963902|12.0
1396963924|11.875
1396963947|11.812
1396963969|11.75
1396963992|11.812
1396964014|11.937
1396964036|12.062
1396964059|12.125
1396964081|12.25
1396964104|12.312
1396964126|12.187
1396964149|12.187
1396964171|12.25
1396964194|12.125
1396964216|12.125
1396964239|12.125
1396964261|12.25
1396964284|12.25
1396964306|12.375
1396964329|12.312
1396964351|12.25
1396964374|12.062
1396964396|11.937
1396964419|11.875
1396964441|11.812
1396964463|11.875
1396964486|11.812
1396964508|11.875
1396964531|11.875
1396964553|11.812
1396964576|11.687
1396964598|11.687
1396964621|11.687
1396964643|11.687
1396964666|11.625
1396964688|11.625
1396964711|11.625
1396964733|11.625
1396964756|11.562
1396964778|11.437
1396964800|11.437
1396964823|11.375
1396964845|11.437
1396964868|11.437
1396964890|11.375
1396964913|11.25
1396964935|11.187
1396964958|11.125
1396964980|11.25
1396965003|11.312
1396965025|11.187
1396965048|11.187
1396965070|11.312
1396965093|11.25
1396965115|11.25
1396965137|11.312
1396965160|11.375
1396965182|11.312
1396965205|11.25
1396965227|11.25
1396965250|11.125
1396965272|11.0
1396965295|11.125
1396965317|11.125
1396965340|11.062
1396965362|11.062
1396965385|11.125
1396965407|11.125
1396965430|11.125
1396965452|11.125
1396965474|11.187
1396965497|11.25
1396965519|11.312
1396965542|11.312
1396965564|11.375
1396965587|11.375
1396965609|11.437
1396965632|11.437
1396965654|11.437
1396965677|11.375
1396965699|11.437
1396965722|11.437
1396965744|11.437
1396965767|11.375
1396965789|11.312
1396965811|11.125
1396965834|11.062
1396965856|10.937
1396965879|10.937
1396965901|10.937
1396965924|10.875
1396965946|10.875
1396965969|10.812
1396965991|10.812
1396966014|10.875
1396966036|10.875
1396966059|10.937
1396966081|11.0
1396966104|11.0
1396966126|11.0
1396966148|11.062
1396966171|11.125
1396966193|11.125
1396966216|11.187
1396966238|11.187
1396966261|11.187
1396966283|11.125
1396966306|11.25
1396966328|11.187
1396966351|11.25
1396966373|11.375
1396966396|11.375
1396966418|11.437
1396966441|11.5
1396966463|11.625
1396966486|11.687
1396966508|11.625
1396966530|11.75
1396966553|11.687
1396966575|11.687
1396966598|11.625
1396966620|11.75
1396966643|11.812
1396966665|11.875
1396966688|11.812
1396966710|11.812
1396966733|11.875
1396966755|11.875
1396966778|11.937
1396966800|12.062
1396966823|12.125
1396966845|12.25
1396966867|12.375
1396966890|12.5
1396966912|12.687
1396966935|12.75
1396966957|12.812
1396966980|12.625
1396967002|12.812
1396967025|12.875
1396967047|12.875
1396967070|12.875
1396967092|12.937
1396967115|12.812
1396967137|12.625
1396967160|12.562
1396967182|12.562
1396967204|12.562
1396967227|12.437
1396967249|12.5
1396967272|12.437
1396967294|12.375
1396967317|12.312
1396967339|12.312
1396967362|12.312
1396967384|12.312
1396967407|12.312
1396967429|12.437
1396967452|12.437
1396967474|12.5
1396967497|12.625
1396967519|12.687
1396967541|12.687
1396967564|12.687
1396967586|12.75
1396967609|12.75
1396967631|12.437
1396967654|12.437
1396967676|12.437
1396967699|12.5
1396967721|12.375
1396967744|12.5
1396967766|12.562
1396967789|12.687
1396967811|12.75
1396967834|12.75
1396967856|12.875
1396967879|12.937
1396967901|12.937
1396967924|12.937
1396967946|12.937
1396967968|12.937
1396967991|13.0
1396968013|13.0
1396968036|12.875
1396968058|12.75
1396968081|12.812
1396968103|12.875
1396968126|12.937
1396968148|12.937
1396968171|13.0
1396968193|13.0
1396968216|13.062
1396968238|13.125
1396968261|13.187
1396968283|13.125
1396968305|13.187
1396968328|13.187
1396968350|13.187
1396968373|13.062
1396968395|13.125
1396968418|13.187
1396968440|13.312
1396968463|13.312
1396968485|13.375
1396968508|13.25
1396968530|13.187
1396968553|13.25
1396968575|13.312
1396968598|13.312
1396968620|13.375
1396968642|13.375
1396968665|13.437
1396968687|13.5
1396968710|13.625
1396968732|13.687
1396968755|13.75
1396968777|13.812
1396968800|13.875
1396968822|13.875
1396968845|14.0
1396968867|13.937
1396968890|13.812
1396968912|13.812
1396968935|13.812
1396968957|13.875
1396968980|13.937
1396969002|14.0
1396969025|13.875
1396969047|13.812
1396969069|13.812
1396969092|13.687
1396969114|13.625
1396969137|13.562
1396969159|13.437
1396969182|13.437
1396969204|13.187
1396969227|13.062
1396969249|12.937
1396969272|12.812
1396969294|12.75
1396969317|12.687
1396969339|12.75
1396969362|12.875
1396969384|12.812
1396969406|12.687
1396969429|12.687
1396969451|12.625
1396969474|12.687
1396969496|12.625
1396969519|12.562
1396969541|12.5
1396969564|12.5
1396969586|12.562
1396969609|12.5
1396969631|12.562
1396969654|12.5
1396969676|12.437
1396969699|12.437
1396969721|12.375
1396969743|12.375
1396969766|12.312
1396969788|12.312
1396969811|12.437
1396969833|12.437
1396969856|12.437
1396969878|12.375
1396969901|12.5
1396969923|12.562
1396969946|12.625
1396969968|12.562
1396969991|12.625
1396970013|12.625
1396970036|12.625
1396970058|12.5
1396970080|12.562
1396970103|12.5
1396970125|12.5
1396970148|12.375
1396970170|12.375
1396970193|12.375
1396970215|12.375
1396970238|12.375
1396970260|12.187
1396970283|12.0
1396970305|11.875
1396970328|11.812
1396970350|11.812
1396970373|11.75
1396970395|11.687
1396970417|11.75
1396970440|11.687
1396970462|11.625
1396970485|11.687
1396970507|11.687
1396970530|11.687
1396970552|11.625
1396970575|11.625
1396970597|11.562
1396970620|11.562
1396970642|11.562
1396970665|11.562
1396970687|11.5
1396970710|11.5
1396970732|11.562
1396970755|11.562
1396970777|11.687
1396970799|11.687
1396970822|11.687
1396970844|11.687
1396970867|11.75
1396970889|11.687
1396970912|11.687
1396970934|11.687
1396970957|11.687
1396970979|11.75
1396971002|11.75
1396971024|11.812
1396971047|11.812
1396971069|11.812
1396971092|11.812
1396971114|11.875
1396971137|11.812
1396971159|11.812
1396971181|11.812
1396971204|11.75
1396971226|11.75
1396971249|11.812
1396971271|11.812
1396971294|11.937
1396971316|11.875
1396971339|11.875
1396971361|11.937
1396971384|11.937
1396971406|12.0
1396971429|12.0
1396971451|11.937
1396971474|11.937
1396971496|11.937
1396971519|11.875
1396971541|11.875
1396971563|11.937
1396971586|11.875
1396971608|11.875
1396971631|11.875
1396971653|11.937
1396971676|12.0
1396971698|12.0
1396971721|12.0
1396971743|12.0
1396971766|12.0
1396971788|12.062
1396971811|12.125
1396971833|12.125
1396971856|12.125
1396971878|12.187
1396971900|12.187
1396971923|12.312
1396971945|12.375
1396971968|12.562
1396971990|12.625
1396972013|12.812
1396972035|13.062
1396972058|13.375
1396972080|13.75
1396972103|14.187
1396972125|14.687
1396972148|15.25
1396972170|15.562
1396972193|16.062
1396972215|16.687
1396972237|17.062
1396972260|17.562
1396972282|18.0
1396972305|18.125
1396972327|18.187
1396972350|18.25
1396972372|18.437
1396972395|18.625
1396972417|18.875
1396972440|18.875
1396972462|19.25
1396972485|19.562
1396972508|20.062
1396972530|20.25
1396972553|20.687
1396972575|20.625
1396972598|20.875
1396972620|21.062
1396972643|21.062
1396972665|20.875
1396972688|20.812
1396972710|21.062
1396972733|21.062
1396972755|20.687
1396972778|20.75
1396972800|20.437
1396972823|20.062
1396972845|19.687
1396972867|19.562
1396972890|19.375
1396972912|19.0
1396972935|18.5
1396972957|18.312
1396972980|18.25
1396973002|18.062
1396973025|18.0
1396973047|18.062
1396973070|17.812
1396973092|17.437
1396973115|17.187
1396973137|17.062
1396973160|16.812
1396973182|16.562
1396973204|16.437
1396973227|16.562
1396973249|16.375
1396973272|16.312
1396973294|16.125
1396973317|16.187
1396973339|16.312
1396973362|16.375
1396973384|16.187
1396973407|16.0
1396973429|15.875
1396973452|15.687
1396973474|15.562
1396973497|15.375
1396973519|15.062
1396973541|14.937
1396973564|14.937
1396973586|14.875
1396973609|14.625
1396973631|14.375
1396973654|14.187
1396973676|14.0
1396973699|13.937
1396973721|13.75
1396973744|13.625
1396973766|13.312
1396973789|13.375
1396973811|13.312
1396973834|13.312
1396973856|13.25
1396973878|13.25
1396973901|13.125
1396973923|13.062
1396973946|12.875
1396973968|12.75
1396973991|12.75
1396974013|12.75
1396974036|12.75
1396974058|12.625
1396974081|12.625
1396974103|12.562
1396974126|12.562
1396974148|12.5
1396974171|12.25
1396974193|12.187
1396974215|12.0
1396974238|12.062
1396974260|12.0
1396974283|12.0
1396974305|12.0
1396974328|11.937
1396974350|11.875
1396974373|11.75
1396974395|11.812
1396974418|11.812
1396974440|11.812
1396974463|11.812
1396974485|11.875
1396974508|12.0
1396974530|11.875
1396974553|11.875
1396974575|11.875
1396974597|11.937
1396974620|11.875
1396974642|11.937
1396974665|11.937
1396974687|11.937
1396974710|11.875
1396974732|11.812
1396974755|11.812
1396974777|11.75
1396974800|11.75
1396974822|11.687
1396974845|11.687
1396974867|11.687
1396974890|11.625
1396974912|11.687
1396974934|11.687
1396974957|11.687
1396974979|11.625
1396975002|11.625
1396975024|11.687
1396975047|11.75
1396975069|11.75
1396975092|11.875
1396975114|11.875
1396975137|11.875
1396975159|11.937
1396975182|11.937
1396975204|11.875
1396975227|11.812
1396975249|11.875
1396975271|11.812
1396975294|11.875
1396975317|11.812
1396975339|11.75
1396975361|11.812
1396975384|11.75
1396975406|11.812
1396975429|11.75
1396975451|11.75
1396975474|11.687
1396975496|11.687
1396975519|11.75
1396975541|11.687
1396975564|11.687
1396975586|11.625
1396975609|11.687
1396975631|11.625
1396975654|11.562
1396975676|11.5
1396975698|11.437
1396975721|11.437
1396975743|11.437
1396975766|11.375
1396975788|11.25
1396975811|11.187
1396975833|11.25
1396975856|11.187
1396975878|11.187
1396975901|11.187
1396975923|11.187
1396975946|11.187
1396975968|11.25
1396975991|11.25
1396976013|11.187
1396976035|11.125
1396976058|11.125
1396976080|11.187
1396976103|11.125
1396976125|11.125
1396976148|11.125
1396976170|11.062
1396976193|11.062
1396976215|11.062
1396976238|11.0
1396976260|11.0
1396976283|11.0
1396976305|11.0
1396976328|11.0
1396976350|10.937
1396976372|10.812
1396976395|10.875
1396976417|10.812
1396976440|10.875
1396976462|10.75
1396976485|10.75
1396976507|10.75
1396976530|10.687
1396976552|10.687
1396976575|10.75
1396976597|10.75
1396976620|10.687
1396976642|10.687
1396976665|10.687
1396976687|10.625
1396976710|10.687
1396976732|10.687
1396976755|10.687
1396976777|10.687
1396976799|10.687
1396976822|10.687
1396976844|10.687
1396976867|10.625
1396976889|10.687
1396976912|10.75
1396976934|10.75
1396976957|10.687
1396976979|10.687
1396977002|10.687
1396977024|10.75
1396977047|10.687
1396977069|10.687
1396977092|10.625
1396977114|10.625
1396977136|10.625
1396977159|10.625
1396977181|10.625
1396977204|10.625
1396977226|10.625
1396977249|10.625
1396977271|10.687
1396977294|10.625
1396977316|10.625
1396977339|10.562
1396977361|10.625
1396977384|10.625
1396977406|10.625
1396977429|10.625
1396977451|10.562
1396977474|10.625
1396977496|10.562
1396977518|10.562
1396977541|10.562
1396977563|10.5
1396977586|10.5
1396977608|10.437
1396977631|10.437
1396977653|10.375
1396977676|10.375
1396977698|10.375
1396977721|10.375
1396977743|10.375
1396977766|10.375
1396977788|10.375
1396977811|10.312
1396977833|10.312
1396977855|10.312
1396977878|10.312
1396977900|10.312
1396977923|10.312
1396977945|10.312
1396977968|10.312
1396977990|10.312
1396978013|10.25
1396978035|10.25
1396978058|10.25
1396978080|10.25
1396978103|10.25
1396978125|10.25
1396978148|10.25
1396978170|10.25
1396978192|10.25
1396978215|10.25
1396978237|10.25
1396978260|10.187
1396978282|10.187
1396978305|10.187
1396978327|10.187
1396978350|10.125
1396978372|10.125
1396978395|10.187
1396978417|10.187
1396978440|10.125
1396978462|10.062
1396978485|10.125
1396978507|10.062
1396978529|10.062
1396978552|10.062
1396978574|10.0
1396978597|10.062
1396978619|10.0
1396978642|10.0
1396978664|10.0
1396978687|10.062
1396978709|10.0
1396978732|10.062
1396978754|10.0
1396978777|10.0
1396978799|9.937
1396978822|9.937
1396978844|9.937
1396978867|9.937
1396978890|10.0
1396978912|9.937
1396978935|10.0
1396978957|10.0
1396978980|10.0
1396979002|9.937
1396979025|9.937
1396979047|9.937
1396979070|9.937
1396979092|10.0
1396979115|10.0
1396979137|9.937
1396979160|10.0
1396979182|10.062
1396979204|10.062
1396979227|10.125
1396979249|10.062
1396979272|10.125
1396979294|10.125
1396979317|10.187
1396979339|10.187
1396979362|10.25
1396979384|10.25
1396979407|10.25
1396979429|10.312
1396979452|10.312
1396979474|10.375
1396979497|10.375
1396979519|10.5
1396979541|10.5
1396979564|10.5
1396979586|10.562
1396979609|10.625
1396979631|10.687
1396979654|10.687
1396979676|10.687
1396979699|10.75
1396979721|10.75
1396979744|10.75
1396979766|10.75
1396979789|10.75
1396979811|10.75
1396979834|10.812
1396979856|10.875
1396979879|10.937
1396979901|10.937
1396979924|10.937
1396979946|11.0
1396979968|11.0
1396979991|11.0
1396980013|11.0
1396980036|11.0
1396980058|11.0
1396980081|11.062
1396980103|11.062
1396980126|11.062
1396980148|11.062
1396980171|11.062
1396980193|11.062
1396980216|11.062
1396980238|11.062
1396980261|11.125
1396980283|11.062
1396980305|11.062
1396980328|11.062
1396980350|11.062
1396980373|11.062
1396980395|11.062
1396980418|11.062
1396980440|11.062
1396980463|11.062
1396980485|11.062
1396980508|11.0
1396980530|11.0
1396980553|11.0
1396980575|11.0
1396980598|11.0
1396980620|11.0
1396980643|11.0
1396980665|11.0
1396980688|11.0
1396980710|11.0
1396980732|11.0
1396980755|11.0
1396980777|11.0
1396980800|11.0
1396980822|11.0
1396980845|11.0
1396980867|11.0
1396980890|11.0
1396980912|10.937
1396980935|10.875
1396980957|10.875
1396980980|10.875
1396981002|10.875
1396981025|10.875
1396981047|10.875
1396981069|10.812
1396981092|10.812
1396981114|10.812
1396981137|10.812
1396981159|10.812
1396981182|10.75
1396981204|10.75
1396981227|10.75
1396981249|10.75
1396981272|10.75
1396981294|10.75
1396981317|10.687
1396981339|10.687
1396981362|10.687
1396981384|10.687
1396981406|10.687
1396981429|10.687
1396981451|10.625
1396981474|10.625
1396981496|10.625
1396981519|10.625
1396981541|10.625
1396981564|10.562
1396981586|10.562
1396981609|10.562
1396981631|10.562
1396981654|10.562
1396981676|10.5
1396981699|10.5
1396981721|10.5
1396981743|10.437
1396981766|10.5
1396981788|10.437
1396981811|10.437
1396981833|10.437
1396981856|10.437
1396981878|10.375
1396981901|10.375
1396981923|10.375
1396981946|10.312
1396981968|10.312
1396981991|10.312
1396982013|10.25
1396982036|10.25
1396982058|10.187
1396982081|10.187
1396982103|10.187
1396982125|10.125
1396982148|10.125
1396982170|10.125
1396982193|10.125
1396982215|10.062
1396982238|10.062
1396982260|10.062
1396982283|10.062
1396982305|10.062
1396982328|10.0
1396982350|10.0
1396982373|10.0
1396982395|10.0
1396982418|10.0
1396982440|9.937
1396982462|9.937
1396982485|9.937
1396982507|9.875
1396982530|9.875
1396982552|9.875
1396982575|9.812
1396982597|9.812
1396982620|9.812
1396982642|9.812
1396982665|9.75
1396982687|9.75
1396982710|9.75
1396982732|9.75
1396982755|9.687
1396982777|9.687
1396982799|9.687
1396982822|9.687
1396982844|9.625
1396982867|9.625
1396982889|9.562
1396982912|9.562
1396982934|9.562
1396982957|9.5
1396982979|9.5
1396983002|9.5
1396983024|9.5
1396983047|9.437
1396983069|9.437
1396983092|9.437
1396983114|9.437
1396983137|9.375
1396983159|9.375
1396983182|9.375
1396983204|9.375
1396983226|9.375
1396983249|9.375
1396983271|9.375
1396983294|9.375
1396983316|9.375
1396983339|9.375
1396983361|9.375
1396983384|9.375
1396983406|9.375
1396983429|9.375
1396983451|9.312
1396983474|9.312
1396983496|9.25
1396983519|9.312
1396983541|9.312
1396983563|9.25
1396983586|9.25
1396983608|9.25
1396983631|9.25
1396983653|9.25
1396983676|9.25
1396983698|9.187
1396983721|9.187
1396983743|9.187
1396983766|9.187
1396983788|9.187
1396983811|9.125
1396983833|9.125
1396983856|9.125
1396983878|9.125
1396983900|9.125
1396983923|9.125
1396983945|9.125
1396983968|9.125
1396983990|9.062
1396984013|9.062
1396984035|9.062
1396984058|9.062
1396984080|9.062
1396984103|9.062
1396984125|9.062
1396984148|9.062
1396984170|9.062
1396984193|9.062
1396984215|9.062
1396984238|9.062
1396984260|9.0
1396984282|9.0
1396984305|9.0
1396984327|8.937
1396984350|8.937
1396984372|9.0
1396984395|8.937
1396984417|8.937
1396984440|8.875
1396984462|8.937
1396984485|8.937
1396984507|8.937
1396984530|8.937
1396984552|8.937
1396984575|8.937
1396984597|8.937
1396984620|8.937
1396984642|8.937
1396984664|9.0
1396984687|9.0
1396984709|9.0
1396984732|9.0
1396984754|9.0
1396984777|9.0
1396984799|9.0
1396984822|9.062
1396984844|9.062
1396984867|9.062
1396984889|9.062
1396984912|9.062
1396984934|9.062
1396984957|9.125
1396984979|9.125
1396985001|9.125
1396985024|9.125
1396985046|9.125
1396985069|9.125
1396985091|9.125
1396985114|9.125
1396985136|9.125
1396985159|9.125
1396985181|9.125
1396985204|9.125
1396985226|9.125
1396985249|9.125
1396985271|9.125
1396985294|9.187
1396985316|9.187
1396985338|9.187
1396985361|9.187
1396985383|9.187
1396985406|9.187
1396985429|9.25
1396985451|9.25
1396985474|9.25
1396985496|9.25
1396985519|9.25
1396985541|9.25
1396985563|9.25
1396985586|9.25
1396985608|9.25
1396985631|9.25
1396985653|9.25
1396985676|9.25
1396985698|9.25
1396985721|9.312
1396985743|9.25
1396985766|9.25
1396985788|9.25
1396985811|9.25
1396985833|9.25
1396985856|9.25
1396985878|9.25
1396985900|9.25
