1396381003|0.687
1396381025|0.687
1396381047|0.687
1396381070|0.687
1396381092|0.687
1396381115|0.687
1396381137|0.687
1396381160|0.687
1396381182|0.687
1396381205|0.687
1396381227|0.687
1396381250|0.75
1396381272|0.75
1396381295|0.75
1396381317|0.687
1396381340|0.75
1396381362|0.687
1396381384|0.687
1396381407|0.687
1396381429|0.687
1396381452|0.625
1396381474|0.625
1396381497|0.625
1396381519|0.625
1396381542|0.625
1396381564|0.562
1396381587|0.562
1396381609|0.562
1396381632|0.562
1396381654|0.5
1396381677|0.5
1396381699|0.5
1396381721|0.5
1396381744|0.5
1396381766|0.437
1396381789|0.437
1396381811|0.437
1396381834|0.437
1396381856|0.375
1396381879|0.312
1396381901|0.312
1396381924|0.25
1396381946|0.25
1396381969|0.187
1396381991|0.187
1396382014|0.187
1396382036|0.187
1396382058|0.187
1396382081|0.187
1396382103|0.187
1396382126|0.187
1396382148|0.187
1396382171|0.125
1396382193|0.125
1396382216|0.125
1396382238|0.125
1396382261|0.125
1396382283|0.062
1396382306|0.062
1396382328|0.0
1396382351|0.062
1396382373|0.0
1396382396|0.0
1396382418|0.0
1396382440|0.0
1396382463|0.0
1396382485|-0.062
1396382508|-0.062
1396382530|-0.062
1396382553|-0.062
1396382575|-0.062
1396382598|-0.062
1396382620|-0.125
1396382643|-0.125
1396382665|-0.125
1396382688|-0.187
1396382710|-0.187
1396382733|-0.187
1396382755|-0.187
1396382778|-0.187
1396382800|-0.25
1396382823|-0.187
1396382845|-0.25
1396382868|-0.25
1396382890|-0.187
1396382913|-0.187
1396382935|-0.25
1396382958|-0.25
1396382980|-0.25
1396383003|-0.25
1396383025|-0.25
1396383048|-0.25
1396383070|-0.312
1396383092|-0.25
1396383115|-0.312
1396383137|-0.312
1396383160|-0.312
1396383182|-0.312
1396383205|-0.312
1396383227|-0.312
1396383250|-0.312
1396383272|-0.312
1396383295|-0.375
1396383317|-0.375
1396383340|-0.375
1396383362|-0.375
1396383385|-0.375
1396383407|-0.375
1396383429|-0.375
1396383452|-0.375
1396383474|-0.375
1396383497|-0.375
1396383519|-0.375
1396383542|-0.375
1396383564|-0.437
1396383587|-0.375
1396383609|-0.375
1396383632|-0.375
1396383654|-0.375
1396383677|-0.375
1396383699|-0.375
1396383722|-0.375
1396383744|-0.312
1396383766|-0.375
1396383789|-0.312
1396383811|-0.312
1396383834|-0.312
1396383856|-0.312
1396383879|-0.312
1396383901|-0.312
1396383924|-0.312
1396383946|-0.312
1396383969|-0.312
1396383991|-0.312
1396384014|-0.375
1396384036|-0.375
1396384059|-0.375
1396384081|-0.375
1396384104|-0.375
1396384126|-0.375
1396384148|-0.437
1396384171|-0.375
1396384193|-0.437
1396384216|-0.437
1396384238|-0.437
1396384261|-0.437
1396384283|-0.5
1396384306|-0.437
1396384328|-0.437
1396384351|-0.437
1396384373|-0.5
1396384396|-0.437
1396384418|-0.437
1396384441|-0.437
1396384463|-0.437
1396384486|-0.437
1396384508|-0.437
1396384530|-0.437
1396384553|-0.437
1396384575|-0.375
1396384598|-0.375
1396384620|-0.437
1396384643|-0.375
1396384665|-0.375
1396384688|-0.375
1396384710|-0.375
1396384733|-0.375
1396384755|-0.375
1396384778|-0.375
1396384800|-0.375
1396384823|-0.375
1396384845|-0.375
1396384867|-0.375
1396384890|-0.437
1396384912|-0.437
1396384935|-0.437
1396384957|-0.437
1396384980|-0.375
1396385002|-0.437
1396385025|-0.437
1396385047|-0.437
1396385070|-0.437
1396385092|-0.437
1396385115|-0.437
1396385137|-0.375
1396385160|-0.437
1396385182|-0.437
1396385204|-0.375
1396385227|-0.437
1396385249|-0.437
1396385272|-0.437
1396385294|-0.437
1396385317|-0.437
1396385339|-0.5
1396385362|-0.437
1396385384|-0.5
1396385407|-0.437
1396385429|-0.5
1396385452|-0.562
1396385474|-0.562
1396385497|-0.562
1396385519|-0.625
1396385542|-0.625
1396385564|-0.625
1396385587|-0.687
1396385609|-0.687
1396385631|-0.687
1396385654|-0.687
1396385676|-0.75
1396385699|-0.75
1396385721|-0.75
1396385744|-0.812
1396385766|-0.812
1396385789|-0.812
1396385811|-0.812
1396385834|-0.875
1396385856|-0.875
1396385879|-0.875
1396385901|-0.937
1396385924|-0.937
1396385946|-0.875
1396385968|-0.875
1396385991|-0.875
1396386013|-0.875
1396386036|-0.937
1396386058|-0.937
1396386081|-0.937
1396386103|-0.937
1396386126|-0.937
1396386148|-0.937
1396386171|-0.937
1396386193|-1.0
1396386216|-1.0
1396386238|-1.0
1396386261|-1.0
1396386283|-1.0
1396386305|-1.0
1396386328|-1.0
1396386350|-1.0
1396386373|-1.062
1396386395|-1.062
1396386418|-1.062
1396386440|-1.062
1396386463|-1.125
1396386485|-1.062
1396386508|-1.125
1396386530|-1.125
1396386553|-1.125
1396386575|-1.187
1396386598|-1.125
1396386620|-1.125
1396386643|-1.187
1396386665|-1.187
1396386687|-1.187
1396386710|-1.187
1396386732|-1.187
1396386755|-1.187
1396386777|-1.187
1396386800|-1.187
1396386822|-1.187
1396386845|-1.187
1396386867|-1.187
1396386890|-1.125
1396386912|-1.125
1396386935|-1.125
1396386957|-1.125
1396386980|-1.125
1396387002|-1.187
1396387024|-1.125
1396387047|-1.125
1396387069|-1.125
1396387092|-1.125
1396387114|-1.125
1396387137|-1.125
1396387159|-1.062
1396387182|-1.062
1396387204|-1.0
1396387227|-1.0
1396387249|-1.0
1396387272|-0.937
1396387294|-0.937
1396387317|-0.937
1396387339|-0.875
1396387361|-0.937
1396387384|-0.875
1396387406|-0.875
1396387429|-0.875
1396387451|-0.875
1396387474|-0.875
1396387496|-0.812
1396387519|-0.812
1396387541|-0.812
1396387564|-0.75
1396387586|-0.687
1396387609|-0.687
1396387631|-0.687
1396387654|-0.687
1396387676|-0.625
1396387698|-0.625
1396387721|-0.625
1396387743|-0.625
1396387766|-0.625
1396387788|-0.625
1396387811|-0.625
1396387833|-0.625
1396387856|-0.625
1396387878|-0.625
1396387901|-0.687
1396387923|-0.625
1396387946|-0.687
1396387968|-0.625
1396387991|-0.625
1396388013|-0.625
1396388036|-0.625
1396388058|-0.625
1396388081|-0.625
1396388103|-0.625
1396388125|-0.625
1396388148|-0.625
1396388170|-0.562
1396388193|-0.562
1396388215|-0.562
1396388238|-0.562
1396388260|-0.562
1396388283|-0.562
1396388305|-0.562
1396388328|-0.562
1396388350|-0.562
1396388373|-0.5
1396388395|-0.562
1396388418|-0.562
1396388440|-0.562
1396388462|-0.562
1396388485|-0.562
1396388507|-0.625
1396388530|-0.562
1396388552|-0.625
1396388575|-0.625
1396388597|-0.625
1396388620|-0.625
1396388642|-0.625
1396388665|-0.625
1396388687|-0.687
1396388710|-0.687
1396388732|-0.687
1396388755|-0.625
1396388777|-0.625
1396388799|-0.687
1396388822|-0.687
1396388845|-0.687
1396388867|-0.687
1396388889|-0.687
1396388912|-0.687
1396388934|-0.687
1396388957|-0.687
1396388979|-0.687
1396389002|-0.687
1396389024|-0.687
1396389047|-0.625
1396389069|-0.687
1396389092|-0.625
1396389114|-0.687
1396389137|-0.625
1396389159|-0.562
1396389182|-0.562
1396389204|-0.562
1396389226|-0.562
1396389249|-0.562
1396389271|-0.5
1396389294|-0.5
1396389316|-0.5
1396389339|-0.5
1396389361|-0.5
1396389384|-0.437
1396389406|-0.437
1396389429|-0.437
1396389451|-0.437
1396389474|-0.437
1396389496|-0.437
1396389519|-0.375
1396389541|-0.375
1396389563|-0.375
1396389586|-0.375
1396389608|-0.375
1396389631|-0.375
1396389653|-0.375
1396389676|-0.375
1396389698|-0.375
1396389721|-0.375
1396389743|-0.375
1396389766|-0.375
1396389788|-0.312
1396389811|-0.312
1396389833|-0.312
1396389856|-0.312
1396389878|-0.375
1396389901|-0.375
1396389923|-0.375
1396389945|-0.375
1396389968|-0.375
1396389990|-0.375
1396390013|-0.375
1396390035|-0.375
1396390058|-0.375
1396390080|-0.375
1396390103|-0.375
1396390125|-0.375
1396390148|-0.375
1396390170|-0.375
1396390193|-0.375
1396390215|-0.375
1396390238|-0.375
1396390260|-0.437
1396390282|-0.375
1396390305|-0.437
1396390327|-0.375
1396390350|-0.375
1396390372|-0.375
1396390395|-0.437
1396390417|-0.437
1396390440|-0.5
1396390462|-0.5
1396390485|-0.437
1396390507|-0.437
1396390530|-0.437
1396390552|-0.437
1396390575|-0.5
1396390597|-0.5
1396390619|-0.5
1396390642|-0.5
1396390664|-0.5
1396390687|-0.5
1396390709|-0.5
1396390732|-0.5
1396390754|-0.5
1396390777|-0.5
1396390799|-0.5
1396390822|-0.5
1396390844|-0.5
1396390867|-0.5
1396390889|-0.5
1396390912|-0.5
1396390934|-0.5
1396390956|-0.5
1396390979|-0.5
1396391001|-0.562
1396391024|-0.562
1396391046|-0.562
1396391069|-0.562
1396391091|-0.562
1396391114|-0.562
1396391136|-0.562
1396391159|-0.562
1396391181|-0.562
1396391204|-0.562
1396391226|-0.562
1396391249|-0.5
1396391271|-0.562
1396391293|-0.5
1396391316|-0.5
1396391338|-0.5
1396391361|-0.437
1396391383|-0.5
1396391406|-0.5
1396391428|-0.5
1396391451|-0.437
1396391473|-0.437
1396391496|-0.437
1396391518|-0.437
1396391541|-0.437
1396391563|-0.437
1396391586|-0.437
1396391608|-0.375
1396391631|-0.375
1396391653|-0.375
1396391676|-0.375
1396391698|-0.375
1396391720|-0.375
1396391743|-0.375
1396391765|-0.375
1396391788|-0.375
1396391810|-0.375
1396391833|-0.375
1396391855|-0.375
1396391878|-0.375
1396391900|-0.375
1396391923|-0.437
1396391945|-0.437
1396391968|-0.437
1396391990|-0.437
1396392013|-0.437
1396392035|-0.437
1396392057|-0.437
1396392080|-0.437
1396392102|-0.437
1396392125|-0.437
1396392147|-0.437
1396392170|-0.437
1396392192|-0.437
1396392215|-0.437
1396392237|-0.5
1396392260|-0.5
1396392282|-0.437
1396392305|-0.5
1396392327|-0.437
1396392350|-0.437
1396392372|-0.437
1396392395|-0.437
1396392417|-0.437
1396392439|-0.437
1396392462|-0.437
1396392484|-0.5
1396392507|-0.5
1396392529|-0.437
1396392552|-0.5
1396392574|-0.5
1396392597|-0.437
1396392619|-0.437
1396392642|-0.437
1396392664|-0.437
1396392687|-0.437
1396392709|-0.437
1396392732|-0.437
1396392754|-0.437
1396392777|-0.437
1396392799|-0.437
1396392821|-0.437
1396392844|-0.437
1396392866|-0.437
1396392889|-0.437
1396392911|-0.437
1396392934|-0.5
1396392956|-0.5
1396392979|-0.437
1396393001|-0.5
1396393024|-0.5
1396393046|-0.5
1396393069|-0.562
1396393091|-0.562
1396393114|-0.5
1396393136|-0.562
1396393158|-0.562
1396393181|-0.562
1396393203|-0.562
1396393226|-0.562
1396393248|-0.562
1396393271|-0.562
1396393293|-0.562
1396393316|-0.562
1396393338|-0.562
1396393361|-0.562
1396393383|-0.562
1396393406|-0.562
1396393428|-0.562
1396393451|-0.562
1396393473|-0.562
1396393495|-0.562
1396393518|-0.562
1396393540|-0.562
1396393563|-0.5
1396393585|-0.5
1396393608|-0.5
1396393630|-0.5
1396393653|-0.5
1396393675|-0.5
1396393698|-0.5
1396393720|-0.5
1396393743|-0.5
1396393765|-0.5
1396393788|-0.5
1396393810|-0.5
1396393832|-0.5
1396393855|-0.5
1396393877|-0.5
1396393900|-0.437
1396393922|-0.437
1396393945|-0.437
1396393967|-0.437
1396393990|-0.437
1396394012|-0.437
1396394035|-0.437
1396394057|-0.437
1396394080|-0.437
1396394102|-0.437
1396394125|-0.437
1396394147|-0.437
1396394170|-0.375
1396394192|-0.375
1396394214|-0.437
1396394237|-0.375
1396394259|-0.437
1396394282|-0.375
1396394304|-0.437
1396394327|-0.437
1396394349|-0.437
1396394372|-0.437
1396394394|-0.437
1396394417|-0.5
1396394439|-0.5
1396394462|-0.5
1396394484|-0.5
1396394507|-0.5
1396394529|-0.5
1396394551|-0.5
1396394574|-0.5
1396394596|-0.5
1396394619|-0.562
1396394641|-0.5
1396394664|-0.5
1396394686|-0.5
1396394709|-0.5
1396394731|-0.5
1396394754|-0.5
1396394776|-0.5
1396394799|-0.5
1396394821|-0.5
1396394844|-0.5
1396394866|-0.5
1396394889|-0.5
1396394911|-0.5
1396394934|-0.5
1396394956|-0.5
1396394978|-0.437
1396395001|-0.5
1396395023|-0.437
1396395046|-0.5
1396395068|-0.437
1396395091|-0.437
1396395113|-0.5
1396395136|-0.437
1396395158|-0.437
1396395181|-0.437
1396395203|-0.437
1396395226|-0.437
1396395248|-0.437
1396395271|-0.437
1396395293|-0.437
1396395315|-0.437
1396395338|-0.437
1396395360|-0.437
1396395383|-0.437
1396395405|-0.437
1396395428|-0.437
1396395450|-0.437
1396395473|-0.437
1396395495|-0.437
1396395518|-0.437
1396395540|-0.437
1396395563|-0.375
1396395585|-0.437
1396395608|-0.437
1396395630|-0.437
1396395652|-0.437
1396395675|-0.437
1396395697|-0.437
1396395720|-0.437
1396395742|-0.437
1396395765|-0.437
1396395787|-0.437
1396395810|-0.437
1396395832|-0.5
1396395855|-0.5
1396395877|-0.437
1396395900|-0.5
1396395922|-0.5
1396395945|-0.5
1396395967|-0.5
1396395989|-0.5
1396396012|-0.5
1396396034|-0.5
1396396057|-0.5
1396396079|-0.5
1396396102|-0.5
1396396124|-0.5
1396396147|-0.5
1396396169|-0.5
1396396192|-0.5
1396396214|-0.437
1396396237|-0.5
1396396259|-0.5
1396396282|-0.5
1396396304|-0.437
1396396326|-0.5
1396396349|-0.5
1396396371|-0.5
1396396394|-0.5
1396396416|-0.5
1396396439|-0.5
1396396461|-0.5
1396396484|-0.5
1396396506|-0.562
1396396529|-0.562
1396396551|-0.5
1396396574|-0.562
1396396596|-0.562
1396396619|-0.562
1396396641|-0.562
1396396664|-0.562
1396396686|-0.562
1396396709|-0.562
1396396731|-0.625
1396396753|-0.625
1396396776|-0.625
1396396798|-0.625
1396396821|-0.625
1396396843|-0.625
1396396866|-0.625
1396396888|-0.687
1396396911|-0.687
1396396933|-0.687
1396396956|-0.687
1396396978|-0.625
1396397001|-0.687
1396397023|-0.75
1396397046|-0.75
1396397068|-0.75
1396397090|-0.75
1396397113|-0.75
1396397135|-0.75
1396397158|-0.75
1396397180|-0.75
1396397203|-0.75
1396397225|-0.75
1396397248|-0.812
1396397270|-0.812
1396397293|-0.812
1396397315|-0.812
1396397338|-0.812
1396397360|-0.812
1396397383|-0.812
1396397405|-0.812
1396397427|-0.812
1396397450|-0.875
1396397472|-0.812
1396397495|-0.812
1396397517|-0.812
1396397540|-0.812
1396397562|-0.812
1396397585|-0.875
1396397607|-0.875
1396397630|-0.875
1396397652|-0.875
1396397675|-0.875
1396397697|-0.875
1396397720|-0.875
1396397742|-0.875
1396397764|-0.875
1396397787|-0.937
1396397809|-0.875
1396397832|-0.875
1396397854|-0.875
1396397877|-0.875
1396397899|-0.875
1396397922|-0.875
1396397944|-0.875
1396397967|-0.875
1396397989|-0.875
1396398012|-0.875
1396398034|-0.937
1396398057|-0.937
1396398079|-0.937
1396398102|-0.937
1396398124|-0.937
1396398146|-0.875
1396398169|-0.937
1396398191|-0.875
1396398214|-0.937
1396398236|-0.875
1396398259|-0.875
1396398281|-0.875
1396398304|-0.875
1396398326|-0.875
1396398349|-0.875
1396398371|-0.875
1396398394|-0.875
1396398416|-0.812
1396398439|-0.812
1396398461|-0.812
1396398483|-0.812
1396398506|-0.812
1396398528|-0.75
1396398551|-0.812
1396398573|-0.812
1396398596|-0.75
1396398618|-0.75
1396398641|-0.75
1396398663|-0.75
1396398686|-0.75
1396398708|-0.75
1396398731|-0.75
1396398753|-0.75
1396398776|-0.75
1396398798|-0.75
1396398820|-0.687
1396398843|-0.687
1396398865|-0.687
1396398888|-0.687
1396398910|-0.687
1396398933|-0.687
1396398955|-0.687
1396398978|-0.687
1396399000|-0.687
1396399023|-0.687
1396399045|-0.687
1396399068|-0.687
1396399090|-0.687
1396399113|-0.687
1396399135|-0.75
1396399158|-0.687
1396399180|-0.687
1396399202|-0.687
1396399225|-0.687
1396399247|-0.687
1396399270|-0.687
1396399292|-0.687
1396399315|-0.687
1396399337|-0.625
1396399360|-0.625
1396399382|-0.625
1396399405|-0.687
1396399427|-0.625
1396399450|-0.625
1396399472|-0.625
1396399495|-0.625
1396399517|-0.625
1396399540|-0.625
1396399562|-0.625
1396399584|-0.625
1396399607|-0.625
1396399629|-0.625
1396399652|-0.562
1396399674|-0.562
1396399697|-0.562
1396399719|-0.562
1396399742|-0.562
1396399764|-0.562
1396399787|-0.562
1396399809|-0.562
1396399832|-0.562
1396399854|-0.562
1396399877|-0.5
1396399899|-0.562
1396399921|-0.562
1396399944|-0.562
1396399966|-0.5
1396399989|-0.562
1396400011|-0.562
1396400034|-0.562
1396400056|-0.562
1396400079|-0.562
1396400101|-0.562
1396400124|-0.562
1396400146|-0.562
1396400169|-0.562
1396400191|-0.562
1396400214|-0.562
1396400236|-0.562
1396400258|-0.625
1396400281|-0.562
1396400303|-0.562
1396400326|-0.625
1396400348|-0.562
1396400371|-0.625
1396400393|-0.625
1396400416|-0.625
1396400438|-0.625
1396400461|-0.625
1396400483|-0.625
1396400506|-0.687
1396400528|-0.687
1396400551|-0.625
1396400573|-0.687
1396400596|-0.687
1396400618|-0.687
1396400640|-0.687
1396400663|-0.625
1396400685|-0.687
1396400708|-0.687
1396400730|-0.687
1396400753|-0.687
1396400775|-0.687
1396400798|-0.687
1396400820|-0.687
1396400843|-0.687
1396400865|-0.687
1396400888|-0.687
1396400910|-0.687
1396400933|-0.687
1396400955|-0.687
1396400978|-0.687
1396401000|-0.687
1396401022|-0.75
1396401045|-0.75
1396401067|-0.75
1396401090|-0.75
1396401112|-0.75
1396401135|-0.75
1396401157|-0.75
1396401180|-0.75
1396401202|-0.75
1396401225|-0.75
1396401247|-0.812
1396401270|-0.812
1396401292|-0.812
1396401315|-0.812
1396401337|-0.875
1396401359|-0.875
1396401382|-0.875
1396401404|-0.875
1396401427|-0.875
1396401449|-0.875
1396401472|-0.875
1396401494|-0.875
1396401517|-0.937
1396401539|-0.937
1396401562|-0.937
1396401584|-0.937
1396401607|-0.937
1396401629|-0.937
1396401652|-0.937
1396401674|-0.937
1396401696|-0.937
1396401719|-0.937
1396401741|-0.937
1396401764|-0.937
1396401786|-1.0
1396401809|-0.937
1396401831|-1.0
1396401854|-1.0
1396401876|-1.0
1396401899|-1.0
1396401921|-1.0
1396401944|-1.0
1396401966|-1.0
1396401989|-1.0
1396402011|-1.0
1396402033|-1.0
1396402056|-1.0
1396402078|-1.0
1396402101|-1.0
1396402123|-1.0
1396402146|-1.0
1396402168|-0.937
1396402191|-0.937
1396402213|-1.0
1396402236|-1.0
1396402258|-0.937
1396402281|-0.937
1396402303|-0.937
1396402326|-0.937
1396402348|-0.937
1396402371|-0.937
1396402393|-0.937
1396402415|-0.937
1396402438|-0.937
1396402460|-0.937
1396402483|-0.937
1396402505|-0.937
1396402528|-0.937
1396402550|-0.937
1396402573|-0.937
1396402595|-0.937
1396402618|-0.937
1396402640|-0.875
1396402663|-0.937
1396402685|-0.875
1396402708|-0.875
1396402730|-0.875
1396402752|-0.875
1396402775|-0.875
1396402797|-0.937
1396402820|-0.875
1396402842|-0.875
1396402865|-0.875
1396402887|-0.875
1396402910|-0.812
1396402932|-0.812
1396402955|-0.875
1396402977|-0.875
1396403000|-0.875
1396403022|-0.875
1396403045|-0.875
1396403067|-0.875
1396403089|-0.875
1396403112|-0.875
1396403134|-0.812
1396403157|-0.812
1396403179|-0.812
1396403202|-0.812
1396403224|-0.812
1396403247|-0.812
1396403269|-0.812
1396403292|-0.75
1396403314|-0.75
1396403337|-0.75
1396403359|-0.75
1396403382|-0.75
1396403404|-0.75
1396403426|-0.75
1396403449|-0.75
1396403471|-0.75
1396403494|-0.75
1396403516|-0.75
1396403539|-0.75
1396403561|-0.75
1396403584|-0.687
1396403606|-0.687
1396403629|-0.687
1396403651|-0.75
1396403674|-0.687
1396403696|-0.687
1396403719|-0.687
1396403741|-0.687
1396403764|-0.687
1396403786|-0.687
1396403809|-0.687
1396403831|-0.687
1396403853|-0.687
1396403876|-0.687
1396403898|-0.687
1396403921|-0.687
1396403943|-0.625
1396403966|-0.687
1396403988|-0.687
1396404011|-0.687
1396404033|-0.687
1396404056|-0.687
1396404078|-0.687
1396404101|-0.625
1396404123|-0.625
1396404146|-0.687
1396404168|-0.687
1396404190|-0.687
1396404213|-0.687
1396404235|-0.625
1396404258|-0.687
1396404280|-0.687
1396404303|-0.687
1396404325|-0.687
1396404348|-0.687
1396404370|-0.687
1396404393|-0.687
1396404415|-0.687
1396404438|-0.687
1396404460|-0.687
1396404483|-0.687
1396404505|-0.625
1396404527|-0.625
1396404550|-0.625
1396404572|-0.625
1396404595|-0.625
1396404617|-0.625
1396404640|-0.625
1396404662|-0.625
1396404685|-0.625
1396404707|-0.625
1396404730|-0.625
1396404752|-0.625
1396404775|-0.625
1396404797|-0.625
1396404820|-0.625
1396404842|-0.625
1396404865|-0.625
1396404887|-0.625
1396404909|-0.625
1396404932|-0.625
1396404954|-0.687
1396404977|-0.687
1396404999|-0.625
1396405022|-0.625
1396405044|-0.625
1396405067|-0.625
1396405089|-0.625
1396405112|-0.562
1396405134|-0.625
1396405157|-0.625
1396405179|-0.625
1396405202|-0.687
1396405224|-0.625
1396405247|-0.687
1396405269|-0.625
1396405291|-0.625
1396405314|-0.625
1396405336|-0.625
1396405359|-0.625
1396405381|-0.625
1396405404|-0.625
1396405426|-0.625
1396405449|-0.625
1396405471|-0.625
1396405494|-0.625
1396405516|-0.625
1396405539|-0.625
1396405561|-0.625
1396405584|-0.625
1396405606|-0.625
1396405628|-0.625
1396405651|-0.625
1396405673|-0.625
1396405696|-0.625
1396405718|-0.625
1396405741|-0.625
1396405763|-0.625
1396405786|-0.625
1396405808|-0.562
1396405831|-0.625
1396405853|-0.625
1396405876|-0.625
1396405898|-0.625
1396405921|-0.625
1396405943|-0.625
1396405966|-0.625
1396405988|-0.562
1396406010|-0.625
1396406033|-0.562
1396406055|-0.562
1396406078|-0.562
1396406100|-0.562
1396406123|-0.562
1396406145|-0.562
1396406168|-0.562
1396406190|-0.562
1396406213|-0.562
1396406235|-0.562
1396406258|-0.5
1396406280|-0.5
1396406303|-0.5
1396406325|-0.5
1396406347|-0.5
1396406370|-0.5
1396406392|-0.5
1396406415|-0.5
1396406437|-0.5
1396406460|-0.5
1396406482|-0.562
1396406505|-0.5
1396406527|-0.562
1396406550|-0.562
1396406572|-0.562
1396406595|-0.562
1396406617|-0.562
1396406640|-0.562
1396406662|-0.562
1396406684|-0.5
1396406707|-0.562
1396406729|-0.5
1396406752|-0.5
1396406774|-0.5
1396406797|-0.5
1396406819|-0.562
1396406842|-0.562
1396406864|-0.562
1396406887|-0.625
1396406909|-0.625
1396406932|-0.625
1396406954|-0.625
1396406977|-0.687
1396406999|-0.687
1396407022|-0.687
1396407044|-0.687
1396407066|-0.687
1396407089|-0.75
1396407111|-0.75
1396407134|-0.75
1396407156|-0.75
1396407179|-0.75
1396407201|-0.812
1396407224|-0.812
1396407246|-0.812
1396407269|-0.75
1396407291|-0.75
1396407314|-0.75
1396407336|-0.75
1396407359|-0.812
1396407381|-0.812
1396407404|-0.812
1396407426|-0.812
1396407448|-0.812
1396407471|-0.812
1396407493|-0.812
1396407516|-0.75
1396407538|-0.75
1396407561|-0.812
1396407583|-0.75
1396407606|-0.75
1396407628|-0.75
1396407651|-0.75
1396407673|-0.75
1396407696|-0.75
1396407718|-0.75
1396407741|-0.75
1396407763|-0.75
1396407785|-0.75
1396407808|-0.75
1396407830|-0.75
1396407853|-0.75
1396407875|-0.812
1396407898|-0.75
1396407920|-0.812
1396407943|-0.75
1396407965|-0.812
1396407988|-0.812
1396408010|-0.812
1396408033|-0.812
1396408055|-0.812
1396408078|-0.812
1396408100|-0.875
1396408122|-0.875
1396408145|-0.875
1396408167|-0.875
1396408190|-0.875
1396408212|-0.937
1396408235|-0.875
1396408257|-0.937
1396408280|-0.937
1396408302|-0.937
1396408325|-0.937
1396408347|-0.937
1396408370|-0.937
1396408392|-0.937
1396408415|-0.937
1396408437|-0.937
1396408459|-0.937
1396408482|-0.937
1396408504|-1.0
1396408527|-1.0
1396408549|-1.0
1396408572|-1.0
1396408594|-1.0
1396408617|-1.0
1396408639|-1.0
1396408662|-1.062
1396408684|-1.062
1396408707|-1.062
1396408729|-1.062
1396408752|-1.062
1396408774|-1.062
1396408797|-1.062
1396408819|-1.062
1396408842|-1.062
1396408864|-1.062
1396408886|-1.062
1396408909|-1.062
1396408931|-1.125
1396408954|-1.062
1396408976|-1.062
1396408999|-1.062
1396409021|-1.062
1396409044|-1.125
1396409066|-1.062
1396409089|-1.062
1396409111|-1.125
1396409134|-1.125
1396409156|-1.125
1396409179|-1.125
1396409201|-1.125
1396409223|-1.125
1396409246|-1.125
1396409268|-1.125
1396409291|-1.125
1396409313|-1.125
1396409336|-1.187
1396409358|-1.187
1396409381|-1.187
1396409403|-1.187
1396409426|-1.187
1396409448|-1.187
1396409471|-1.187
1396409493|-1.25
1396409516|-1.25
1396409538|-1.25
1396409560|-1.187
1396409583|-1.187
1396409605|-1.25
1396409628|-1.25
1396409650|-1.25
1396409673|-1.312
1396409695|-1.375
1396409718|-1.375
1396409740|-1.375
1396409763|-1.437
1396409785|-1.437
1396409808|-1.5
1396409830|-1.437
1396409853|-1.5
1396409875|-1.5
1396409897|-1.562
1396409920|-1.562
1396409942|-1.562
1396409965|-1.625
1396409987|-1.625
1396410010|-1.625
1396410032|-1.625
1396410055|-1.687
1396410077|-1.687
1396410100|-1.687
1396410122|-1.687
1396410145|-1.75
1396410167|-1.687
1396410190|-1.75
1396410212|-1.75
1396410234|-1.75
1396410257|-1.812
1396410279|-1.812
1396410302|-1.75
1396410324|-1.812
1396410347|-1.812
1396410369|-1.812
1396410392|-1.812
1396410414|-1.812
1396410437|-1.812
1396410459|-1.875
1396410482|-1.875
1396410504|-1.812
1396410527|-1.875
1396410549|-1.875
1396410572|-1.875
1396410594|-1.875
1396410616|-1.875
1396410639|-1.875
1396410661|-1.875
1396410684|-1.875
1396410706|-1.875
1396410729|-1.875
1396410751|-1.937
1396410774|-1.875
1396410796|-1.937
1396410819|-1.937
1396410841|-1.937
1396410864|-1.937
1396410886|-1.937
1396410909|-1.937
1396410931|-1.937
1396410954|-1.937
1396410976|-1.937
1396410999|-1.937
1396411021|-1.875
1396411043|-1.875
1396411066|-1.875
1396411088|-1.875
1396411111|-1.875
1396411133|-1.875
1396411156|-1.875
1396411178|-1.875
1396411201|-1.812
1396411223|-1.812
1396411246|-1.812
1396411268|-1.812
1396411291|-1.812
1396411313|-1.812
1396411336|-1.812
1396411358|-1.875
1396411380|-1.875
1396411403|-1.937
1396411425|-1.937
1396411448|-1.937
1396411470|-1.937
1396411493|-1.937
1396411515|-2.0
1396411538|-2.0
1396411560|-2.062
1396411583|-2.0
1396411605|-2.0
1396411628|-2.0
1396411650|-1.937
1396411673|-1.937
1396411695|-1.937
1396411718|-1.937
1396411740|-1.875
1396411763|-1.875
1396411785|-1.875
1396411807|-1.875
1396411830|-1.937
1396411852|-1.937
1396411875|-1.937
1396411897|-1.937
1396411920|-1.937
1396411942|-1.937
1396411965|-1.937
1396411987|-2.0
1396412010|-2.0
1396412032|-2.0
1396412055|-2.062
1396412077|-2.062
1396412100|-2.062
1396412122|-2.062
1396412144|-2.062
1396412167|-2.125
1396412189|-2.062
1396412212|-2.062
1396412234|-2.062
1396412257|-2.125
1396412279|-2.125
1396412302|-2.125
1396412324|-2.062
1396412347|-2.0
1396412369|-2.0
1396412392|-2.0
1396412414|-2.0
1396412437|-2.0
1396412459|-2.0
1396412482|-2.0
1396412504|-2.0
1396412526|-2.0
1396412549|-2.0
1396412571|-2.062
1396412594|-2.062
1396412616|-2.062
1396412639|-2.062
1396412661|-2.062
1396412684|-2.062
1396412706|-2.062
1396412729|-2.062
1396412751|-2.062
1396412774|-2.0
1396412796|-2.062
1396412819|-2.062
1396412841|-2.0
1396412863|-2.0
1396412886|-2.0
1396412908|-2.062
1396412931|-2.062
1396412953|-2.062
1396412976|-2.062
1396412998|-2.062
1396413021|-2.062
1396413043|-2.062
1396413066|-2.062
1396413088|-2.062
1396413111|-2.062
1396413133|-2.062
1396413156|-2.062
1396413178|-2.062
1396413200|-2.062
1396413223|-2.062
1396413245|-2.125
1396413268|-2.125
1396413290|-2.125
1396413313|-2.125
1396413335|-2.125
1396413358|-2.125
1396413380|-2.125
1396413403|-2.062
1396413425|-2.062
1396413448|-2.062
1396413470|-2.062
1396413493|-2.062
1396413515|-2.062
1396413537|-2.062
1396413560|-2.062
1396413582|-2.062
1396413605|-2.062
1396413627|-2.125
1396413650|-2.125
1396413672|-2.125
1396413695|-2.125
1396413717|-2.062
1396413740|-2.125
1396413762|-2.125
1396413785|-2.125
1396413807|-2.125
1396413830|-2.125
1396413852|-2.125
1396413874|-2.125
1396413897|-2.125
1396413919|-2.125
1396413942|-2.125
1396413964|-2.062
1396413987|-2.062
1396414009|-2.062
1396414032|-2.062
1396414054|-2.062
1396414077|-2.062
1396414099|-2.125
1396414122|-2.125
1396414144|-2.062
1396414167|-2.062
1396414189|-2.062
1396414212|-2.125
1396414234|-2.125
1396414257|-2.125
1396414279|-2.187
1396414301|-2.125
1396414324|-2.125
1396414346|-2.125
1396414369|-2.125
1396414391|-2.125
1396414414|-2.125
1396414436|-2.062
1396414459|-2.062
1396414481|-2.062
1396414504|-2.062
1396414526|-2.062
1396414549|-2.062
1396414571|-2.062
1396414594|-2.062
1396414616|-2.0
1396414638|-2.0
1396414661|-2.0
1396414683|-2.0
1396414706|-2.0
1396414728|-2.0
1396414751|-2.0
1396414773|-2.0
1396414796|-2.0
1396414818|-1.937
1396414841|-2.0
1396414863|-1.937
1396414886|-1.937
1396414908|-1.937
1396414931|-1.937
1396414953|-1.937
1396414976|-1.937
1396414998|-1.937
1396415020|-1.937
1396415043|-1.937
1396415065|-1.937
1396415088|-1.875
1396415110|-1.875
1396415133|-1.875
1396415155|-1.875
1396415178|-1.875
1396415200|-1.875
1396415223|-1.875
1396415245|-1.875
1396415268|-1.875
1396415290|-1.875
1396415313|-1.875
1396415335|-1.875
1396415358|-1.875
1396415380|-1.875
1396415402|-1.812
1396415425|-1.812
1396415447|-1.812
1396415470|-1.812
1396415492|-1.812
1396415515|-1.812
1396415537|-1.812
1396415560|-1.75
1396415582|-1.75
1396415605|-1.75
1396415627|-1.75
1396415650|-1.75
1396415672|-1.687
1396415695|-1.687
1396415717|-1.687
1396415739|-1.625
1396415762|-1.625
1396415784|-1.625
1396415807|-1.625
1396415829|-1.625
1396415852|-1.562
1396415874|-1.562
1396415897|-1.562
1396415919|-1.5
1396415942|-1.5
1396415964|-1.5
1396415987|-1.437
1396416009|-1.437
1396416032|-1.375
1396416054|-1.375
1396416076|-1.312
1396416099|-1.312
1396416121|-1.312
1396416144|-1.25
1396416166|-1.25
1396416189|-1.187
1396416211|-1.187
1396416234|-1.187
1396416256|-1.125
1396416279|-1.125
1396416301|-1.062
1396416324|-1.0
1396416346|-1.0
1396416369|-1.0
1396416391|-0.937
1396416414|-0.937
1396416436|-0.937
1396416458|-0.875
1396416481|-0.875
1396416503|-0.812
1396416526|-0.812
1396416548|-0.812
1396416571|-0.75
1396416593|-0.75
1396416616|-0.75
1396416638|-0.75
1396416661|-0.687
1396416683|-0.625
1396416706|-0.687
1396416728|-0.625
1396416751|-0.687
1396416773|-0.687
1396416795|-0.687
1396416818|-0.625
1396416840|-0.625
1396416863|-0.625
1396416885|-0.625
1396416908|-0.625
1396416930|-0.562
1396416953|-0.562
1396416975|-0.562
1396416998|-0.5
1396417020|-0.5
1396417043|-0.5
1396417065|-0.5
1396417088|-0.437
1396417110|-0.437
1396417132|-0.437
1396417155|-0.375
1396417177|-0.437
1396417200|-0.437
1396417222|-0.375
1396417245|-0.375
1396417267|-0.375
1396417290|-0.375
1396417312|-0.312
1396417335|-0.312
1396417357|-0.25
1396417380|-0.25
1396417402|-0.25
1396417425|-0.25
1396417447|-0.187
1396417470|-0.187
1396417492|-0.125
1396417515|-0.125
1396417537|-0.125
1396417559|-0.125
1396417582|-0.062
1396417604|-0.062
1396417627|-0.062
1396417649|0.0
1396417672|0.0
1396417694|0.0
1396417717|0.062
1396417739|0.062
1396417762|0.125
1396417784|0.125
1396417807|0.125
1396417829|0.187
1396417852|0.187
1396417874|0.25
1396417896|0.25
1396417919|0.25
1396417941|0.312
1396417964|0.312
1396417986|0.312
1396418009|0.312
1396418031|0.375
1396418054|0.375
1396418076|0.437
1396418099|0.437
1396418121|0.5
1396418144|0.5
1396418166|0.5
1396418189|0.5
1396418211|0.562
1396418233|0.562
1396418256|0.562
1396418278|0.562
1396418301|0.562
1396418323|0.562
1396418346|0.625
1396418368|0.625
1396418391|0.625
1396418413|0.625
1396418436|0.625
1396418458|0.687
1396418481|0.687
1396418503|0.687
1396418526|0.75
1396418548|0.687
1396418570|0.75
1396418593|0.75
1396418615|0.75
1396418638|0.75
1396418660|0.812
1396418683|0.812
1396418705|0.812
1396418728|0.875
1396418750|0.812
1396418773|0.812
1396418795|0.875
1396418818|0.875
1396418840|0.875
1396418863|0.875
1396418885|0.875
1396418908|0.937
1396418930|0.937
1396418953|1.0
1396418975|1.062
1396418997|1.062
1396419020|1.125
1396419042|1.125
1396419065|1.187
1396419087|1.25
1396419110|1.25
1396419132|1.312
1396419155|1.312
1396419177|1.375
1396419200|1.375
1396419223|1.437
1396419245|1.437
1396419268|1.5
1396419290|1.562
1396419313|1.562
1396419335|1.625
1396419358|1.687
1396419380|1.687
1396419403|1.75
1396419425|1.75
1396419448|1.812
1396419470|1.812
1396419493|1.812
1396419515|1.937
1396419538|1.875
1396419560|2.0
1396419582|2.0
1396419605|2.062
1396419627|2.062
1396419650|2.125
1396419672|2.187
1396419695|2.187
1396419717|2.25
1396419740|2.25
1396419762|2.25
1396419785|2.312
1396419807|2.312
1396419830|2.312
1396419852|2.375
1396419875|2.375
1396419897|2.375
1396419919|2.437
1396419942|2.437
1396419964|2.437
1396419987|2.5
1396420009|2.5
1396420032|2.5
1396420054|2.562
1396420077|2.562
1396420099|2.625
1396420122|2.625
1396420144|2.687
1396420167|2.687
1396420189|2.75
1396420212|2.75
1396420234|2.75
1396420256|2.75
1396420279|2.75
1396420301|2.812
1396420324|2.75
1396420346|2.812
1396420369|2.812
1396420391|2.812
1396420414|2.875
1396420436|2.875
1396420459|2.875
1396420481|2.937
1396420504|2.937
1396420526|2.937
1396420549|2.937
1396420571|2.937
1396420594|3.0
1396420616|3.0
1396420638|3.0
1396420661|3.062
1396420683|3.062
1396420706|3.125
1396420728|3.062
1396420751|3.125
1396420773|3.187
1396420796|3.187
1396420818|3.25
1396420841|3.25
1396420863|3.312
1396420886|3.312
1396420908|3.375
1396420931|3.375
1396420953|3.375
1396420976|3.375
1396420998|3.375
1396421020|3.375
1396421043|3.375
1396421065|3.375
1396421088|3.437
1396421110|3.437
1396421133|3.437
1396421155|3.5
1396421178|3.5
1396421200|3.437
1396421223|3.437
1396421245|3.437
1396421268|3.437
1396421290|3.437
1396421313|3.437
1396421335|3.5
1396421357|3.5
1396421380|3.562
1396421402|3.562
1396421425|3.562
1396421447|3.562
1396421470|3.562
1396421492|3.625
1396421515|3.625
1396421537|3.625
1396421560|3.625
1396421582|3.687
1396421605|3.75
1396421627|3.75
1396421650|3.75
1396421672|3.75
1396421695|3.75
1396421717|3.75
1396421740|3.687
1396421762|3.687
1396421784|3.687
1396421807|3.75
1396421829|3.75
1396421852|3.812
1396421874|3.812
1396421897|3.875
1396421919|3.875
1396421942|3.937
1396421964|3.875
1396421987|3.875
1396422009|3.875
1396422032|3.875
1396422054|3.937
1396422077|3.937
1396422099|3.937
1396422121|3.937
1396422144|3.937
1396422166|4.0
1396422189|4.0
1396422211|4.0
1396422234|4.0
1396422256|4.0
1396422279|4.0
1396422301|4.0
1396422324|4.0
1396422346|4.0
1396422369|3.937
1396422391|4.0
1396422414|4.0
1396422436|4.0
1396422458|4.0
1396422481|4.062
1396422503|4.062
1396422526|4.062
1396422548|4.125
1396422571|4.125
1396422593|4.125
1396422616|4.125
1396422638|4.125
1396422661|4.062
1396422683|4.062
1396422706|4.062
1396422728|4.062
1396422751|4.0
1396422773|4.0
1396422796|4.062
1396422818|4.125
1396422840|4.125
1396422863|4.187
1396422885|4.125
1396422908|4.187
1396422930|4.187
1396422953|4.187
1396422975|4.25
1396422998|4.187
1396423020|4.125
1396423043|4.125
1396423065|4.125
1396423088|4.125
1396423110|4.062
1396423133|4.125
1396423155|4.125
1396423177|4.187
1396423200|4.187
1396423222|4.25
1396423245|4.25
1396423267|4.312
1396423290|4.312
1396423312|4.375
1396423335|4.437
1396423357|4.5
1396423380|4.5
1396423402|4.5
1396423425|4.562
1396423447|4.562
1396423470|4.562
1396423492|4.625
1396423515|4.687
1396423537|4.625
1396423559|4.687
1396423582|4.75
1396423604|4.75
1396423627|4.75
1396423649|4.75
1396423672|4.75
1396423694|4.812
1396423717|4.875
1396423739|4.875
1396423762|4.875
1396423784|4.875
1396423807|4.937
1396423829|4.937
1396423852|5.0
1396423874|5.0
1396423897|5.062
1396423919|5.062
1396423941|5.062
1396423964|5.125
1396423986|5.062
1396424009|5.125
1396424031|5.125
1396424054|5.062
1396424076|5.125
1396424099|5.187
1396424121|5.187
1396424144|5.25
1396424166|5.187
1396424189|5.187
1396424211|5.125
1396424234|5.125
1396424256|5.125
1396424278|5.125
1396424301|5.125
1396424323|5.062
1396424346|5.062
1396424368|5.062
1396424391|5.062
1396424413|5.0
1396424436|5.0
1396424458|5.0
1396424481|4.937
1396424503|5.0
1396424526|5.0
1396424548|4.875
1396424571|4.937
1396424593|5.0
1396424615|5.062
1396424638|5.062
1396424660|5.062
1396424683|5.062
1396424705|5.125
1396424728|5.187
1396424750|5.187
1396424773|5.312
1396424795|5.312
1396424818|5.312
1396424840|5.312
1396424863|5.25
1396424885|5.312
1396424908|5.312
1396424930|5.312
1396424952|5.25
1396424975|5.25
1396424997|5.312
1396425020|5.312
1396425042|5.375
1396425065|5.437
1396425087|5.5
1396425110|5.5
1396425132|5.562
1396425155|5.5
1396425177|5.5
1396425200|5.5
1396425222|5.437
1396425245|5.437
1396425267|5.437
1396425290|5.375
1396425312|5.375
1396425334|5.375
1396425357|5.25
1396425379|5.25
1396425402|5.25
1396425424|5.25
1396425447|5.312
1396425469|5.312
1396425492|5.312
1396425514|5.375
1396425537|5.437
1396425559|5.437
1396425582|5.562
1396425605|5.562
1396425627|5.562
1396425650|5.562
1396425672|5.625
1396425694|5.687
1396425717|5.687
1396425739|5.75
1396425762|5.812
1396425784|5.875
1396425807|5.937
1396425829|5.937
1396425852|5.875
1396425874|5.75
1396425897|5.75
1396425919|5.812
1396425942|5.875
1396425964|5.812
1396425987|5.875
1396426009|5.937
1396426031|5.875
1396426054|5.687
1396426076|5.687
1396426099|5.625
1396426121|5.625
1396426144|5.625
1396426166|5.625
1396426189|5.625
1396426211|5.562
1396426234|5.562
1396426256|5.625
1396426279|5.625
1396426301|5.75
1396426324|5.75
1396426346|5.812
1396426368|5.812
1396426391|5.812
1396426413|5.812
1396426436|5.812
1396426458|5.812
1396426481|5.875
1396426503|5.875
1396426526|5.812
1396426548|5.75
1396426571|5.687
1396426593|5.75
1396426616|5.687
1396426638|5.75
1396426661|5.75
1396426683|5.812
1396426705|5.875
1396426728|6.0
1396426750|6.062
1396426773|6.125
1396426795|6.187
1396426818|6.25
1396426840|6.312
1396426863|6.437
1396426885|6.312
1396426908|6.312
1396426930|6.25
1396426953|6.25
1396426975|6.187
1396426998|6.187
1396427020|6.125
1396427043|6.125
1396427065|6.187
1396427087|6.0
1396427110|5.875
1396427132|5.875
1396427155|6.0
1396427177|6.062
1396427200|6.125
1396427222|6.187
1396427245|6.187
1396427267|6.312
1396427290|6.312
1396427312|6.375
1396427335|6.5
1396427357|6.625
1396427380|6.687
1396427402|6.625
1396427424|6.75
1396427447|6.812
1396427469|6.875
1396427492|6.875
1396427514|6.812
1396427537|6.875
1396427559|7.0
1396427582|6.875
1396427604|6.812
1396427627|6.875
1396427649|6.875
1396427672|7.0
1396427694|6.812
1396427717|6.75
1396427739|6.812
1396427761|6.812
1396427784|6.812
1396427806|6.687
1396427829|6.75
1396427851|6.812
1396427874|6.875
1396427896|6.875
1396427919|6.875
1396427941|6.937
1396427964|7.0
1396427986|6.937
1396428009|7.062
1396428031|7.0
1396428054|6.937
1396428076|6.875
1396428099|6.75
1396428121|6.687
1396428144|6.687
1396428166|6.75
1396428188|6.812
1396428211|6.875
1396428233|6.937
1396428256|7.0
1396428278|6.812
1396428301|6.75
1396428323|6.687
1396428346|6.75
1396428368|6.875
1396428391|6.875
1396428413|6.875
1396428436|7.062
1396428458|6.937
1396428481|6.937
1396428503|6.937
1396428525|7.062
1396428548|7.125
1396428570|7.0
1396428593|6.75
1396428615|6.75
1396428638|6.812
1396428660|6.875
1396428683|7.0
1396428705|7.0
1396428728|7.062
1396428750|7.125
1396428773|7.187
1396428795|7.312
1396428818|7.375
1396428840|7.437
1396428862|7.375
1396428885|7.187
1396428907|7.25
1396428930|7.312
1396428952|7.312
1396428975|7.25
1396428997|7.187
1396429020|7.25
1396429042|7.312
1396429065|7.187
1396429087|7.25
1396429110|7.25
1396429132|7.312
1396429155|7.312
1396429177|7.375
1396429199|7.375
1396429222|7.187
1396429244|7.0
1396429267|7.125
1396429289|7.125
1396429312|7.125
1396429334|7.125
1396429357|7.125
1396429379|7.125
1396429402|7.062
1396429424|7.125
1396429447|7.25
1396429469|7.25
1396429492|7.437
1396429514|7.5
1396429537|7.687
1396429559|7.562
1396429582|7.687
1396429604|7.625
1396429626|7.562
1396429649|7.5
1396429671|7.562
1396429694|7.562
1396429716|7.562
1396429739|7.625
1396429761|7.625
1396429784|7.812
1396429806|7.875
1396429829|7.875
1396429851|7.937
1396429874|8.0
1396429896|8.0
1396429919|7.875
1396429941|7.937
1396429963|7.812
1396429986|7.75
1396430008|7.875
1396430031|7.937
1396430053|8.062
1396430076|8.187
1396430098|8.312
1396430121|8.437
1396430143|8.562
1396430166|8.375
1396430188|8.0
1396430211|8.0
1396430233|7.812
1396430256|7.875
1396430278|8.0
1396430300|7.937
1396430323|7.687
1396430345|7.687
1396430368|7.812
1396430390|7.875
1396430413|7.687
1396430435|7.75
1396430458|7.687
1396430480|7.625
1396430503|7.625
1396430525|7.687
1396430548|7.75
1396430570|7.75
1396430593|7.75
1396430615|7.625
1396430637|7.562
1396430660|7.5
1396430682|7.5
1396430705|7.437
1396430727|7.312
1396430750|7.375
1396430772|7.562
1396430795|7.687
1396430817|7.625
1396430840|7.625
1396430862|7.5
1396430885|7.562
1396430907|7.562
1396430930|7.75
1396430952|7.75
1396430975|7.75
1396430997|7.687
1396431019|7.562
1396431042|7.437
1396431064|7.5
1396431087|7.437
1396431109|7.25
1396431132|7.125
1396431154|7.25
1396431177|7.437
1396431199|7.625
1396431222|7.687
1396431244|7.687
1396431267|7.687
1396431289|7.812
1396431312|7.812
1396431334|7.875
1396431356|7.812
1396431379|7.812
1396431401|7.75
1396431424|7.75
1396431446|7.812
1396431469|7.625
1396431491|7.75
1396431514|7.875
1396431536|7.937
1396431559|8.125
1396431581|8.25
1396431604|8.312
1396431626|8.437
1396431649|8.437
1396431671|8.437
1396431693|8.375
1396431716|8.125
1396431738|8.062
1396431761|8.0
1396431783|8.125
1396431806|8.125
1396431828|8.25
1396431851|8.125
1396431873|8.062
1396431896|8.062
1396431918|8.187
1396431941|8.187
1396431963|8.187
1396431986|8.25
1396432008|8.0
1396432030|8.0
1396432053|8.25
1396432075|8.437
1396432098|8.5
1396432120|8.5
1396432143|8.125
1396432165|7.937
1396432188|7.937
1396432210|7.937
1396432233|7.812
1396432255|8.0
1396432278|8.0
1396432300|7.937
1396432323|7.625
1396432345|7.625
1396432367|7.437
1396432390|7.5
1396432412|7.625
1396432435|7.687
1396432457|7.375
1396432480|7.312
1396432502|7.562
1396432525|7.562
1396432547|7.687
1396432570|7.75
1396432592|8.0
1396432615|8.187
1396432637|8.25
1396432660|8.312
1396432682|8.437
1396432705|8.375
1396432727|8.437
1396432750|8.437
1396432772|8.25
1396432794|8.312
1396432817|8.437
1396432839|8.375
1396432862|8.187
1396432884|8.375
1396432907|8.062
1396432929|7.812
1396432952|7.937
1396432974|8.25
1396432997|8.25
1396433019|8.25
1396433042|8.375
1396433064|8.562
1396433087|8.437
1396433109|8.437
1396433131|8.437
1396433154|8.312
1396433176|8.25
1396433199|8.125
1396433221|8.125
1396433244|8.375
1396433266|8.562
1396433289|8.625
1396433311|8.687
1396433334|8.375
1396433356|8.25
1396433379|8.125
1396433401|8.187
1396433424|8.312
1396433446|8.312
1396433469|8.437
1396433491|8.187
1396433513|7.937
1396433536|7.75
1396433558|7.75
1396433581|7.687
1396433603|7.687
1396433626|7.875
1396433648|7.875
1396433671|7.937
1396433693|8.062
1396433716|8.062
1396433738|7.875
1396433761|7.812
1396433783|8.0
1396433806|7.75
1396433828|7.875
1396433851|8.0
1396433873|7.812
1396433895|7.687
1396433918|7.812
1396433940|7.812
1396433963|8.125
1396433985|8.0
1396434008|8.125
1396434030|8.125
1396434053|8.125
1396434075|8.125
1396434098|7.812
1396434120|7.75
1396434143|7.812
1396434165|8.0
1396434188|8.0
1396434210|8.125
1396434232|8.0
1396434255|8.0
1396434277|7.875
1396434300|8.062
1396434322|8.187
1396434345|8.187
1396434367|8.312
1396434390|8.312
1396434412|8.5
1396434435|8.625
1396434457|8.5
1396434480|8.562
1396434502|8.5
1396434525|8.5
1396434547|8.5
1396434569|8.5
1396434592|8.625
1396434614|8.625
1396434637|8.812
1396434659|8.812
1396434682|8.875
1396434704|8.937
1396434727|8.812
1396434749|8.562
1396434772|8.437
1396434794|8.437
1396434817|8.437
1396434839|8.062
1396434862|8.062
1396434884|8.187
1396434907|8.375
1396434929|8.375
1396434951|8.437
1396434974|8.5
1396434996|8.625
1396435019|8.625
1396435041|8.937
1396435064|8.937
1396435086|8.812
1396435109|8.875
1396435131|8.625
1396435154|8.312
1396435176|8.437
1396435199|8.125
1396435221|8.125
1396435244|7.5
1396435266|7.437
1396435288|7.437
1396435311|7.562
1396435333|7.437
1396435356|7.5
1396435378|7.5
1396435401|7.5
1396435423|7.625
1396435446|7.687
1396435468|7.562
1396435491|7.562
1396435513|7.875
1396435536|7.937
1396435558|7.812
1396435581|7.812
1396435603|7.937
1396435625|8.0
1396435648|8.125
1396435670|8.187
1396435693|8.25
1396435715|8.312
1396435738|8.5
1396435760|8.562
1396435783|8.562
1396435805|8.562
1396435828|8.562
1396435850|8.562
1396435873|8.5
1396435895|8.25
1396435918|8.0
1396435940|8.187
1396435963|8.312
1396435985|8.5
1396436007|8.75
1396436030|8.75
1396436052|8.875
1396436075|8.875
1396436097|8.812
1396436120|8.75
1396436142|8.375
1396436165|8.437
1396436187|8.5
1396436210|8.5
1396436232|8.625
1396436255|8.562
1396436277|8.562
1396436300|8.75
1396436322|8.937
1396436345|9.0
1396436367|9.187
1396436389|9.062
1396436412|9.187
1396436434|9.0
1396436457|9.0
1396436479|9.062
1396436502|9.187
1396436524|9.125
1396436547|9.062
1396436569|9.125
1396436592|9.187
1396436614|9.375
1396436637|9.375
1396436659|9.437
1396436682|9.187
1396436704|8.875
1396436726|8.937
1396436749|8.812
1396436771|8.625
1396436794|8.687
1396436816|8.687
1396436839|8.875
1396436861|8.75
1396436884|8.625
1396436906|8.562
1396436929|8.75
1396436951|8.812
1396436974|8.937
1396436996|8.937
1396437019|8.812
1396437041|8.75
1396437063|8.875
1396437086|9.0
1396437108|8.812
1396437131|8.625
1396437153|8.75
1396437176|8.687
1396437198|8.75
1396437221|8.875
1396437243|9.062
1396437266|9.0
1396437288|9.25
1396437311|9.437
1396437333|9.062
1396437356|9.187
1396437378|9.0
1396437400|8.937
1396437423|8.937
1396437445|8.75
1396437468|8.812
1396437490|9.0
1396437513|8.812
1396437535|8.875
1396437558|9.187
1396437580|9.5
1396437603|9.75
1396437625|10.0
1396437648|10.187
1396437670|10.062
1396437693|9.75
1396437715|9.375
1396437738|9.562
1396437760|85.0
1396437783|9.875
1396437805|10.062
1396437827|9.875
1396437850|10.0
1396437872|9.75
1396437895|9.812
1396437917|10.0
1396437940|10.062
1396437962|10.062
1396437985|10.187
1396438007|9.812
1396438030|9.375
1396438052|9.625
1396438075|9.812
1396438097|10.062
1396438120|9.5
1396438142|9.25
1396438164|9.062
1396438187|9.25
1396438209|9.5
1396438232|9.437
1396438254|9.437
1396438277|9.687
1396438299|9.75
1396438322|9.75
1396438344|9.562
1396438367|9.625
1396438389|9.812
1396438412|9.75
1396438434|9.687
1396438457|9.75
1396438479|9.687
1396438501|10.0
1396438524|10.0
1396438546|9.687
1396438569|9.812
1396438591|9.687
1396438614|9.562
1396438636|9.687
1396438659|9.625
1396438681|9.25
1396438704|8.875
1396438726|8.812
1396438749|8.75
1396438771|8.562
1396438794|8.5
1396438816|8.625
1396438839|8.625
1396438861|8.75
1396438883|8.875
1396438906|9.062
1396438928|8.625
1396438951|8.5
1396438973|8.437
1396438996|8.625
1396439018|8.375
1396439041|8.187
1396439063|8.187
1396439086|8.0
1396439108|7.937
1396439131|8.062
1396439153|8.375
1396439176|8.437
1396439198|8.562
1396439220|8.687
1396439243|8.812
1396439265|9.062
1396439288|9.375
1396439310|9.562
1396439333|9.875
1396439355|10.125
1396439378|10.5
1396439400|10.75
1396439423|10.875
1396439445|10.812
1396439468|11.0
1396439490|11.187
1396439513|11.187
1396439535|10.625
1396439558|9.937
1396439580|9.625
1396439603|9.312
1396439625|9.25
1396439647|9.125
1396439670|8.937
1396439692|9.0
1396439715|9.125
1396439737|9.25
1396439760|9.375
1396439782|9.25
1396439805|9.562
1396439827|9.5
1396439850|9.312
1396439872|9.25
1396439895|9.0
1396439917|8.625
1396439940|8.75
1396439962|8.75
1396439984|9.25
1396440007|9.625
1396440029|9.625
1396440052|9.562
1396440074|9.437
1396440097|9.562
1396440119|9.75
1396440142|9.875
1396440164|10.062
1396440187|10.062
1396440209|9.25
1396440232|9.5
1396440254|9.312
1396440277|8.937
1396440299|8.687
1396440321|8.75
1396440344|8.937
1396440366|8.937
1396440389|9.062
1396440411|9.25
1396440434|9.437
1396440456|9.625
1396440479|9.625
1396440501|9.687
1396440524|9.5
1396440546|9.812
1396440569|10.062
1396440591|10.187
1396440614|10.5
1396440636|10.375
1396440658|10.312
1396440681|10.5
1396440703|10.5
1396440726|10.562
1396440748|10.625
1396440771|10.687
1396440793|10.937
1396440816|11.187
1396440838|11.375
1396440861|11.562
1396440883|11.0
1396440906|11.125
1396440928|11.5
1396440951|11.562
1396440973|11.812
1396440995|12.062
1396441018|12.0
1396441040|11.875
1396441063|11.687
1396441085|11.562
1396441108|11.312
1396441130|11.312
1396441153|11.437
1396441175|11.687
1396441198|11.687
1396441220|11.5
1396441243|11.375
1396441265|11.5
1396441288|11.625
1396441310|11.625
1396441333|11.812
1396441355|11.875
1396441378|11.75
1396441400|11.875
1396441422|12.125
1396441445|11.625
1396441467|11.187
1396441490|10.75
1396441512|10.687
1396441535|10.687
1396441557|10.5
1396441580|10.062
1396441602|9.875
1396441625|10.0
1396441647|10.25
1396441670|10.25
1396441692|10.125
1396441715|10.5
1396441737|10.75
1396441759|11.062
1396441782|11.0
1396441804|11.125
1396441827|10.875
1396441849|11.062
1396441872|10.875
1396441894|10.625
1396441917|10.687
1396441939|10.437
1396441962|10.375
1396441984|10.75
1396442007|10.875
1396442029|10.562
1396442052|10.75
1396442074|10.937
1396442096|11.062
1396442119|11.062
1396442141|11.0
1396442164|11.125
1396442186|11.25
1396442209|11.437
1396442231|11.5
1396442254|11.5
1396442276|11.75
1396442299|11.875
1396442321|11.687
1396442344|12.0
1396442366|11.812
1396442389|11.812
1396442411|11.875
1396442433|11.75
1396442456|12.187
1396442478|12.375
1396442501|12.5
1396442523|12.625
1396442546|12.437
1396442568|12.625
1396442591|12.625
1396442613|12.187
1396442636|11.562
1396442658|11.562
1396442681|11.875
1396442703|12.187
1396442726|12.5
1396442748|12.437
1396442771|12.187
1396442793|12.062
1396442815|11.875
1396442838|11.5
1396442860|11.875
1396442883|12.062
1396442905|11.812
1396442928|11.875
1396442950|12.062
1396442973|12.062
1396442995|12.062
1396443018|12.125
1396443040|12.187
1396443063|11.75
1396443085|11.437
1396443108|11.375
1396443130|11.437
1396443152|11.437
1396443175|11.187
1396443197|11.5
1396443220|11.312
1396443242|11.25
1396443265|11.375
1396443287|11.562
1396443310|11.875
1396443332|11.625
1396443355|11.687
1396443377|11.625
1396443400|11.937
1396443422|12.0
1396443445|11.75
1396443467|11.875
1396443489|11.625
1396443512|11.062
1396443534|11.25
1396443557|11.25
1396443579|11.062
1396443602|11.187
1396443624|11.312
1396443647|11.5
1396443669|11.562
1396443692|12.062
1396443714|12.0
1396443737|12.0
1396443759|11.562
1396443782|11.375
1396443804|11.562
1396443827|11.625
1396443849|11.75
1396443871|12.187
1396443894|12.0
1396443916|11.375
1396443939|11.125
1396443961|11.0
1396443984|11.062
1396444006|11.312
1396444029|11.562
1396444051|11.875
1396444074|12.312
1396444096|12.812
1396444119|12.875
1396444141|12.875
1396444164|12.812
1396444186|12.937
1396444209|13.187
1396444231|13.062
1396444253|13.125
1396444276|12.562
1396444298|12.5
1396444321|12.812
1396444343|12.875
1396444366|13.062
1396444388|13.125
1396444411|13.312
1396444433|13.375
1396444456|13.375
1396444478|13.562
1396444501|13.562
1396444523|13.562
1396444546|13.312
1396444568|12.937
1396444591|12.562
1396444613|12.062
1396444636|12.062
1396444658|12.187
1396444680|11.812
1396444703|11.687
1396444725|12.25
1396444748|12.5
1396444770|12.812
1396444793|12.875
1396444815|12.875
1396444838|12.937
1396444860|12.812
1396444883|12.812
1396444905|13.062
1396444928|13.25
1396444950|12.937
1396444973|12.75
1396444995|12.937
1396445017|12.812
1396445040|12.75
1396445062|12.625
1396445085|12.625
1396445107|12.562
1396445130|12.25
1396445152|12.5
1396445175|12.562
1396445197|12.375
1396445220|12.375
1396445242|12.0
1396445265|12.0
1396445287|11.562
1396445310|11.625
1396445332|11.687
1396445354|11.5
1396445377|11.312
1396445399|11.562
1396445422|11.5
1396445444|11.437
1396445467|11.312
1396445489|11.25
1396445512|11.0
1396445534|11.25
1396445557|11.625
1396445579|11.875
1396445602|11.687
1396445624|11.625
1396445647|11.812
1396445669|12.25
1396445691|12.375
1396445714|12.0
1396445736|12.25
1396445759|12.187
1396445781|11.937
1396445804|12.0
1396445826|12.25
1396445849|12.562
1396445871|12.5
1396445894|12.687
1396445916|12.562
1396445939|12.375
1396445961|12.375
1396445984|12.5
1396446006|12.437
1396446029|12.0
1396446051|11.875
1396446073|12.062
1396446096|11.875
1396446118|12.0
1396446141|11.812
1396446163|11.437
1396446186|11.562
1396446208|11.375
1396446231|11.5
1396446253|11.5
1396446276|11.625
1396446298|12.125
1396446321|12.187
1396446343|12.187
1396446366|12.25
1396446388|12.5
1396446410|12.562
1396446433|12.687
1396446455|12.0
1396446478|12.312
1396446500|12.187
1396446523|12.25
1396446545|12.25
1396446568|12.125
1396446590|11.937
1396446613|11.937
1396446635|12.0
1396446658|12.062
1396446680|12.25
1396446703|11.75
1396446725|12.062
1396446747|12.0
1396446770|12.25
1396446792|12.562
1396446815|12.125
1396446837|11.937
1396446860|11.625
1396446882|11.875
1396446905|11.937
1396446927|12.187
1396446950|12.312
1396446972|12.312
1396446995|12.25
1396447017|12.5
1396447040|12.625
1396447062|12.625
1396447084|12.437
1396447107|12.437
1396447129|12.437
1396447152|12.375
1396447174|12.5
1396447197|12.5
1396447219|12.75
1396447242|12.312
1396447264|12.437
1396447287|12.5
1396447309|12.687
1396447332|12.437
1396447354|12.5
1396447377|12.062
1396447399|11.687
1396447422|11.687
1396447444|11.437
1396447466|11.437
1396447489|11.5
1396447511|11.5
1396447534|11.437
1396447556|11.687
1396447579|11.937
1396447601|12.062
1396447624|12.5
1396447646|12.562
1396447669|12.562
1396447691|12.375
1396447714|12.375
1396447736|11.937
1396447759|11.625
1396447781|11.812
1396447804|11.937
1396447826|12.375
1396447848|12.562
1396447871|12.812
1396447893|13.0
1396447916|13.25
1396447938|13.625
1396447961|13.562
1396447983|13.562
1396448006|13.312
1396448028|13.375
1396448051|13.812
1396448073|13.875
1396448096|14.25
1396448118|14.437
1396448141|14.687
1396448163|14.437
1396448186|14.375
1396448208|14.437
1396448231|14.312
1396448253|14.312
1396448275|14.375
1396448298|14.187
1396448320|14.312
1396448343|14.312
1396448365|14.187
1396448388|13.625
1396448410|13.562
1396448433|13.562
1396448455|13.375
1396448478|13.187
1396448500|13.375
1396448523|13.812
1396448545|13.562
1396448568|13.562
1396448590|13.812
1396448612|14.062
1396448635|14.187
1396448657|13.625
1396448680|13.875
1396448702|14.125
1396448725|14.0
1396448747|13.562
1396448770|13.75
1396448792|13.812
1396448815|13.937
1396448837|13.937
1396448860|13.75
1396448882|13.562
1396448905|13.312
1396448927|12.937
1396448949|12.562
1396448972|12.75
1396448994|12.812
1396449017|12.437
1396449039|12.75
1396449062|12.687
1396449084|12.437
1396449107|12.437
1396449129|12.625
1396449152|12.875
1396449174|12.562
1396449197|12.375
1396449219|11.937
1396449242|11.562
1396449264|11.437
1396449286|11.5
1396449309|11.125
1396449331|11.125
1396449354|11.125
1396449376|11.062
1396449399|11.0
1396449421|11.125
1396449444|10.812
1396449466|10.75
1396449489|10.875
1396449511|11.125
1396449534|11.25
1396449556|11.687
1396449579|12.062
1396449601|12.187
1396449624|12.312
1396449646|12.5
1396449668|12.875
1396449691|13.062
1396449713|12.687
1396449736|13.062
1396449758|13.562
1396449781|14.0
1396449803|14.25
1396449826|14.562
1396449848|15.0
1396449871|14.562
1396449893|14.875
1396449916|15.25
1396449938|15.812
1396449961|15.75
1396449983|16.062
1396450005|16.375
1396450028|16.562
1396450050|17.062
1396450073|17.25
1396450095|17.625
1396450118|18.0
1396450140|17.875
1396450163|17.625
1396450185|17.25
1396450208|17.125
1396450230|17.125
1396450253|17.25
1396450275|17.625
1396450298|17.937
1396450320|17.75
1396450342|17.812
1396450365|18.187
1396450387|17.937
1396450410|17.875
1396450432|17.437
1396450455|17.0
1396450477|17.375
1396450500|17.437
1396450522|17.562
1396450545|18.25
1396450567|18.5
1396450590|18.937
1396450612|18.937
1396450635|19.062
1396450657|19.375
1396450679|19.062
1396450702|19.125
1396450724|19.5
1396450747|19.562
1396450769|20.0
1396450792|19.75
1396450814|19.687
1396450837|20.125
1396450859|20.25
1396450882|20.187
1396450904|20.187
1396450927|20.25
1396450949|20.437
1396450972|20.5
1396450994|20.812
1396451016|21.5
1396451039|21.875
1396451061|22.625
1396451084|23.25
1396451106|23.687
1396451129|24.125
1396451151|24.312
1396451174|23.937
1396451196|23.375
1396451219|22.687
1396451241|21.25
1396451264|21.125
1396451286|21.312
1396451309|20.062
1396451331|19.312
1396451354|19.187
1396451376|18.25
1396451399|17.187
1396451421|16.5
1396451443|16.062
1396451466|16.0
1396451488|16.062
1396451511|15.75
1396451533|15.625
1396451556|15.437
1396451578|15.062
1396451601|15.125
1396451623|14.562
1396451646|14.125
1396451668|14.062
1396451691|13.687
1396451713|13.875
1396451736|13.875
1396451758|13.812
1396451780|14.062
1396451803|14.187
1396451825|14.75
1396451848|15.562
1396451870|16.375
1396451893|17.0
1396451915|17.375
1396451938|17.875
1396451960|18.687
1396451983|18.437
1396452005|18.875
1396452028|18.875
1396452050|18.875
1396452073|20.437
1396452095|21.062
1396452117|21.187
1396452140|21.125
1396452162|21.5
1396452185|20.625
1396452207|20.187
1396452230|19.562
1396452252|19.312
1396452275|18.875
1396452297|18.75
1396452320|19.375
1396452342|19.812
1396452365|20.437
1396452387|20.75
1396452410|21.687
1396452432|21.437
1396452455|21.687
1396452477|20.687
1396452500|20.75
1396452522|20.937
1396452544|20.312
1396452567|20.0
1396452589|19.312
1396452612|18.5
1396452634|18.187
1396452657|17.312
1396452679|16.875
1396452702|16.812
1396452724|17.187
1396452747|17.937
1396452769|18.375
1396452792|18.75
1396452814|19.25
1396452837|19.687
1396452859|19.75
1396452881|20.125
1396452904|20.562
1396452926|21.062
1396452949|21.562
1396452971|21.875
1396452994|21.687
1396453016|21.187
1396453039|21.375
1396453061|21.25
1396453084|21.625
1396453106|21.75
1396453129|21.875
1396453151|21.5
1396453174|21.75
1396453196|22.187
1396453218|21.937
1396453241|21.937
1396453263|22.375
1396453286|23.0
1396453308|22.937
1396453331|22.75
1396453353|23.0
1396453376|23.0
1396453398|22.5
1396453421|22.5
1396453443|22.437
1396453466|22.437
1396453488|22.625
1396453511|22.937
1396453533|23.625
1396453556|23.25
1396453578|23.125
1396453600|23.25
1396453623|23.0
1396453645|22.75
1396453668|23.062
1396453690|23.5
1396453713|23.312
1396453735|23.312
1396453758|23.25
1396453780|22.75
1396453803|22.562
1396453825|21.437
1396453848|20.562
1396453870|20.562
1396453893|20.187
1396453915|20.25
1396453937|20.125
1396453960|20.187
1396453982|20.687
1396454005|20.687
1396454027|20.937
1396454050|20.625
1396454072|20.687
1396454095|21.062
1396454117|21.312
1396454140|21.312
1396454162|21.75
1396454185|21.562
1396454207|22.062
1396454230|22.375
1396454252|22.062
1396454274|22.312
1396454297|22.187
1396454319|22.375
1396454342|22.812
1396454364|22.562
1396454387|22.562
1396454409|22.625
1396454432|22.187
1396454454|21.937
1396454477|22.187
1396454499|22.375
1396454522|22.312
1396454544|22.625
1396454567|22.437
1396454589|21.937
1396454612|21.937
1396454634|21.5
1396454656|21.5
1396454679|21.875
1396454701|22.0
1396454724|21.562
1396454746|21.312
1396454769|20.937
1396454791|20.375
1396454814|19.812
1396454836|19.812
1396454859|19.625
1396454881|19.25
1396454904|19.5
1396454926|20.062
1396454949|20.625
1396454971|20.5
1396454994|20.437
1396455016|20.312
1396455038|20.125
1396455061|19.875
1396455083|19.625
1396455106|19.25
1396455128|19.125
1396455151|18.937
1396455173|19.125
1396455196|18.875
1396455218|18.375
1396455241|17.75
1396455263|17.187
1396455286|17.25
1396455308|16.812
1396455331|16.625
1396455353|16.375
1396455375|16.062
1396455398|15.687
1396455420|15.5
1396455443|15.437
1396455465|15.25
1396455488|15.0
1396455510|14.812
1396455533|14.562
1396455555|14.5
1396455578|14.687
1396455600|14.5
1396455623|14.625
1396455645|14.25
1396455668|14.437
1396455690|14.562
1396455713|14.562
1396455735|14.5
1396455758|14.375
1396455780|14.5
1396455802|14.625
1396455825|14.75
1396455847|15.0
1396455870|14.875
1396455892|14.937
1396455915|15.062
1396455937|15.062
1396455960|14.875
1396455982|15.062
1396456005|14.687
1396456027|14.687
1396456050|14.75
1396456072|14.625
1396456095|14.437
1396456117|14.312
1396456139|14.125
1396456162|14.312
1396456184|14.25
1396456207|14.125
1396456229|14.125
1396456252|13.875
1396456274|13.875
1396456297|13.75
1396456319|13.75
1396456342|13.75
1396456364|13.875
1396456387|13.75
1396456409|13.812
1396456432|13.812
1396456454|13.562
1396456476|13.687
1396456499|13.625
1396456521|13.437
1396456544|13.437
1396456566|13.562
1396456589|13.5
1396456611|13.5
1396456634|13.812
1396456656|13.875
1396456679|13.687
1396456701|13.687
1396456724|14.0
1396456746|14.187
1396456769|14.125
1396456791|13.812
1396456814|13.687
1396456836|13.25
1396456858|13.125
1396456881|12.937
1396456903|12.75
1396456926|12.75
1396456948|12.75
1396456971|12.375
1396456993|12.187
1396457016|12.0
1396457038|11.875
1396457061|11.625
1396457083|11.625
1396457106|11.375
1396457128|11.125
1396457151|11.0
1396457173|10.937
1396457195|10.687
1396457218|10.5
1396457240|10.437
1396457263|10.25
1396457285|10.375
1396457308|10.375
1396457330|10.125
1396457353|9.937
1396457375|9.812
1396457398|9.562
1396457420|9.437
1396457443|9.437
1396457465|9.437
1396457488|9.437
1396457510|9.5
1396457532|9.437
1396457555|9.375
1396457577|9.187
1396457600|9.25
1396457622|9.187
1396457645|8.875
1396457667|8.687
1396457690|8.562
1396457712|8.312
1396457735|8.312
1396457757|8.562
1396457780|8.625
1396457802|8.437
1396457825|8.375
1396457847|8.25
1396457870|8.187
1396457892|8.187
1396457914|8.0
1396457937|8.125
1396457959|7.937
1396457982|7.875
1396458004|7.875
1396458027|8.0
1396458049|7.75
1396458072|7.812
1396458094|7.75
1396458117|7.875
1396458139|7.812
1396458162|7.812
1396458184|7.812
1396458207|7.687
1396458229|7.562
1396458252|7.562
1396458274|7.625
1396458296|7.687
1396458319|7.625
1396458341|7.625
1396458364|7.375
1396458386|7.375
1396458409|7.5
1396458431|7.375
1396458454|7.25
1396458476|7.187
1396458499|7.187
1396458521|7.25
1396458544|7.25
1396458566|7.125
1396458589|7.125
1396458611|7.187
1396458633|7.187
1396458656|7.25
1396458678|7.25
1396458701|7.25
1396458723|7.125
1396458746|7.062
1396458768|7.062
1396458791|7.0
1396458813|6.937
1396458836|6.875
1396458858|6.937
1396458881|6.875
1396458903|6.812
1396458926|6.75
1396458948|6.812
1396458970|6.75
1396458993|6.687
1396459015|6.562
1396459038|6.5
1396459060|6.5
1396459083|6.437
1396459105|6.375
1396459128|6.5
1396459150|6.375
1396459173|6.437
1396459195|6.375
1396459218|6.312
1396459240|6.312
1396459263|6.25
1396459285|6.25
1396459308|6.312
1396459330|6.25
1396459353|6.187
1396459375|6.25
1396459397|6.25
1396459420|6.187
1396459442|6.125
1396459465|6.062
1396459487|5.937
1396459510|6.0
1396459532|5.875
1396459555|5.937
1396459577|5.875
1396459600|5.812
1396459622|5.812
1396459645|5.75
1396459667|5.812
1396459690|5.875
1396459712|5.875
1396459734|5.812
1396459757|5.812
1396459779|5.625
1396459802|5.562
1396459824|5.5
1396459847|5.5
1396459869|5.5
1396459892|5.562
1396459914|5.437
1396459937|5.312
1396459959|5.25
1396459982|5.25
1396460004|5.187
1396460027|5.187
1396460049|5.187
1396460071|5.125
1396460094|5.125
1396460116|5.062
1396460139|5.062
1396460161|5.0
1396460184|5.0
1396460206|5.0
1396460229|5.0
1396460251|5.0
1396460274|5.0
1396460296|5.0
1396460319|5.0
1396460341|5.0
1396460364|5.062
1396460386|5.062
1396460409|5.0
1396460431|5.0
1396460453|5.0
1396460476|5.125
1396460498|5.062
1396460521|5.125
1396460543|5.125
1396460566|5.125
1396460588|5.125
1396460611|5.125
1396460633|5.125
1396460656|5.125
1396460678|5.125
1396460701|5.125
1396460723|5.125
1396460746|5.125
1396460768|5.0
1396460790|5.0
1396460813|5.062
1396460835|5.062
1396460858|5.0
1396460880|5.062
1396460903|5.0
1396460925|4.812
1396460948|4.75
1396460970|4.875
1396460993|4.875
1396461015|4.812
1396461038|4.75
1396461060|4.687
1396461083|4.75
1396461105|4.687
1396461127|4.625
1396461150|4.5
1396461172|4.437
1396461195|4.5
1396461217|4.5
1396461240|4.437
1396461262|4.375
1396461285|4.312
1396461307|4.312
1396461330|4.375
1396461352|4.312
1396461375|4.25
1396461397|4.187
1396461420|4.187
1396461442|4.25
1396461464|4.25
1396461487|4.312
1396461509|4.312
1396461532|4.25
1396461554|4.25
1396461577|4.25
1396461599|4.187
1396461622|4.187
1396461644|4.25
1396461667|4.25
1396461689|4.312
1396461712|4.375
1396461734|4.375
1396461757|4.312
1396461779|4.375
1396461801|4.312
1396461824|4.312
1396461846|4.25
1396461869|4.312
1396461891|4.187
1396461914|4.125
1396461936|4.062
1396461959|4.0
1396461981|3.937
1396462004|3.875
1396462026|3.875
1396462049|3.875
1396462071|3.875
1396462094|3.875
1396462116|3.812
1396462139|3.75
1396462161|3.812
1396462184|3.812
1396462206|3.75
1396462228|3.687
1396462251|3.625
1396462273|3.625
1396462296|3.625
1396462318|3.625
1396462341|3.562
1396462363|3.562
1396462386|3.625
1396462408|3.625
1396462431|3.562
1396462453|3.625
1396462476|3.562
1396462498|3.562
1396462521|3.562
1396462543|3.5
1396462565|3.625
1396462588|3.625
1396462610|3.625
1396462633|3.625
1396462655|3.625
1396462678|3.625
1396462700|3.687
1396462723|3.687
1396462745|3.687
1396462768|3.687
1396462790|3.687
1396462813|3.687
1396462835|3.687
1396462858|3.625
1396462880|3.562
1396462902|3.5
1396462925|3.5
1396462947|3.437
1396462970|3.437
1396462992|3.437
1396463015|3.375
1396463037|3.312
1396463060|3.375
1396463082|3.375
1396463105|3.375
1396463127|3.375
1396463150|3.375
1396463172|3.437
1396463195|3.437
1396463217|3.437
1396463240|3.312
1396463262|3.25
1396463285|3.312
1396463307|3.375
1396463329|3.375
1396463352|3.375
1396463374|3.375
1396463397|3.375
1396463419|3.375
1396463442|3.312
1396463464|3.312
1396463487|3.25
1396463509|3.25
1396463532|3.312
1396463554|3.25
1396463577|3.187
1396463599|3.187
1396463622|3.187
1396463644|3.187
1396463666|3.125
1396463689|3.125
1396463711|3.125
1396463734|3.125
1396463756|3.125
1396463779|3.062
1396463801|3.125
1396463824|3.125
1396463846|3.125
1396463869|3.125
1396463891|3.125
1396463914|3.062
1396463936|3.062
1396463959|3.0
1396463981|3.0
1396464003|3.0
1396464026|3.0
1396464048|3.062
1396464071|3.0
1396464093|3.0
1396464116|3.0
1396464138|3.0
1396464161|3.062
1396464183|3.062
1396464206|3.062
1396464228|3.0
1396464251|2.937
1396464273|2.937
1396464296|2.875
1396464318|2.875
1396464340|2.937
1396464363|2.937
1396464385|2.937
1396464408|2.937
1396464430|2.875
1396464453|2.812
1396464475|2.812
1396464498|2.75
1396464520|2.75
1396464543|2.75
1396464565|2.687
1396464588|2.75
1396464610|2.75
1396464633|2.75
1396464655|2.75
1396464678|2.75
1396464700|2.75
1396464722|2.687
1396464745|2.75
1396464767|2.687
1396464790|2.75
1396464812|2.75
1396464835|2.75
1396464857|2.75
1396464880|2.75
1396464902|2.75
1396464925|2.75
1396464947|2.687
1396464970|2.687
1396464992|2.687
1396465015|2.687
1396465037|2.687
1396465059|2.687
1396465082|2.625
1396465104|2.625
1396465127|2.625
1396465149|2.625
1396465172|2.687
1396465194|2.687
1396465217|2.625
1396465239|2.625
1396465262|2.625
1396465284|2.625
1396465307|2.625
1396465329|2.625
1396465352|2.625
1396465374|2.625
1396465396|2.625
1396465419|2.625
1396465441|2.687
1396465464|2.687
1396465486|2.625
1396465509|2.625
1396465531|2.625
1396465554|2.625
1396465576|2.625
1396465599|2.625
1396465621|2.625
1396465644|2.625
1396465666|2.625
1396465689|2.625
1396465711|2.625
1396465733|2.562
1396465756|2.562
1396465778|2.5
1396465801|2.5
1396465823|2.5
1396465846|2.562
1396465868|2.5
1396465891|2.5
1396465913|2.437
1396465936|2.375
1396465958|2.437
1396465981|2.375
1396466003|2.375
1396466026|2.375
1396466048|2.375
1396466070|2.437
1396466093|2.375
1396466115|2.437
1396466138|2.437
1396466160|2.437
1396466183|2.437
1396466205|2.437
1396466228|2.437
1396466250|2.437
1396466273|2.437
1396466295|2.375
1396466318|2.437
1396466340|2.437
1396466363|2.375
1396466385|2.312
1396466408|2.375
1396466430|2.375
1396466453|2.375
1396466475|2.375
1396466497|2.375
1396466520|2.375
1396466542|2.312
1396466565|2.375
1396466587|2.312
1396466610|2.375
1396466632|2.375
1396466655|2.375
1396466677|2.375
1396466700|2.312
1396466722|2.312
1396466745|2.25
1396466767|2.25
1396466790|2.25
1396466812|2.25
1396466834|2.187
1396466857|2.25
1396466879|2.25
1396466902|2.312
1396466924|2.312
1396466947|2.25
1396466969|2.25
1396466992|2.25
1396467014|2.25
1396467037|2.187
1396467059|2.125
1396467082|2.125
1396467104|2.062
1396467127|2.062
1396467149|2.062
1396467172|2.125
1396467194|2.125
1396467217|2.062
1396467239|2.062
1396467261|2.125
1396467284|2.187
1396467306|2.187
1396467329|2.125
1396467351|2.125
1396467374|2.125
1396467396|2.187
