1397930473|12.625
1397930495|12.562
1397930518|12.5
1397930540|12.5
1397930563|12.437
1397930585|12.375
1397930608|12.375
1397930630|12.25
1397930652|12.312
1397930675|12.25
1397930697|12.312
1397930720|12.312
1397930742|12.25
1397930765|12.25
1397930787|12.125
1397930810|12.062
1397930832|12.0
1397930855|11.937
1397930877|11.875
1397930900|11.812
1397930922|11.812
1397930945|11.75
1397930967|11.75
1397930990|11.687
1397931012|11.687
1397931034|11.625
1397931057|11.625
1397931079|11.562
1397931102|11.562
1397931124|11.5
1397931147|11.5
1397931169|11.5
1397931192|11.5
1397931214|11.562
1397931237|11.562
1397931259|11.562
1397931282|11.562
1397931304|11.5
1397931327|11.375
1397931349|11.437
1397931371|11.437
1397931394|11.437
1397931416|11.375
1397931439|11.375
1397931461|11.312
1397931484|11.187
1397931506|11.187
1397931529|11.187
1397931551|11.187
1397931574|11.187
1397931596|11.187
1397931619|11.125
1397931641|11.062
1397931664|11.125
1397931686|11.0
1397931708|10.937
1397931731|10.937
1397931753|10.937
1397931776|10.937
1397931798|10.937
1397931821|10.937
1397931843|10.937
1397931866|10.812
1397931888|10.75
1397931911|10.812
1397931933|10.812
1397931956|10.75
1397931978|10.75
1397932001|10.687
1397932023|10.687
1397932046|10.687
1397932068|10.625
1397932091|10.625
1397932113|10.625
1397932135|10.562
1397932158|10.625
1397932180|10.625
1397932203|10.625
1397932225|10.562
1397932248|10.562
1397932270|10.5
1397932293|10.5
1397932315|10.5
1397932338|10.437
1397932360|10.437
1397932383|10.437
1397932405|10.437
1397932428|10.375
1397932450|10.375
1397932472|10.375
1397932495|10.375
1397932517|10.375
1397932540|10.312
1397932562|10.312
1397932585|10.312
1397932607|10.25
1397932630|10.25
1397932652|10.187
1397932675|10.187
1397932697|10.187
1397932720|10.187
1397932742|10.125
1397932765|10.125
1397932787|10.062
1397932809|10.062
1397932832|10.0
1397932854|10.062
1397932877|10.0
1397932899|10.0
1397932922|9.937
1397932944|9.937
1397932967|9.875
1397932989|9.875
1397933012|9.875
1397933034|9.812
1397933057|9.812
1397933079|9.875
1397933102|9.812
1397933124|9.75
1397933147|9.75
1397933169|9.687
1397933191|9.687
1397933214|9.625
1397933236|9.625
1397933259|9.625
1397933281|9.562
1397933304|9.562
1397933326|9.5
1397933349|9.5
1397933371|9.375
1397933394|9.437
1397933416|9.375
1397933439|9.375
1397933461|9.375
1397933484|9.375
1397933506|9.312
1397933529|9.312
1397933551|9.312
1397933573|9.25
1397933596|9.312
1397933618|9.25
1397933641|9.25
1397933663|9.25
1397933686|9.25
1397933708|9.25
1397933731|9.187
1397933753|9.187
1397933776|9.187
1397933798|9.187
1397933821|9.125
1397933843|9.125
1397933866|9.125
1397933888|9.062
1397933910|9.0
1397933933|9.0
1397933955|9.0
1397933978|9.0
1397934000|9.0
1397934023|9.0
1397934045|8.937
1397934068|8.937
1397934090|8.875
1397934113|8.875
1397934135|8.875
1397934158|8.812
1397934180|8.812
1397934203|8.812
1397934225|8.812
1397934247|8.812
1397934270|8.812
1397934292|8.812
1397934315|8.875
1397934337|8.937
1397934360|9.0
1397934382|8.937
1397934405|8.937
1397934427|9.0
1397934450|9.062
1397934472|9.062
1397934495|9.062
1397934517|9.062
1397934540|9.062
1397934562|9.0
1397934584|9.062
1397934607|9.062
1397934629|9.0
1397934652|9.0
1397934674|9.062
1397934697|9.062
1397934719|9.0
1397934742|8.937
1397934764|8.875
1397934787|8.875
1397934809|8.937
1397934832|8.937
1397934854|8.937
1397934877|8.875
1397934899|8.812
1397934922|8.812
1397934944|8.75
1397934966|8.75
1397934989|8.687
1397935011|8.625
1397935034|8.625
1397935056|8.562
1397935079|8.5
1397935101|8.5
1397935124|8.437
1397935146|8.437
1397935169|8.437
1397935191|8.375
1397935214|8.375
1397935236|8.375
1397935259|8.375
1397935281|8.312
1397935303|8.312
1397935326|8.312
1397935348|8.25
1397935371|8.25
1397935393|8.187
1397935416|8.25
1397935438|8.25
1397935461|8.187
1397935483|8.187
1397935506|8.187
1397935528|8.187
1397935551|8.187
1397935573|8.187
1397935596|8.187
1397935618|8.187
1397935640|8.187
1397935663|8.187
1397935685|8.187
1397935708|8.187
1397935730|8.187
1397935753|8.187
1397935775|8.187
1397935798|8.187
1397935820|8.187
1397935843|8.187
1397935865|8.187
1397935888|8.187
1397935910|8.187
1397935933|8.187
1397935955|8.187
1397935977|8.187
1397936000|8.187
1397936022|8.25
1397936045|8.312
1397936067|8.312
1397936090|8.312
1397936112|8.312
1397936135|8.312
1397936157|8.25
1397936180|8.25
1397936202|8.25
1397936225|8.187
1397936247|8.125
1397936270|8.187
1397936292|8.125
1397936314|8.125
1397936337|8.125
1397936359|8.125
1397936382|8.187
1397936404|8.187
1397936427|8.187
1397936449|8.187
1397936472|8.125
1397936494|8.125
1397936517|8.187
1397936539|8.187
1397936562|8.125
1397936584|8.062
1397936607|8.125
1397936629|8.062
1397936652|8.125
1397936674|8.062
1397936696|8.062
1397936719|8.0
1397936741|8.0
1397936764|8.0
1397936786|8.0
1397936809|8.0
1397936831|7.937
1397936854|7.937
1397936876|7.937
1397936899|7.875
1397936921|7.875
1397936944|7.812
1397936966|7.812
1397936989|7.812
1397937011|7.812
1397937034|7.875
1397937057|7.875
1397937079|7.875
1397937102|7.875
1397937124|7.875
1397937147|7.875
1397937169|7.875
1397937192|7.875
1397937214|7.812
1397937237|7.812
1397937259|7.812
1397937281|7.812
1397937304|7.75
1397937326|7.75
1397937349|7.812
1397937371|7.75
1397937394|7.75
1397937416|7.812
1397937439|7.75
1397937461|7.75
1397937484|7.75
1397937506|7.75
1397937529|7.75
1397937551|7.75
1397937574|7.687
1397937596|7.75
1397937618|7.75
1397937641|7.75
1397937663|7.687
1397937686|7.687
1397937708|7.625
1397937731|7.625
1397937753|7.562
1397937776|7.562
1397937798|7.5
1397937821|7.562
1397937843|7.562
1397937866|7.562
1397937888|7.562
1397937911|7.625
1397937933|7.625
1397937956|7.625
1397937978|7.687
1397938001|7.625
1397938023|7.625
1397938045|7.625
1397938068|7.625
1397938090|7.625
1397938113|7.562
1397938135|7.562
1397938158|7.5
1397938180|7.5
1397938203|7.5
1397938225|7.5
1397938248|7.5
1397938270|7.437
1397938293|7.375
1397938315|7.375
1397938338|7.375
1397938360|7.375
1397938382|7.312
1397938405|7.312
1397938427|7.312
1397938450|7.312
1397938472|7.312
1397938495|7.25
1397938517|7.25
1397938540|7.187
1397938562|7.187
1397938585|7.125
1397938607|7.062
1397938630|7.062
1397938652|7.062
1397938675|7.062
1397938697|7.0
1397938719|7.0
1397938742|7.0
1397938764|7.0
1397938787|6.937
1397938809|6.937
1397938832|6.937
1397938854|6.937
1397938877|6.875
1397938899|6.875
1397938922|6.875
1397938944|6.937
1397938967|6.875
1397938989|6.937
1397939012|6.937
1397939034|6.875
1397939056|6.875
1397939079|6.875
1397939101|6.875
1397939124|6.875
1397939146|6.875
1397939169|6.875
1397939191|6.812
1397939214|6.812
1397939236|6.75
1397939259|6.687
1397939281|6.625
1397939304|6.625
1397939326|6.562
1397939349|6.5
1397939371|6.5
1397939394|6.437
1397939416|6.437
1397939438|6.437
1397939461|6.437
1397939483|6.437
1397939506|6.5
1397939528|6.5
1397939551|6.5
1397939573|6.437
1397939596|6.437
1397939618|6.437
1397939641|6.437
1397939663|6.437
1397939686|6.437
1397939708|6.5
1397939731|6.5
1397939753|6.562
1397939775|6.562
1397939798|6.562
1397939820|6.562
1397939843|6.625
1397939865|6.625
1397939888|6.562
1397939910|6.562
1397939933|6.5
1397939955|6.5
1397939978|6.437
1397940000|6.437
1397940023|6.375
1397940045|6.375
1397940068|6.375
1397940090|6.375
1397940113|6.312
1397940135|6.312
1397940158|6.25
1397940180|6.25
1397940202|6.25
1397940225|6.187
1397940247|6.187
1397940270|6.125
1397940292|6.125
1397940315|6.0
1397940337|6.0
1397940360|6.0
1397940382|6.0
1397940405|5.937
1397940427|5.937
1397940450|5.875
1397940472|5.875
1397940495|5.875
1397940517|5.812
1397940539|5.75
1397940562|5.687
1397940584|5.687
1397940607|5.687
1397940629|5.687
1397940652|5.687
1397940674|5.687
1397940697|5.687
1397940719|5.687
1397940742|5.687
1397940764|5.687
1397940787|5.687
1397940809|5.625
1397940832|5.625
1397940854|5.625
1397940876|5.625
1397940899|5.687
1397940921|5.687
1397940944|5.687
1397940966|5.75
1397940989|5.75
1397941011|5.75
1397941034|5.75
1397941056|5.75
1397941079|5.75
1397941101|5.812
1397941124|5.75
1397941146|5.812
1397941169|5.812
1397941191|5.812
1397941214|5.812
1397941236|5.812
1397941258|5.812
1397941281|5.812
1397941303|5.75
1397941326|5.812
1397941348|5.75
1397941371|5.75
1397941393|5.687
1397941416|5.687
1397941438|5.687
1397941461|5.687
1397941483|5.687
1397941506|5.625
1397941528|5.625
1397941551|5.625
1397941573|5.562
1397941596|5.562
1397941618|5.562
1397941640|5.5
1397941663|5.5
1397941685|5.5
1397941708|5.5
1397941730|5.5
1397941753|5.5
1397941775|5.437
1397941798|5.437
1397941820|5.437
1397941843|5.375
1397941865|5.437
1397941888|5.437
1397941910|5.437
1397941933|5.5
1397941955|5.437
1397941977|5.437
1397942000|5.437
1397942022|5.437
1397942045|5.375
1397942067|5.437
1397942090|5.437
1397942112|5.437
1397942135|5.375
1397942157|5.375
1397942180|5.312
1397942202|5.312
1397942225|5.312
1397942247|5.312
1397942270|5.312
1397942292|5.25
1397942314|5.187
1397942337|5.25
1397942359|5.25
1397942382|5.25
1397942404|5.25
1397942427|5.25
1397942449|5.25
1397942472|5.25
1397942494|5.25
1397942517|5.312
1397942539|5.312
1397942562|5.312
1397942584|5.312
1397942607|5.312
1397942629|5.312
1397942651|5.312
1397942674|5.312
1397942696|5.312
1397942719|5.312
1397942741|5.312
1397942764|5.375
1397942786|5.437
1397942809|5.437
1397942831|5.437
1397942854|5.437
1397942876|5.437
1397942899|5.5
1397942921|5.5
1397942944|5.437
1397942966|5.437
1397942988|5.375
1397943011|5.312
1397943033|5.312
1397943056|5.312
1397943078|5.312
1397943101|5.312
1397943123|5.312
1397943146|5.312
1397943168|5.25
1397943191|5.312
1397943213|5.312
1397943236|5.375
1397943258|5.375
1397943281|5.312
1397943303|5.375
1397943325|5.437
1397943348|5.437
1397943370|5.437
1397943393|5.437
1397943415|5.437
1397943438|5.437
1397943460|5.437
1397943483|5.5
1397943505|5.5
1397943528|5.562
1397943550|5.562
1397943573|5.562
1397943595|5.562
1397943618|5.562
1397943640|5.562
1397943663|5.5
1397943685|5.5
1397943707|5.5
1397943730|5.5
1397943752|5.5
1397943775|5.437
1397943797|5.5
1397943820|5.5
1397943842|5.5
1397943865|5.5
1397943887|5.437
1397943910|5.437
1397943932|5.437
1397943955|5.437
1397943977|5.437
1397944000|5.437
1397944022|5.437
1397944044|5.437
1397944067|5.437
1397944089|5.5
1397944112|5.437
1397944134|5.5
1397944157|5.5
1397944179|5.562
1397944202|5.562
1397944224|5.562
1397944247|5.562
1397944269|5.562
1397944292|5.562
1397944314|5.562
1397944337|5.625
1397944359|5.562
1397944381|5.562
1397944404|5.562
1397944426|5.562
1397944449|5.562
1397944471|5.562
1397944494|5.5
1397944516|5.562
1397944539|5.562
1397944561|5.562
1397944584|5.5
1397944606|5.5
1397944629|5.5
1397944651|5.5
1397944674|5.562
1397944696|5.562
1397944718|5.562
1397944741|5.562
1397944763|5.625
1397944786|5.625
1397944808|5.562
1397944831|5.625
1397944853|5.562
1397944876|5.5
1397944898|5.562
1397944921|5.562
1397944943|5.562
1397944966|5.562
1397944988|5.562
1397945011|5.562
1397945033|5.562
1397945055|5.625
1397945078|5.562
1397945100|5.562
1397945123|5.625
1397945145|5.625
1397945168|5.625
1397945190|5.625
1397945213|5.625
1397945235|5.625
1397945258|5.625
1397945280|5.562
1397945303|5.625
1397945325|5.625
1397945348|5.625
1397945370|5.625
1397945393|5.625
1397945416|5.625
1397945438|5.562
1397945461|5.562
1397945483|5.5
1397945506|5.5
1397945528|5.5
1397945551|5.5
1397945573|5.5
1397945596|5.5
1397945618|5.5
1397945641|5.437
1397945663|5.437
1397945685|5.5
1397945708|5.437
1397945730|5.437
1397945753|5.5
1397945775|5.437
1397945798|5.437
1397945820|5.437
1397945843|5.437
1397945865|5.437
1397945888|5.5
1397945910|5.5
1397945933|5.5
1397945955|5.5
1397945978|5.5
1397946000|5.5
1397946022|5.562
1397946045|5.562
1397946067|5.5
1397946090|5.5
1397946112|5.5
1397946135|5.5
1397946157|5.5
1397946180|5.5
1397946202|5.437
1397946225|5.5
1397946247|5.5
1397946270|5.437
1397946292|5.5
1397946315|5.5
1397946337|5.5
1397946360|5.437
1397946382|5.437
1397946404|5.437
1397946427|5.437
1397946449|5.437
1397946472|5.437
1397946494|5.437
1397946517|5.437
1397946539|5.437
1397946562|5.5
1397946584|5.5
1397946607|5.5
1397946629|5.5
1397946652|5.5
1397946674|5.437
1397946697|5.437
1397946719|5.437
1397946741|5.437
1397946764|5.437
1397946786|5.5
1397946809|5.437
1397946831|5.437
1397946854|5.437
1397946876|5.437
1397946899|5.437
1397946921|5.437
1397946944|5.437
1397946966|5.437
1397946989|5.375
1397947011|5.437
1397947034|5.437
1397947056|5.375
1397947079|5.437
1397947101|5.437
1397947123|5.437
1397947146|5.437
1397947168|5.437
1397947191|5.437
1397947213|5.437
1397947237|5.437
1397947259|5.437
1397947282|5.437
1397947304|5.437
1397947327|5.375
1397947349|5.375
1397947371|5.375
1397947394|5.375
1397947416|5.375
1397947439|5.375
1397947461|5.375
1397947484|5.312
1397947506|5.312
1397947529|5.375
1397947551|5.375
1397947574|5.375
1397947596|5.375
1397947619|5.375
1397947641|5.375
1397947664|5.375
1397947686|5.375
1397947708|5.375
1397947731|5.312
1397947753|5.312
1397947776|5.375
1397947798|5.312
1397947821|5.312
1397947843|5.312
1397947866|5.312
1397947888|5.312
1397947911|5.312
1397947933|5.25
1397947956|5.25
1397947978|5.312
1397948001|5.25
1397948023|5.25
1397948045|5.25
1397948068|5.187
1397948090|5.187
1397948113|5.187
1397948135|5.187
1397948158|5.125
1397948180|5.125
1397948203|5.125
1397948225|5.125
1397948248|5.125
1397948270|5.125
1397948293|5.125
1397948315|5.125
1397948338|5.125
1397948360|5.125
1397948382|5.187
1397948405|5.187
1397948427|5.125
1397948450|5.187
1397948472|5.187
1397948495|5.187
1397948517|5.125
1397948540|5.125
1397948562|5.125
1397948585|5.062
1397948607|5.062
1397948630|5.062
1397948652|5.062
1397948675|5.125
1397948697|5.125
1397948719|5.062
1397948742|5.0
1397948764|5.062
1397948787|5.062
1397948809|5.062
1397948832|5.0
1397948854|5.0
1397948877|5.062
1397948899|5.062
1397948922|5.062
1397948944|5.062
1397948967|5.062
1397948989|5.062
1397949012|5.062
1397949034|5.0
1397949057|5.0
1397949079|5.0
1397949102|5.0
1397949124|5.0
1397949146|4.937
1397949169|5.0
1397949191|5.0
1397949214|5.0
1397949236|5.0
1397949259|5.0
1397949281|5.0
1397949304|4.937
1397949326|4.937
1397949349|4.937
1397949371|5.0
1397949394|4.937
1397949416|4.937
1397949439|4.875
1397949462|4.875
1397949484|4.937
1397949507|4.875
1397949529|4.937
1397949552|4.875
1397949574|4.937
1397949597|4.875
1397949619|4.875
1397949642|4.875
1397949664|4.875
1397949686|4.875
1397949709|4.875
1397949731|4.875
1397949754|4.812
1397949776|4.812
1397949799|4.812
1397949821|4.812
1397949844|4.812
1397949866|4.875
1397949889|4.875
1397949911|4.812
1397949934|4.875
1397949956|4.875
1397949979|4.812
1397950001|4.812
1397950024|4.812
1397950046|4.812
1397950068|4.812
1397950091|4.875
1397950113|4.812
1397950136|4.812
1397950158|4.812
1397950181|4.875
1397950203|4.875
1397950226|4.875
1397950248|4.875
1397950271|4.875
1397950293|4.875
1397950316|4.875
1397950338|4.875
1397950361|4.875
1397950383|4.875
1397950405|4.937
1397950428|4.875
1397950450|4.875
1397950473|4.875
1397950495|4.812
1397950518|4.812
1397950540|4.875
1397950563|4.875
1397950585|4.875
1397950608|4.875
1397950630|4.875
1397950653|4.875
1397950675|4.812
1397950698|4.812
1397950720|4.812
1397950742|4.875
1397950765|4.812
1397950787|4.812
1397950810|4.812
1397950832|4.75
1397950855|4.75
1397950877|4.75
1397950900|4.75
1397950922|4.75
1397950945|4.75
1397950967|4.812
1397950990|4.812
1397951012|4.75
1397951035|4.75
1397951057|4.75
1397951080|4.75
1397951102|4.75
1397951125|4.75
1397951147|4.75
1397951169|4.687
1397951192|4.687
1397951214|4.687
1397951237|4.687
1397951259|4.75
1397951282|4.75
1397951304|4.75
1397951327|4.75
1397951349|4.812
1397951372|4.75
1397951394|4.75
1397951417|4.75
1397951439|4.75
1397951462|4.75
1397951484|4.687
1397951506|4.687
1397951529|4.687
1397951551|4.687
1397951574|4.687
1397951596|4.625
1397951619|4.625
1397951641|4.562
1397951664|4.562
1397951686|4.562
1397951709|4.5
1397951731|4.5
1397951754|4.5
1397951776|4.437
1397951799|4.437
1397951821|4.437
1397951843|4.437
1397951866|4.437
1397951888|4.437
1397951911|4.437
1397951933|4.375
1397951956|4.437
1397951978|4.375
1397952001|4.375
1397952023|4.375
1397952046|4.375
1397952068|4.312
1397952091|4.312
1397952113|4.312
1397952136|4.375
1397952158|4.375
1397952180|4.375
1397952203|4.375
1397952225|4.312
1397952248|4.312
1397952270|4.312
1397952293|4.312
1397952315|4.312
1397952338|4.312
1397952360|4.312
1397952383|4.312
1397952405|4.312
1397952428|4.25
1397952450|4.25
1397952473|4.25
1397952495|4.25
1397952518|4.187
1397952540|4.187
1397952563|4.187
1397952585|4.187
1397952607|4.187
1397952630|4.187
1397952652|4.187
1397952675|4.187
1397952697|4.25
1397952720|4.187
1397952742|4.187
1397952765|4.25
1397952787|4.187
1397952810|4.187
1397952832|4.187
1397952855|4.187
1397952877|4.187
1397952900|4.125
1397952922|4.125
1397952944|4.125
1397952967|4.125
1397952989|4.125
1397953012|4.125
1397953034|4.125
1397953057|4.125
1397953079|4.125
1397953102|4.125
1397953124|4.125
1397953147|4.125
1397953169|4.125
1397953192|4.062
1397953214|4.062
1397953237|4.062
1397953259|4.062
1397953281|4.062
1397953304|4.0
1397953326|4.0
1397953349|4.0
1397953371|4.0
1397953394|3.937
1397953416|3.937
1397953439|3.937
1397953461|3.937
1397953484|3.937
1397953506|3.937
1397953529|3.937
1397953551|3.937
1397953574|3.875
1397953596|3.875
1397953619|3.812
1397953641|3.812
1397953663|3.875
1397953686|3.812
1397953708|3.812
1397953731|3.75
1397953753|3.75
1397953776|3.687
1397953798|3.687
1397953821|3.687
1397953843|3.687
1397953866|3.687
1397953888|3.687
1397953911|3.625
1397953933|3.625
1397953956|3.625
1397953978|3.562
1397954000|3.562
1397954023|3.562
1397954045|3.625
1397954068|3.562
1397954090|3.562
1397954113|3.562
1397954135|3.5
1397954158|3.5
1397954180|3.5
1397954203|3.5
1397954225|3.5
1397954248|3.5
1397954270|3.5
1397954293|3.5
1397954315|3.562
1397954337|3.562
1397954360|3.5
1397954382|3.5
1397954405|3.5
1397954427|3.437
1397954450|3.437
1397954472|3.437
1397954495|3.437
1397954517|3.437
1397954540|3.437
1397954562|3.437
1397954585|3.437
1397954607|3.437
1397954630|3.375
1397954652|3.375
1397954675|3.375
1397954697|3.375
1397954719|3.437
1397954742|3.375
1397954764|3.375
1397954787|3.375
1397954809|3.375
1397954832|3.375
1397954854|3.312
1397954877|3.312
1397954899|3.312
1397954922|3.312
1397954944|3.312
1397954967|3.312
1397954989|3.25
1397955012|3.312
1397955034|3.312
1397955057|3.312
1397955079|3.312
1397955101|3.375
1397955124|3.375
1397955146|3.437
1397955169|3.437
1397955191|3.437
1397955214|3.375
1397955236|3.437
1397955259|3.437
1397955281|3.437
1397955304|3.5
1397955326|3.5
1397955349|3.562
1397955371|3.562
1397955394|3.562
1397955416|3.562
1397955438|3.5
1397955461|3.5
1397955483|3.5
1397955506|3.5
1397955528|3.5
1397955551|3.5
1397955573|3.562
1397955596|3.562
1397955618|3.562
1397955641|3.562
1397955663|3.562
1397955686|3.625
1397955708|3.625
1397955731|3.562
1397955753|3.562
1397955775|3.562
1397955798|3.562
1397955820|3.562
1397955843|3.562
1397955865|3.5
1397955888|3.5
1397955910|3.5
1397955933|3.5
1397955955|3.5
1397955978|3.562
1397956000|3.562
1397956023|3.5
1397956045|3.5
1397956068|3.562
1397956090|3.562
1397956113|3.562
1397956135|3.562
1397956158|3.562
1397956180|3.562
1397956202|3.562
1397956225|3.562
1397956247|3.625
1397956270|3.625
1397956292|3.625
1397956315|3.625
1397956337|3.625
1397956360|3.687
1397956382|3.687
1397956405|3.625
1397956427|3.625
1397956450|3.625
1397956472|3.687
1397956495|3.625
1397956517|3.625
1397956539|3.625
1397956562|3.625
1397956584|3.625
1397956607|3.625
1397956629|3.625
1397956652|3.625
1397956674|3.625
1397956697|3.625
1397956719|3.625
1397956742|3.625
1397956764|3.625
1397956787|3.625
1397956809|3.625
1397956832|3.687
1397956854|3.625
1397956877|3.687
1397956899|3.625
1397956921|3.687
1397956944|3.687
1397956966|3.687
1397956989|3.687
1397957011|3.687
1397957034|3.687
1397957056|3.687
1397957079|3.687
1397957101|3.687
1397957124|3.687
1397957146|3.625
1397957169|3.625
1397957191|3.625
1397957214|3.625
1397957236|3.625
1397957258|3.625
1397957281|3.625
1397957303|3.687
1397957326|3.687
1397957348|3.687
1397957371|3.687
1397957393|3.625
1397957416|3.625
1397957438|3.625
1397957461|3.625
1397957483|3.625
1397957506|3.625
1397957528|3.625
1397957551|3.625
1397957573|3.625
1397957596|3.625
1397957618|3.625
1397957640|3.625
1397957663|3.625
1397957685|3.625
1397957708|3.625
1397957730|3.625
1397957753|3.625
1397957775|3.625
1397957798|3.625
1397957820|3.625
1397957843|3.625
1397957865|3.625
1397957888|3.625
1397957910|3.625
1397957933|3.625
1397957955|3.625
1397957978|3.562
1397958000|3.562
1397958022|3.625
1397958045|3.625
1397958067|3.625
1397958090|3.562
1397958112|3.562
1397958135|3.562
1397958157|3.562
1397958180|3.562
1397958202|3.562
1397958225|3.562
1397958247|3.562
1397958270|3.562
1397958292|3.562
1397958315|3.562
1397958337|3.562
1397958359|3.562
1397958382|3.562
1397958404|3.562
1397958427|3.562
1397958449|3.562
1397958472|3.562
1397958494|3.562
1397958517|3.562
1397958539|3.562
1397958562|3.562
1397958584|3.562
1397958607|3.562
1397958629|3.562
1397958652|3.625
1397958674|3.562
1397958696|3.625
1397958719|3.625
1397958741|3.562
1397958764|3.562
1397958786|3.562
1397958809|3.562
1397958831|3.562
1397958854|3.562
1397958876|3.562
1397958899|3.562
1397958921|3.562
1397958944|3.562
1397958966|3.562
1397958989|3.562
1397959011|3.562
1397959033|3.562
1397959056|3.562
1397959078|3.5
1397959101|3.5
1397959124|3.5
1397959146|3.5
1397959169|3.562
1397959191|3.5
1397959214|3.5
1397959236|3.5
1397959259|3.5
1397959281|3.5
1397959303|3.5
1397959326|3.5
1397959348|3.5
1397959371|3.5
1397959393|3.437
1397959416|3.437
1397959438|3.5
1397959461|3.437
1397959483|3.5
1397959506|3.437
1397959528|3.5
1397959551|3.5
1397959573|3.5
1397959596|3.5
1397959618|3.5
1397959641|3.5
1397959663|3.5
1397959685|3.5
1397959708|3.5
1397959730|3.5
1397959753|3.5
1397959775|3.5
1397959798|3.5
1397959820|3.5
1397959843|3.5
1397959865|3.5
1397959888|3.437
1397959910|3.5
1397959933|3.437
1397959955|3.437
1397959978|3.437
1397960000|3.437
1397960022|3.437
1397960045|3.437
1397960068|3.437
1397960090|3.437
1397960112|3.437
1397960135|3.437
1397960157|3.437
1397960180|3.437
1397960202|3.437
1397960225|3.437
1397960247|3.437
1397960270|3.375
1397960292|3.437
1397960315|3.437
1397960337|3.437
1397960360|3.437
1397960382|3.437
1397960405|3.437
1397960427|3.375
1397960449|3.375
1397960472|3.375
1397960494|3.375
1397960517|3.437
1397960539|3.437
1397960562|3.437
1397960584|3.375
1397960607|3.375
1397960629|3.437
1397960652|3.375
1397960674|3.437
1397960697|3.375
1397960719|3.437
1397960742|3.437
1397960764|3.437
1397960786|3.437
1397960809|3.437
1397960831|3.437
1397960854|3.437
1397960876|3.437
1397960899|3.5
1397960921|3.5
1397960944|3.5
1397960966|3.5
1397960989|3.5
1397961011|3.437
1397961034|3.437
1397961056|3.437
1397961079|3.437
1397961101|3.5
1397961124|3.5
1397961146|3.5
1397961168|3.5
1397961191|3.5
1397961213|3.437
1397961236|3.437
1397961258|3.5
1397961281|3.437
1397961303|3.437
1397961326|3.437
1397961348|3.437
1397961371|3.5
1397961393|3.5
1397961416|3.437
1397961438|3.437
1397961461|3.375
1397961483|3.375
1397961505|3.437
1397961528|3.437
1397961550|3.437
1397961573|3.437
1397961595|3.437
1397961618|3.437
1397961640|3.437
1397961663|3.437
1397961685|3.5
1397961708|3.437
1397961730|3.437
1397961753|3.5
1397961775|3.5
1397961798|3.562
1397961820|3.5
1397961842|3.5
1397961865|3.5
1397961887|3.5
1397961910|3.5
1397961932|3.5
1397961955|3.5
1397961977|3.5
1397962000|3.5
1397962022|3.5
1397962045|3.562
1397962067|3.5
1397962090|3.5
1397962112|3.5
1397962135|3.5
1397962157|3.5
1397962179|3.562
1397962202|3.5
1397962224|3.562
1397962247|3.562
1397962269|3.5
1397962292|3.5
1397962314|3.562
1397962337|3.562
1397962359|3.562
1397962382|3.5
1397962404|3.5
1397962427|3.5
1397962449|3.5
1397962472|3.5
1397962494|3.5
1397962517|3.437
1397962539|3.5
1397962562|3.5
1397962584|3.5
1397962606|3.437
1397962629|3.437
1397962651|3.437
1397962674|3.437
1397962696|3.437
1397962719|3.437
1397962741|3.437
1397962764|3.437
1397962786|3.5
1397962809|3.437
1397962831|3.437
1397962854|3.437
1397962876|3.5
1397962899|3.437
1397962921|3.5
1397962943|3.437
1397962966|3.5
1397962988|3.437
1397963011|3.437
1397963033|3.437
1397963056|3.437
1397963078|3.437
1397963101|3.437
1397963123|3.5
1397963146|3.437
1397963168|3.437
1397963191|3.5
1397963213|3.5
1397963236|3.437
1397963258|3.437
1397963281|3.375
1397963303|3.437
1397963326|3.375
1397963348|3.437
1397963370|3.437
1397963393|3.437
1397963415|3.375
1397963438|3.375
1397963460|3.375
1397963483|3.312
1397963505|3.312
1397963528|3.375
1397963550|3.375
1397963573|3.375
1397963595|3.375
1397963618|3.375
1397963640|3.375
1397963663|3.375
1397963685|3.375
1397963707|3.375
1397963730|3.375
1397963752|3.312
1397963775|3.312
1397963797|3.312
1397963820|3.312
1397963842|3.312
1397963865|3.312
1397963887|3.312
1397963910|3.312
1397963932|3.312
1397963955|3.312
1397963977|3.312
1397964000|3.312
1397964022|3.312
1397964045|3.312
1397964067|3.312
1397964089|3.312
1397964112|3.25
1397964134|3.312
1397964157|3.25
1397964179|3.25
1397964202|3.25
1397964224|3.25
1397964247|3.25
1397964269|3.25
1397964292|3.25
1397964314|3.25
1397964337|3.25
1397964359|3.25
1397964382|3.25
1397964404|3.25
1397964426|3.187
1397964449|3.25
1397964471|3.25
1397964494|3.25
1397964516|3.25
1397964539|3.25
1397964561|3.25
1397964584|3.25
1397964606|3.187
1397964629|3.25
1397964651|3.25
1397964674|3.25
1397964696|3.25
1397964719|3.25
1397964741|3.25
1397964763|3.25
1397964786|3.25
1397964808|3.312
1397964831|3.25
1397964853|3.25
1397964876|3.25
1397964898|3.25
1397964921|3.25
1397964943|3.25
1397964966|3.25
1397964988|3.25
1397965011|3.25
1397965033|3.25
1397965056|3.25
1397965078|3.25
1397965100|3.25
1397965123|3.25
1397965145|3.25
1397965168|3.25
1397965190|3.187
1397965213|3.187
1397965235|3.25
1397965258|3.25
1397965280|3.25
1397965303|3.187
1397965325|3.187
1397965348|3.187
1397965370|3.187
1397965393|3.187
1397965415|3.187
1397965438|3.187
1397965460|3.187
1397965482|3.187
1397965505|3.187
1397965527|3.187
1397965550|3.187
1397965572|3.187
1397965595|3.187
1397965617|3.187
1397965640|3.187
1397965662|3.187
1397965685|3.187
1397965707|3.187
1397965730|3.187
1397965752|3.187
1397965775|3.187
1397965797|3.187
1397965820|3.187
1397965842|3.187
1397965864|3.25
1397965887|3.187
1397965909|3.25
1397965932|3.25
1397965954|3.25
1397965977|3.25
1397965999|3.25
1397966022|3.25
1397966044|3.25
1397966067|3.312
1397966089|3.312
1397966112|3.312
1397966134|3.312
1397966157|3.25
1397966179|3.312
1397966201|3.312
1397966224|3.25
1397966246|3.312
1397966269|3.312
1397966291|3.312
1397966314|3.312
1397966336|3.312
1397966359|3.312
1397966381|3.312
1397966404|3.312
1397966426|3.312
1397966449|3.312
1397966471|3.312
1397966494|3.312
1397966516|3.312
1397966538|3.312
1397966561|3.312
1397966583|3.312
1397966606|3.312
1397966628|3.312
1397966651|3.375
1397966673|3.375
1397966696|3.375
1397966718|3.375
1397966741|3.375
1397966763|3.375
1397966786|3.375
1397966808|3.375
1397966831|3.375
1397966853|3.437
1397966875|3.437
1397966898|3.437
1397966920|3.437
1397966943|3.437
1397966965|3.437
1397966988|3.437
1397967010|3.437
1397967033|3.437
1397967055|3.437
1397967078|3.437
1397967100|3.437
1397967123|3.437
1397967145|3.437
1397967168|3.437
1397967190|3.437
1397967213|3.437
1397967235|3.437
1397967258|3.437
1397967280|3.437
1397967302|3.5
1397967325|3.437
1397967347|3.437
1397967370|3.5
1397967392|3.5
1397967415|3.5
1397967437|3.5
1397967460|3.5
1397967482|3.5
1397967505|3.5
1397967527|3.562
1397967550|3.562
1397967572|3.562
1397967595|3.562
1397967617|3.625
1397967639|3.562
1397967662|3.562
1397967684|3.625
1397967707|3.625
1397967729|3.625
1397967752|3.625
1397967774|3.625
1397967797|3.625
1397967819|3.625
1397967842|3.687
1397967864|3.687
1397967887|3.687
1397967909|3.75
1397967932|3.687
1397967954|3.75
1397967976|3.75
1397967999|3.75
1397968021|3.75
1397968044|3.75
1397968066|3.75
1397968089|3.75
1397968111|3.75
1397968134|3.75
1397968156|3.75
1397968179|3.812
1397968201|3.812
1397968224|3.812
1397968246|3.812
1397968269|3.812
1397968291|3.875
1397968313|3.875
1397968336|3.875
1397968358|3.875
1397968381|3.937
1397968403|3.937
1397968426|3.937
1397968448|3.937
1397968471|3.937
1397968493|4.0
1397968516|4.0
1397968538|4.062
1397968561|4.062
1397968583|4.062
1397968606|4.062
1397968628|4.062
1397968651|4.062
1397968673|4.125
1397968695|4.125
1397968718|4.125
1397968740|4.125
1397968763|4.187
1397968785|4.187
1397968808|4.187
1397968830|4.187
1397968853|4.187
1397968875|4.187
1397968898|4.25
1397968920|4.25
1397968943|4.25
1397968965|4.312
1397968988|4.25
1397969010|4.25
1397969032|4.25
1397969055|4.312
1397969077|4.312
1397969100|4.312
1397969122|4.375
1397969145|4.375
1397969167|4.312
1397969190|4.375
1397969212|4.375
1397969235|4.375
1397969257|4.375
1397969280|4.437
1397969302|4.437
1397969325|4.437
1397969347|4.437
1397969369|4.437
1397969392|4.437
1397969414|4.437
1397969437|4.5
1397969459|4.5
1397969482|4.5
1397969504|4.5
1397969527|4.5
1397969549|4.562
1397969572|4.562
1397969594|4.562
1397969617|4.625
1397969639|4.625
1397969662|4.625
1397969684|4.687
1397969706|4.625
1397969729|4.687
1397969751|4.687
1397969774|4.687
1397969796|4.687
1397969819|4.687
1397969841|4.75
1397969864|4.75
1397969886|4.75
1397969909|4.75
1397969931|4.812
1397969954|4.75
1397969976|4.812
1397969999|4.812
1397970021|4.875
1397970043|4.875
1397970066|4.875
1397970088|4.875
1397970111|4.937
1397970133|4.937
1397970156|4.937
1397970178|4.937
1397970201|5.0
1397970223|5.0
1397970246|5.0
1397970268|5.0
1397970291|5.0
1397970313|5.062
1397970336|5.062
1397970358|5.062
1397970381|5.062
1397970403|5.125
1397970426|5.125
1397970448|5.125
1397970470|5.125
1397970493|5.187
1397970515|5.187
1397970538|5.187
1397970560|5.187
1397970583|5.187
1397970605|5.25
1397970628|5.25
1397970650|5.312
1397970673|5.312
1397970695|5.312
1397970718|5.312
1397970740|5.312
1397970763|5.312
1397970785|5.312
1397970807|5.375
1397970830|5.375
1397970852|5.375
1397970875|5.437
1397970897|5.437
1397970920|5.437
1397970942|5.437
1397970965|5.5
1397970987|5.5
1397971010|5.5
1397971032|5.5
1397971055|5.562
1397971077|5.562
1397971100|5.562
1397971122|5.625
1397971145|5.625
1397971167|5.625
1397971189|5.625
1397971212|5.687
1397971234|5.687
1397971257|5.687
1397971279|5.75
1397971302|5.75
1397971324|5.75
1397971347|5.812
1397971369|5.812
1397971392|5.812
1397971414|5.875
1397971437|5.875
1397971459|5.875
1397971482|5.875
1397971504|5.875
1397971527|5.937
1397971549|5.937
1397971571|5.937
1397971594|5.937
1397971616|6.0
1397971639|6.0
1397971661|6.0
1397971684|6.062
1397971706|6.062
1397971729|6.125
1397971751|6.125
1397971774|6.125
1397971796|6.125
1397971819|6.125
1397971841|6.187
1397971864|6.187
1397971886|6.187
1397971908|6.25
1397971931|6.25
1397971953|6.312
1397971976|6.312
1397971998|6.312
1397972021|6.312
1397972043|6.312
1397972066|6.375
1397972088|6.375
1397972111|6.375
1397972133|6.437
1397972156|6.437
1397972178|6.437
1397972201|6.5
1397972223|6.5
1397972245|6.5
1397972268|6.5
1397972290|6.562
1397972313|6.562
1397972335|6.625
1397972358|6.562
1397972380|6.625
1397972403|6.625
1397972425|6.625
1397972448|6.687
1397972470|6.687
1397972493|6.75
1397972515|6.75
1397972538|6.812
1397972560|6.812
1397972582|6.875
1397972605|6.875
1397972627|6.875
1397972650|6.937
1397972672|6.875
1397972695|6.937
1397972717|6.937
1397972740|7.0
1397972762|7.0
1397972785|7.062
1397972807|7.062
1397972830|7.062
1397972852|7.062
1397972875|7.062
1397972897|7.125
1397972920|7.125
1397972942|7.187
1397972964|7.187
1397972987|7.187
1397973009|7.25
1397973032|7.25
1397973054|7.25
1397973077|7.25
1397973099|7.312
1397973122|7.312
1397973144|7.312
1397973167|7.312
1397973189|7.375
1397973212|7.375
1397973234|7.375
1397973257|7.437
1397973279|7.437
1397973301|7.437
1397973324|7.5
1397973346|7.5
1397973369|7.562
1397973391|7.625
1397973414|7.625
1397973436|7.625
1397973459|7.625
1397973481|7.687
1397973504|7.687
1397973526|7.687
1397973549|7.75
1397973571|7.687
1397973594|7.75
1397973616|7.812
1397973638|7.812
1397973661|7.812
1397973683|7.812
1397973706|7.875
1397973728|7.875
1397973751|7.875
1397973773|7.937
1397973796|7.937
1397973818|8.0
1397973841|8.0
1397973863|8.0
1397973886|8.0
1397973908|8.062
1397973931|8.125
1397973953|8.187
1397973976|8.187
1397973998|8.187
1397974021|8.187
1397974043|8.25
1397974065|8.25
1397974088|8.312
1397974110|8.312
1397974133|8.312
1397974155|8.375
1397974178|8.375
1397974200|8.437
1397974223|8.437
1397974245|8.5
1397974268|8.5
1397974290|8.5
1397974313|8.5
1397974335|8.562
1397974358|8.625
1397974380|8.687
1397974402|8.75
1397974425|8.75
1397974447|8.812
1397974470|8.812
1397974492|8.812
1397974515|8.875
1397974537|8.875
1397974560|8.875
1397974582|8.937
1397974605|8.937
1397974628|9.0
1397974650|9.0
1397974673|9.0
1397974695|9.0
1397974717|9.062
1397974740|9.062
1397974762|9.125
1397974785|9.125
1397974807|9.125
1397974830|9.125
1397974852|9.187
1397974875|9.187
1397974897|9.187
1397974920|9.187
1397974942|9.25
1397974965|9.25
1397974987|9.25
1397975010|9.312
1397975032|9.312
1397975054|9.25
1397975077|9.312
1397975099|9.312
1397975122|9.312
1397975144|9.375
1397975167|9.375
1397975189|9.375
1397975212|9.437
1397975234|9.437
1397975257|9.437
1397975279|9.437
1397975302|9.5
1397975324|9.5
1397975347|9.5
1397975369|9.562
1397975391|9.562
1397975414|9.625
1397975436|9.625
1397975459|9.687
1397975481|9.687
1397975504|9.75
1397975526|9.75
1397975549|9.75
1397975571|9.75
1397975594|9.812
1397975616|9.875
1397975639|9.875
1397975662|9.875
1397975684|9.875
1397975707|9.875
1397975729|9.937
1397975751|9.875
1397975774|9.875
1397975796|9.875
1397975819|9.875
1397975841|9.937
1397975864|9.937
1397975886|10.0
1397975909|10.0
1397975931|10.0
1397975954|10.0
1397975976|10.062
1397975999|10.062
1397976021|10.062
1397976044|10.062
1397976066|10.062
1397976089|10.062
1397976111|10.062
1397976133|10.125
1397976156|10.125
1397976178|10.187
1397976201|10.187
1397976223|10.187
1397976246|10.187
1397976268|10.187
1397976291|10.187
1397976313|10.25
1397976336|10.25
1397976358|10.25
1397976381|10.25
1397976403|10.312
1397976426|10.312
1397976448|10.312
1397976470|10.312
1397976493|10.312
1397976515|10.312
1397976538|10.312
1397976560|10.312
1397976583|10.375
1397976605|10.375
1397976628|10.437
1397976650|10.437
1397976673|10.5
1397976695|10.5
1397976718|10.562
1397976740|10.562
1397976763|10.562
1397976785|10.562
1397976808|10.562
1397976830|10.562
1397976852|10.562
1397976875|10.562
1397976897|10.562
1397976920|10.625
1397976942|10.625
1397976965|10.625
1397976987|10.625
1397977010|10.625
1397977032|10.625
1397977055|10.625
1397977077|10.625
1397977100|10.625
1397977122|10.625
1397977145|10.562
1397977167|10.625
1397977189|10.687
1397977212|10.687
1397977234|10.75
1397977257|10.687
1397977279|10.687
1397977302|10.687
1397977324|10.75
1397977347|10.75
1397977369|10.687
1397977392|10.687
1397977414|10.75
1397977437|10.75
1397977459|10.75
1397977482|10.75
1397977504|10.75
1397977526|10.812
1397977549|10.812
1397977571|10.875
1397977594|10.875
1397977616|10.875
1397977639|10.937
1397977661|10.937
1397977684|11.0
1397977706|11.0
1397977729|10.875
1397977751|10.875
1397977774|10.937
1397977796|10.937
1397977819|10.937
1397977841|10.937
1397977864|11.0
1397977886|11.0
1397977908|11.0
1397977931|11.0
1397977953|11.0
1397977976|11.0
1397977998|11.062
1397978021|11.062
1397978043|11.125
1397978066|11.125
1397978088|11.125
1397978111|11.125
1397978133|11.125
1397978156|11.125
1397978178|11.125
1397978201|11.062
1397978223|11.062
1397978246|11.187
1397978268|11.187
1397978290|11.187
1397978313|11.187
1397978335|11.125
1397978358|11.187
1397978380|11.187
1397978403|11.187
1397978425|11.187
1397978448|11.25
1397978470|11.25
1397978493|11.25
1397978515|11.25
1397978538|11.25
1397978560|11.312
1397978583|11.312
1397978605|11.375
1397978627|11.312
1397978650|11.375
1397978672|11.437
1397978695|11.437
1397978717|11.437
1397978740|11.437
1397978762|11.5
1397978785|11.5
1397978807|11.5
1397978830|11.5
1397978852|11.5
1397978875|11.562
1397978897|11.562
1397978920|11.562
1397978942|11.562
1397978964|11.5
1397978987|11.5
1397979009|11.5
1397979032|11.562
1397979054|11.562
1397979077|11.5
1397979099|11.437
1397979122|11.5
1397979144|11.5
1397979167|11.5
1397979189|11.562
1397979212|11.562
1397979234|11.562
1397979257|11.687
1397979279|11.625
1397979301|11.625
1397979324|11.625
1397979346|11.562
1397979369|11.5
1397979391|11.5
1397979414|11.562
1397979436|11.625
1397979459|11.625
1397979481|11.625
1397979504|11.75
1397979526|11.812
1397979549|11.75
1397979571|11.75
1397979594|11.812
1397979616|11.812
1397979639|11.875
1397979661|11.937
1397979684|11.937
1397979706|11.937
1397979728|12.062
1397979751|12.0
1397979773|12.062
1397979796|12.062
1397979818|12.0
1397979841|12.062
1397979863|12.062
1397979886|12.125
1397979908|12.125
1397979931|12.187
1397979953|12.187
1397979976|12.25
1397979998|12.312
1397980021|12.312
1397980043|12.375
1397980065|12.437
1397980088|12.437
1397980110|12.437
1397980133|12.437
1397980155|12.437
1397980178|12.437
1397980200|12.437
1397980223|12.5
1397980245|12.5
1397980268|12.625
1397980290|12.625
1397980313|12.687
1397980335|12.687
1397980358|12.625
1397980380|12.625
1397980402|12.687
1397980425|12.687
1397980447|12.75
1397980470|12.75
1397980492|12.75
1397980515|12.812
1397980537|12.812
1397980560|12.812
1397980582|12.812
1397980605|12.875
1397980627|12.875
1397980650|12.937
1397980672|12.937
1397980695|13.062
1397980717|12.937
1397980739|12.937
1397980762|13.0
1397980784|13.0
1397980807|13.062
1397980829|13.062
1397980852|13.125
1397980874|13.187
1397980897|13.187
1397980919|13.125
1397980942|13.062
1397980964|13.0
1397980987|12.937
1397981009|12.937
1397981032|12.875
1397981054|12.875
1397981077|13.0
1397981099|13.062
1397981121|13.125
1397981144|13.187
1397981166|13.187
1397981189|13.187
1397981211|13.25
1397981234|13.25
1397981256|13.312
1397981279|13.375
1397981301|13.437
1397981324|13.5
1397981346|13.625
1397981369|13.687
1397981391|13.75
1397981414|13.75
1397981436|13.75
1397981458|13.75
1397981481|13.812
1397981503|13.812
1397981526|13.812
1397981548|13.812
1397981571|13.75
1397981593|13.75
1397981616|13.75
1397981638|13.625
1397981661|13.562
1397981683|13.562
1397981706|13.562
1397981728|13.562
1397981751|13.625
1397981773|13.562
1397981795|13.562
1397981818|13.562
1397981840|13.625
1397981863|13.625
1397981885|13.687
1397981908|13.75
1397981930|13.812
1397981953|13.812
1397981975|13.875
1397981998|13.937
1397982020|13.937
1397982043|14.062
1397982065|14.125
1397982088|14.187
1397982110|14.125
1397982133|14.125
1397982155|14.25
1397982178|14.25
1397982200|14.312
1397982222|14.312
1397982245|14.375
1397982267|14.25
1397982290|14.25
1397982312|14.125
1397982335|14.125
1397982357|14.125
1397982380|14.125
1397982402|14.125
1397982425|14.187
1397982447|14.25
1397982470|14.25
1397982492|14.437
1397982515|14.5
1397982537|14.625
1397982559|14.687
1397982582|14.687
1397982604|14.75
1397982627|14.687
1397982649|14.625
1397982672|14.5
1397982694|14.5
1397982717|14.562
1397982739|14.562
1397982762|14.562
1397982784|14.562
1397982807|14.625
1397982829|14.625
1397982852|14.625
1397982874|14.562
1397982897|14.5
1397982919|14.375
1397982941|14.312
1397982964|14.312
1397982986|14.25
1397983009|14.25
1397983031|14.25
1397983054|14.25
1397983076|14.25
1397983099|14.312
1397983121|14.25
1397983144|14.25
1397983166|14.25
1397983189|14.312
1397983211|14.312
1397983234|14.312
1397983256|14.187
1397983279|14.187
1397983301|14.187
1397983323|14.25
1397983346|14.25
1397983368|14.312
1397983391|14.312
1397983413|14.375
1397983436|14.437
1397983458|14.5
1397983481|14.5
1397983503|14.5
1397983526|14.5
1397983548|14.5
1397983571|14.625
1397983593|14.75
1397983616|14.687
1397983638|14.75
1397983660|14.812
1397983683|14.937
1397983705|14.937
1397983728|14.937
1397983750|14.937
1397983773|14.937
1397983795|14.937
1397983818|14.937
1397983840|14.937
1397983863|15.0
1397983885|15.062
1397983908|15.062
1397983930|15.187
1397983953|15.312
1397983975|15.312
1397983997|15.375
1397984020|15.375
1397984042|15.375
1397984065|15.437
1397984087|15.562
1397984110|15.687
1397984132|15.812
1397984155|15.687
1397984177|15.687
1397984200|15.625
1397984222|15.625
1397984245|15.687
1397984267|15.687
1397984290|15.75
1397984312|15.75
1397984335|15.562
1397984357|15.5
1397984379|15.5
1397984402|15.75
1397984424|15.812
1397984447|15.875
1397984469|15.812
1397984492|15.875
1397984514|16.0
1397984537|16.0
1397984559|15.937
1397984582|15.75
1397984604|15.937
1397984627|15.937
1397984649|15.937
1397984672|16.0
1397984694|16.0
1397984716|15.937
1397984739|15.937
1397984761|15.937
1397984784|16.312
1397984806|16.437
1397984829|16.437
1397984851|16.562
1397984874|16.437
1397984896|16.5
1397984919|16.562
1397984941|16.5
1397984964|16.5
1397984986|16.5
1397985009|16.562
1397985031|16.687
1397985053|16.687
1397985076|16.75
1397985098|16.687
1397985121|16.812
1397985143|16.812
1397985166|16.875
1397985188|16.937
1397985211|16.812
1397985233|16.687
1397985256|16.75
1397985278|16.812
1397985301|16.75
1397985323|16.687
1397985346|16.687
1397985368|16.687
1397985391|16.937
1397985413|16.937
1397985436|16.937
1397985458|16.875
1397985480|16.812
1397985503|16.812
1397985525|16.75
1397985548|16.75
1397985570|16.812
1397985593|16.75
1397985615|16.75
1397985638|16.812
1397985660|16.75
1397985683|16.562
1397985705|16.5
1397985728|16.562
1397985750|16.562
1397985773|16.5
1397985795|16.625
1397985817|16.75
1397985840|16.812
1397985862|16.812
1397985885|17.062
1397985907|17.125
1397985930|17.25
1397985952|17.187
1397985975|17.187
1397985997|17.437
1397986020|17.437
1397986042|17.5
1397986065|17.562
1397986087|17.625
1397986110|17.562
1397986132|17.562
1397986154|17.5
1397986177|17.187
1397986199|17.25
1397986222|17.25
1397986244|17.187
1397986267|17.25
1397986289|17.25
1397986312|17.125
1397986334|17.125
1397986357|17.0
1397986379|16.937
1397986402|16.812
1397986424|16.812
1397986447|16.687
1397986469|16.687
1397986491|16.687
1397986514|16.687
1397986536|16.687
1397986559|16.687
1397986581|16.687
1397986604|16.625
1397986626|16.562
1397986649|16.437
1397986671|16.437
1397986694|16.437
1397986716|16.437
1397986739|16.437
1397986761|16.375
1397986784|16.437
1397986806|16.375
1397986829|16.375
1397986851|16.437
1397986874|16.312
1397986896|16.187
1397986918|16.125
1397986941|16.062
1397986963|16.062
1397986986|16.187
1397987008|16.125
1397987031|16.125
1397987053|16.062
1397987076|16.062
1397987098|16.0
1397987121|16.062
1397987143|16.187
1397987166|16.312
1397987188|16.375
1397987211|16.375
1397987233|16.5
1397987255|16.562
1397987278|16.562
1397987300|16.562
1397987323|16.625
1397987345|16.75
1397987368|16.812
1397987390|16.812
1397987413|16.812
1397987435|16.875
1397987458|16.812
1397987480|16.875
1397987503|16.875
1397987525|16.75
1397987548|16.75
1397987570|16.687
1397987592|16.5
1397987615|16.5
1397987637|16.437
1397987660|16.437
1397987682|16.437
1397987705|16.562
1397987727|16.625
1397987750|16.812
1397987772|16.937
1397987795|17.125
1397987817|17.187
1397987840|17.25
1397987862|17.312
1397987885|17.187
1397987907|17.25
1397987929|17.187
1397987952|17.125
1397987974|17.062
1397987997|16.937
1397988019|16.812
1397988042|16.937
1397988064|16.937
1397988087|16.937
1397988109|16.937
1397988132|16.75
1397988154|16.75
1397988177|16.687
1397988199|16.687
1397988222|16.562
1397988244|16.625
1397988267|16.687
1397988289|16.625
1397988311|16.562
1397988334|16.5
1397988356|16.5
1397988379|16.5
1397988401|16.437
1397988424|16.375
1397988446|16.437
1397988469|16.437
1397988491|16.312
1397988514|16.312
1397988536|16.312
1397988559|16.187
1397988581|16.25
1397988604|16.312
1397988626|16.312
1397988648|16.25
1397988671|16.312
1397988693|16.25
1397988716|16.312
1397988738|16.187
1397988761|16.25
1397988783|16.312
1397988806|16.25
1397988828|16.187
1397988851|16.25
1397988873|16.187
1397988896|16.312
1397988918|16.312
1397988941|16.312
1397988963|16.312
1397988985|16.375
1397989008|16.375
1397989030|16.375
1397989053|16.437
1397989075|16.5
1397989098|16.5
1397989120|16.625
1397989143|16.562
1397989165|16.5
1397989188|16.437
1397989210|16.5
1397989233|16.5
1397989255|16.5
1397989278|16.687
1397989300|16.75
1397989322|16.937
1397989345|17.125
1397989367|17.125
1397989390|17.125
1397989412|17.062
1397989435|17.062
1397989457|17.25
1397989480|17.25
1397989502|17.312
1397989525|17.375
1397989547|17.375
1397989570|17.437
1397989592|17.5
1397989615|17.562
1397989637|17.5
1397989659|17.437
1397989682|17.437
1397989704|17.5
1397989727|17.375
1397989749|17.375
1397989772|17.375
1397989794|17.312
1397989817|17.375
1397989839|17.437
1397989862|17.437
1397989884|17.312
1397989907|17.25
1397989929|17.187
1397989952|17.125
1397989974|17.125
1397989997|17.062
1397990019|17.187
1397990041|17.125
1397990064|17.062
1397990086|17.062
1397990109|17.0
1397990131|16.937
1397990154|16.875
1397990176|16.875
1397990199|16.812
1397990221|16.812
1397990244|16.812
1397990266|16.687
1397990289|16.75
1397990311|16.812
1397990334|16.812
1397990356|16.75
1397990379|16.812
1397990401|16.937
1397990423|16.875
1397990446|16.812
1397990468|16.875
1397990491|16.75
1397990513|16.937
1397990536|16.875
1397990558|16.875
1397990581|16.75
1397990603|16.937
1397990626|17.0
1397990648|17.187
1397990671|17.125
1397990693|17.25
1397990716|17.25
1397990738|17.187
1397990761|17.187
1397990783|17.25
1397990806|17.5
1397990828|17.437
1397990850|17.5
1397990873|17.562
1397990895|17.687
1397990918|17.812
1397990940|17.875
1397990963|18.0
1397990985|18.062
1397991008|18.0
1397991030|18.0
1397991053|18.125
1397991075|18.125
1397991098|18.187
1397991120|18.25
1397991143|18.187
1397991165|18.125
1397991187|18.187
1397991210|18.25
1397991232|18.187
1397991255|18.312
1397991278|18.375
1397991300|18.5
1397991323|18.5
1397991345|18.562
1397991367|18.5
1397991390|18.562
1397991412|18.375
1397991435|18.375
1397991457|18.375
1397991480|18.375
1397991502|18.375
1397991525|18.375
1397991547|18.5
1397991570|18.562
1397991592|18.562
1397991615|18.687
1397991637|18.687
1397991660|18.562
1397991682|18.375
1397991705|18.375
1397991727|18.375
1397991749|18.5
1397991772|18.5
1397991794|18.687
1397991817|18.5
1397991839|18.5
1397991862|18.437
1397991884|18.437
1397991907|18.437
1397991929|18.437
1397991952|18.375
1397991974|18.312
1397991997|18.312
1397992019|18.25
1397992042|18.25
1397992064|18.312
1397992086|18.437
1397992109|18.437
1397992131|18.625
1397992154|18.75
1397992176|18.75
1397992199|18.812
1397992221|18.812
1397992244|18.937
1397992266|19.125
1397992289|19.062
1397992311|19.062
1397992334|19.187
1397992356|19.125
1397992379|18.875
1397992401|18.937
1397992423|19.0
1397992446|19.125
1397992468|19.125
1397992491|18.937
1397992513|19.0
1397992536|19.25
1397992558|19.125
1397992581|19.25
1397992603|19.375
1397992626|19.375
1397992648|19.312
1397992671|19.5
1397992693|19.437
1397992716|19.437
1397992738|19.5
1397992760|19.375
1397992783|19.5
1397992805|19.625
1397992828|19.625
1397992850|19.625
1397992873|19.812
1397992895|19.5
1397992918|19.5
1397992940|19.687
1397992963|19.687
1397992985|19.75
1397993008|19.875
1397993030|19.812
1397993053|19.812
1397993075|19.75
1397993098|19.687
1397993120|19.687
1397993143|19.875
1397993165|20.0
1397993187|19.875
1397993210|19.812
1397993232|19.75
1397993255|19.437
1397993277|19.562
1397993300|19.5
1397993322|19.562
1397993345|19.625
1397993367|19.75
1397993390|19.687
1397993412|19.75
1397993435|19.75
1397993457|19.687
1397993480|19.687
1397993502|19.687
1397993524|19.812
1397993547|19.812
1397993569|19.812
1397993592|19.812
1397993614|19.812
1397993637|19.937
1397993659|19.812
1397993682|19.937
1397993704|19.812
1397993727|19.812
1397993749|20.0
1397993772|20.125
1397993794|20.125
1397993817|20.0
1397993839|20.125
1397993861|19.937
1397993884|20.125
1397993906|20.187
1397993929|20.062
1397993951|20.125
1397993974|20.187
1397993996|20.312
1397994019|20.437
1397994041|20.5
1397994064|20.5
1397994086|20.312
1397994109|20.375
1397994131|20.562
1397994154|20.562
1397994176|20.687
1397994198|20.75
1397994221|20.75
1397994243|20.812
1397994266|20.812
1397994288|20.625
1397994311|20.625
1397994333|20.562
1397994356|20.625
1397994378|20.625
1397994401|20.625
1397994423|20.812
1397994446|20.687
1397994468|20.5
1397994491|20.562
1397994513|20.687
1397994535|20.625
1397994558|20.437
1397994580|20.375
1397994603|20.562
1397994625|20.437
1397994648|20.5
1397994670|20.625
1397994693|20.562
1397994715|20.437
1397994738|20.25
1397994760|20.25
1397994783|20.312
1397994805|20.375
1397994828|20.437
1397994850|20.437
1397994873|20.437
1397994895|20.25
1397994917|20.375
1397994940|20.312
1397994962|20.312
1397994985|20.312
1397995007|20.5
1397995030|20.687
1397995052|20.625
1397995075|20.625
1397995097|20.5
1397995120|20.562
1397995142|20.437
1397995165|20.5
1397995187|20.437
1397995210|20.437
1397995232|20.312
1397995254|20.437
1397995277|20.375
1397995299|20.375
1397995322|20.5
1397995344|20.437
1397995367|20.687
1397995389|20.625
1397995412|20.625
1397995434|20.687
1397995457|20.562
1397995479|20.5
1397995502|20.687
1397995524|20.625
1397995547|20.812
1397995569|20.812
1397995591|20.875
1397995614|20.812
1397995636|20.875
1397995659|21.0
1397995681|21.062
1397995704|21.187
1397995726|20.937
1397995749|21.0
1397995771|20.937
1397995794|20.937
1397995816|21.187
1397995839|21.312
1397995861|21.437
1397995884|21.312
1397995906|21.312
1397995928|21.312
1397995951|21.25
1397995973|21.375
1397995996|21.187
1397996018|21.125
1397996041|21.25
1397996063|21.187
1397996086|21.0
1397996108|20.937
1397996131|20.937
1397996153|21.125
1397996176|21.25
1397996198|21.062
1397996221|21.125
1397996243|21.187
1397996265|21.312
1397996288|21.562
1397996310|21.437
1397996333|21.562
1397996355|21.312
1397996378|21.25
1397996400|21.25
1397996423|21.25
1397996445|21.312
1397996468|21.312
1397996490|21.187
1397996513|21.25
1397996535|21.312
1397996558|21.187
1397996580|21.187
1397996603|21.25
1397996625|21.312
1397996648|21.187
1397996670|21.125
1397996692|21.125
1397996715|20.875
1397996737|20.875
1397996760|21.062
1397996782|21.187
1397996805|21.187
1397996827|21.25
1397996850|21.5
1397996872|21.312
1397996895|21.25
1397996917|21.375
1397996940|21.312
1397996963|21.312
1397996985|21.375
1397997008|21.5
1397997030|21.5
1397997053|21.375
1397997075|21.312
1397997098|21.312
1397997120|21.25
1397997143|21.312
1397997165|21.312
1397997188|21.375
1397997210|21.25
1397997232|21.312
1397997255|21.375
1397997277|21.375
1397997300|21.312
1397997322|21.375
1397997345|21.187
1397997367|21.25
1397997390|21.375
1397997412|21.375
1397997435|21.375
1397997457|21.437
1397997480|21.625
1397997502|21.5
1397997525|21.187
1397997547|21.437
1397997570|21.187
1397997592|21.125
1397997614|21.187
1397997637|21.312
1397997659|21.312
1397997682|21.312
1397997704|21.312
1397997727|21.437
1397997749|21.375
1397997772|21.562
1397997794|21.625
1397997817|21.687
1397997839|21.75
1397997862|21.812
1397997884|21.812
1397997907|21.75
1397997929|21.687
1397997951|21.812
1397997974|21.875
1397997996|21.937
1397998019|22.0
1397998041|21.875
1397998064|21.875
1397998086|21.875
1397998109|21.812
1397998131|21.75
1397998154|21.75
1397998176|21.5
1397998199|21.562
1397998221|21.437
1397998244|21.5
1397998266|21.437
1397998288|21.375
1397998311|21.5
1397998333|21.5
1397998356|21.625
1397998378|21.75
1397998401|21.812
1397998423|21.75
1397998446|21.75
1397998468|21.812
1397998491|21.875
1397998513|21.875
1397998536|21.812
1397998558|21.875
1397998581|22.0
1397998603|21.812
1397998625|21.75
1397998648|21.875
1397998670|21.875
1397998693|21.875
1397998715|21.875
1397998738|21.812
1397998760|21.875
1397998783|21.875
1397998805|21.875
1397998828|22.062
1397998850|22.062
1397998873|22.0
1397998895|21.875
1397998918|22.0
1397998940|22.0
1397998962|22.0
1397998985|21.937
1397999007|22.0
1397999030|22.062
1397999052|22.125
1397999075|21.937
1397999097|21.812
1397999120|21.5
1397999142|21.75
1397999165|21.687
1397999187|21.687
1397999210|21.75
1397999232|21.875
1397999255|21.937
1397999277|21.937
1397999300|21.937
1397999322|21.937
1397999344|22.062
1397999367|21.875
1397999389|21.75
1397999412|21.75
1397999434|21.812
1397999457|21.875
1397999479|21.687
1397999502|21.687
1397999524|21.812
1397999547|21.812
1397999569|21.812
1397999592|21.812
1397999614|21.937
1397999637|21.937
1397999659|22.062
1397999682|22.062
1397999704|22.187
1397999726|21.937
1397999749|22.187
1397999771|22.187
1397999794|22.062
1397999816|22.062
1397999839|22.25
1397999861|22.25
1397999884|22.25
1397999906|22.0
1397999929|22.0
1397999951|22.062
1397999974|22.187
1397999996|22.125
1398000019|22.187
1398000041|22.187
1398000063|22.25
1398000086|22.25
1398000108|22.0
1398000131|21.937
1398000153|21.687
1398000176|21.687
1398000198|21.875
1398000221|21.812
1398000243|22.0
1398000266|22.062
1398000288|21.875
1398000311|21.875
1398000333|21.937
1398000356|21.812
1398000378|21.625
1398000400|21.5
1398000423|21.812
1398000445|21.812
1398000468|21.812
1398000490|21.562
1398000513|21.187
1398000535|21.187
1398000558|21.25
1398000580|21.312
1398000603|21.312
1398000625|21.437
1398000648|21.312
1398000670|21.312
1398000693|21.375
1398000715|20.875
1398000737|20.75
1398000760|20.687
1398000782|20.687
1398000805|20.75
1398000827|20.875
1398000850|20.75
1398000872|20.875
1398000895|20.812
1398000917|21.125
1398000940|21.062
1398000962|21.312
1398000985|21.187
1398001007|21.375
1398001030|21.437
1398001052|21.312
1398001075|21.375
1398001097|21.375
1398001120|21.187
1398001142|21.187
1398001164|21.5
1398001187|21.25
1398001209|21.25
1398001232|21.5
1398001254|21.375
1398001277|21.562
1398001299|21.5
1398001322|21.5
1398001344|21.5
1398001367|21.437
1398001389|21.562
1398001412|21.5
1398001434|21.562
1398001457|21.375
1398001479|21.187
1398001501|21.062
1398001524|21.062
1398001546|20.937
1398001569|20.812
1398001591|21.0
1398001614|20.875
1398001636|21.062
1398001659|20.937
1398001681|21.0
1398001704|21.25
1398001726|21.25
1398001749|21.187
1398001771|21.062
1398001794|21.0
1398001816|21.0
1398001838|20.75
1398001861|20.687
1398001883|21.0
1398001906|21.125
1398001928|21.125
1398001951|21.125
1398001973|21.312
1398001996|21.312
1398002018|20.937
1398002041|21.125
1398002063|21.187
1398002086|21.25
1398002108|21.187
1398002131|21.125
1398002153|21.25
1398002175|21.25
1398002198|21.187
1398002220|21.187
1398002243|20.937
1398002265|21.125
1398002288|21.312
1398002310|21.187
1398002333|21.375
1398002355|21.437
1398002378|21.562
1398002400|21.187
1398002423|21.25
1398002445|21.375
1398002468|21.187
1398002490|21.187
1398002512|21.125
1398002535|21.062
1398002557|21.062
1398002580|21.187
1398002602|21.0
1398002625|21.062
1398002647|21.062
1398002670|20.937
1398002692|20.625
1398002715|20.937
1398002737|21.0
1398002760|20.937
1398002782|21.187
1398002805|21.062
1398002827|21.312
1398002850|21.437
1398002872|21.437
1398002894|21.5
1398002917|21.5
1398002939|21.5
1398002962|21.687
1398002984|21.437
1398003007|21.25
1398003029|21.312
1398003052|21.5
1398003074|21.437
1398003097|21.437
1398003119|21.375
1398003142|21.187
1398003164|21.25
1398003187|21.312
1398003209|21.125
1398003231|21.0
1398003254|21.062
1398003276|21.062
1398003299|21.0
1398003321|21.125
1398003344|21.125
1398003366|20.875
1398003389|21.0
1398003411|20.75
1398003434|20.687
1398003456|20.75
1398003479|21.125
1398003501|21.0
1398003524|21.25
1398003546|21.125
1398003568|21.187
1398003591|21.25
1398003613|21.062
1398003636|20.812
1398003658|20.687
1398003681|20.812
1398003703|20.875
1398003726|21.0
1398003748|20.937
1398003771|21.125
1398003793|20.937
1398003816|21.0
1398003838|21.125
1398003861|21.187
1398003883|21.062
1398003906|21.062
1398003928|20.875
1398003950|20.75
1398003973|20.75
1398003995|20.875
1398004018|20.875
1398004040|20.875
1398004063|20.937
1398004085|20.875
1398004108|20.937
1398004130|21.062
1398004153|21.125
1398004175|21.187
1398004198|21.312
1398004220|21.25
1398004243|21.437
1398004265|21.437
1398004288|21.687
1398004310|21.687
1398004332|21.312
1398004355|21.187
1398004377|21.312
1398004400|21.562
1398004422|21.625
1398004445|21.562
1398004467|21.812
1398004490|21.812
1398004512|21.625
1398004535|21.687
1398004557|21.875
1398004580|21.812
1398004602|21.812
1398004625|21.562
1398004647|21.687
1398004669|21.812
1398004692|21.812
1398004714|21.75
1398004737|21.75
1398004759|21.562
1398004782|21.687
1398004804|21.75
1398004827|21.875
1398004849|22.125
1398004872|22.125
1398004894|22.125
1398004917|22.062
1398004939|21.937
1398004962|22.062
1398004984|22.375
1398005006|22.5
1398005029|22.5
1398005051|22.875
1398005074|22.812
1398005096|22.875
1398005119|23.0
1398005141|23.312
1398005164|23.375
1398005186|23.312
1398005209|23.25
1398005231|23.5
1398005254|23.687
1398005276|23.75
1398005299|23.875
1398005321|24.0
1398005343|23.937
1398005366|23.937
1398005388|23.937
1398005411|23.562
1398005433|23.812
1398005456|24.062
1398005478|24.187
1398005501|24.375
1398005523|24.375
1398005546|24.312
1398005568|24.312
1398005591|24.187
1398005613|24.562
1398005636|24.562
1398005658|24.687
1398005681|25.0
1398005703|25.0
1398005726|25.062
1398005748|24.75
1398005770|24.875
1398005793|24.75
1398005815|24.625
1398005838|24.625
1398005860|24.812
1398005883|24.625
1398005905|24.562
1398005928|24.25
1398005950|24.0
1398005973|24.062
1398005995|24.187
1398006018|23.687
1398006040|23.5
1398006062|23.375
1398006085|23.5
1398006107|23.437
1398006130|23.437
1398006152|23.062
1398006175|23.125
1398006197|23.375
1398006220|23.5
1398006242|23.5
1398006265|23.75
1398006287|23.437
1398006310|23.062
1398006332|22.937
1398006355|22.875
1398006377|23.0
1398006400|23.25
1398006422|23.125
1398006444|23.0
1398006467|22.937
1398006489|23.0
1398006512|22.812
1398006534|23.125
1398006557|22.937
1398006579|23.062
1398006602|23.125
1398006624|23.0
1398006647|23.187
1398006669|23.062
1398006692|23.125
1398006714|23.125
1398006737|23.062
1398006759|23.187
1398006781|23.187
1398006804|23.187
1398006826|23.437
1398006849|23.5
1398006871|23.812
1398006894|24.0
1398006916|24.062
1398006939|24.25
1398006961|24.312
1398006984|24.437
1398007006|24.5
1398007029|24.437
1398007051|24.562
1398007074|24.5
1398007096|24.187
1398007118|24.375
1398007141|24.625
1398007163|24.625
1398007186|24.687
1398007208|24.625
1398007231|24.5
1398007253|24.5
1398007276|24.812
1398007298|24.875
1398007321|24.687
1398007343|24.75
1398007366|24.937
1398007388|24.937
1398007411|25.562
1398007433|25.625
1398007456|25.5
1398007478|25.5
1398007500|25.812
1398007523|25.812
1398007545|25.687
1398007568|25.687
1398007590|25.312
1398007613|25.25
1398007635|25.625
1398007658|25.562
1398007680|25.625
1398007703|25.75
1398007725|25.875
1398007748|25.562
1398007770|25.75
1398007793|25.937
1398007815|25.937
1398007837|25.937
1398007860|26.187
1398007882|26.5
1398007905|26.812
1398007927|26.812
1398007950|27.062
1398007972|26.937
1398007995|26.812
1398008017|26.687
1398008040|26.812
1398008062|26.812
1398008085|27.0
1398008107|26.937
1398008130|27.062
1398008152|26.875
1398008174|26.875
1398008197|27.562
1398008219|27.562
1398008242|27.25
1398008264|27.187
1398008287|27.062
1398008309|27.062
1398008332|27.125
1398008354|27.187
1398008377|27.062
1398008399|27.25
1398008422|27.437
1398008444|27.437
1398008467|27.625
1398008489|27.625
1398008511|27.75
1398008534|27.75
1398008556|28.0
1398008579|27.687
1398008601|27.75
1398008624|27.625
1398008646|28.125
1398008669|27.937
1398008691|28.0
1398008714|28.0
1398008736|28.0
1398008759|27.875
1398008781|27.75
1398008804|27.75
1398008826|27.5
1398008848|27.375
1398008871|27.875
1398008893|27.812
1398008916|27.812
1398008938|27.875
1398008961|28.062
1398008983|27.687
1398009006|27.812
1398009028|27.937
1398009051|27.625
1398009073|27.625
1398009096|27.562
1398009118|27.75
1398009141|27.937
1398009163|27.875
1398009186|28.125
1398009208|28.125
1398009230|28.062
1398009253|28.25
1398009275|28.562
1398009298|28.562
1398009320|28.625
1398009343|28.687
1398009365|28.687
1398009388|28.562
1398009410|28.312
1398009433|28.375
1398009455|28.187
1398009478|28.125
1398009500|28.062
1398009523|28.375
1398009545|28.75
1398009568|28.625
1398009590|28.375
1398009612|28.437
1398009635|28.437
1398009657|28.187
1398009680|28.25
1398009702|27.812
1398009725|27.75
1398009747|27.75
1398009770|27.687
1398009792|27.562
1398009815|27.437
1398009837|27.375
1398009860|27.562
1398009882|27.375
1398009905|27.375
1398009927|27.375
1398009949|27.437
1398009972|27.312
1398009994|27.312
1398010017|27.25
1398010039|27.437
1398010062|27.437
1398010084|27.437
1398010107|27.187
1398010129|27.25
1398010152|27.187
1398010174|27.375
1398010197|27.062
1398010219|27.062
1398010242|27.0
1398010264|27.062
1398010286|27.062
1398010309|27.062
1398010331|27.125
1398010354|26.812
1398010376|27.312
1398010399|27.25
1398010421|27.125
1398010444|27.375
1398010466|27.0
1398010489|26.937
1398010511|26.687
1398010534|26.375
1398010556|26.375
1398010579|26.312
1398010601|26.312
1398010623|26.437
1398010646|26.437
1398010668|26.437
1398010691|26.625
1398010713|26.5
1398010736|26.75
1398010758|26.937
1398010781|26.75
1398010803|26.75
1398010826|26.562
1398010848|26.437
1398010871|26.375
1398010893|26.062
1398010916|25.812
1398010938|25.812
1398010961|25.75
1398010983|26.125
1398011006|26.187
1398011028|25.937
1398011050|26.0
1398011073|26.0
1398011095|25.937
1398011118|26.062
1398011140|25.937
1398011163|25.875
1398011185|25.812
1398011208|26.125
1398011230|25.875
1398011253|25.937
1398011275|25.875
1398011298|25.375
1398011320|25.0
1398011343|25.062
1398011365|25.0
1398011387|25.0
1398011410|25.187
1398011432|24.875
1398011455|24.875
1398011477|25.062
1398011500|25.0
1398011522|24.937
1398011545|24.75
1398011567|24.625
1398011590|24.687
1398011612|24.75
1398011635|24.75
1398011657|24.875
1398011680|24.875
1398011702|24.625
1398011724|24.625
1398011747|24.625
1398011769|24.625
1398011792|24.5
1398011814|24.437
1398011837|24.5
1398011859|24.5
1398011882|24.625
1398011904|24.375
1398011927|24.437
1398011949|24.375
1398011972|24.687
1398011994|24.437
1398012017|24.375
1398012039|24.25
1398012061|24.5
1398012084|24.437
1398012106|24.375
1398012129|24.687
1398012151|24.5
1398012174|24.5
1398012196|24.312
1398012219|24.312
1398012241|24.312
1398012264|24.187
1398012286|24.25
1398012309|24.312
1398012331|24.312
1398012354|24.125
1398012376|24.187
1398012398|24.375
1398012421|24.062
1398012443|24.187
1398012466|23.875
1398012488|23.875
1398012511|23.875
1398012533|23.75
1398012556|23.75
1398012578|23.812
1398012601|23.812
1398012623|23.625
1398012646|23.562
1398012668|23.562
1398012691|23.25
1398012713|23.25
1398012736|23.437
1398012758|23.562
1398012780|23.375
1398012803|23.25
1398012825|23.0
1398012848|22.812
1398012870|22.875
1398012893|22.687
1398012915|22.687
1398012938|22.937
1398012960|22.937
1398012983|23.0
1398013005|23.125
1398013028|23.187
1398013050|23.062
1398013073|22.937
1398013095|23.125
1398013117|23.0
1398013140|22.875
1398013162|22.937
1398013185|22.687
1398013207|22.812
1398013230|23.125
1398013252|23.062
1398013275|22.75
1398013297|22.625
1398013320|22.625
1398013342|22.812
1398013365|22.625
1398013387|22.5
1398013410|22.312
1398013432|22.375
1398013455|22.312
1398013477|22.312
1398013500|22.5
1398013522|22.187
1398013544|21.937
1398013567|21.687
1398013589|21.687
1398013612|21.687
1398013634|21.687
1398013657|21.625
1398013679|21.687
1398013702|21.625
1398013724|21.625
1398013747|21.312
1398013769|21.312
1398013792|21.312
1398013814|21.25
1398013837|21.125
1398013859|21.125
1398013881|21.0
1398013904|21.0
1398013926|21.062
1398013949|21.125
1398013971|20.937
1398013994|20.937
1398014016|20.437
1398014039|20.625
1398014061|20.437
1398014084|20.312
1398014106|20.25
1398014129|20.187
1398014151|20.125
1398014174|20.125
1398014196|20.125
1398014219|19.937
1398014241|20.312
1398014263|20.062
1398014286|19.937
1398014308|19.812
1398014331|19.812
1398014353|19.375
1398014376|19.125
1398014398|18.937
1398014421|18.687
1398014443|18.625
1398014466|18.5
1398014488|18.5
1398014511|18.687
1398014533|18.687
1398014556|18.75
1398014578|18.812
1398014601|18.875
1398014623|18.75
1398014645|18.562
1398014668|18.375
1398014690|18.25
1398014713|18.312
1398014735|18.25
1398014758|18.312
1398014780|18.125
1398014804|18.125
1398014826|18.0
1398014848|17.937
1398014871|17.937
1398014893|17.875
1398014916|17.875
1398014938|17.562
1398014961|17.625
1398014983|17.625
1398015006|17.562
1398015028|17.437
1398015051|17.437
1398015073|17.437
1398015096|17.187
1398015118|17.0
1398015141|16.937
1398015163|16.875
1398015185|16.812
1398015208|16.687
1398015230|16.5
1398015253|16.437
1398015275|16.375
1398015298|16.312
1398015320|16.125
1398015343|16.0
1398015365|15.937
1398015388|15.937
1398015410|15.5
1398015433|15.437
1398015455|15.375
1398015478|15.375
1398015500|15.187
1398015523|15.062
1398015545|14.875
1398015567|14.812
1398015590|14.687
1398015612|14.625
1398015635|14.687
1398015657|14.562
1398015680|14.5
1398015702|14.312
1398015725|14.25
1398015747|14.125
1398015770|14.125
1398015792|14.062
1398015815|14.062
1398015837|14.062
1398015860|13.937
1398015882|13.812
1398015904|13.812
1398015927|13.812
1398015949|13.812
1398015972|13.812
1398015994|13.812
1398016017|13.75
1398016039|13.75
1398016062|13.625
1398016084|13.687
1398016107|13.625
1398016129|13.5
1398016152|13.375
1398016174|13.312
1398016197|13.312
1398016219|13.25
1398016241|13.25
1398016264|13.125
1398016286|13.062
1398016309|13.062
1398016331|13.062
1398016354|13.0
1398016376|12.937
1398016399|12.812
1398016421|12.812
1398016444|12.75
1398016466|12.812
1398016489|12.812
1398016511|12.75
1398016534|12.687
1398016556|12.687
1398016579|12.625
1398016601|12.625
1398016624|12.625
1398016646|12.625
1398016668|12.562
1398016691|12.687
1398016713|12.687
1398016736|12.625
1398016758|12.625
1398016781|12.687
1398016803|12.562
1398016826|12.562
1398016848|12.562
1398016871|12.437
