1399053921|11.437
1399053944|11.437
1399053966|11.375
1399053989|11.437
1399054011|11.437
1399054034|11.5
1399054056|11.562
1399054079|11.5
1399054101|11.437
1399054123|11.437
1399054146|11.375
1399054168|11.375
1399054191|11.312
1399054213|11.312
1399054236|11.312
1399054258|11.125
1399054281|11.125
1399054303|11.0
1399054326|10.875
1399054348|10.812
1399054371|10.687
1399054393|10.625
1399054416|10.562
1399054438|10.5
1399054460|10.437
1399054483|10.437
1399054505|10.437
1399054528|10.312
1399054550|10.25
1399054573|10.25
1399054595|10.187
1399054618|10.187
1399054640|10.125
1399054663|10.062
1399054685|10.0
1399054708|9.937
1399054730|9.875
1399054753|9.875
1399054775|9.875
1399054797|9.875
1399054820|9.812
1399054842|9.812
1399054865|9.75
1399054887|9.75
1399054910|9.687
1399054932|9.625
1399054955|9.562
1399054977|9.562
1399055000|9.5
1399055022|9.5
1399055045|9.437
1399055067|9.437
1399055090|9.437
1399055112|9.375
1399055134|9.375
1399055157|9.375
1399055179|9.375
1399055202|9.25
1399055224|9.25
1399055247|9.25
1399055269|9.25
1399055292|9.25
1399055314|9.25
1399055337|9.187
1399055359|9.187
1399055382|9.125
1399055404|9.125
1399055427|9.125
1399055449|9.062
1399055472|9.062
1399055494|9.062
1399055517|9.0
1399055539|8.937
1399055561|8.937
1399055584|8.875
1399055606|8.875
1399055629|8.875
1399055651|8.812
1399055674|8.812
1399055696|8.75
1399055719|8.75
1399055741|8.75
1399055764|8.687
1399055786|8.687
1399055809|8.687
1399055831|8.687
1399055854|8.625
1399055876|8.625
1399055898|8.625
1399055921|8.625
1399055943|8.625
1399055966|8.562
1399055988|8.562
1399056011|8.562
1399056033|8.5
1399056056|8.437
1399056078|8.375
1399056101|8.312
1399056123|8.312
1399056146|8.312
1399056168|8.375
1399056191|8.312
1399056213|8.312
1399056236|8.312
1399056258|8.312
1399056280|8.312
1399056303|8.25
1399056325|8.25
1399056348|8.187
1399056370|8.125
1399056393|8.062
1399056415|8.062
1399056438|8.0
1399056460|8.0
1399056483|8.0
1399056505|7.937
1399056528|7.937
1399056550|7.937
1399056573|7.875
1399056595|7.875
1399056617|7.875
1399056640|7.875
1399056662|7.812
1399056685|7.812
1399056707|7.75
1399056730|7.75
1399056752|7.75
1399056775|7.687
1399056797|7.687
1399056820|7.687
1399056842|7.625
1399056865|7.562
1399056887|7.562
1399056910|7.562
1399056932|7.562
1399056954|7.5
1399056977|7.5
1399056999|7.5
1399057022|7.5
1399057044|7.437
1399057067|7.437
1399057089|7.437
1399057112|7.437
1399057134|7.437
1399057157|7.437
1399057179|7.437
1399057202|7.437
1399057224|7.437
1399057247|7.437
1399057269|7.5
1399057292|7.437
1399057314|7.437
1399057336|7.437
1399057359|7.437
1399057381|7.437
1399057404|7.437
1399057426|7.437
1399057449|7.437
1399057471|7.375
1399057494|7.375
1399057516|7.437
1399057539|7.375
1399057561|7.375
1399057584|7.375
1399057606|7.312
1399057629|7.312
1399057651|7.312
1399057674|7.25
1399057696|7.25
1399057718|7.25
1399057741|7.187
1399057763|7.187
1399057786|7.125
1399057808|7.125
1399057831|7.062
1399057853|7.0
1399057876|7.0
1399057898|7.0
1399057921|7.0
1399057943|7.0
1399057966|6.937
1399057988|6.937
1399058011|6.875
1399058033|6.875
1399058055|6.875
1399058078|6.875
1399058100|6.937
1399058123|6.937
1399058145|6.875
1399058168|6.875
1399058190|6.875
1399058213|6.875
1399058235|6.812
1399058258|6.812
1399058280|6.812
1399058303|6.75
1399058325|6.687
1399058348|6.687
1399058370|6.687
1399058392|6.625
1399058415|6.687
1399058437|6.562
1399058460|6.5
1399058482|6.5
1399058505|6.5
1399058527|6.375
1399058550|6.375
1399058572|6.312
1399058595|6.312
1399058617|6.312
1399058640|6.312
1399058662|6.25
1399058685|6.25
1399058707|6.125
1399058730|6.125
1399058752|6.125
1399058775|6.125
1399058797|6.125
1399058819|6.187
1399058842|6.187
1399058864|6.187
1399058887|6.187
1399058909|6.187
1399058932|6.125
1399058954|6.125
1399058977|6.125
1399058999|6.125
1399059022|6.187
1399059044|6.187
1399059067|6.187
1399059089|6.25
1399059112|6.25
1399059134|6.187
1399059156|6.187
1399059179|6.187
1399059201|6.187
1399059224|6.125
1399059246|6.125
1399059269|6.125
1399059291|6.125
1399059314|6.062
1399059336|6.062
1399059359|6.062
1399059381|6.062
1399059404|6.0
1399059426|6.0
1399059449|6.0
1399059471|5.937
1399059493|5.937
1399059516|5.937
1399059538|5.937
1399059561|5.875
1399059583|5.875
1399059606|5.812
1399059628|5.75
1399059651|5.75
1399059673|5.75
1399059696|5.687
1399059718|5.75
1399059741|5.687
1399059763|5.687
1399059786|5.687
1399059808|5.625
1399059830|5.625
1399059853|5.625
1399059875|5.625
1399059898|5.625
1399059920|5.562
1399059943|5.625
1399059965|5.625
1399059988|5.625
1399060010|5.562
1399060033|5.625
1399060055|5.625
1399060078|5.562
1399060100|5.5
1399060123|5.5
1399060145|5.437
1399060167|5.375
1399060190|5.375
1399060212|5.375
1399060235|5.375
1399060257|5.375
1399060280|5.375
1399060302|5.437
1399060325|5.437
1399060347|5.437
1399060370|5.5
1399060392|5.5
1399060415|5.5
1399060437|5.562
1399060460|5.562
1399060482|5.562
1399060505|5.562
1399060527|5.562
1399060549|5.625
1399060572|5.625
1399060594|5.625
1399060617|5.562
1399060639|5.5
1399060662|5.437
1399060684|5.437
1399060707|5.437
1399060729|5.5
1399060752|5.5
1399060774|5.5
1399060797|5.5
1399060819|5.5
1399060842|5.5
1399060864|5.5
1399060886|5.5
1399060909|5.5
1399060931|5.437
1399060954|5.437
1399060976|5.437
1399060999|5.375
1399061021|5.375
1399061044|5.375
1399061066|5.375
1399061089|5.375
1399061111|5.375
1399061134|5.375
1399061156|5.312
1399061179|5.25
1399061201|5.25
1399061223|5.187
1399061246|5.187
1399061268|5.187
1399061291|5.187
1399061313|5.187
1399061336|5.187
1399061358|5.187
1399061381|5.187
1399061403|5.187
1399061426|5.187
1399061448|5.125
1399061471|5.125
1399061493|5.125
1399061516|5.125
1399061538|5.125
1399061560|5.187
1399061583|5.125
1399061605|5.062
1399061628|5.0
1399061650|5.0
1399061673|4.937
1399061695|4.875
1399061718|4.875
1399061740|4.875
1399061763|4.875
1399061785|4.875
1399061808|4.812
1399061830|4.75
1399061853|4.75
1399061875|4.687
1399061897|4.687
1399061920|4.625
1399061942|4.625
1399061965|4.562
1399061987|4.562
1399062010|4.562
1399062032|4.5
1399062055|4.5
1399062077|4.437
1399062100|4.5
1399062122|4.5
1399062145|4.5
1399062167|4.5
1399062190|4.5
1399062212|4.5
1399062235|4.5
1399062257|4.5
1399062280|4.562
1399062302|4.562
1399062324|4.5
1399062347|4.5
1399062369|4.5
1399062392|4.437
1399062414|4.375
1399062437|4.312
1399062459|4.25
1399062482|4.25
1399062504|4.187
1399062527|4.187
1399062549|4.187
1399062572|4.187
1399062594|4.187
1399062617|4.125
1399062639|4.125
1399062661|4.125
1399062684|4.125
1399062706|4.062
1399062729|4.062
1399062751|4.062
1399062774|4.062
1399062796|4.062
1399062819|4.062
1399062841|4.062
1399062864|4.125
1399062886|4.125
1399062909|4.125
1399062931|4.125
1399062954|4.187
1399062976|4.125
1399062998|4.187
1399063021|4.187
1399063043|4.25
1399063066|4.25
1399063088|4.25
1399063111|4.25
1399063133|4.187
1399063156|4.125
1399063178|4.125
1399063201|4.125
1399063223|4.125
1399063246|4.125
1399063268|4.062
1399063291|4.062
1399063313|4.062
1399063335|4.0
1399063358|4.0
1399063380|4.0
1399063403|3.937
1399063425|3.937
1399063448|3.937
1399063470|3.937
1399063493|3.875
1399063515|3.812
1399063538|3.812
1399063560|3.75
1399063583|3.75
1399063605|3.75
1399063628|3.75
1399063650|3.75
1399063673|3.75
1399063695|3.75
1399063717|3.75
1399063740|3.75
1399063762|3.687
1399063785|3.687
1399063807|3.687
1399063830|3.687
1399063852|3.687
1399063875|3.625
1399063897|3.625
1399063920|3.625
1399063942|3.625
1399063965|3.562
1399063987|3.562
1399064010|3.562
1399064032|3.5
1399064055|3.437
1399064077|3.375
1399064099|3.375
1399064122|3.25
1399064144|3.25
1399064167|3.25
1399064189|3.187
1399064212|3.187
1399064234|3.187
1399064257|3.187
1399064279|3.187
1399064302|3.125
1399064324|3.125
1399064347|3.125
1399064369|3.062
1399064392|2.937
1399064414|2.937
1399064436|2.875
1399064459|2.875
1399064481|2.875
1399064504|2.875
1399064526|2.875
1399064549|2.875
1399064571|2.812
1399064594|2.812
1399064616|2.812
1399064639|2.875
1399064661|2.875
1399064684|2.812
1399064706|2.812
1399064729|2.75
1399064751|2.812
1399064773|2.75
1399064796|2.687
1399064818|2.687
1399064841|2.687
1399064863|2.687
1399064886|2.687
1399064908|2.625
1399064931|2.625
1399064953|2.625
1399064976|2.625
1399064998|2.625
1399065021|2.625
1399065043|2.625
1399065066|2.625
1399065088|2.625
1399065110|2.625
1399065133|2.625
1399065155|2.625
1399065178|2.562
1399065200|2.562
1399065223|2.562
1399065245|2.562
1399065268|2.562
1399065290|2.562
1399065313|2.5
1399065335|2.5
1399065358|2.562
1399065380|2.562
1399065403|2.5
1399065425|2.562
1399065447|2.562
1399065470|2.562
1399065492|2.625
1399065515|2.625
1399065537|2.687
1399065560|2.687
1399065582|2.687
1399065605|2.687
1399065627|2.75
1399065650|2.687
1399065672|2.687
1399065695|2.687
1399065717|2.687
1399065740|2.75
1399065762|2.687
1399065785|2.687
1399065807|2.687
1399065829|2.687
1399065852|2.687
1399065874|2.625
1399065897|2.625
1399065919|2.625
1399065942|2.562
1399065964|2.562
1399065987|2.5
1399066009|2.5
1399066032|2.5
1399066054|2.5
1399066077|2.5
1399066099|2.5
1399066122|2.5
1399066144|2.5
1399066166|2.437
1399066189|2.375
1399066212|2.312
1399066234|2.312
1399066256|2.25
1399066279|2.25
1399066301|2.25
1399066324|2.25
1399066346|2.187
1399066369|2.187
1399066391|2.187
1399066414|2.25
1399066436|2.25
1399066459|2.25
1399066481|2.187
1399066504|2.187
1399066526|2.125
1399066549|2.062
1399066571|2.062
1399066593|2.0
1399066616|2.0
1399066638|1.937
1399066661|1.937
1399066683|1.937
1399066706|1.937
1399066728|1.937
1399066751|1.937
1399066773|1.937
1399066796|1.937
1399066818|1.937
1399066841|1.937
1399066863|1.875
1399066886|1.875
1399066908|1.937
1399066930|1.875
1399066953|1.875
1399066975|1.875
1399066998|1.875
1399067020|1.875
1399067043|1.812
1399067065|1.875
1399067088|1.812
1399067110|1.812
1399067133|1.75
1399067155|1.75
1399067178|1.75
1399067200|1.75
1399067223|1.75
1399067245|1.687
1399067267|1.687
1399067290|1.687
1399067312|1.687
1399067335|1.625
1399067357|1.687
1399067380|1.687
1399067402|1.687
1399067425|1.687
1399067447|1.687
1399067470|1.625
1399067492|1.625
1399067515|1.625
1399067537|1.625
1399067560|1.687
1399067582|1.687
1399067605|1.687
1399067627|1.687
1399067649|1.687
1399067672|1.687
1399067694|1.687
1399067717|1.687
1399067739|1.75
1399067762|1.75
1399067784|1.75
1399067807|1.75
1399067829|1.812
1399067852|1.75
1399067874|1.75
1399067897|1.75
1399067919|1.75
1399067942|1.75
1399067964|1.75
1399067987|1.75
1399068009|1.75
1399068031|1.75
1399068054|1.687
1399068076|1.75
1399068099|1.687
1399068121|1.687
1399068144|1.687
1399068166|1.687
1399068189|1.625
1399068211|1.625
1399068234|1.562
1399068256|1.562
1399068279|1.5
1399068301|1.5
1399068324|1.5
1399068346|1.5
1399068368|1.562
1399068391|1.562
1399068413|1.562
1399068436|1.625
1399068458|1.625
1399068481|1.625
1399068503|1.625
1399068526|1.625
1399068548|1.562
1399068571|1.562
1399068593|1.562
1399068616|1.562
1399068638|1.562
1399068661|1.5
1399068684|1.5
1399068706|1.5
1399068729|1.5
1399068751|1.5
1399068774|1.5
1399068796|1.5
1399068819|1.5
1399068841|1.437
1399068864|1.375
1399068886|1.375
1399068909|1.375
1399068931|1.375
1399068953|1.375
1399068976|1.375
1399068999|1.375
1399069022|1.312
1399069044|1.312
1399069067|1.312
1399069089|1.312
1399069112|1.312
1399069134|1.25
1399069156|1.187
1399069179|1.187
1399069201|1.187
1399069224|1.187
1399069246|1.187
1399069269|1.187
1399069291|1.25
1399069314|1.25
1399069336|1.25
1399069359|1.187
1399069381|1.187
1399069404|1.187
1399069426|1.187
1399069449|1.187
1399069471|1.187
1399069493|1.187
1399069516|1.187
1399069538|1.187
1399069561|1.187
1399069583|1.187
1399069606|1.187
1399069628|1.25
1399069651|1.187
1399069673|1.125
1399069696|1.125
1399069718|1.125
1399069741|1.125
1399069763|1.125
1399069786|1.125
1399069808|1.062
1399069831|1.062
1399069853|1.062
1399069876|1.0
1399069898|1.062
1399069920|1.0
1399069943|1.0
1399069965|1.0
1399069988|1.0
1399070010|1.0
1399070033|1.0
1399070055|1.0
1399070078|1.062
1399070100|1.062
1399070123|1.062
1399070145|1.062
1399070168|1.062
1399070190|1.062
1399070213|1.062
1399070235|1.062
1399070257|1.062
1399070280|1.062
1399070302|1.062
1399070325|1.062
1399070347|1.062
1399070370|1.062
1399070392|1.062
1399070415|1.062
1399070437|1.062
1399070460|1.0
1399070482|1.062
1399070505|1.0
1399070527|1.0
1399070550|1.0
1399070572|1.0
1399070594|1.0
1399070617|1.0
1399070639|0.937
1399070662|0.937
1399070684|0.937
1399070707|0.937
1399070729|0.937
1399070752|0.937
1399070774|0.875
1399070797|0.875
1399070819|0.875
1399070842|0.812
1399070864|0.812
1399070887|0.812
1399070909|0.812
1399070932|0.812
1399070954|0.812
1399070977|0.75
1399070999|0.75
1399071021|0.687
1399071044|0.687
1399071066|0.687
1399071089|0.687
1399071111|0.625
1399071134|0.625
1399071156|0.625
1399071179|0.625
1399071201|0.562
1399071224|0.562
1399071246|0.562
1399071269|0.562
1399071291|0.562
1399071314|0.562
1399071336|0.625
1399071358|0.625
1399071381|0.625
1399071403|0.687
1399071426|0.687
1399071448|0.687
1399071471|0.687
1399071493|0.75
1399071516|0.75
1399071538|0.75
1399071561|0.75
1399071583|0.75
1399071606|0.75
1399071628|0.75
1399071651|0.75
1399071673|0.687
1399071695|0.687
1399071718|0.687
1399071740|0.625
1399071763|0.625
1399071785|0.562
1399071808|0.562
1399071830|0.562
1399071853|0.562
1399071875|0.562
1399071898|0.5
1399071920|0.5
1399071943|0.5
1399071965|0.5
1399071988|0.5
1399072010|0.5
1399072032|0.5
1399072055|0.5
1399072077|0.5
1399072100|0.5
1399072122|0.5
1399072145|0.5
1399072167|0.5
1399072190|0.5
1399072212|0.5
1399072235|0.5
1399072257|0.5
1399072280|0.5
1399072302|0.5
1399072325|0.562
1399072347|0.5
1399072370|0.5
1399072392|0.5
1399072414|0.562
1399072437|0.562
1399072459|0.562
1399072482|0.562
1399072504|0.562
1399072527|0.562
1399072549|0.562
1399072572|0.562
1399072594|0.562
1399072617|0.562
1399072639|0.562
1399072662|0.562
1399072684|0.562
1399072707|0.5
1399072729|0.5
1399072751|0.5
1399072774|0.437
1399072796|0.437
1399072819|0.437
1399072841|0.375
1399072864|0.375
1399072886|0.375
1399072909|0.375
1399072931|0.312
1399072954|0.312
1399072976|0.312
1399072999|0.312
1399073021|0.312
1399073044|0.312
1399073066|0.312
1399073088|0.25
1399073111|0.25
1399073133|0.25
1399073156|0.25
1399073178|0.25
1399073201|0.25
1399073223|0.25
1399073246|0.25
1399073268|0.25
1399073291|0.187
1399073313|0.187
1399073336|0.187
1399073358|0.187
1399073381|0.187
1399073403|0.187
1399073425|0.125
1399073448|0.125
1399073470|0.062
1399073493|0.0
1399073515|0.0
1399073538|-0.062
1399073560|-0.062
1399073583|-0.125
1399073605|-0.125
1399073628|-0.187
1399073650|-0.25
1399073673|-0.25
1399073695|-0.312
1399073718|-0.375
1399073740|-0.375
1399073762|-0.375
1399073785|-0.437
1399073807|-0.437
1399073830|-0.437
1399073852|-0.5
1399073875|-0.5
1399073897|-0.5
1399073920|-0.5
1399073942|-0.5
1399073965|-0.5
1399073987|-0.437
1399074010|-0.5
1399074032|-0.437
1399074055|-0.5
1399074077|-0.5
1399074100|-0.5
1399074122|-0.5
1399074145|-0.5
1399074167|-0.5
1399074189|-0.5
1399074212|-0.5
1399074234|-0.437
1399074257|-0.437
1399074279|-0.437
1399074302|-0.5
1399074324|-0.5
1399074347|-0.5
1399074369|-0.5
1399074392|-0.5
1399074414|-0.5
1399074437|-0.5
1399074459|-0.5
1399074482|-0.562
1399074504|-0.5
1399074526|-0.562
1399074549|-0.562
1399074571|-0.562
1399074594|-0.562
1399074616|-0.562
1399074639|-0.562
1399074661|-0.562
1399074684|-0.562
1399074706|-0.562
1399074729|-0.562
1399074751|-0.562
1399074774|-0.562
1399074796|-0.562
1399074819|-0.562
1399074841|-0.625
1399074863|-0.625
1399074886|-0.625
1399074908|-0.625
1399074931|-0.625
1399074953|-0.562
1399074976|-0.625
1399074998|-0.562
1399075021|-0.625
1399075043|-0.625
1399075066|-0.625
1399075088|-0.625
1399075111|-0.625
1399075133|-0.625
1399075156|-0.625
1399075178|-0.625
1399075200|-0.625
1399075223|-0.625
1399075245|-0.625
1399075268|-0.687
1399075290|-0.687
1399075313|-0.687
1399075335|-0.687
1399075358|-0.687
1399075380|-0.687
1399075403|-0.75
1399075425|-0.687
1399075448|-0.687
1399075470|-0.687
1399075493|-0.687
1399075515|-0.687
1399075537|-0.687
1399075560|-0.687
1399075582|-0.687
1399075605|-0.687
1399075627|-0.687
1399075650|-0.687
1399075672|-0.687
1399075695|-0.687
1399075717|-0.75
1399075740|-0.687
1399075762|-0.75
1399075785|-0.75
1399075807|-0.75
1399075830|-0.75
1399075852|-0.75
1399075875|-0.687
1399075897|-0.75
1399075920|-0.75
1399075942|-0.687
1399075964|-0.687
1399075987|-0.75
1399076009|-0.75
1399076032|-0.75
1399076054|-0.75
1399076077|-0.75
1399076099|-0.75
1399076122|-0.75
1399076144|-0.75
1399076167|-0.75
1399076189|-0.75
1399076212|-0.75
1399076234|-0.75
1399076257|-0.75
1399076279|-0.75
1399076302|-0.75
1399076324|-0.75
1399076346|-0.75
1399076369|-0.75
1399076391|-0.75
1399076414|-0.75
1399076436|-0.75
1399076459|-0.75
1399076481|-0.812
1399076504|-0.75
1399076526|-0.75
1399076549|-0.812
1399076571|-0.812
1399076594|-0.812
1399076616|-0.812
1399076639|-0.812
1399076661|-0.812
1399076683|-0.812
1399076706|-0.812
1399076728|-0.812
1399076751|-0.812
1399076773|-0.812
1399076796|-0.875
1399076818|-0.875
1399076841|-0.875
1399076863|-0.937
1399076886|-0.875
1399076908|-0.937
1399076931|-0.875
1399076953|-0.875
1399076976|-0.875
1399076998|-0.875
1399077021|-0.937
1399077043|-0.937
1399077065|-0.937
1399077088|-0.937
1399077110|-0.937
1399077133|-0.937
1399077155|-0.937
1399077178|-1.0
1399077200|-1.0
1399077223|-0.937
1399077245|-1.0
1399077268|-1.0
1399077290|-1.0
1399077313|-1.0
1399077335|-1.0
1399077358|-1.0
1399077380|-1.0
1399077403|-1.0
1399077425|-1.0
1399077447|-1.0
1399077470|-1.0
1399077492|-1.062
1399077515|-1.062
1399077537|-1.062
1399077560|-1.062
1399077582|-1.062
1399077605|-1.062
1399077627|-1.062
1399077650|-1.125
1399077672|-1.125
1399077695|-1.125
1399077717|-1.125
1399077740|-1.125
1399077762|-1.125
1399077784|-1.187
1399077807|-1.125
1399077829|-1.187
1399077852|-1.187
1399077874|-1.25
1399077897|-1.187
1399077919|-1.25
1399077942|-1.25
1399077964|-1.25
1399077987|-1.25
1399078009|-1.25
1399078032|-1.25
1399078054|-1.312
1399078077|-1.25
1399078099|-1.25
1399078121|-1.25
1399078144|-1.312
1399078166|-1.25
1399078189|-1.25
1399078211|-1.25
1399078234|-1.25
1399078256|-1.25
1399078279|-1.312
1399078301|-1.312
1399078324|-1.312
1399078346|-1.312
1399078369|-1.312
1399078391|-1.312
1399078414|-1.312
1399078436|-1.312
1399078458|-1.312
1399078481|-1.312
1399078503|-1.312
1399078526|-1.312
1399078548|-1.312
1399078571|-1.312
1399078593|-1.312
1399078616|-1.375
1399078638|-1.312
1399078661|-1.312
1399078683|-1.312
1399078706|-1.312
1399078728|-1.312
1399078751|-1.312
1399078773|-1.312
1399078795|-1.312
1399078818|-1.375
1399078840|-1.375
1399078863|-1.375
1399078885|-1.375
1399078908|-1.375
1399078930|-1.437
1399078953|-1.437
1399078975|-1.437
1399078998|-1.437
1399079020|-1.437
1399079043|-1.437
1399079065|-1.437
1399079088|-1.437
1399079110|-1.437
1399079133|-1.437
1399079155|-1.437
1399079178|-1.437
1399079200|-1.437
1399079222|-1.437
1399079245|-1.437
1399079267|-1.437
1399079290|-1.437
1399079312|-1.437
1399079335|-1.437
1399079357|-1.437
1399079380|-1.437
1399079402|-1.5
1399079425|-1.5
1399079447|-1.5
1399079470|-1.5
1399079492|-1.437
1399079515|-1.5
1399079537|-1.5
1399079559|-1.5
1399079582|-1.5
1399079604|-1.5
1399079627|-1.5
1399079649|-1.562
1399079672|-1.562
1399079694|-1.562
1399079717|-1.562
1399079739|-1.562
1399079762|-1.562
1399079784|-1.562
1399079807|-1.562
1399079829|-1.562
1399079852|-1.625
1399079874|-1.625
1399079896|-1.625
1399079919|-1.625
1399079941|-1.625
1399079964|-1.625
1399079986|-1.625
1399080009|-1.625
1399080031|-1.625
1399080054|-1.625
1399080076|-1.625
1399080099|-1.625
1399080121|-1.625
1399080144|-1.625
1399080166|-1.625
1399080189|-1.625
1399080211|-1.625
1399080233|-1.625
1399080256|-1.625
1399080278|-1.625
1399080301|-1.625
1399080323|-1.687
1399080346|-1.687
1399080368|-1.687
1399080391|-1.687
1399080413|-1.75
1399080436|-1.75
1399080458|-1.75
1399080481|-1.75
1399080503|-1.75
1399080526|-1.75
1399080548|-1.75
1399080570|-1.75
1399080593|-1.812
1399080615|-1.812
1399080638|-1.812
1399080660|-1.75
1399080683|-1.75
1399080705|-1.75
1399080728|-1.75
1399080750|-1.75
1399080773|-1.812
1399080795|-1.812
1399080818|-1.812
1399080840|-1.812
1399080863|-1.812
1399080885|-1.875
1399080908|-1.812
1399080930|-1.812
1399080952|-1.812
1399080975|-1.812
1399080997|-1.812
1399081020|-1.812
1399081042|-1.75
1399081065|-1.75
1399081087|-1.75
1399081110|-1.75
1399081132|-1.812
1399081155|-1.812
1399081177|-1.75
1399081200|-1.75
1399081223|-1.75
1399081245|-1.812
1399081268|-1.812
1399081290|-1.812
1399081313|-1.812
1399081335|-1.812
1399081358|-1.812
1399081380|-1.812
1399081403|-1.812
1399081425|-1.812
1399081448|-1.875
1399081470|-1.812
1399081492|-1.812
1399081515|-1.875
1399081537|-1.875
1399081560|-1.875
1399081583|-1.875
1399081605|-1.875
1399081628|-1.875
1399081650|-1.875
1399081673|-1.875
1399081695|-1.875
1399081718|-1.875
1399081740|-1.875
1399081763|-1.875
1399081785|-1.875
1399081807|-1.875
1399081830|-1.875
1399081852|-1.875
1399081875|-1.875
1399081897|-1.875
1399081920|-1.875
1399081942|-1.937
1399081965|-1.875
1399081987|-1.875
1399082010|-1.875
1399082032|-1.875
1399082055|-1.937
1399082077|-1.937
1399082100|-1.875
1399082122|-1.875
1399082144|-1.937
1399082167|-1.937
1399082189|-1.937
1399082212|-1.937
1399082234|-1.937
1399082257|-1.937
1399082279|-1.937
1399082302|-1.937
1399082324|-1.937
1399082347|-1.937
1399082369|-2.0
1399082392|-2.0
1399082414|-1.937
1399082437|-2.0
1399082459|-2.0
1399082481|-2.0
1399082504|-2.0
1399082526|-2.0
1399082549|-2.0
1399082571|-2.0
1399082594|-2.0
1399082616|-2.0
1399082639|-2.0
1399082661|-2.062
1399082684|-2.062
1399082706|-2.062
1399082729|-2.062
1399082751|-2.062
1399082774|-2.062
1399082796|-2.125
1399082818|-2.125
1399082841|-2.125
1399082863|-2.125
1399082886|-2.125
1399082908|-2.125
1399082931|-2.125
1399082953|-2.125
1399082976|-2.125
1399082998|-2.062
1399083021|-2.062
1399083043|-2.125
1399083066|-2.125
1399083088|-2.125
1399083111|-2.062
1399083133|-2.125
1399083155|-2.125
1399083178|-2.125
1399083200|-2.125
1399083223|-2.125
1399083245|-2.125
1399083268|-2.125
1399083290|-2.125
1399083313|-2.125
1399083335|-2.125
1399083358|-2.062
1399083380|-2.125
1399083403|-2.062
1399083425|-2.062
1399083448|-2.062
1399083470|-2.062
1399083492|-2.062
1399083515|-2.062
1399083537|-2.062
1399083560|-2.0
1399083582|-2.0
1399083605|-2.062
1399083627|-2.0
1399083650|-2.0
1399083672|-2.062
1399083695|-2.0
1399083717|-2.0
1399083740|-2.0
1399083762|-2.0
1399083785|-2.0
1399083807|-2.0
1399083830|-2.0
1399083852|-2.0
1399083875|-2.0
1399083897|-2.0
1399083919|-2.0
1399083942|-2.0
1399083964|-1.937
1399083987|-2.0
1399084009|-2.0
1399084032|-2.0
1399084054|-2.0
1399084077|-2.0
1399084099|-2.062
1399084122|-2.062
1399084144|-2.062
1399084167|-2.062
1399084189|-2.062
1399084212|-2.062
1399084234|-2.062
1399084256|-2.062
1399084279|-2.062
1399084301|-2.062
1399084324|-2.125
1399084346|-2.125
1399084369|-2.187
1399084391|-2.187
1399084414|-2.125
1399084436|-2.187
1399084459|-2.187
1399084481|-2.187
1399084504|-2.25
1399084526|-2.25
1399084549|-2.25
1399084571|-2.25
1399084593|-2.25
1399084616|-2.25
1399084638|-2.25
1399084661|-2.25
1399084683|-2.25
1399084706|-2.25
1399084728|-2.25
1399084751|-2.25
1399084773|-2.312
1399084796|-2.25
1399084818|-2.312
1399084841|-2.25
1399084863|-2.312
1399084886|-2.25
1399084908|-2.25
1399084930|-2.25
1399084953|-2.312
1399084975|-2.25
1399084998|-2.25
1399085020|-2.312
1399085043|-2.312
1399085065|-2.312
1399085088|-2.25
1399085110|-2.25
1399085133|-2.25
1399085155|-2.25
1399085178|-2.25
1399085200|-2.312
1399085223|-2.25
1399085245|-2.25
1399085267|-2.312
1399085290|-2.312
1399085312|-2.312
1399085335|-2.312
1399085357|-2.25
1399085380|-2.25
1399085402|-2.25
1399085425|-2.25
1399085447|-2.25
1399085470|-2.25
1399085492|-2.25
1399085515|-2.187
1399085537|-2.187
1399085560|-2.187
1399085582|-2.187
1399085605|-2.187
1399085627|-2.187
1399085650|-2.187
1399085672|-2.187
1399085694|-2.187
1399085717|-2.187
1399085739|-2.187
1399085762|-2.187
1399085784|-2.187
1399085807|-2.187
1399085829|-2.187
1399085852|-2.187
1399085874|-2.187
1399085897|-2.25
1399085919|-2.25
1399085942|-2.187
1399085964|-2.25
1399085987|-2.187
1399086009|-2.25
1399086031|-2.187
1399086054|-2.187
1399086076|-2.187
1399086099|-2.187
1399086121|-2.187
1399086144|-2.187
1399086166|-2.187
1399086189|-2.187
1399086211|-2.187
1399086234|-2.187
1399086256|-2.187
1399086279|-2.187
1399086301|-2.187
1399086324|-2.187
1399086346|-2.187
1399086368|-2.187
1399086391|-2.125
1399086413|-2.187
1399086436|-2.125
1399086458|-2.187
1399086481|-2.125
1399086503|-2.125
1399086526|-2.187
1399086548|-2.125
1399086571|-2.187
1399086593|-2.187
1399086616|-2.187
1399086638|-2.187
1399086661|-2.187
1399086683|-2.187
1399086705|-2.125
1399086728|-2.187
1399086750|-2.187
1399086773|-2.187
1399086795|-2.187
1399086818|-2.187
1399086840|-2.187
1399086863|-2.187
1399086885|-2.187
1399086908|-2.187
1399086930|-2.187
1399086953|-2.187
1399086975|-2.25
1399086998|-2.25
1399087020|-2.25
1399087043|-2.312
1399087065|-2.25
1399087087|-2.312
1399087110|-2.25
1399087132|-2.312
1399087155|-2.312
1399087177|-2.312
1399087200|-2.312
1399087222|-2.312
1399087245|-2.312
1399087267|-2.312
1399087290|-2.25
1399087312|-2.25
1399087335|-2.25
1399087357|-2.25
1399087380|-2.25
1399087402|-2.25
1399087424|-2.25
1399087447|-2.25
1399087469|-2.25
1399087492|-2.187
1399087514|-2.187
1399087537|-2.25
1399087559|-2.187
1399087582|-2.187
1399087604|-2.125
1399087627|-2.125
1399087649|-2.187
1399087672|-2.125
1399087694|-2.125
1399087717|-2.125
1399087739|-2.062
1399087761|-2.0
1399087784|-2.062
1399087806|-2.062
1399087829|-2.062
1399087851|-2.062
1399087874|-2.0
1399087896|-2.0
1399087919|-2.0
1399087941|-2.0
1399087964|-2.0
1399087986|-1.937
1399088009|-1.937
1399088031|-1.937
1399088054|-1.937
1399088076|-1.875
1399088099|-1.812
1399088121|-1.812
1399088143|-1.875
1399088166|-1.812
1399088188|-1.812
1399088211|-1.812
1399088233|-1.812
1399088256|-1.812
1399088278|-1.812
1399088301|-1.75
1399088323|-1.75
1399088346|-1.687
1399088368|-1.625
1399088391|-1.687
1399088413|-1.687
1399088436|-1.625
1399088458|-1.625
1399088481|-1.562
1399088503|-1.562
1399088525|-1.5
1399088548|-1.5
1399088570|-1.5
1399088593|-1.5
1399088615|-1.437
1399088638|-1.437
1399088660|-1.437
1399088683|-1.437
1399088705|-1.437
1399088728|-1.375
1399088750|-1.375
1399088773|-1.375
1399088795|-1.375
1399088818|-1.375
1399088840|-1.312
1399088862|-1.312
1399088885|-1.312
1399088907|-1.312
1399088930|-1.312
1399088952|-1.25
1399088975|-1.312
1399088997|-1.25
1399089020|-1.25
1399089042|-1.25
1399089065|-1.25
1399089087|-1.25
1399089110|-1.25
1399089132|-1.187
1399089155|-1.187
1399089177|-1.187
1399089199|-1.187
1399089222|-1.187
1399089244|-1.125
1399089267|-1.125
1399089289|-1.125
1399089312|-1.125
1399089334|-1.062
1399089357|-1.062
1399089379|-1.062
1399089402|-1.0
1399089424|-1.0
1399089447|-1.0
1399089469|-0.937
1399089492|-0.937
1399089514|-0.875
1399089536|-0.875
1399089559|-0.875
1399089581|-0.812
1399089604|-0.812
1399089626|-0.75
1399089649|-0.75
1399089671|-0.687
1399089694|-0.687
1399089716|-0.625
1399089739|-0.625
1399089761|-0.625
1399089784|-0.625
1399089806|-0.625
1399089829|-0.5
1399089851|-0.5
1399089873|-0.437
1399089896|-0.437
1399089918|-0.375
1399089941|-0.375
1399089963|-0.312
1399089986|-0.312
1399090008|-0.312
1399090031|-0.25
1399090053|-0.25
1399090076|-0.25
1399090098|-0.187
1399090121|-0.187
1399090143|-0.187
1399090166|-0.187
1399090188|-0.187
1399090210|-0.125
1399090233|-0.125
1399090255|-0.125
1399090278|-0.062
1399090300|-0.062
1399090323|-0.062
1399090345|-0.062
1399090368|0.0
1399090390|0.0
1399090413|0.0
1399090435|0.0
1399090458|0.0
1399090480|0.062
1399090503|0.062
1399090525|0.062
1399090548|0.125
1399090570|0.187
1399090593|0.187
1399090615|0.187
1399090637|0.187
1399090660|0.187
1399090682|0.187
1399090705|0.25
1399090727|0.25
1399090750|0.312
1399090772|0.375
1399090795|0.375
1399090817|0.375
1399090840|0.437
1399090862|0.437
1399090885|0.5
1399090907|0.5
1399090930|0.562
1399090952|0.562
1399090974|0.562
1399090997|0.625
1399091019|0.625
1399091042|0.625
1399091064|0.625
1399091087|0.625
1399091109|0.687
1399091132|0.687
1399091154|0.75
1399091177|0.75
1399091199|0.75
1399091222|0.812
1399091244|0.812
1399091267|0.812
1399091289|0.812
1399091311|0.875
1399091334|0.875
1399091356|0.875
1399091379|0.875
1399091401|0.937
1399091424|0.937
1399091446|0.937
1399091469|1.0
1399091491|1.0
1399091514|1.0
1399091536|1.0
1399091559|1.062
1399091581|1.062
1399091604|1.062
1399091626|1.062
1399091648|1.062
1399091671|1.125
1399091693|1.125
1399091716|1.125
1399091738|1.125
1399091761|1.125
1399091783|1.187
1399091806|1.187
1399091828|1.187
1399091851|1.187
1399091873|1.187
1399091896|1.187
1399091918|1.187
1399091941|1.187
1399091963|1.25
1399091986|1.25
1399092008|1.25
1399092030|1.25
1399092053|1.312
1399092075|1.312
1399092098|1.312
1399092120|1.312
1399092143|1.375
1399092165|1.375
1399092188|1.375
1399092210|1.437
1399092233|1.437
1399092255|1.5
1399092278|1.5
1399092300|1.562
1399092323|1.562
1399092345|1.625
1399092367|1.625
1399092390|1.625
1399092412|1.687
1399092435|1.687
1399092457|1.75
1399092480|1.75
1399092502|1.812
1399092525|1.812
1399092547|1.875
1399092570|1.875
1399092592|1.937
1399092615|1.937
1399092637|2.0
1399092660|2.0
1399092682|2.062
1399092704|2.062
1399092727|2.125
1399092749|2.125
1399092772|2.187
1399092794|2.25
1399092817|2.25
1399092839|2.312
1399092862|2.375
1399092884|2.437
1399092907|2.437
1399092929|2.437
1399092952|2.5
1399092974|2.5
1399092997|2.562
1399093019|2.562
1399093042|2.562
1399093064|2.625
1399093087|2.687
1399093109|2.687
1399093131|2.75
1399093154|2.812
1399093176|2.812
1399093199|2.812
1399093221|2.875
1399093244|2.937
1399093266|3.0
1399093289|3.062
1399093311|3.062
1399093334|3.125
1399093356|3.187
1399093379|3.187
1399093401|3.187
1399093424|3.25
1399093446|3.312
1399093468|3.375
1399093491|3.375
1399093513|3.437
1399093536|3.5
1399093558|3.5
1399093581|3.5
1399093603|3.562
1399093626|3.625
1399093648|3.625
1399093671|3.687
1399093693|3.687
1399093716|3.75
1399093738|3.75
1399093761|3.812
1399093783|3.812
1399093805|3.875
1399093828|3.875
1399093850|3.937
1399093873|3.937
1399093895|3.937
1399093918|4.0
1399093940|4.0
1399093963|4.062
1399093985|4.062
1399094008|4.125
1399094030|4.125
1399094053|4.125
1399094075|4.125
1399094098|4.187
1399094120|4.187
1399094142|4.25
1399094165|4.25
1399094187|4.187
1399094210|4.25
1399094232|4.25
1399094255|4.25
1399094277|4.25
1399094300|4.312
1399094322|4.312
1399094345|4.25
1399094367|4.312
1399094390|4.312
1399094412|4.312
1399094435|4.312
1399094457|4.375
1399094479|4.375
1399094502|4.375
1399094524|4.312
1399094547|4.375
1399094569|4.375
1399094592|4.375
1399094614|4.375
1399094637|4.437
1399094659|4.437
1399094682|4.437
1399094704|4.5
1399094727|4.5
1399094749|4.5
1399094772|4.5
1399094794|4.5
1399094816|4.5
1399094839|4.5
1399094861|4.5
1399094884|4.5
1399094906|4.5
1399094929|4.5
1399094951|4.5
1399094974|4.562
1399094996|4.5
1399095019|4.5
1399095041|4.5
1399095064|4.5
1399095086|4.5
1399095109|4.5
1399095131|4.5
1399095154|4.5
1399095176|4.5
1399095199|4.5
1399095221|4.5
1399095243|4.5
1399095266|4.5
1399095288|4.5
1399095311|4.5
1399095333|4.5
1399095356|4.5
1399095378|4.5
1399095401|4.5
1399095423|4.5
1399095446|4.5
1399095468|4.5
1399095491|4.5
1399095513|4.562
1399095536|4.562
1399095558|4.562
1399095580|4.562
1399095603|4.562
1399095625|4.562
1399095648|4.562
1399095670|4.562
1399095693|4.562
1399095715|4.625
1399095738|4.625
1399095760|4.625
1399095783|4.625
1399095805|4.625
1399095828|4.625
1399095850|4.687
1399095873|4.687
1399095895|4.687
1399095917|4.687
1399095940|4.75
1399095962|4.75
1399095985|4.812
1399096007|4.812
1399096030|4.875
1399096052|4.812
1399096075|4.875
1399096097|4.937
1399096120|4.937
1399096142|5.0
1399096165|5.0
1399096187|5.0
1399096210|5.062
1399096232|5.062
1399096254|5.062
1399096277|5.062
1399096299|5.125
1399096322|5.125
1399096344|5.125
1399096367|5.125
1399096389|5.125
1399096412|5.125
1399096434|5.125
1399096457|5.187
1399096479|5.187
1399096502|5.187
1399096524|5.187
1399096547|5.187
1399096569|5.25
1399096591|5.187
1399096614|5.25
1399096636|5.187
1399096659|5.25
1399096681|5.25
1399096704|5.25
1399096726|5.25
1399096749|5.25
1399096771|5.25
1399096794|5.25
1399096816|5.312
1399096839|5.25
1399096861|5.25
1399096884|5.25
1399096906|5.25
1399096929|5.312
1399096951|5.25
1399096973|5.25
1399096996|5.312
1399097018|5.312
1399097041|5.312
1399097063|5.312
1399097086|5.312
1399097108|5.312
1399097131|5.312
1399097153|5.375
1399097176|5.375
1399097198|5.375
1399097221|5.437
1399097243|5.437
1399097266|5.437
1399097288|5.5
1399097310|5.5
1399097333|5.562
1399097355|5.562
1399097378|5.625
1399097400|5.625
1399097423|5.687
1399097445|5.687
1399097468|5.75
1399097490|5.75
1399097513|5.812
1399097535|5.937
1399097558|5.937
1399097580|6.0
1399097603|6.062
1399097625|6.062
1399097647|6.125
1399097670|6.187
1399097692|6.25
1399097715|6.312
1399097737|6.375
1399097760|6.375
1399097782|6.5
1399097805|6.562
1399097827|6.625
1399097850|6.625
1399097872|6.625
1399097895|6.687
1399097917|6.687
1399097940|6.75
1399097962|6.812
1399097984|6.875
1399098007|7.0
1399098030|7.0
1399098052|7.0
1399098074|7.0
1399098097|7.062
1399098119|7.125
1399098142|7.187
1399098164|7.187
1399098187|7.187
1399098209|7.187
1399098232|7.25
1399098254|7.25
1399098277|7.25
1399098299|7.312
1399098322|7.312
1399098344|7.375
1399098367|7.312
1399098389|7.312
1399098411|7.312
1399098434|7.375
1399098456|7.312
1399098479|7.312
1399098501|7.312
1399098524|7.312
1399098546|7.375
1399098569|7.375
1399098591|7.437
1399098614|7.375
1399098636|7.375
1399098659|7.437
1399098681|7.437
1399098704|7.437
1399098726|7.437
1399098748|7.437
1399098771|7.5
1399098793|7.5
1399098816|7.562
1399098838|7.562
1399098861|7.625
1399098883|7.625
1399098906|7.687
1399098928|7.687
1399098951|7.75
1399098973|7.75
1399098996|7.75
1399099018|7.75
1399099041|7.75
1399099063|7.875
1399099086|7.875
1399099108|7.875
1399099131|7.875
1399099153|8.0
1399099175|8.0
1399099199|8.062
1399099221|8.062
1399099244|8.125
1399099266|8.187
1399099289|8.187
1399099311|8.187
1399099334|8.187
1399099356|8.25
1399099378|8.25
1399099401|8.25
1399099423|8.312
1399099446|8.312
1399099468|8.312
1399099491|8.312
1399099513|8.312
1399099536|8.312
1399099558|8.312
1399099581|8.312
1399099603|8.312
1399099626|8.312
1399099648|8.375
1399099671|8.375
1399099693|8.375
1399099716|8.437
1399099738|8.437
1399099760|8.437
1399099783|8.437
1399099805|8.5
1399099828|8.437
1399099850|8.5
1399099873|8.5
1399099895|8.5
1399099918|8.5
1399099940|8.562
1399099963|8.562
1399099985|8.5
1399100008|8.5
1399100030|8.5
1399100053|8.562
1399100075|8.562
1399100097|8.5
1399100120|8.562
1399100142|8.562
1399100165|8.562
1399100187|8.562
1399100210|8.562
1399100232|8.625
1399100255|8.625
1399100277|8.625
1399100300|8.687
1399100322|8.687
1399100345|8.75
1399100367|8.75
1399100390|8.75
1399100412|8.812
1399100434|8.812
1399100457|8.875
1399100479|8.937
1399100502|9.0
1399100524|9.0
1399100547|9.0
1399100569|9.0
1399100592|9.062
1399100614|9.062
1399100637|9.125
1399100659|9.125
1399100682|9.187
1399100704|9.187
1399100727|9.187
1399100749|9.25
1399100772|9.312
1399100794|9.312
1399100816|9.312
1399100839|9.375
1399100861|9.437
1399100884|9.437
1399100906|9.562
1399100929|9.625
1399100951|9.687
1399100974|9.812
1399100996|9.875
1399101019|9.875
1399101041|9.875
1399101064|9.875
1399101086|9.937
1399101109|10.0
1399101131|10.0
1399101154|10.0
1399101176|10.125
1399101198|10.187
1399101221|10.187
1399101243|10.187
1399101266|10.187
1399101288|10.187
1399101311|10.187
1399101333|10.125
1399101356|10.187
1399101378|10.187
1399101401|10.062
1399101423|10.0
1399101446|10.0
1399101468|10.062
1399101491|10.062
1399101513|10.125
1399101535|10.187
1399101558|10.312
1399101580|10.25
1399101603|10.25
1399101625|10.25
1399101648|10.312
1399101670|10.312
1399101693|10.312
1399101715|10.312
1399101738|10.375
1399101760|10.312
1399101783|10.312
1399101805|10.312
1399101828|10.375
1399101850|10.437
1399101872|10.437
1399101895|10.437
1399101917|10.5
1399101940|10.5
1399101962|10.562
1399101985|10.562
1399102007|10.625
1399102030|10.625
1399102052|10.625
1399102075|10.562
1399102097|10.625
1399102120|10.625
1399102142|10.625
1399102165|10.625
1399102187|10.687
1399102209|10.687
1399102232|10.75
1399102254|10.812
1399102277|10.875
1399102299|10.875
1399102322|10.875
1399102344|10.875
1399102367|10.875
1399102389|10.875
1399102412|10.812
1399102434|10.875
1399102457|11.0
1399102479|11.0
1399102502|11.062
1399102524|11.062
1399102547|11.0
1399102569|11.0
1399102592|11.0
1399102614|11.0
1399102636|11.062
1399102659|11.062
1399102681|11.062
1399102704|11.062
1399102726|11.062
1399102749|11.125
1399102771|11.125
1399102794|11.125
1399102816|11.125
1399102839|11.187
1399102861|11.25
1399102884|11.25
1399102906|11.25
1399102929|11.25
1399102951|11.187
1399102973|11.187
1399102996|11.125
1399103018|11.125
1399103041|11.187
1399103063|11.125
1399103086|11.125
1399103108|11.187
1399103131|11.187
1399103153|11.125
1399103176|11.125
1399103198|11.125
1399103221|11.125
1399103243|11.125
1399103266|11.125
1399103288|11.187
1399103310|11.25
1399103333|11.312
1399103355|11.375
1399103378|11.312
1399103400|11.312
1399103423|11.312
1399103445|11.375
1399103468|11.375
1399103490|11.375
1399103513|11.375
1399103535|11.375
1399103558|11.375
1399103580|11.312
1399103603|11.312
1399103625|11.312
1399103647|11.375
1399103670|11.375
1399103692|11.312
1399103715|11.312
1399103737|11.375
1399103760|11.5
1399103782|11.5
1399103805|11.5
1399103827|11.562
1399103850|11.5
1399103872|11.562
1399103895|11.625
1399103917|11.625
1399103940|11.687
1399103962|11.687
1399103985|11.562
1399104007|11.562
1399104029|11.562
1399104052|11.562
1399104074|11.562
1399104097|11.625
1399104119|11.687
1399104142|11.812
1399104164|11.812
1399104187|11.75
1399104209|11.875
1399104232|11.937
1399104254|12.0
1399104277|12.0
1399104299|12.062
1399104322|12.125
1399104344|12.062
1399104366|12.0
1399104389|12.0
1399104411|11.937
1399104434|12.0
1399104456|12.0
1399104479|12.0
1399104501|12.0
1399104524|12.0
1399104546|12.062
1399104569|12.125
1399104591|12.187
1399104614|12.312
1399104636|12.375
1399104659|12.312
1399104681|12.312
1399104703|12.312
1399104726|12.375
1399104748|12.562
1399104771|12.625
1399104793|12.625
1399104816|12.75
1399104838|12.75
1399104861|12.687
1399104883|12.812
1399104906|12.937
1399104928|12.875
1399104951|12.875
1399104973|13.0
1399104996|13.062
1399105018|13.187
1399105040|13.25
1399105063|13.375
1399105085|13.562
1399105108|13.625
1399105130|13.687
1399105153|13.687
1399105175|13.562
1399105198|13.437
1399105220|13.375
1399105243|13.187
1399105265|13.125
1399105288|13.125
1399105310|13.125
1399105333|13.125
1399105355|13.312
1399105378|13.375
1399105400|13.312
1399105422|13.312
1399105445|13.125
1399105467|13.062
1399105490|13.187
1399105512|13.312
1399105535|13.25
1399105557|13.375
1399105580|13.437
1399105602|13.312
1399105625|13.312
1399105647|13.437
1399105670|13.437
1399105692|13.437
1399105715|13.562
1399105737|13.375
1399105760|13.312
1399105782|13.125
1399105804|13.0
1399105827|12.937
1399105849|12.937
1399105872|12.875
1399105894|12.875
1399105917|12.875
1399105939|12.875
1399105962|12.875
1399105984|12.812
1399106007|12.687
1399106029|12.625
1399106052|12.562
1399106074|12.625
1399106097|12.625
1399106119|12.687
1399106141|12.75
1399106164|12.75
1399106186|12.812
1399106209|12.812
1399106231|12.875
1399106254|12.812
1399106276|12.687
1399106299|12.625
1399106321|12.625
1399106344|12.437
1399106366|12.375
1399106389|12.437
1399106411|12.375
1399106434|12.312
1399106456|12.375
1399106478|12.312
1399106501|12.312
1399106523|12.187
1399106546|12.25
1399106568|12.25
1399106591|12.187
1399106613|12.25
1399106636|12.312
1399106658|12.312
1399106681|12.375
1399106703|12.5
1399106726|12.562
1399106748|12.687
1399106771|12.75
1399106793|12.812
1399106816|12.875
1399106838|12.937
1399106860|12.937
1399106883|13.062
1399106905|13.125
1399106928|13.125
1399106950|13.062
1399106973|13.062
1399106995|13.187
1399107018|13.25
1399107040|13.375
1399107063|13.562
1399107085|13.625
1399107108|13.625
1399107130|13.562
1399107153|13.625
1399107175|13.625
1399107198|13.625
1399107220|13.562
1399107242|13.625
1399107265|13.687
1399107287|13.687
1399107310|13.625
1399107332|13.75
1399107355|13.687
1399107377|13.562
1399107400|13.5
1399107422|13.437
1399107445|13.375
1399107467|13.187
1399107490|13.125
1399107512|13.062
1399107535|13.125
1399107557|13.187
1399107579|13.062
1399107602|13.0
1399107624|13.125
1399107647|13.25
1399107669|13.312
1399107692|13.375
1399107714|13.5
1399107737|13.5
1399107759|13.5
1399107782|13.625
1399107804|13.562
1399107827|13.5
1399107849|13.5
1399107872|13.562
1399107894|13.5
1399107916|13.375
1399107939|13.312
1399107961|13.187
1399107984|13.187
1399108006|13.187
1399108029|13.187
1399108051|13.125
1399108074|13.125
1399108096|13.125
1399108119|13.187
1399108141|13.125
1399108164|13.062
1399108186|13.062
1399108209|13.125
1399108231|13.25
1399108254|13.312
1399108276|13.375
1399108298|13.5
1399108321|13.562
1399108343|13.562
1399108366|13.625
1399108388|13.75
1399108411|13.687
1399108433|13.75
1399108456|13.875
1399108478|13.875
1399108501|13.812
1399108523|13.875
1399108546|13.875
1399108568|13.75
1399108591|13.625
1399108613|13.437
1399108635|13.437
1399108658|13.437
1399108680|13.5
1399108703|13.437
1399108725|13.312
1399108748|13.437
1399108770|13.562
1399108793|13.625
1399108815|13.5
1399108838|13.375
1399108860|13.375
1399108883|13.312
1399108905|13.25
1399108928|13.375
1399108950|13.437
1399108972|13.625
1399108995|13.687
1399109017|13.75
1399109040|13.937
1399109062|14.062
1399109085|14.187
1399109107|14.187
1399109130|14.25
1399109152|14.187
1399109175|14.25
1399109197|14.125
1399109220|14.312
1399109242|14.375
1399109265|14.312
1399109287|14.187
1399109310|14.125
1399109332|14.062
1399109355|14.062
1399109377|14.062
1399109399|13.937
1399109422|14.062
1399109444|14.125
1399109467|14.125
1399109489|14.062
1399109512|13.875
1399109534|13.812
1399109557|13.687
1399109579|13.625
1399109602|13.562
1399109624|13.5
1399109647|13.437
1399109669|13.437
1399109692|13.25
1399109714|13.25
1399109736|13.187
1399109759|13.125
1399109781|13.062
1399109804|13.062
1399109826|13.125
1399109849|13.125
1399109871|13.125
1399109894|13.187
1399109916|13.187
1399109939|13.25
1399109961|13.25
1399109984|13.25
1399110006|13.25
1399110029|13.25
1399110051|13.25
1399110073|13.375
1399110096|13.625
1399110118|13.875
1399110141|13.937
1399110163|14.125
1399110186|14.25
1399110208|14.25
1399110231|14.187
1399110253|14.25
1399110276|14.125
1399110298|14.062
1399110321|14.0
1399110343|13.937
1399110366|13.937
1399110388|14.062
1399110410|14.125
1399110433|14.0
1399110455|14.0
1399110478|13.875
1399110500|13.812
1399110523|14.0
1399110545|14.25
1399110568|14.125
1399110590|14.25
1399110613|14.312
1399110635|14.437
1399110658|14.312
1399110680|14.187
1399110703|14.187
1399110725|14.125
1399110747|14.312
1399110770|14.312
1399110792|14.187
1399110815|14.187
1399110837|14.312
1399110860|14.437
1399110882|14.625
1399110905|14.687
1399110927|14.812
1399110950|14.937
1399110972|14.875
1399110995|15.062
1399111017|15.187
1399111040|15.25
1399111062|15.25
1399111084|15.375
1399111107|15.562
1399111129|15.5
1399111152|15.437
1399111174|15.437
1399111197|15.625
1399111219|15.625
1399111242|15.812
1399111264|15.625
1399111287|15.625
1399111309|15.625
1399111332|15.437
1399111354|15.437
1399111377|15.437
1399111399|15.437
1399111422|15.625
1399111444|15.5
1399111467|15.5
1399111489|15.437
1399111511|15.5
1399111534|15.562
1399111556|15.687
1399111579|15.687
1399111601|15.625
1399111624|15.625
1399111646|15.75
1399111669|15.75
1399111691|16.0
1399111714|16.125
1399111736|15.812
1399111759|15.937
1399111781|16.062
1399111804|16.062
1399111826|16.125
1399111848|16.062
1399111871|16.187
1399111893|16.375
1399111916|16.562
1399111938|16.5
1399111961|16.375
1399111983|16.062
1399112006|15.937
1399112028|15.687
1399112051|15.562
1399112073|15.5
1399112096|15.375
1399112118|15.5
1399112141|15.5
1399112163|15.562
1399112185|15.75
1399112208|15.812
1399112230|15.875
1399112253|15.875
1399112275|15.812
1399112298|15.875
1399112320|15.937
1399112343|15.812
1399112365|15.625
1399112388|15.875
1399112410|16.125
1399112433|16.25
1399112455|16.25
1399112478|16.0
1399112500|16.187
1399112522|16.062
1399112545|15.937
1399112567|15.75
1399112590|15.812
1399112612|15.875
1399112635|15.875
1399112657|15.937
1399112680|16.125
1399112702|15.937
1399112725|16.062
1399112747|15.937
1399112770|15.75
1399112792|15.937
1399112815|15.937
1399112837|15.562
1399112859|15.562
1399112882|15.562
1399112904|15.5
1399112927|15.687
1399112949|15.625
1399112972|15.562
1399112994|15.687
1399113017|15.812
1399113039|15.812
1399113062|16.062
1399113084|16.312
1399113107|16.562
1399113129|16.812
1399113152|17.062
1399113174|16.812
1399113196|16.875
1399113219|17.125
1399113241|17.062
1399113264|16.687
1399113286|16.437
1399113309|16.25
1399113331|16.25
1399113354|16.375
1399113376|16.375
1399113399|16.5
1399113421|16.5
1399113444|16.5
1399113466|16.562
1399113489|16.562
1399113511|16.625
1399113534|16.562
1399113556|16.375
1399113578|16.125
1399113601|16.062
1399113623|16.187
1399113646|16.125
1399113668|15.75
1399113691|15.687
1399113713|15.5
1399113736|15.562
1399113758|15.437
1399113781|15.312
1399113803|15.312
1399113826|15.437
1399113848|15.687
1399113871|15.687
1399113893|15.875
1399113915|16.0
1399113938|16.0
1399113960|16.562
1399113983|16.375
1399114005|16.625
1399114028|16.562
1399114050|16.125
1399114073|16.062
1399114095|16.312
1399114118|16.625
1399114140|16.812
1399114163|17.0
1399114185|16.875
1399114208|16.687
1399114230|16.875
1399114252|17.062
1399114275|17.062
1399114297|17.187
1399114320|17.187
1399114342|17.0
1399114365|17.125
1399114387|17.125
1399114410|17.312
1399114432|17.5
1399114455|17.312
1399114477|17.187
1399114500|17.125
1399114522|17.062
1399114545|17.187
1399114567|17.25
1399114589|17.25
1399114612|17.312
1399114634|17.187
1399114657|17.062
1399114679|16.875
1399114702|16.875
1399114724|16.812
1399114747|17.062
1399114769|17.125
1399114792|17.125
1399114814|17.0
1399114837|16.937
1399114859|16.75
1399114882|16.687
1399114904|16.625
1399114927|16.625
1399114949|16.625
1399114972|16.5
1399114994|16.312
1399115016|15.875
1399115039|15.875
1399115061|16.062
1399115084|15.875
1399115106|15.937
1399115129|15.937
1399115151|16.062
1399115174|16.187
1399115196|15.937
1399115219|16.0
1399115241|16.25
1399115264|16.375
1399115286|16.375
1399115309|16.125
1399115331|15.875
1399115353|15.937
1399115376|16.125
1399115398|16.125
1399115421|15.937
1399115443|15.75
1399115466|15.75
1399115488|15.875
1399115511|16.0
1399115533|15.625
1399115556|15.5
1399115578|15.625
1399115601|15.75
1399115623|15.562
1399115646|15.687
1399115668|15.625
1399115690|15.687
1399115713|15.812
1399115735|15.625
1399115758|15.5
1399115780|15.562
1399115803|15.562
1399115825|15.562
1399115848|15.625
1399115870|15.625
1399115893|15.437
1399115915|15.5
1399115938|15.562
1399115960|15.375
1399115983|15.0
1399116005|14.812
1399116027|15.0
1399116050|14.937
1399116072|15.062
1399116095|15.187
1399116117|15.25
1399116140|15.562
1399116162|15.75
1399116185|15.75
1399116207|15.812
1399116230|15.812
1399116252|15.875
1399116275|15.937
1399116297|16.125
1399116320|16.187
1399116342|16.312
1399116364|16.5
1399116387|16.562
1399116409|16.437
1399116432|16.25
1399116454|16.375
1399116477|16.5
1399116499|16.437
1399116522|16.0
1399116544|15.75
1399116567|15.875
1399116589|15.812
1399116612|15.812
1399116634|15.625
1399116657|15.562
1399116679|15.437
1399116702|15.312
1399116724|15.375
1399116747|15.187
1399116769|15.125
1399116791|15.125
1399116814|14.937
1399116836|15.0
1399116859|15.062
1399116881|15.062
1399116904|15.125
1399116926|15.25
1399116949|15.25
1399116971|15.0
1399116994|14.937
1399117016|14.75
1399117039|14.75
1399117061|14.75
1399117084|14.875
1399117106|15.0
1399117129|15.062
1399117151|14.687
1399117173|14.75
1399117196|14.625
1399117218|14.625
1399117241|14.812
1399117263|14.875
1399117286|14.75
1399117308|14.812
1399117331|14.937
1399117353|15.062
1399117376|15.0
1399117398|15.0
1399117421|14.875
1399117443|14.812
1399117466|14.937
1399117488|14.75
1399117510|14.625
1399117533|14.625
1399117555|14.625
1399117578|14.5
1399117600|14.562
1399117623|14.437
1399117645|14.312
1399117668|14.312
1399117690|14.375
1399117713|14.562
1399117735|14.625
1399117758|14.75
1399117780|14.75
1399117803|14.75
1399117825|14.875
1399117847|14.937
1399117870|15.0
1399117892|14.937
1399117915|14.75
1399117937|14.75
1399117960|14.562
1399117982|14.562
1399118005|14.562
1399118027|14.625
1399118050|14.687
1399118072|14.75
1399118095|14.875
1399118117|14.687
1399118140|14.687
1399118162|14.625
1399118185|14.812
1399118207|14.875
1399118230|14.937
1399118253|14.875
1399118275|14.875
1399118298|15.25
1399118320|15.25
1399118343|15.25
1399118365|15.375
1399118388|15.5
1399118410|15.562
1399118433|15.562
1399118455|15.75
1399118477|15.875
1399118500|15.875
1399118522|15.937
1399118545|16.0
1399118567|16.187
1399118590|16.187
1399118612|16.062
1399118635|15.937
1399118657|16.062
1399118680|15.937
1399118702|15.812
1399118725|15.812
1399118747|15.875
1399118770|16.0
1399118792|15.937
1399118814|15.937
1399118837|16.062
1399118859|16.125
1399118882|16.187
1399118904|16.312
1399118927|16.312
1399118949|16.187
1399118972|16.312
1399118994|16.375
1399119017|16.0
1399119039|15.75
1399119062|15.5
1399119084|15.5
1399119107|15.125
1399119129|14.812
1399119152|14.937
1399119174|15.25
1399119197|15.375
1399119219|15.312
1399119242|15.312
1399119264|15.5
1399119287|15.437
1399119309|15.312
1399119332|15.312
1399119354|15.375
1399119376|15.5
1399119399|15.5
1399119421|15.5
1399119444|15.437
1399119466|15.437
1399119489|15.5
1399119511|15.687
1399119534|15.812
1399119556|15.812
1399119579|16.187
1399119601|16.375
1399119624|16.562
1399119646|16.562
1399119669|16.687
1399119691|16.812
1399119713|16.812
1399119736|16.75
1399119758|16.75
1399119781|16.562
1399119803|16.375
1399119826|16.375
1399119848|16.5
1399119871|16.375
1399119893|16.375
1399119916|16.187
1399119938|15.875
1399119961|16.187
1399119983|16.375
1399120006|16.437
1399120028|16.125
1399120051|16.0
1399120073|15.812
1399120096|15.875
1399120118|15.687
1399120140|15.625
1399120163|15.562
1399120185|15.437
1399120208|15.437
1399120230|15.437
1399120253|15.562
1399120275|15.187
1399120298|15.375
1399120320|15.375
1399120343|15.312
1399120365|15.437
1399120388|15.187
1399120410|15.25
1399120433|15.187
1399120455|15.125
1399120477|14.875
1399120500|15.0
1399120522|15.187
1399120545|15.187
1399120567|15.125
1399120590|15.25
1399120612|15.312
1399120635|15.25
1399120657|15.125
1399120680|15.25
1399120702|15.312
1399120725|15.437
1399120747|15.5
1399120770|15.187
1399120792|15.25
1399120814|15.375
1399120837|15.5
1399120859|15.562
1399120882|15.562
1399120904|15.562
1399120927|15.562
1399120949|15.687
1399120972|15.562
1399120994|15.5
1399121017|15.437
1399121039|15.312
1399121062|15.437
1399121084|15.5
1399121107|15.625
1399121129|15.75
1399121151|15.562
1399121174|15.562
1399121196|15.687
1399121219|15.75
1399121241|15.812
1399121264|16.0
1399121286|16.125
1399121309|16.25
1399121331|16.25
1399121354|16.312
1399121376|16.312
1399121399|16.437
1399121421|16.375
1399121444|16.562
1399121466|16.625
1399121489|16.687
1399121511|16.625
1399121534|16.5
1399121556|16.437
1399121578|16.312
1399121601|16.312
1399121623|16.062
1399121646|15.875
1399121668|15.5
1399121691|15.562
1399121713|15.75
1399121736|15.75
1399121758|15.312
1399121781|15.187
1399121803|15.25
1399121826|15.375
1399121848|15.437
1399121871|15.5
1399121893|15.562
1399121915|15.687
1399121938|15.687
1399121960|15.75
1399121983|15.812
1399122005|15.875
1399122028|16.062
1399122050|16.312
1399122073|16.375
1399122095|16.312
1399122118|16.562
1399122140|16.75
1399122163|16.5
1399122185|16.437
1399122208|16.437
1399122230|16.562
1399122253|16.5
1399122275|16.5
1399122297|16.5
1399122320|16.5
1399122342|16.562
1399122365|16.687
1399122387|16.687
1399122410|16.687
1399122432|16.625
1399122455|16.75
1399122477|16.812
1399122500|17.0
1399122522|17.125
1399122545|17.312
1399122567|17.312
1399122590|17.375
1399122612|17.25
1399122634|17.312
1399122657|17.25
1399122679|17.125
1399122702|17.0
1399122724|16.937
1399122747|16.875
1399122769|16.875
1399122792|16.625
1399122814|16.687
1399122837|16.687
1399122859|16.625
1399122882|16.562
1399122904|16.562
1399122927|16.75
1399122949|16.875
1399122971|16.875
1399122994|16.75
1399123016|16.562
1399123039|16.187
1399123061|16.062
1399123084|16.062
1399123106|16.0
1399123129|16.125
1399123151|16.375
1399123174|16.187
1399123196|16.312
1399123219|16.375
1399123241|16.187
1399123264|16.062
1399123286|16.0
1399123308|16.187
1399123331|16.125
1399123353|16.125
1399123376|16.187
1399123398|16.312
1399123421|16.437
1399123443|16.312
1399123466|16.125
1399123488|16.187
1399123511|16.375
1399123533|16.625
1399123556|16.625
1399123578|16.5
1399123601|16.25
1399123623|16.062
1399123646|16.125
1399123668|16.062
1399123690|16.125
1399123713|16.125
1399123735|15.812
1399123758|15.812
1399123780|15.5
1399123803|15.437
1399123825|15.312
1399123848|15.25
1399123870|15.062
1399123893|15.062
1399123915|15.062
1399123938|15.062
1399123960|15.25
1399123983|15.312
1399124005|15.312
1399124028|15.25
1399124050|15.187
1399124072|15.125
1399124095|15.125
1399124117|15.0
1399124140|14.875
1399124162|14.875
1399124185|14.937
1399124207|15.0
1399124230|15.062
1399124252|15.187
1399124275|15.062
1399124297|15.062
1399124320|15.125
1399124342|15.125
1399124365|15.125
1399124387|15.062
1399124410|15.125
1399124432|15.125
1399124455|15.125
1399124477|15.375
1399124499|15.437
1399124522|15.5
1399124544|15.5
1399124567|15.5
1399124589|15.375
1399124612|15.5
1399124634|15.5
1399124657|15.5
1399124679|15.5
1399124702|15.375
1399124724|15.312
1399124747|15.437
1399124769|15.312
1399124792|15.312
1399124814|15.375
1399124836|15.187
1399124859|15.25
1399124881|15.187
1399124904|15.25
1399124926|15.25
1399124949|15.437
1399124971|15.562
1399124994|15.625
1399125016|15.75
1399125039|15.562
1399125061|15.562
1399125084|15.75
1399125106|16.0
1399125129|16.062
1399125151|16.187
1399125173|16.437
1399125196|16.437
1399125218|16.5
1399125241|16.375
1399125263|16.312
1399125286|16.375
1399125308|16.375
1399125331|16.125
1399125353|15.937
1399125376|15.875
1399125398|16.062
1399125421|16.187
1399125443|16.375
1399125466|16.25
1399125488|16.187
1399125510|16.187
1399125533|16.375
1399125555|16.25
1399125578|16.25
1399125600|16.5
1399125623|16.5
1399125645|16.562
1399125668|16.375
1399125690|16.375
1399125713|16.625
1399125735|16.687
1399125758|16.812
1399125780|17.062
1399125803|16.812
1399125825|16.687
1399125848|16.75
1399125871|16.75
1399125893|16.875
1399125916|16.875
1399125938|16.937
1399125961|17.062
1399125983|16.937
1399126006|16.937
1399126028|16.875
1399126050|16.937
1399126073|17.062
1399126095|17.062
1399126118|16.937
1399126140|16.75
1399126163|16.562
1399126185|16.687
1399126208|16.75
1399126230|16.687
1399126253|16.5
1399126275|16.562
1399126298|16.312
1399126320|16.187
1399126343|16.187
1399126365|15.937
1399126388|15.937
1399126410|16.062
1399126432|15.937
1399126455|15.937
1399126477|16.187
1399126500|16.437
1399126522|16.437
1399126545|16.375
1399126567|16.5
1399126590|16.687
1399126612|16.875
1399126635|16.875
1399126657|16.562
1399126680|16.312
1399126702|16.125
1399126725|16.0
1399126747|15.937
1399126769|15.875
1399126792|15.75
1399126814|15.75
1399126837|15.75
1399126859|15.625
1399126882|15.5
1399126904|15.375
1399126927|15.562
1399126949|15.625
1399126972|15.812
1399126994|15.812
1399127017|15.75
1399127039|15.875
1399127062|15.75
1399127084|15.687
1399127106|15.625
1399127129|15.687
1399127151|15.75
1399127174|15.875
1399127196|15.875
1399127219|15.812
1399127241|15.75
1399127264|15.75
1399127286|15.75
1399127309|15.875
1399127331|15.75
1399127354|15.5
1399127376|15.5
1399127399|15.25
1399127421|15.25
1399127443|15.312
1399127466|15.375
1399127488|15.437
1399127511|15.5
1399127533|15.562
1399127556|15.562
1399127578|15.75
1399127601|15.687
1399127623|15.625
1399127646|15.687
1399127668|15.562
1399127691|15.375
1399127713|15.375
1399127736|15.312
1399127758|15.312
1399127781|15.062
1399127803|15.062
1399127826|14.812
1399127848|14.875
1399127870|14.875
1399127893|14.812
1399127915|14.812
1399127938|14.687
1399127960|14.687
1399127983|14.625
1399128005|14.562
1399128028|14.5
1399128050|14.5
1399128073|14.375
1399128095|14.5
1399128118|14.625
1399128141|14.562
1399128163|14.562
1399128186|14.625
1399128208|14.562
1399128231|14.687
1399128253|14.812
1399128276|14.687
1399128298|14.625
1399128321|14.562
1399128343|14.562
1399128366|14.625
1399128388|14.562
1399128410|14.625
1399128433|14.625
1399128455|14.625
1399128478|14.625
1399128500|14.562
1399128523|14.625
1399128545|14.625
1399128568|14.437
1399128590|14.437
1399128613|14.437
1399128635|14.312
1399128658|14.25
1399128680|14.25
1399128703|14.25
1399128725|14.062
1399128748|14.062
1399128770|14.062
1399128792|14.125
1399128815|14.187
1399128837|14.187
1399128860|14.187
1399128882|14.25
1399128905|14.25
1399128927|14.25
1399128950|14.375
1399128972|14.375
1399128995|14.437
1399129017|14.5
1399129040|14.437
1399129062|14.437
1399129085|14.312
1399129107|14.25
1399129129|14.125
1399129152|14.0
1399129174|13.937
1399129197|13.937
1399129219|14.0
1399129242|14.0
1399129264|14.0
1399129287|14.062
1399129309|14.0
1399129332|13.937
1399129354|13.937
1399129377|13.875
1399129399|13.937
1399129422|14.0
1399129444|14.0
1399129466|14.0
1399129489|14.062
1399129511|14.062
1399129534|14.062
1399129556|14.062
1399129579|14.062
1399129601|14.0
1399129624|14.062
1399129646|14.125
1399129669|14.187
1399129691|14.187
1399129714|14.125
1399129736|14.062
1399129759|13.937
1399129781|13.937
1399129803|13.937
1399129826|13.937
1399129848|14.0
1399129871|14.0
1399129893|14.0
1399129916|14.0
1399129938|14.062
1399129961|14.125
1399129983|14.062
1399130006|14.062
1399130028|14.125
1399130051|14.187
1399130073|14.062
1399130096|14.062
1399130118|14.125
1399130140|14.062
1399130163|14.062
1399130185|14.0
1399130208|14.0
1399130230|14.0
1399130253|14.0
1399130275|14.0
1399130298|14.062
1399130320|13.937
1399130343|13.937
1399130365|13.937
1399130388|14.0
1399130410|14.0
1399130433|13.937
1399130455|14.0
1399130478|14.0
1399130500|14.0
1399130522|14.0
1399130545|14.0
1399130567|14.0
1399130590|14.0
1399130612|14.062
1399130635|13.937
1399130657|13.937
1399130680|13.812
1399130702|13.812
1399130725|13.812
1399130747|13.812
1399130770|13.875
1399130792|13.812
1399130815|13.812
1399130837|13.812
1399130860|13.75
1399130882|13.687
1399130904|13.687
1399130927|13.687
1399130949|13.75
1399130972|13.812
1399130994|13.875
1399131017|13.875
1399131039|13.937
1399131062|13.937
1399131084|14.0
1399131107|13.875
1399131129|13.875
1399131152|13.875
1399131174|13.875
1399131197|13.812
1399131219|13.75
1399131241|13.75
1399131264|13.75
1399131286|13.812
1399131309|13.875
1399131331|13.875
1399131354|13.875
1399131376|13.875
1399131399|13.937
1399131421|13.937
1399131444|13.937
1399131466|13.937
1399131489|13.937
1399131511|13.875
1399131534|13.875
1399131556|13.875
1399131578|13.875
1399131601|13.937
1399131623|13.875
1399131646|13.875
1399131668|13.875
1399131691|13.937
1399131713|13.937
1399131736|14.0
1399131758|14.0
1399131781|13.937
1399131803|13.875
1399131826|13.937
1399131848|13.875
1399131871|13.875
1399131893|13.875
1399131915|13.875
1399131938|13.812
1399131960|13.75
1399131983|13.812
1399132005|13.812
1399132028|13.812
1399132050|13.812
1399132073|13.75
1399132095|13.75
1399132118|13.75
1399132140|13.812
1399132163|13.812
1399132185|13.812
1399132208|13.75
1399132230|13.75
1399132252|13.75
1399132275|13.75
1399132297|13.812
1399132320|13.937
1399132342|14.062
1399132365|14.125
1399132387|14.125
1399132410|14.125
1399132432|14.187
1399132455|14.187
1399132477|14.187
1399132500|14.187
1399132522|14.25
1399132545|14.187
1399132567|14.187
1399132590|14.062
1399132612|14.125
1399132635|14.125
1399132657|14.125
1399132679|14.187
1399132702|14.187
1399132724|14.125
1399132747|14.125
1399132769|14.187
1399132792|14.187
1399132814|14.125
1399132837|14.125
1399132859|14.062
1399132882|14.125
1399132904|14.125
1399132927|14.062
1399132949|14.062
1399132972|14.062
1399132994|14.125
1399133016|14.187
1399133039|14.125
1399133061|14.062
1399133084|14.062
1399133106|14.0
1399133129|13.937
1399133151|14.062
1399133174|14.125
1399133196|14.25
1399133219|14.5
1399133241|14.5
1399133264|14.562
1399133286|14.562
1399133309|14.375
1399133331|14.375
1399133353|14.437
1399133376|14.375
1399133398|14.375
1399133421|14.375
1399133443|14.312
1399133466|14.187
1399133488|14.187
1399133511|14.125
1399133533|14.187
1399133556|14.125
1399133578|14.062
1399133601|14.0
1399133623|14.0
1399133646|13.937
1399133668|13.875
1399133690|13.937
1399133713|14.0
1399133735|13.937
1399133758|13.875
1399133780|13.812
1399133803|13.687
1399133825|13.687
1399133848|13.687
1399133870|13.687
1399133893|13.687
1399133915|13.687
1399133938|13.75
1399133960|13.687
1399133983|13.687
1399134005|13.687
1399134027|13.625
1399134050|13.562
1399134072|13.562
1399134095|13.5
1399134117|13.437
1399134140|13.437
1399134162|13.437
1399134185|13.437
1399134207|13.375
1399134230|13.375
1399134252|13.312
1399134275|13.312
1399134297|13.312
1399134320|13.312
1399134342|13.25
1399134365|13.25
1399134387|13.25
1399134409|13.25
1399134432|13.312
1399134454|13.312
1399134477|13.312
1399134499|13.375
1399134522|13.375
1399134544|13.375
1399134567|13.312
1399134589|13.312
1399134612|13.312
1399134634|13.25
1399134657|13.25
1399134679|13.25
1399134702|13.25
1399134724|13.25
1399134746|13.25
1399134769|13.312
1399134791|13.312
1399134814|13.25
1399134836|13.312
1399134859|13.312
1399134881|13.312
1399134904|13.187
1399134926|13.187
1399134949|13.187
1399134971|13.25
1399134994|13.187
1399135016|13.125
1399135039|13.187
1399135061|13.125
1399135083|13.125
1399135106|13.125
1399135128|13.062
1399135151|13.062
1399135173|13.062
1399135196|13.125
1399135218|13.062
1399135241|13.062
1399135263|13.125
1399135286|13.062
1399135308|13.062
1399135331|13.062
1399135353|13.062
1399135376|13.062
1399135398|13.062
1399135421|13.062
1399135443|13.062
1399135466|13.062
1399135488|13.062
1399135510|13.062
1399135533|13.062
1399135555|13.125
1399135578|13.125
1399135600|13.125
1399135623|13.062
1399135645|13.062
1399135668|13.062
1399135690|13.0
1399135713|13.0
1399135735|13.0
1399135758|12.875
1399135780|12.812
1399135803|12.812
1399135825|12.812
1399135847|12.812
1399135870|12.75
1399135892|12.75
1399135915|12.75
1399135937|12.75
1399135960|12.75
1399135982|12.75
1399136005|12.75
1399136027|12.75
1399136050|12.75
1399136072|12.75
1399136095|12.75
1399136117|12.687
1399136140|12.75
1399136162|12.812
1399136184|12.812
1399136207|12.812
1399136229|12.812
1399136252|12.812
1399136274|12.812
1399136297|12.812
1399136319|12.812
1399136342|12.812
1399136364|12.812
1399136387|12.812
1399136409|12.812
1399136432|12.812
1399136454|12.812
1399136477|12.75
1399136499|12.75
1399136521|12.75
1399136544|12.75
1399136566|12.75
1399136589|12.75
1399136611|12.75
1399136634|12.687
1399136656|12.687
1399136679|12.687
1399136701|12.687
1399136724|12.687
1399136746|12.687
1399136769|12.687
1399136791|12.625
1399136814|12.687
1399136836|12.625
1399136859|12.625
1399136881|12.625
1399136904|12.687
1399136926|12.625
1399136948|12.687
1399136971|12.625
1399136993|12.625
1399137016|12.687
1399137038|12.687
1399137061|12.625
1399137083|12.625
1399137106|12.625
1399137128|12.562
1399137151|12.562
1399137173|12.5
1399137196|12.5
1399137218|12.437
1399137241|12.437
1399137263|12.437
1399137285|12.375
1399137308|12.437
1399137330|12.375
1399137353|12.375
1399137375|12.375
1399137398|12.312
1399137420|12.312
1399137443|12.312
1399137465|12.25
1399137488|12.25
1399137510|12.25
1399137533|12.25
1399137555|12.25
1399137578|12.187
1399137600|12.187
1399137622|12.187
1399137645|12.187
1399137667|12.25
1399137690|12.187
1399137712|12.187
1399137735|12.187
1399137757|12.187
1399137780|12.187
1399137802|12.187
1399137825|12.187
1399137847|12.125
1399137870|12.125
1399137892|12.125
1399137915|12.125
1399137937|12.125
1399137959|12.125
1399137982|12.125
1399138004|12.125
1399138027|12.062
1399138049|12.062
1399138072|12.062
1399138094|12.0
1399138117|12.0
1399138139|12.0
1399138162|12.0
1399138184|12.0
1399138207|12.0
1399138229|12.0
1399138252|12.0
1399138274|11.937
1399138297|12.0
1399138319|12.0
1399138341|11.937
1399138364|12.0
1399138386|11.937
1399138409|11.937
1399138431|11.937
1399138454|11.875
1399138476|11.875
1399138499|11.875
1399138521|11.937
1399138544|11.875
1399138566|11.875
1399138589|11.875
1399138611|11.875
1399138634|11.875
1399138656|11.812
1399138678|11.812
1399138701|11.812
1399138723|11.875
1399138746|11.812
1399138768|11.812
1399138791|11.812
1399138813|11.812
1399138836|11.812
1399138858|11.812
1399138881|11.812
1399138903|11.75
1399138926|11.75
1399138948|11.812
1399138971|11.812
1399138993|11.687
1399139015|11.687
1399139038|11.687
1399139060|11.687
1399139083|11.687
1399139105|11.687
1399139128|11.625
1399139150|11.625
1399139173|11.625
1399139195|11.625
1399139218|11.625
1399139240|11.625
1399139263|11.625
1399139285|11.562
1399139308|11.562
1399139330|11.625
1399139352|11.562
1399139375|11.562
1399139397|11.562
1399139420|11.562
1399139442|11.562
1399139465|11.562
1399139487|11.5
1399139510|11.5
1399139532|11.5
1399139555|11.5
1399139577|11.5
1399139600|11.5
1399139622|11.5
1399139645|11.5
1399139667|11.5
1399139690|11.5
1399139712|11.437
1399139735|11.437
1399139757|11.437
1399139779|11.437
1399139802|11.375
1399139824|11.437
1399139847|11.437
1399139869|11.437
1399139892|11.437
1399139914|11.437
1399139937|11.437
1399139959|11.375
1399139982|11.375
1399140004|11.375
1399140027|11.375
1399140049|11.375
1399140072|11.375
1399140094|11.375
1399140116|11.375
1399140139|11.375
1399140161|11.312
1399140184|11.312
1399140206|11.312
1399140229|11.312
1399140251|11.312
1399140274|11.312
1399140296|11.25
1399140319|11.25
