1400868718|28.25
1400868740|28.25
1400868763|28.25
1400868785|27.812
1400868808|27.562
1400868830|27.437
1400868853|27.375
1400868875|27.25
1400868897|27.187
1400868920|27.062
1400868942|27.125
1400868965|26.937
1400868987|26.75
1400869010|26.562
1400869032|26.312
1400869055|26.375
1400869077|26.75
1400869100|26.687
1400869122|26.812
1400869145|26.937
1400869167|27.0
1400869190|26.75
1400869212|26.625
1400869234|26.437
1400869257|26.312
1400869279|26.375
1400869302|26.562
1400869324|26.437
1400869347|26.562
1400869369|26.625
1400869392|26.375
1400869414|26.375
1400869437|26.5
1400869459|26.312
1400869482|26.375
1400869504|26.25
1400869527|26.125
1400869549|26.0
1400869572|26.0
1400869594|25.875
1400869616|25.812
1400869639|25.812
1400869661|25.687
1400869684|25.625
1400869706|25.375
1400869729|25.25
1400869751|25.25
1400869774|25.312
1400869796|25.312
1400869819|25.187
1400869841|25.062
1400869864|25.062
1400869886|25.0
1400869909|24.875
1400869931|24.75
1400869954|24.687
1400869976|24.687
1400869998|24.625
1400870021|24.5
1400870043|24.5
1400870066|24.437
1400870088|24.312
1400870111|24.125
1400870133|24.312
1400870156|24.25
1400870178|24.312
1400870201|24.375
1400870223|24.312
1400870246|24.312
1400870268|24.25
1400870291|24.187
1400870313|24.0
1400870335|23.937
1400870358|23.875
1400870380|23.812
1400870403|23.75
1400870425|23.625
1400870448|23.562
1400870470|23.5
1400870493|23.562
1400870515|23.5
1400870538|23.437
1400870560|23.437
1400870583|23.437
1400870605|23.312
1400870628|23.25
1400870650|23.25
1400870672|23.125
1400870695|23.125
1400870717|23.062
1400870740|23.0
1400870762|23.062
1400870785|23.0
1400870807|22.875
1400870830|22.875
1400870852|22.812
1400870875|22.875
1400870897|22.875
1400870920|22.75
1400870942|22.75
1400870965|22.687
1400870987|22.625
1400871009|22.625
1400871032|22.562
1400871054|22.562
1400871077|22.5
1400871099|22.437
1400871122|22.375
1400871144|22.312
1400871167|22.312
1400871189|22.312
1400871212|22.25
1400871234|22.312
1400871257|22.25
1400871279|22.25
1400871302|22.125
1400871324|22.187
1400871347|22.125
1400871369|22.062
1400871391|22.062
1400871414|22.062
1400871436|22.062
1400871459|22.0
1400871481|22.0
1400871504|22.0
1400871526|21.937
1400871549|21.937
1400871571|21.937
1400871594|21.875
1400871616|21.875
1400871639|21.875
1400871661|21.75
1400871684|21.75
1400871706|21.687
1400871728|21.625
1400871751|21.5
1400871773|21.437
1400871796|21.437
1400871818|21.375
1400871841|21.437
1400871863|21.562
1400871886|21.562
1400871908|21.562
1400871931|21.562
1400871953|21.5
1400871976|21.437
1400871998|21.5
1400872021|21.5
1400872043|21.5
1400872065|21.437
1400872088|21.437
1400872111|21.437
1400872134|21.437
1400872156|21.375
1400872179|21.375
1400872201|21.375
1400872224|21.312
1400872246|21.312
1400872269|21.312
1400872291|21.25
1400872313|21.312
1400872336|21.312
1400872358|21.312
1400872381|21.312
1400872403|21.312
1400872426|21.25
1400872448|21.312
1400872471|21.312
1400872493|21.375
1400872516|21.312
1400872538|21.312
1400872561|21.312
1400872583|21.312
1400872606|21.312
1400872628|21.375
1400872651|21.375
1400872673|21.375
1400872695|21.5
1400872718|21.437
1400872740|21.5
1400872763|21.5
1400872785|21.625
1400872808|21.625
1400872830|21.562
1400872853|21.5
1400872875|21.437
1400872898|21.437
1400872920|21.375
1400872943|21.437
1400872965|21.437
1400872988|21.375
1400873010|21.437
1400873032|21.375
1400873055|21.375
1400873077|21.312
1400873100|21.25
1400873122|21.25
1400873145|21.312
1400873167|21.375
1400873190|21.312
1400873212|21.375
1400873235|21.375
1400873257|21.375
1400873280|21.437
1400873302|21.437
1400873325|21.5
1400873347|21.437
1400873369|21.5
1400873392|21.5
1400873414|21.437
1400873437|21.437
1400873459|21.437
1400873482|21.437
1400873504|21.437
1400873527|21.5
1400873549|21.562
1400873572|21.562
1400873594|21.562
1400873617|21.562
1400873639|21.562
1400873662|21.562
1400873684|21.562
1400873706|21.562
1400873729|21.437
1400873751|21.375
1400873774|21.375
1400873796|21.437
1400873819|21.437
1400873841|21.312
1400873864|21.312
1400873886|21.25
1400873909|21.25
1400873931|21.312
1400873954|21.312
1400873976|21.375
1400873999|21.312
1400874021|21.312
1400874044|21.25
1400874066|21.25
1400874089|21.187
1400874111|21.187
1400874133|21.125
1400874156|21.125
1400874178|21.062
1400874201|21.062
1400874223|21.062
1400874246|21.0
1400874268|20.937
1400874291|20.937
1400874313|20.937
1400874336|20.875
1400874358|20.875
1400874381|20.875
1400874403|20.875
1400874426|20.937
1400874448|21.0
1400874470|21.0
1400874493|21.0
1400874515|21.0
1400874538|21.062
1400874560|21.062
1400874583|21.125
1400874605|21.125
1400874628|21.125
1400874650|21.062
1400874673|21.062
1400874695|21.0
1400874718|21.0
1400874740|20.937
1400874763|20.812
1400874785|20.812
1400874807|20.75
1400874830|20.75
1400874852|20.687
1400874875|20.687
1400874897|20.562
1400874920|20.562
1400874942|20.5
1400874965|20.437
1400874987|20.375
1400875010|20.375
1400875032|20.312
1400875055|20.312
1400875077|20.312
1400875100|20.25
1400875122|20.25
1400875145|20.25
1400875167|20.25
1400875189|20.25
1400875212|20.312
1400875234|20.312
1400875257|20.312
1400875279|20.312
1400875302|20.312
1400875324|20.312
1400875347|20.375
1400875369|20.312
1400875392|20.25
1400875414|20.187
1400875437|20.187
1400875459|20.187
1400875482|20.187
1400875504|20.25
1400875526|20.25
1400875549|20.187
1400875571|20.25
1400875594|20.25
1400875616|20.187
1400875639|20.187
1400875661|20.187
1400875684|20.125
1400875706|20.125
1400875729|20.125
1400875751|20.062
1400875774|20.062
1400875796|20.062
1400875819|20.062
1400875841|20.062
1400875863|20.062
1400875886|20.062
1400875908|20.062
1400875931|20.0
1400875953|20.0
1400875976|20.0
1400875998|20.0
1400876021|20.0
1400876043|20.062
1400876066|20.0
1400876088|20.0
1400876111|19.937
1400876133|19.875
1400876156|19.937
1400876178|19.937
1400876200|19.937
1400876223|19.875
1400876245|19.875
1400876268|19.875
1400876290|19.875
1400876313|19.937
1400876336|19.937
1400876358|19.875
1400876381|19.937
1400876404|19.937
1400876426|19.875
1400876449|19.875
1400876471|19.875
1400876494|19.812
1400876516|19.75
1400876539|19.812
1400876561|19.75
1400876584|19.687
1400876606|19.75
1400876629|19.687
1400876651|19.625
1400876674|19.687
1400876696|19.625
1400876718|19.625
1400876741|19.625
1400876763|19.625
1400876786|19.625
1400876808|19.562
1400876831|19.562
1400876853|19.5
1400876876|19.5
1400876898|19.437
1400876921|19.437
1400876943|19.375
1400876966|19.375
1400876988|19.375
1400877011|19.312
1400877033|19.312
1400877055|19.25
1400877078|19.312
1400877100|19.25
1400877123|19.187
1400877145|19.187
1400877168|19.187
1400877190|19.187
1400877213|19.125
1400877235|19.125
1400877258|19.125
1400877280|19.125
1400877303|19.062
1400877325|19.062
1400877348|19.062
1400877370|19.062
1400877393|19.0
1400877415|19.0
1400877437|18.937
1400877460|18.937
1400877482|18.937
1400877505|18.875
1400877527|18.812
1400877550|18.75
1400877572|18.812
1400877595|18.75
1400877617|18.75
1400877640|18.687
1400877662|18.625
1400877685|18.687
1400877707|18.625
1400877730|18.562
1400877752|18.625
1400877775|18.625
1400877797|18.687
1400877819|18.687
1400877842|18.687
1400877864|18.687
1400877888|18.687
1400877910|18.625
1400877933|18.625
1400877955|18.625
1400877978|18.625
1400878000|18.562
1400878022|18.562
1400878045|18.5
1400878067|18.562
1400878090|18.562
1400878112|18.562
1400878135|18.5
1400878157|18.437
1400878180|18.437
1400878202|18.437
1400878225|18.375
1400878247|18.375
1400878270|18.375
1400878292|18.312
1400878315|18.312
1400878337|18.312
1400878359|18.312
1400878382|18.25
1400878404|18.25
1400878427|18.25
1400878449|18.25
1400878472|18.187
1400878494|18.25
1400878517|18.187
1400878539|18.187
1400878562|18.187
1400878584|18.125
1400878607|18.125
1400878629|18.125
1400878652|18.125
1400878674|18.062
1400878696|18.062
1400878719|18.0
1400878741|18.062
1400878764|18.062
1400878786|18.0
1400878809|18.0
1400878831|18.0
1400878854|18.0
1400878876|18.0
1400878899|17.937
1400878921|17.937
1400878944|17.937
1400878966|17.937
1400878989|17.875
1400879011|17.937
1400879033|17.937
1400879056|17.937
1400879078|17.937
1400879101|17.937
1400879123|17.937
1400879146|17.875
1400879168|17.875
1400879191|17.875
1400879213|17.875
1400879236|17.812
1400879258|17.875
1400879281|17.812
1400879303|17.812
1400879326|17.812
1400879348|17.75
1400879371|17.75
1400879393|17.687
1400879415|17.687
1400879438|17.687
1400879460|17.687
1400879483|17.625
1400879505|17.625
1400879528|17.625
1400879550|17.625
1400879573|17.687
1400879595|17.687
1400879618|17.625
1400879640|17.562
1400879663|17.562
1400879685|17.5
1400879708|17.5
1400879730|17.437
1400879753|17.437
1400879775|17.437
1400879798|17.5
1400879820|17.437
1400879842|17.5
1400879865|17.5
1400879887|17.5
1400879910|17.437
1400879932|17.437
1400879955|17.437
1400879977|17.437
1400880000|17.437
1400880022|17.437
1400880045|17.437
1400880067|17.375
1400880090|17.375
1400880112|17.375
1400880135|17.375
1400880157|17.375
1400880180|17.375
1400880202|17.437
1400880225|17.437
1400880247|17.437
1400880269|17.437
1400880292|17.375
1400880314|17.312
1400880337|17.375
1400880359|17.375
1400880382|17.375
1400880404|17.312
1400880427|17.375
1400880449|17.375
1400880472|17.375
1400880494|17.312
1400880517|17.375
1400880539|17.312
1400880562|17.312
1400880584|17.312
1400880606|17.375
1400880629|17.375
1400880651|17.312
1400880674|17.312
1400880696|17.312
1400880719|17.312
1400880741|17.312
1400880764|17.312
1400880786|17.312
1400880809|17.312
1400880831|17.312
1400880854|17.312
1400880876|17.312
1400880899|17.375
1400880921|17.375
1400880944|17.312
1400880966|17.312
1400880988|17.25
1400881011|17.25
1400881033|17.25
1400881056|17.25
1400881078|17.25
1400881101|17.25
1400881123|17.25
1400881146|17.312
1400881168|17.25
1400881191|17.25
1400881213|17.25
1400881236|17.187
1400881258|17.125
1400881281|17.125
1400881303|17.125
1400881325|17.125
1400881348|17.062
1400881370|17.062
1400881393|17.062
1400881415|17.062
1400881438|17.0
1400881460|17.0
1400881483|17.0
1400881505|17.062
1400881528|17.0
1400881550|17.0
1400881573|17.0
1400881595|17.0
1400881618|17.062
1400881640|17.062
1400881662|17.062
1400881685|17.125
1400881707|17.125
1400881730|17.125
1400881752|17.062
1400881775|17.125
1400881797|17.125
1400881820|17.062
1400881842|17.062
1400881865|17.062
1400881887|17.0
1400881910|17.062
1400881932|17.062
1400881955|17.062
1400881977|17.062
1400881999|17.062
1400882022|17.062
1400882044|17.062
1400882067|17.062
1400882089|17.062
1400882112|17.062
1400882134|17.062
1400882157|17.062
1400882179|17.125
1400882202|17.062
1400882224|17.062
1400882247|17.062
1400882269|17.062
1400882292|17.062
1400882314|17.062
1400882337|17.062
1400882359|17.062
1400882382|17.062
1400882404|17.062
1400882426|17.0
1400882449|17.0
1400882471|17.0
1400882494|17.0
1400882516|17.0
1400882539|17.0
1400882561|16.937
1400882584|17.0
1400882606|17.0
1400882629|16.937
1400882651|16.937
1400882674|16.937
1400882696|16.937
1400882719|16.937
1400882741|16.937
1400882763|16.937
1400882786|16.937
1400882808|16.937
1400882831|16.937
1400882853|16.937
1400882876|17.0
1400882898|16.937
1400882921|16.937
1400882943|16.937
1400882966|16.937
1400882988|16.937
1400883011|16.937
1400883033|16.875
1400883056|16.937
1400883078|16.875
1400883100|16.875
1400883123|16.937
1400883145|16.937
1400883168|16.937
1400883190|17.0
1400883213|17.0
1400883235|16.937
1400883258|16.937
1400883280|16.875
1400883303|16.875
1400883325|16.875
1400883348|16.937
1400883370|16.937
1400883393|16.937
1400883415|16.875
1400883437|16.875
1400883460|16.937
1400883483|17.0
1400883505|16.937
1400883528|16.937
1400883550|16.937
1400883573|16.937
1400883595|16.937
1400883618|17.0
1400883640|16.937
1400883663|16.937
1400883685|16.937
1400883708|16.937
1400883730|16.937
1400883752|17.0
1400883775|17.0
1400883797|17.0
1400883820|17.0
1400883842|17.0
1400883865|17.0
1400883887|17.0
1400883910|16.937
1400883932|16.937
1400883955|16.937
1400883977|16.937
1400884000|16.875
1400884022|16.937
1400884045|16.875
1400884067|16.875
1400884089|16.875
1400884112|16.812
1400884134|16.812
1400884157|16.75
1400884179|16.75
1400884202|16.75
1400884224|16.75
1400884247|16.75
1400884269|16.75
1400884292|16.75
1400884314|16.75
1400884337|16.687
1400884359|16.687
1400884382|16.687
1400884404|16.625
1400884426|16.687
1400884449|16.687
1400884471|16.625
1400884494|16.625
1400884516|16.625
1400884539|16.625
1400884561|16.625
1400884584|16.562
1400884606|16.562
1400884629|16.562
1400884651|16.5
1400884674|16.5
1400884696|16.5
1400884719|16.5
1400884741|16.5
1400884764|16.5
1400884786|16.437
1400884808|16.437
1400884831|16.437
1400884853|16.437
1400884876|16.437
1400884898|16.375
1400884921|16.375
1400884943|16.375
1400884966|16.375
1400884988|16.375
1400885011|16.375
1400885033|16.375
1400885056|16.375
1400885078|16.375
1400885101|16.375
1400885123|16.375
1400885146|16.375
1400885168|16.312
1400885190|16.312
1400885213|16.312
1400885235|16.312
1400885258|16.312
1400885280|16.312
1400885303|16.375
1400885325|16.375
1400885348|16.375
1400885370|16.312
1400885393|16.375
1400885415|16.375
1400885438|16.375
1400885460|16.312
1400885483|16.312
1400885505|16.375
1400885527|16.312
1400885550|16.312
1400885572|16.312
1400885595|16.312
1400885617|16.312
1400885640|16.312
1400885662|16.312
1400885685|16.312
1400885707|16.312
1400885730|16.312
1400885752|16.312
1400885775|16.312
1400885797|16.312
1400885820|16.312
1400885842|16.312
1400885864|16.312
1400885887|16.312
1400885909|16.312
1400885932|16.375
1400885954|16.375
1400885977|16.312
1400885999|16.375
1400886022|16.312
1400886044|16.312
1400886067|16.312
1400886089|16.312
1400886112|16.25
1400886134|16.25
1400886157|16.187
1400886179|16.187
1400886201|16.187
1400886224|16.125
1400886246|16.125
1400886269|16.062
1400886291|16.062
1400886314|16.062
1400886336|16.062
1400886359|16.0
1400886381|16.0
1400886404|16.0
1400886426|16.0
1400886449|16.0
1400886472|16.062
1400886494|16.0
1400886517|16.0
1400886539|16.062
1400886562|16.0
1400886584|16.062
1400886607|16.0
1400886629|16.0
1400886652|16.0
1400886674|16.0
1400886697|16.0
1400886719|16.0
1400886742|16.0
1400886764|16.0
1400886786|16.0
1400886809|16.0
1400886831|16.0
1400886854|16.0
1400886876|16.0
1400886899|16.0
1400886921|16.0
1400886944|16.0
1400886966|16.0
1400886989|16.0
1400887011|16.0
1400887034|16.062
1400887056|16.062
1400887079|16.062
1400887101|16.062
1400887123|16.0
1400887146|16.0
1400887168|16.0
1400887191|16.0
1400887213|16.0
1400887236|15.937
1400887258|15.937
1400887281|15.937
1400887303|15.937
1400887326|15.937
1400887348|15.937
1400887371|15.937
1400887393|16.0
1400887416|16.0
1400887438|16.0
1400887460|16.0
1400887483|15.937
1400887505|15.937
1400887528|15.937
1400887550|15.937
1400887573|15.937
1400887595|15.937
1400887618|15.937
1400887640|15.937
1400887663|15.937
1400887685|15.937
1400887708|15.875
1400887730|15.812
1400887753|15.812
1400887775|15.812
1400887798|15.812
1400887820|15.812
1400887843|15.812
1400887865|15.812
1400887887|15.75
1400887910|15.75
1400887932|15.75
1400887955|15.75
1400887977|15.687
1400888000|15.75
1400888022|15.75
1400888045|15.687
1400888067|15.687
1400888090|15.625
1400888112|15.625
1400888135|15.562
1400888157|15.562
1400888180|15.562
1400888202|15.5
1400888224|15.5
1400888247|15.437
1400888269|15.437
1400888292|15.437
1400888314|15.437
1400888337|15.437
1400888359|15.375
1400888382|15.437
1400888404|15.375
1400888427|15.375
1400888449|15.375
1400888472|15.375
1400888494|15.375
1400888517|15.312
1400888539|15.312
1400888561|15.25
1400888584|15.187
1400888606|15.187
1400888629|15.187
1400888651|15.187
1400888674|15.187
1400888696|15.187
1400888719|15.187
1400888741|15.187
1400888764|15.25
1400888786|15.187
1400888809|15.187
1400888831|15.125
1400888854|15.125
1400888876|15.125
1400888898|15.062
1400888921|15.062
1400888943|15.0
1400888966|15.0
1400888988|15.0
1400889011|15.0
1400889033|15.0
1400889056|15.0
1400889078|15.0
1400889101|15.0
1400889123|15.0
1400889146|14.937
1400889168|15.0
1400889191|15.0
1400889213|14.937
1400889235|14.937
1400889258|14.937
1400889280|14.937
1400889303|14.875
1400889325|14.812
1400889348|14.75
1400889370|14.75
1400889393|14.687
1400889415|14.687
1400889438|14.625
1400889460|14.625
1400889483|14.625
1400889505|14.562
1400889528|14.562
1400889550|14.562
1400889572|14.5
1400889595|14.562
1400889617|14.5
1400889640|14.5
1400889662|14.5
1400889685|14.562
1400889707|14.562
1400889730|14.562
1400889752|14.562
1400889775|14.562
1400889797|14.625
1400889820|14.625
1400889842|14.625
1400889865|14.562
1400889887|14.562
1400889910|14.562
1400889932|14.562
1400889954|14.562
1400889977|14.562
1400889999|14.625
1400890022|14.625
1400890044|14.625
1400890067|14.562
1400890089|14.625
1400890112|14.687
1400890134|14.687
1400890157|14.687
1400890179|14.687
1400890202|14.687
1400890224|14.687
1400890247|14.687
1400890269|14.75
1400890291|14.75
1400890314|14.75
1400890336|14.812
1400890359|14.812
1400890381|14.812
1400890404|14.812
1400890426|14.875
1400890449|14.812
1400890471|14.875
1400890494|14.875
1400890516|14.875
1400890539|14.875
1400890561|14.937
1400890584|14.937
1400890606|14.937
1400890629|14.937
1400890651|14.937
1400890674|14.937
1400890696|14.937
1400890718|14.937
1400890741|14.937
1400890763|15.0
1400890786|15.062
1400890808|15.062
1400890831|15.062
1400890853|15.0
1400890876|14.937
1400890898|14.937
1400890921|14.875
1400890943|14.875
1400890966|14.875
1400890988|14.875
1400891011|14.937
1400891033|14.875
1400891055|14.937
1400891078|14.937
1400891100|15.0
1400891123|14.937
1400891145|15.0
1400891168|14.937
1400891190|14.937
1400891213|14.875
1400891235|14.875
1400891258|14.875
1400891280|14.875
1400891303|14.875
1400891325|14.937
1400891348|14.875
1400891370|14.875
1400891392|14.937
1400891415|14.937
1400891437|14.937
1400891460|14.937
1400891482|14.875
1400891505|14.937
1400891527|14.937
1400891550|14.937
1400891572|14.937
1400891595|14.937
1400891617|14.937
1400891640|14.937
1400891662|14.875
1400891685|14.937
1400891707|14.937
1400891729|14.937
1400891752|14.937
1400891774|14.875
1400891797|14.875
1400891819|14.875
1400891842|14.812
1400891864|14.75
1400891887|14.75
1400891909|14.75
1400891932|14.75
1400891954|14.75
1400891977|14.687
1400891999|14.687
1400892022|14.687
1400892044|14.687
1400892067|14.687
1400892089|14.687
1400892112|14.687
1400892134|14.687
1400892156|14.625
1400892179|14.625
1400892201|14.625
1400892224|14.687
1400892246|14.625
1400892269|14.687
1400892291|14.687
1400892314|14.75
1400892336|14.75
1400892359|14.687
1400892381|14.75
1400892404|14.687
1400892426|14.687
1400892449|14.687
1400892471|14.687
1400892493|14.625
1400892516|14.625
1400892538|14.625
1400892561|14.562
1400892583|14.562
1400892606|14.562
1400892628|14.562
1400892651|14.562
1400892673|14.562
1400892696|14.562
1400892718|14.5
1400892741|14.5
1400892763|14.562
1400892786|14.562
1400892808|14.562
1400892830|14.562
1400892853|14.625
1400892875|14.625
1400892898|14.625
1400892920|14.625
1400892943|14.625
1400892965|14.625
1400892988|14.625
1400893010|14.687
1400893033|14.687
1400893055|14.687
1400893078|14.75
1400893100|14.75
1400893123|14.75
1400893145|14.75
1400893167|14.812
1400893190|14.875
1400893212|14.875
1400893235|14.937
1400893257|14.937
1400893280|14.937
1400893302|15.0
1400893325|14.937
1400893347|15.0
1400893370|15.062
1400893392|15.062
1400893415|15.125
1400893437|15.187
1400893460|15.187
1400893482|15.25
1400893505|15.25
1400893527|15.312
1400893549|15.312
1400893572|15.375
1400893594|15.375
1400893617|15.375
1400893639|15.375
1400893662|15.437
1400893684|15.437
1400893707|15.437
1400893729|15.5
1400893752|15.437
1400893774|15.5
1400893797|15.5
1400893819|15.5
1400893842|15.5
1400893864|15.5
1400893886|15.5
1400893909|15.5
1400893931|15.562
1400893954|15.562
1400893976|15.562
1400893999|15.562
1400894021|15.562
1400894044|15.562
1400894066|15.562
1400894089|15.562
1400894111|15.562
1400894134|15.562
1400894156|15.562
1400894179|15.625
1400894201|15.625
1400894223|15.625
1400894246|15.625
1400894268|15.625
1400894291|15.625
1400894313|15.625
1400894336|15.625
1400894358|15.625
1400894381|15.625
1400894403|15.687
1400894426|15.625
1400894448|15.625
1400894471|15.625
1400894493|15.625
1400894516|15.625
1400894538|15.625
1400894560|15.687
1400894583|15.625
1400894605|15.625
1400894628|15.625
1400894650|15.625
1400894673|15.625
1400894695|15.687
1400894718|15.687
1400894740|15.687
1400894763|15.687
1400894785|15.625
1400894808|15.625
1400894830|15.625
1400894853|15.625
1400894875|15.625
1400894897|15.625
1400894920|15.625
1400894942|15.625
1400894965|15.625
1400894987|15.625
1400895010|15.625
1400895032|15.625
1400895055|15.562
1400895077|15.562
1400895100|15.562
1400895122|15.562
1400895145|15.562
1400895167|15.562
1400895190|15.562
1400895212|15.562
1400895235|15.562
1400895257|15.5
1400895280|15.5
1400895302|15.5
1400895324|15.5
1400895347|15.5
1400895369|15.437
1400895392|15.437
1400895414|15.437
1400895437|15.437
1400895459|15.437
1400895482|15.437
1400895504|15.437
1400895527|15.437
1400895549|15.437
1400895572|15.375
1400895594|15.375
1400895617|15.312
1400895639|15.312
1400895661|15.375
1400895684|15.375
1400895706|15.375
1400895729|15.375
1400895751|15.312
1400895774|15.312
1400895796|15.312
1400895819|15.312
1400895841|15.25
1400895864|15.312
1400895886|15.25
1400895909|15.25
1400895931|15.25
1400895954|15.25
1400895976|15.25
1400895998|15.25
1400896021|15.187
1400896043|15.187
1400896066|15.187
1400896088|15.125
1400896111|15.125
1400896133|15.062
1400896156|15.062
1400896178|15.0
1400896201|15.0
1400896223|15.0
1400896246|14.937
1400896268|14.937
1400896291|14.875
1400896313|14.937
1400896336|14.875
1400896358|14.937
1400896380|14.937
1400896403|14.937
1400896425|14.875
1400896448|14.875
1400896470|14.812
1400896493|14.75
1400896515|14.687
1400896538|14.687
1400896560|14.625
1400896583|14.562
1400896605|14.5
1400896628|14.437
1400896650|14.5
1400896673|14.437
1400896695|14.437
1400896718|14.437
1400896740|14.375
1400896762|14.375
1400896785|14.437
1400896807|14.375
1400896830|14.375
1400896852|14.375
1400896875|14.375
1400896897|14.375
1400896920|14.312
1400896942|14.312
1400896965|14.312
1400896987|14.312
1400897010|14.25
1400897032|14.25
1400897055|14.25
1400897077|14.25
1400897099|14.187
1400897122|14.187
1400897144|14.187
1400897167|14.187
1400897189|14.187
1400897212|14.187
1400897234|14.187
1400897257|14.187
1400897279|14.187
1400897302|14.187
1400897324|14.187
1400897347|14.187
1400897369|14.25
1400897392|14.25
1400897414|14.25
1400897436|14.25
1400897459|14.25
1400897481|14.187
1400897504|14.187
1400897526|14.187
1400897549|14.187
1400897571|14.125
1400897594|14.187
1400897616|14.125
1400897639|14.125
1400897661|14.125
1400897684|14.062
1400897706|14.0
1400897729|14.0
1400897751|14.0
1400897773|14.062
1400897796|14.0
1400897818|14.062
1400897841|14.062
1400897863|14.062
1400897886|14.062
1400897908|14.062
1400897931|14.062
1400897953|14.062
1400897976|14.062
1400897998|14.062
1400898021|14.062
1400898043|14.062
1400898066|14.062
1400898088|14.062
1400898111|14.062
1400898133|14.062
1400898155|14.125
1400898178|14.125
1400898200|14.125
1400898223|14.125
1400898245|14.187
1400898268|14.187
1400898290|14.125
1400898313|14.125
1400898335|14.125
1400898358|14.187
1400898380|14.187
1400898403|14.187
1400898425|14.187
1400898448|14.187
1400898470|14.187
1400898492|14.187
1400898515|14.187
1400898537|14.187
1400898560|14.125
1400898582|14.062
1400898605|14.062
1400898627|14.062
1400898650|14.062
1400898672|14.062
1400898695|14.0
1400898717|14.0
1400898740|13.937
1400898762|13.937
1400898785|13.937
1400898807|13.875
1400898829|13.875
1400898852|13.875
1400898874|13.812
1400898897|13.812
1400898919|13.812
1400898942|13.812
1400898964|13.812
1400898987|13.75
1400899009|13.75
1400899032|13.75
1400899054|13.687
1400899077|13.687
1400899099|13.687
1400899122|13.687
1400899144|13.687
1400899167|13.625
1400899189|13.625
1400899211|13.625
1400899234|13.562
1400899256|13.562
1400899279|13.562
1400899301|13.562
1400899324|13.562
1400899346|13.5
1400899369|13.5
1400899391|13.5
1400899414|13.5
1400899436|13.562
1400899459|13.562
1400899481|13.562
1400899504|13.562
1400899526|13.562
1400899549|13.562
1400899571|13.562
1400899593|13.562
1400899616|13.562
1400899638|13.562
1400899661|13.562
1400899683|13.562
1400899706|13.562
1400899728|13.562
1400899751|13.562
1400899773|13.562
1400899796|13.625
1400899818|13.625
1400899841|13.625
1400899863|13.625
1400899886|13.625
1400899908|13.625
1400899930|13.625
1400899953|13.625
1400899975|13.625
1400899998|13.625
1400900020|13.687
1400900043|13.687
1400900065|13.687
1400900088|13.687
1400900110|13.687
1400900133|13.687
1400900155|13.687
1400900178|13.687
1400900200|13.687
1400900223|13.687
1400900245|13.687
1400900267|13.687
1400900290|13.687
1400900312|13.687
1400900335|13.625
1400900357|13.625
1400900380|13.625
1400900402|13.625
1400900425|13.625
1400900447|13.625
1400900470|13.562
1400900492|13.562
1400900515|13.562
1400900537|13.5
1400900560|13.5
1400900582|13.5
1400900604|13.5
1400900627|13.5
1400900649|13.5
1400900672|13.5
1400900694|13.5
1400900717|13.562
1400900739|13.562
1400900762|13.625
1400900784|13.562
1400900807|13.562
1400900829|13.625
1400900852|13.625
1400900874|13.625
1400900897|13.562
1400900919|13.625
1400900941|13.625
1400900964|13.625
1400900986|13.625
1400901009|13.625
1400901031|13.625
1400901054|13.625
1400901076|13.687
1400901099|13.687
1400901121|13.687
1400901144|13.687
1400901166|13.687
1400901189|13.687
1400901211|13.687
1400901234|13.687
1400901256|13.687
1400901279|13.625
1400901301|13.625
1400901324|13.625
1400901346|13.625
1400901368|13.562
1400901391|13.562
1400901413|13.625
1400901436|13.625
1400901458|13.562
1400901481|13.562
1400901503|13.625
1400901526|13.625
1400901548|13.625
1400901571|13.625
1400901593|13.625
1400901616|13.625
1400901638|13.625
1400901661|13.625
1400901683|13.687
1400901705|13.687
1400901728|13.687
1400901750|13.687
1400901773|13.687
1400901795|13.75
1400901818|13.687
1400901840|13.687
1400901863|13.75
1400901885|13.75
1400901908|13.75
1400901930|13.75
1400901953|13.75
1400901975|13.75
1400901998|13.75
1400902020|13.75
1400902042|13.75
1400902065|13.812
1400902087|13.75
1400902110|13.812
1400902132|13.812
1400902155|13.812
1400902177|13.812
1400902200|13.875
1400902222|13.875
1400902245|13.875
1400902267|13.875
1400902290|13.875
1400902312|13.937
1400902335|13.937
1400902357|13.937
1400902379|13.937
1400902402|13.937
1400902424|13.937
1400902447|13.937
1400902469|14.0
1400902492|14.0
1400902514|14.062
1400902537|14.062
1400902559|14.062
1400902582|14.125
1400902604|14.125
1400902627|14.125
1400902649|14.125
1400902672|14.125
1400902694|14.187
1400902716|14.187
1400902739|14.187
1400902761|14.25
1400902784|14.25
1400902806|14.25
1400902829|14.25
1400902851|14.312
1400902874|14.312
1400902896|14.312
1400902919|14.375
1400902941|14.312
1400902964|14.375
1400902986|14.375
1400903009|14.375
1400903031|14.437
1400903054|14.437
1400903076|14.437
1400903098|14.5
1400903121|14.5
1400903143|14.5
1400903166|14.5
1400903188|14.562
1400903211|14.562
1400903233|14.562
1400903256|14.562
1400903278|14.625
1400903301|14.625
1400903323|14.625
1400903346|14.687
1400903368|14.625
1400903391|14.687
1400903413|14.687
1400903435|14.75
1400903458|14.687
1400903480|14.75
1400903503|14.75
1400903525|14.812
1400903548|14.812
1400903570|14.812
1400903593|14.812
1400903615|14.875
1400903638|14.875
1400903660|14.875
1400903683|14.875
1400903705|14.937
1400903728|15.0
1400903750|15.0
1400903772|15.0
1400903795|15.0
1400903817|15.062
1400903840|15.0
1400903862|15.062
1400903885|15.062
1400903907|15.062
1400903930|15.0
1400903952|15.062
1400903975|15.125
1400903997|15.125
1400904020|15.125
1400904042|15.187
1400904065|15.187
1400904087|15.187
1400904109|15.25
1400904132|15.25
1400904154|15.25
1400904177|15.25
1400904199|15.312
1400904222|15.312
1400904244|15.312
1400904267|15.375
1400904289|15.375
1400904312|15.375
1400904335|15.375
1400904357|15.437
1400904380|15.437
1400904402|15.437
1400904425|15.5
1400904447|15.5
1400904470|15.562
1400904492|15.562
1400904515|15.562
1400904537|15.562
1400904560|15.562
1400904582|15.625
1400904605|15.625
1400904627|15.625
1400904650|15.687
1400904672|15.687
1400904694|15.687
1400904717|15.75
1400904739|15.75
1400904762|15.75
1400904784|15.75
1400904807|15.812
1400904829|15.812
1400904852|15.812
1400904874|15.875
1400904897|15.875
1400904919|15.875
1400904942|15.875
1400904964|15.937
1400904987|15.937
1400905009|15.937
1400905032|15.937
1400905054|16.0
1400905076|16.0
1400905099|16.0
1400905121|16.0
1400905144|16.0
1400905166|16.062
1400905189|16.062
1400905211|16.062
1400905234|16.062
1400905256|16.062
1400905279|16.062
1400905301|16.062
1400905324|16.062
1400905346|16.125
1400905369|16.125
1400905391|16.125
1400905413|16.125
1400905436|16.187
1400905458|16.187
1400905481|16.187
1400905503|16.187
1400905526|16.187
1400905548|16.25
1400905571|16.25
1400905593|16.25
1400905616|16.25
1400905638|16.25
1400905661|16.312
1400905683|16.312
1400905706|16.312
1400905728|16.375
1400905750|16.375
1400905773|16.375
1400905795|16.437
1400905818|16.437
1400905840|16.437
1400905863|16.5
1400905885|16.5
1400905908|16.5
1400905930|16.5
1400905953|16.5
1400905975|16.562
1400905998|16.562
1400906020|16.562
1400906043|16.562
1400906065|16.625
1400906088|16.562
1400906110|16.562
1400906132|16.625
1400906155|16.625
1400906177|16.562
1400906200|16.562
1400906222|16.562
1400906245|16.625
1400906267|16.625
1400906290|16.625
1400906312|16.687
1400906335|16.687
1400906357|16.687
1400906380|16.687
1400906402|16.687
1400906425|16.75
1400906447|16.75
1400906469|16.75
1400906492|16.75
1400906514|16.812
1400906537|16.812
1400906559|16.812
1400906582|16.875
1400906604|16.875
1400906627|16.875
1400906649|16.937
1400906672|16.937
1400906694|16.937
1400906717|16.937
1400906739|16.937
1400906762|16.937
1400906784|16.937
1400906806|16.875
1400906829|16.937
1400906851|16.937
1400906874|16.937
1400906896|16.937
1400906919|16.937
1400906941|16.937
1400906964|16.937
1400906986|17.0
1400907009|16.937
1400907031|17.0
1400907054|17.0
1400907076|17.0
1400907099|17.062
1400907121|17.062
1400907143|17.062
1400907166|17.062
1400907188|17.062
1400907211|17.062
1400907233|17.0
1400907256|17.0
1400907278|17.0
1400907301|17.0
1400907323|17.0
1400907346|16.937
1400907368|16.937
1400907391|16.937
1400907413|16.875
1400907436|16.875
1400907458|16.875
1400907480|16.875
1400907503|16.937
1400907525|16.875
1400907548|16.875
1400907570|16.875
1400907593|16.875
1400907615|16.937
1400907638|16.937
1400907660|16.937
1400907683|16.937
1400907705|16.937
1400907728|16.937
1400907750|16.937
1400907773|17.0
1400907795|17.0
1400907818|17.062
1400907840|17.062
1400907863|17.062
1400907885|17.187
1400907907|17.187
1400907931|17.25
1400907953|17.25
1400907976|17.312
1400907998|17.375
1400908021|17.375
1400908043|17.437
1400908066|17.5
1400908088|17.5
1400908110|17.562
1400908133|17.562
1400908155|17.562
1400908178|17.625
1400908200|17.687
1400908223|17.687
1400908245|17.687
1400908268|17.687
1400908290|17.687
1400908313|17.687
1400908335|17.75
1400908358|17.75
1400908380|17.75
1400908403|17.812
1400908425|17.812
1400908447|17.875
1400908470|17.875
1400908492|17.937
1400908515|17.937
1400908537|17.937
1400908560|18.062
1400908582|18.062
1400908605|18.062
1400908627|18.125
1400908650|18.062
1400908672|18.125
1400908695|18.187
1400908717|18.25
1400908740|18.312
1400908762|18.375
1400908784|18.437
1400908807|18.5
1400908829|18.5
1400908852|18.562
1400908874|18.625
1400908897|18.625
1400908919|18.687
1400908942|18.687
1400908964|18.687
1400908987|18.625
1400909009|18.625
1400909032|18.687
1400909054|18.75
1400909077|18.75
1400909099|18.75
1400909122|18.75
1400909144|18.75
1400909166|18.812
1400909189|18.75
1400909211|18.687
1400909234|18.687
1400909256|18.75
1400909279|18.75
1400909301|18.75
1400909324|18.75
1400909346|18.75
1400909369|18.75
1400909391|18.687
1400909414|18.75
1400909436|18.75
1400909459|18.687
1400909481|18.687
1400909503|18.687
1400909526|18.687
1400909548|18.687
1400909571|18.75
1400909593|18.75
1400909616|18.75
1400909638|18.75
1400909661|18.75
1400909683|18.687
1400909706|18.75
1400909728|18.687
1400909751|18.75
1400909773|18.687
1400909796|18.687
1400909818|18.687
1400909841|18.687
1400909863|18.625
1400909886|18.75
1400909908|18.687
1400909930|18.687
1400909953|18.75
1400909975|18.812
1400909998|18.812
1400910020|18.812
1400910043|18.812
1400910065|18.812
1400910088|18.875
1400910110|18.875
1400910133|18.875
1400910155|18.937
1400910178|18.937
1400910200|19.0
1400910223|19.0
1400910245|19.0
1400910267|19.0
1400910290|19.062
1400910312|19.062
1400910335|19.0
1400910357|19.062
1400910380|19.0
1400910402|19.0
1400910425|19.0
1400910447|19.0
1400910470|19.0
1400910492|18.937
1400910515|18.937
1400910537|19.0
1400910560|19.0
1400910582|19.0
1400910604|19.0
1400910627|19.0
1400910649|18.937
1400910672|18.875
1400910694|18.875
1400910717|18.875
1400910739|18.875
1400910762|18.937
1400910784|18.937
1400910807|18.937
1400910829|18.875
1400910852|18.812
1400910874|18.812
1400910897|18.812
1400910919|18.812
1400910942|18.812
1400910964|18.812
1400910987|18.812
1400911009|18.812
1400911031|18.875
1400911054|18.875
1400911076|18.875
1400911099|18.875
1400911121|18.875
1400911144|18.875
1400911166|18.875
1400911189|18.75
1400911211|18.687
1400911234|18.687
1400911256|18.625
1400911279|18.562
1400911301|18.562
1400911324|18.562
1400911346|18.5
1400911368|18.437
1400911391|18.437
1400911413|18.437
1400911436|18.437
1400911458|18.437
1400911481|18.437
1400911503|18.5
1400911526|18.5
1400911548|18.437
1400911571|18.5
1400911593|18.5
1400911616|18.5
1400911638|18.562
1400911661|18.562
1400911683|18.562
1400911705|18.562
1400911728|18.562
1400911750|18.562
1400911773|18.625
1400911795|18.625
1400911818|18.562
1400911840|18.562
1400911863|18.562
1400911885|18.562
1400911908|18.562
1400911930|18.437
1400911953|18.437
1400911975|18.437
1400911998|18.437
1400912020|18.437
1400912042|18.437
1400912065|18.437
1400912087|18.5
1400912110|18.437
1400912132|18.437
1400912155|18.375
1400912177|18.437
1400912200|18.437
1400912222|18.437
1400912245|18.437
1400912267|18.375
1400912290|18.312
1400912312|18.25
1400912335|18.25
1400912357|18.25
1400912380|18.25
1400912402|18.25
1400912424|18.25
1400912447|18.25
1400912469|18.187
1400912492|18.187
1400912514|18.125
1400912537|18.0
1400912559|17.937
1400912582|17.937
1400912604|17.687
1400912627|17.562
1400912649|17.5
1400912672|17.437
1400912694|17.437
1400912717|17.375
1400912739|17.437
1400912761|17.5
1400912784|17.562
1400912806|17.687
1400912829|17.75
1400912851|17.812
1400912874|17.812
1400912896|17.812
1400912919|17.812
1400912941|17.812
1400912964|17.875
1400912986|17.937
1400913009|17.812
1400913031|17.875
1400913054|17.875
1400913076|17.875
1400913098|17.937
1400913121|18.0
1400913143|18.0
1400913166|18.062
1400913188|17.937
1400913211|17.937
1400913233|17.875
1400913256|17.75
1400913278|17.75
1400913301|17.75
1400913323|17.75
1400913346|17.75
1400913368|17.75
1400913391|17.812
1400913413|17.937
1400913436|17.937
1400913458|17.937
1400913481|17.937
1400913503|18.125
1400913525|18.187
1400913548|18.187
1400913570|18.187
1400913593|18.25
1400913615|18.312
1400913638|18.25
1400913660|18.25
1400913683|18.25
1400913705|18.25
1400913728|18.375
1400913750|18.375
1400913773|18.437
1400913795|18.5
1400913818|18.5
1400913840|18.5
1400913862|18.437
1400913885|18.5
1400913907|18.562
1400913930|18.562
1400913952|18.687
1400913975|18.687
1400913997|18.812
1400914020|18.875
1400914042|18.937
1400914065|19.0
1400914087|19.0
1400914110|19.0
1400914132|19.062
1400914155|19.0
1400914177|19.0
1400914200|18.875
1400914222|18.812
1400914245|18.812
1400914267|18.75
1400914290|18.75
1400914312|18.75
1400914335|18.687
1400914357|18.75
1400914380|18.687
1400914402|18.687
1400914424|18.75
1400914447|18.75
1400914469|18.812
1400914492|18.812
1400914514|18.937
1400914537|19.0
1400914559|19.062
1400914582|19.125
1400914604|19.062
1400914627|19.062
1400914649|19.125
1400914672|19.125
1400914694|19.125
1400914717|19.125
1400914739|19.125
1400914761|19.125
1400914784|19.125
1400914806|19.062
1400914829|19.0
1400914851|19.0
1400914874|19.062
1400914896|19.062
1400914919|19.125
1400914941|19.187
1400914964|19.312
1400914986|19.25
1400915009|19.187
1400915031|19.25
1400915054|19.187
1400915076|19.25
1400915099|19.25
1400915121|19.25
1400915144|19.125
1400915166|19.125
1400915188|19.125
1400915211|19.125
1400915233|19.125
1400915256|19.187
1400915278|19.187
1400915301|19.187
1400915323|19.125
1400915346|19.125
1400915368|19.125
1400915391|19.125
1400915413|19.125
1400915436|19.125
1400915458|19.125
1400915481|19.062
1400915503|19.062
1400915525|19.062
1400915548|19.0
1400915570|18.937
1400915593|18.937
1400915615|18.937
1400915638|18.937
1400915660|19.0
1400915683|18.875
1400915705|18.875
1400915728|18.812
1400915750|18.812
1400915773|18.75
1400915795|18.75
1400915818|18.75
1400915840|18.75
1400915862|18.687
1400915885|18.687
1400915907|18.625
1400915930|18.625
1400915952|18.625
1400915975|18.625
1400915997|18.625
1400916020|18.625
1400916042|18.625
1400916065|18.562
1400916087|18.562
1400916110|18.5
1400916132|18.5
1400916155|18.437
1400916177|18.437
1400916199|18.437
1400916222|18.437
1400916244|18.437
1400916267|18.5
1400916289|18.5
1400916312|18.5
1400916334|18.5
1400916357|18.562
1400916379|18.562
1400916402|18.562
1400916424|18.625
1400916447|18.687
1400916469|18.75
1400916492|18.75
1400916514|18.75
1400916536|18.812
1400916559|18.75
1400916581|18.812
1400916604|18.75
1400916626|18.812
1400916649|18.812
1400916671|18.812
1400916694|18.875
1400916716|18.937
1400916739|18.937
1400916761|18.875
1400916784|18.875
1400916806|18.875
1400916829|18.937
1400916851|18.875
1400916874|18.875
1400916896|18.875
1400916919|18.937
1400916941|18.937
1400916963|18.937
1400916986|18.875
1400917008|18.937
1400917031|18.937
1400917053|19.0
1400917076|19.062
1400917098|19.125
1400917121|19.062
1400917143|19.062
1400917166|19.125
1400917188|19.187
1400917211|19.25
1400917233|19.25
1400917256|19.187
1400917278|19.187
1400917300|19.25
1400917323|19.25
1400917345|19.25
1400917368|19.312
1400917390|19.375
1400917413|19.437
1400917435|19.5
1400917458|19.5
1400917480|19.562
1400917503|19.625
1400917525|19.625
1400917548|19.687
1400917570|19.687
1400917593|19.687
1400917615|19.75
1400917637|19.687
1400917660|19.75
1400917682|19.75
1400917705|19.687
1400917727|19.687
1400917750|19.625
1400917772|19.625
1400917795|19.625
1400917817|19.625
1400917840|19.562
1400917862|19.562
1400917885|19.562
1400917907|19.562
1400917930|19.562
1400917952|19.5
1400917974|19.5
1400917997|19.5
1400918019|19.437
1400918042|19.437
1400918064|19.375
1400918087|19.25
1400918109|19.187
1400918132|19.125
1400918154|19.125
1400918177|19.062
1400918199|19.0
1400918222|19.0
1400918244|19.0
1400918267|19.0
1400918289|19.062
1400918312|19.125
1400918334|19.187
1400918356|19.25
1400918379|19.312
1400918401|19.312
1400918424|19.312
1400918446|19.375
1400918469|19.375
1400918491|19.375
1400918514|19.437
1400918536|19.375
1400918559|19.437
1400918581|19.375
1400918604|19.437
1400918626|19.437
1400918649|19.437
1400918671|19.437
1400918693|19.437
1400918716|19.375
1400918738|19.375
1400918761|19.312
1400918783|19.25
1400918806|19.25
1400918828|19.25
1400918851|19.25
1400918873|19.187
1400918896|19.187
1400918918|19.25
1400918941|19.25
1400918963|19.25
1400918986|19.25
1400919008|19.312
1400919030|19.375
1400919053|19.375
1400919075|19.437
1400919098|19.375
1400919120|19.437
1400919143|19.437
1400919165|19.5
1400919188|19.5
1400919210|19.5
1400919233|19.562
1400919255|19.562
1400919278|19.625
1400919300|19.625
1400919323|19.687
1400919345|19.625
1400919368|19.625
1400919390|19.687
1400919412|19.75
1400919435|19.75
1400919457|19.75
1400919480|19.812
1400919502|19.812
1400919525|19.812
1400919547|19.812
1400919570|19.875
1400919592|19.875
1400919615|19.875
1400919637|19.875
1400919660|19.875
1400919682|19.937
1400919705|20.0
1400919727|19.937
1400919750|19.937
1400919772|19.937
1400919794|20.0
1400919817|19.937
1400919839|20.0
1400919862|20.062
1400919884|20.062
1400919907|20.062
1400919929|20.125
1400919952|20.187
1400919974|20.25
1400919997|20.25
1400920019|20.25
1400920042|20.312
1400920064|20.375
1400920087|20.5
1400920109|20.562
1400920131|20.625
1400920154|20.687
1400920176|20.687
1400920199|20.687
1400920221|20.687
1400920244|20.625
1400920266|20.625
1400920289|20.687
1400920311|20.687
1400920334|20.687
1400920356|20.75
1400920379|20.75
1400920401|20.75
1400920424|20.812
1400920446|20.812
1400920469|20.875
1400920491|20.812
1400920513|20.875
1400920536|20.937
1400920558|20.937
1400920581|20.937
1400920603|21.0
1400920626|21.0
1400920648|21.062
1400920671|21.125
1400920693|21.187
1400920716|21.25
1400920738|21.25
1400920761|21.25
1400920783|21.312
1400920806|21.375
1400920828|21.437
1400920851|21.5
1400920873|21.562
1400920895|21.562
1400920918|21.562
1400920940|21.687
1400920963|21.812
1400920985|21.812
1400921008|21.875
1400921030|21.937
1400921053|22.0
1400921075|22.062
1400921098|22.125
1400921120|22.062
1400921143|22.062
1400921165|22.125
1400921188|22.125
1400921210|22.125
1400921232|22.187
1400921255|22.125
1400921277|22.125
1400921300|22.125
1400921322|22.125
1400921345|22.125
1400921367|22.125
1400921390|22.0
1400921412|21.875
1400921435|21.75
1400921457|21.687
1400921480|21.75
1400921502|21.625
1400921525|21.625
1400921547|21.625
1400921569|21.687
1400921592|21.812
1400921614|21.937
1400921637|21.937
1400921659|21.937
1400921682|21.875
1400921704|21.875
1400921727|21.875
1400921749|21.937
1400921772|21.937
1400921794|22.0
1400921817|22.0
1400921839|22.062
1400921862|22.062
1400921884|22.187
1400921906|22.437
1400921929|22.437
1400921951|22.5
1400921974|22.437
1400921996|22.562
1400922019|22.687
1400922041|22.812
1400922064|22.812
1400922086|23.0
1400922109|23.062
1400922131|23.125
1400922154|23.187
1400922176|23.187
1400922199|23.25
1400922221|23.312
1400922244|23.312
1400922266|23.375
1400922288|23.375
1400922311|23.312
1400922333|23.312
1400922356|23.312
1400922378|23.312
1400922401|23.312
1400922423|23.437
1400922446|23.437
1400922468|23.312
1400922491|23.25
1400922513|23.25
1400922536|23.25
1400922558|23.187
1400922581|23.125
1400922603|23.187
1400922625|23.187
1400922648|23.062
1400922670|23.062
1400922693|23.0
1400922715|23.0
1400922738|23.125
1400922760|23.25
1400922783|23.312
1400922805|23.375
1400922828|23.375
1400922850|23.375
1400922873|23.437
1400922895|23.625
1400922918|23.75
1400922940|23.687
1400922962|23.625
1400922985|23.75
1400923007|23.812
1400923030|23.875
1400923052|23.937
1400923075|23.937
1400923097|23.937
1400923120|23.812
1400923142|23.625
1400923165|23.625
1400923187|23.687
1400923210|23.75
1400923232|23.812
1400923255|23.812
1400923277|23.937
1400923299|23.875
1400923322|24.062
1400923344|24.25
1400923367|24.25
1400923389|24.25
1400923412|24.187
1400923434|24.062
1400923457|24.0
1400923479|23.875
1400923502|23.812
1400923524|23.75
1400923547|23.687
1400923569|23.75
1400923592|23.937
1400923614|23.875
1400923637|23.687
1400923659|23.687
1400923682|23.5
1400923704|23.437
1400923726|23.5
1400923749|23.5
1400923771|23.625
1400923794|23.562
1400923816|23.625
1400923839|23.625
1400923861|23.75
1400923884|23.875
1400923906|23.937
1400923929|24.0
1400923951|23.875
1400923974|23.937
1400923996|23.937
1400924019|24.125
1400924041|24.312
1400924063|24.312
1400924086|24.375
1400924108|85.0
1400924131|23.875
1400924153|23.687
1400924176|23.812
1400924198|23.812
1400924221|23.875
1400924243|23.875
1400924266|24.125
1400924288|24.125
1400924311|24.187
1400924333|24.312
1400924356|24.437
1400924378|24.562
1400924400|24.687
1400924423|24.812
1400924445|24.875
1400924468|24.875
1400924490|24.875
1400924513|24.875
1400924535|24.75
1400924558|24.687
1400924580|24.812
1400924603|24.75
1400924625|24.625
1400924648|24.625
1400924670|24.75
1400924693|24.937
1400924715|24.937
1400924737|24.937
1400924760|25.125
1400924782|25.062
1400924805|25.062
1400924827|24.875
1400924850|24.875
1400924873|25.125
1400924896|25.062
1400924918|25.062
1400924940|25.125
1400924963|25.062
1400924985|25.0
1400925008|25.0
1400925030|24.75
1400925053|24.625
1400925075|24.5
1400925098|24.562
1400925120|24.562
1400925143|24.437
1400925165|24.312
1400925188|24.187
1400925210|24.187
1400925233|24.187
1400925255|24.25
1400925278|24.312
1400925300|24.5
1400925322|24.687
1400925345|24.937
1400925367|25.125
1400925390|25.375
1400925412|25.437
1400925435|25.187
1400925457|24.937
1400925480|24.937
1400925502|24.687
1400925525|24.75
1400925547|24.75
1400925570|24.812
1400925592|24.812
1400925615|24.812
1400925637|24.812
1400925659|25.0
1400925682|25.0
1400925704|25.125
1400925727|25.25
1400925749|25.312
1400925772|25.125
1400925794|25.125
1400925817|25.125
1400925839|25.125
1400925862|25.187
1400925884|25.187
1400925907|25.187
1400925929|25.0
1400925952|25.062
1400925974|24.687
1400925996|24.687
1400926019|24.5
1400926041|24.562
1400926064|24.562
1400926086|24.687
1400926109|24.75
1400926131|24.875
1400926154|25.062
1400926176|25.25
1400926199|25.437
1400926221|25.5
1400926244|25.375
1400926266|25.312
1400926289|25.375
1400926311|25.437
1400926334|25.437
1400926356|25.375
1400926379|25.375
1400926401|25.5
1400926423|25.5
1400926446|25.5
1400926468|25.375
1400926491|25.375
1400926513|25.437
1400926536|25.437
1400926558|25.375
1400926581|25.375
1400926603|25.375
1400926626|25.312
1400926648|25.375
1400926671|25.375
1400926693|25.312
1400926716|25.375
1400926738|25.375
1400926760|25.25
1400926783|25.375
1400926805|25.437
1400926828|25.375
1400926850|25.375
1400926873|25.375
1400926895|25.375
1400926918|25.437
1400926940|25.625
1400926963|25.75
1400926985|25.812
1400927008|25.875
1400927030|25.937
1400927053|25.875
1400927075|25.937
1400927097|25.937
1400927120|25.25
1400927142|25.125
1400927165|25.125
1400927187|25.062
1400927210|25.25
1400927232|25.187
1400927255|25.312
1400927277|25.375
1400927300|25.437
1400927322|25.437
1400927345|25.312
1400927367|25.312
1400927390|25.187
1400927412|25.125
1400927434|25.125
1400927457|25.125
1400927479|25.125
1400927502|25.312
1400927524|25.312
1400927547|25.312
1400927569|25.25
1400927592|25.437
1400927614|25.5
1400927637|25.5
1400927659|25.437
1400927682|25.562
1400927704|25.687
1400927727|25.75
1400927749|25.875
1400927771|26.0
1400927794|26.062
1400927816|26.125
1400927839|26.062
1400927861|26.125
1400927884|26.062
1400927906|26.0
1400927929|26.0
1400927951|26.062
1400927974|26.062
1400927996|26.062
1400928019|26.062
1400928041|26.312
1400928064|26.312
1400928086|26.312
1400928109|26.312
1400928131|26.312
1400928154|26.062
1400928176|25.875
1400928198|25.812
1400928221|25.937
1400928243|26.125
1400928266|26.25
1400928288|26.375
1400928311|26.5
1400928333|26.562
1400928356|26.687
1400928378|26.75
1400928401|26.875
1400928423|27.125
1400928446|27.187
1400928468|27.187
1400928491|27.062
1400928513|26.75
1400928535|26.75
1400928558|26.875
1400928580|26.875
1400928603|27.125
1400928625|27.187
1400928648|27.312
1400928670|27.437
1400928693|27.562
1400928715|27.625
1400928738|27.562
1400928760|27.625
1400928783|27.5
1400928805|27.187
1400928828|27.0
1400928850|26.562
1400928872|26.312
1400928895|26.125
1400928917|26.125
1400928940|26.062
1400928962|26.25
1400928985|26.25
1400929007|26.062
1400929030|26.25
1400929052|26.437
1400929075|26.375
1400929097|26.187
1400929120|26.0
1400929142|25.812
1400929165|25.812
1400929187|25.75
1400929209|25.75
1400929232|25.812
1400929254|25.75
1400929277|26.0
1400929299|26.187
1400929322|26.187
1400929344|26.125
1400929367|26.062
1400929389|25.875
1400929412|25.75
1400929434|25.75
1400929457|25.687
1400929479|25.687
1400929502|25.75
1400929524|25.875
1400929547|26.0
1400929569|25.875
1400929591|26.125
1400929614|26.0
1400929636|26.0
1400929659|26.0
1400929681|26.0
1400929704|25.937
1400929726|25.812
1400929749|25.812
1400929771|25.875
1400929794|26.0
1400929816|26.062
1400929839|26.062
1400929861|25.812
1400929884|25.687
1400929906|25.75
1400929928|25.75
1400929951|25.625
1400929973|25.5
1400929996|25.437
1400930018|25.375
1400930041|25.312
1400930063|25.375
1400930086|25.5
1400930108|25.437
1400930131|25.312
1400930153|25.375
1400930176|25.187
1400930198|25.25
1400930221|25.187
1400930243|25.187
1400930265|25.062
1400930288|25.0
1400930310|25.0
1400930333|25.25
1400930355|25.25
1400930378|25.25
1400930400|25.187
1400930423|25.0
1400930445|24.875
1400930468|24.75
1400930490|24.562
1400930513|24.687
1400930535|24.625
1400930558|24.437
1400930580|24.437
1400930602|24.187
1400930625|24.125
1400930647|24.125
1400930670|24.125
1400930692|24.125
1400930715|24.25
1400930737|24.625
1400930760|24.875
1400930782|25.187
1400930805|25.312
1400930827|25.187
1400930850|25.187
1400930872|25.187
1400930895|25.375
1400930917|25.687
1400930940|25.937
1400930962|25.937
1400930985|26.125
1400931007|26.25
1400931029|26.125
1400931052|26.25
1400931074|26.25
1400931097|25.437
1400931119|25.437
1400931142|25.312
1400931164|25.5
1400931187|25.375
1400931209|25.125
1400931232|25.062
1400931254|24.937
1400931277|25.0
1400931299|25.0
1400931322|24.812
1400931344|24.562
1400931366|24.312
1400931389|24.125
1400931411|24.125
1400931434|24.437
1400931456|24.437
1400931479|24.187
1400931501|24.187
1400931524|24.187
1400931546|24.187
1400931569|24.25
1400931591|24.437
1400931614|24.5
1400931636|24.375
1400931659|24.125
1400931681|24.25
1400931703|24.312
1400931726|24.187
1400931748|24.0
1400931771|23.875
1400931793|24.0
1400931816|23.812
1400931838|23.875
1400931861|23.75
1400931883|23.75
1400931906|23.875
1400931928|24.0
1400931951|24.062
1400931973|24.062
1400931996|24.125
1400932018|24.375
1400932040|24.5
1400932063|24.5
1400932085|24.562
1400932108|24.75
1400932130|24.625
1400932153|24.625
1400932175|24.75
1400932198|24.875
1400932220|24.937
1400932243|25.062
1400932265|25.187
1400932288|25.25
1400932310|25.375
1400932333|25.375
1400932355|25.125
1400932378|24.937
1400932400|24.875
1400932423|25.0
1400932445|25.125
1400932467|24.875
1400932490|24.75
1400932512|24.562
1400932535|24.437
1400932557|24.5
1400932580|24.75
1400932602|24.812
1400932625|24.875
1400932647|25.0
1400932670|25.0
1400932692|24.75
1400932715|24.687
1400932737|24.75
1400932760|24.937
1400932782|24.812
1400932804|24.812
1400932827|24.812
1400932849|24.812
1400932872|24.875
1400932894|24.812
1400932917|24.812
1400932939|24.687
1400932962|24.812
1400932984|24.937
1400933007|25.062
1400933029|24.937
1400933052|24.937
1400933074|24.875
1400933097|24.75
1400933119|24.687
1400933141|24.812
1400933164|25.062
1400933186|25.062
1400933209|25.25
1400933231|25.25
1400933254|25.125
1400933276|25.187
1400933299|25.187
1400933321|25.25
1400933344|25.25
1400933366|25.625
1400933389|25.625
1400933411|25.375
1400933434|25.25
1400933456|25.187
1400933478|25.125
1400933501|25.312
1400933523|25.312
1400933546|25.312
1400933568|25.25
1400933591|25.437
1400933613|25.5
1400933636|25.687
1400933658|25.437
1400933681|25.25
1400933703|25.25
1400933726|25.375
1400933748|25.5
1400933771|25.812
1400933793|26.062
1400933815|26.187
1400933838|26.187
1400933860|25.937
1400933883|25.875
1400933905|26.0
1400933928|26.062
1400933950|26.187
1400933973|26.0
1400933995|26.0
1400934018|25.125
1400934040|24.937
1400934063|24.75
1400934085|24.75
1400934108|24.812
1400934130|24.875
1400934153|24.875
1400934175|24.75
1400934197|24.812
1400934220|25.062
1400934242|25.187
1400934265|25.25
1400934287|25.187
1400934310|25.312
1400934332|25.25
1400934355|25.25
1400934377|25.375
1400934400|25.562
1400934422|25.75
1400934445|26.0
1400934467|26.187
1400934490|26.437
1400934512|26.75
1400934534|27.062
1400934557|27.187
1400934579|27.25
1400934602|27.25
1400934624|27.437
1400934647|27.625
1400934669|27.562
1400934692|27.562
1400934714|27.437
1400934737|27.5
1400934759|27.625
1400934782|27.625
1400934804|27.75
1400934827|27.875
1400934849|28.0
1400934871|28.125
1400934894|28.437
1400934916|28.375
1400934939|28.062
1400934961|28.187
1400934984|28.25
1400935006|28.437
1400935029|28.375
1400935051|28.5
1400935074|28.562
1400935096|28.187
1400935119|27.812
1400935141|27.687
1400935164|27.562
1400935186|27.25
1400935208|27.312
1400935231|27.312
1400935253|27.75
1400935276|28.125
1400935298|28.187
1400935321|28.062
1400935343|28.25
1400935366|28.25
1400935388|28.312
1400935411|28.187
1400935433|27.75
1400935456|27.562
1400935478|27.437
1400935501|27.375
1400935523|27.125
1400935545|26.875
1400935568|26.937
1400935590|26.937
1400935613|26.875
1400935635|26.75
1400935658|26.562
1400935680|26.375
1400935703|26.187
1400935725|26.187
1400935748|26.437
1400935770|26.625
1400935793|26.687
1400935815|26.687
1400935838|26.5
1400935860|26.312
1400935882|26.25
1400935905|25.937
1400935927|25.75
1400935950|25.812
1400935972|25.875
1400935995|26.0
1400936017|26.375
1400936040|26.5
1400936062|26.375
1400936085|26.187
1400936107|26.375
1400936130|26.375
1400936152|26.25
1400936175|25.812
1400936197|25.875
1400936220|25.937
1400936242|25.937
1400936265|26.062
1400936287|26.125
1400936309|26.125
1400936332|26.187
1400936354|26.187
1400936377|26.25
1400936399|26.312
1400936422|26.312
1400936444|26.437
1400936467|26.25
1400936489|26.437
1400936512|26.312
1400936534|26.375
1400936557|26.312
1400936579|26.625
1400936602|26.687
1400936624|26.812
1400936646|27.062
1400936669|27.25
1400936691|27.0
1400936714|26.937
1400936736|27.062
1400936759|26.75
1400936781|26.562
1400936804|26.625
1400936826|26.812
1400936849|26.937
1400936871|26.937
1400936894|27.0
1400936916|27.0
1400936939|26.937
1400936961|26.937
1400936983|26.687
1400937006|26.812
1400937028|26.875
1400937051|27.0
1400937073|27.312
1400937096|27.5
1400937118|27.562
1400937141|27.875
1400937163|28.0
1400937186|28.187
1400937208|28.187
1400937231|28.062
1400937253|27.625
1400937276|27.687
1400937298|27.812
1400937321|27.875
1400937343|28.0
1400937365|28.125
1400937388|28.625
1400937410|28.875
1400937433|29.0
1400937455|29.125
1400937478|29.25
1400937500|29.312
1400937523|29.437
1400937545|29.562
1400937568|29.937
1400937590|29.812
1400937613|30.0
1400937635|29.812
1400937658|29.625
1400937680|29.312
1400937703|29.312
1400937725|29.437
1400937747|29.625
1400937770|29.687
1400937792|29.687
1400937815|30.125
1400937837|30.312
1400937860|30.5
1400937882|30.75
1400937905|30.687
1400937927|30.562
1400937950|30.437
1400937972|30.562
1400937995|30.75
1400938017|30.812
1400938040|30.75
1400938062|30.875
1400938084|30.812
1400938107|30.75
1400938129|30.625
1400938152|30.625
1400938174|30.562
1400938197|30.5
1400938219|30.312
1400938242|30.375
1400938264|30.312
1400938287|30.0
1400938309|29.875
1400938332|29.5
1400938354|29.375
1400938377|29.312
1400938399|29.437
1400938421|29.562
1400938444|29.687
1400938466|29.875
1400938489|29.75
1400938511|29.687
1400938534|29.75
1400938556|29.812
1400938579|29.937
1400938601|30.187
1400938624|30.062
1400938646|30.062
1400938669|30.187
1400938691|30.187
1400938714|30.375
1400938736|30.187
1400938758|30.125
1400938781|30.062
1400938803|29.687
1400938826|30.0
1400938848|30.187
1400938871|30.062
1400938893|30.187
1400938916|30.437
1400938938|30.375
1400938961|29.937
1400938983|29.937
1400939006|30.062
1400939028|29.937
1400939051|30.125
1400939073|30.0
1400939096|30.187
1400939118|30.375
1400939140|30.375
1400939163|30.5
1400939185|30.687
1400939208|30.625
1400939230|30.625
1400939253|30.625
1400939275|30.812
1400939298|31.0
1400939320|30.812
1400939343|30.812
1400939365|30.5
1400939388|30.25
1400939410|30.25
1400939433|30.437
1400939455|30.375
1400939477|30.437
1400939500|30.75
1400939522|30.812
1400939545|30.812
1400939567|31.0
1400939590|31.187
1400939612|31.187
1400939635|31.437
1400939657|31.5
1400939680|31.687
1400939702|31.687
1400939725|31.687
1400939747|31.312
1400939770|31.187
1400939792|31.25
1400939814|31.25
1400939837|31.187
1400939859|31.5
1400939882|31.812
1400939904|31.812
1400939927|31.375
1400939949|31.562
1400939972|31.312
1400939994|31.375
1400940017|31.25
1400940039|31.25
1400940062|30.812
1400940084|30.75
1400940107|30.687
1400940129|30.562
1400940151|30.625
1400940174|30.5
1400940196|30.437
1400940219|30.25
1400940241|30.187
1400940264|30.0
1400940286|29.812
1400940309|29.812
1400940331|29.687
1400940354|29.5
1400940376|29.25
1400940399|29.312
1400940421|29.5
1400940444|29.625
1400940466|29.812
1400940488|29.812
1400940511|29.812
1400940533|29.937
1400940556|29.625
1400940578|29.812
1400940601|30.0
1400940623|30.0
1400940646|30.125
1400940668|30.25
1400940691|30.125
1400940713|30.5
1400940736|30.562
1400940758|30.812
1400940781|31.125
1400940803|31.375
1400940825|31.5
1400940848|31.625
1400940870|31.625
1400940893|31.437
1400940915|31.437
1400940938|31.5
1400940960|31.687
1400940983|31.687
1400941005|31.375
1400941028|31.125
1400941050|31.25
1400941073|31.312
1400941095|31.312
1400941118|31.25
1400941140|31.312
1400941163|31.25
1400941185|31.312
1400941207|31.125
1400941230|31.312
1400941252|31.25
1400941275|31.25
1400941297|31.5
1400941320|31.25
1400941342|31.312
1400941365|31.5
1400941387|31.5
1400941410|31.5
1400941432|31.625
1400941455|31.812
1400941477|31.812
1400941500|31.687
1400941522|31.562
1400941545|31.5
1400941567|31.437
1400941589|31.312
1400941612|31.187
1400941634|31.25
1400941657|31.375
1400941679|30.937
1400941702|30.937
1400941724|30.75
1400941747|30.562
1400941769|30.687
1400941792|30.687
1400941814|30.687
1400941837|30.562
1400941859|30.625
1400941882|30.812
1400941904|30.75
1400941926|30.687
1400941949|30.75
1400941971|30.687
1400941994|30.5
1400942016|30.625
1400942039|30.75
1400942061|31.0
1400942084|30.75
1400942106|30.812
1400942129|30.812
1400942151|30.75
1400942174|31.062
1400942196|31.187
1400942219|31.187
1400942241|31.125
1400942263|31.125
1400942286|31.125
1400942308|31.0
1400942331|30.812
1400942353|30.875
1400942376|30.812
1400942398|30.75
1400942421|30.937
1400942443|30.875
1400942466|30.875
1400942488|30.75
1400942511|31.062
1400942533|31.25
1400942556|31.187
1400942578|31.0
1400942601|31.125
1400942623|31.25
1400942645|31.25
1400942668|31.125
1400942690|31.062
1400942713|31.187
1400942735|31.562
1400942758|31.625
1400942780|31.562
1400942803|31.562
1400942825|31.25
1400942848|31.375
1400942870|31.125
1400942893|31.187
1400942915|31.312
1400942938|31.437
1400942960|31.687
1400942983|31.5
1400943005|31.437
1400943027|31.437
1400943050|31.437
1400943072|31.312
1400943095|31.0
1400943117|31.062
1400943140|31.125
1400943162|31.0
1400943185|31.25
1400943207|31.125
1400943230|31.125
1400943252|31.125
1400943275|31.312
1400943297|31.375
1400943320|31.375
1400943342|31.312
1400943364|31.437
1400943387|31.5
1400943409|31.375
1400943432|31.375
1400943454|31.187
1400943477|31.125
1400943499|31.187
1400943522|30.937
1400943544|30.937
1400943567|30.75
1400943589|30.625
1400943612|30.5
1400943634|30.625
1400943657|30.437
1400943679|30.5
1400943701|30.687
1400943724|30.812
1400943746|31.062
1400943769|30.937
1400943791|31.062
1400943814|30.812
1400943836|30.625
1400943859|30.875
1400943881|30.937
1400943904|31.125
1400943926|31.125
1400943949|31.25
1400943971|31.312
1400943994|31.312
1400944016|31.0
1400944038|30.812
1400944061|31.187
1400944083|31.125
1400944106|31.125
1400944128|31.125
1400944151|31.312
1400944173|31.625
1400944196|31.625
1400944218|31.937
1400944241|32.125
1400944263|31.875
1400944286|31.937
1400944308|31.812
1400944331|31.687
1400944353|31.687
1400944376|32.062
1400944398|32.062
1400944420|31.687
1400944443|31.625
1400944465|31.625
1400944488|31.75
1400944510|31.937
1400944533|32.062
1400944555|32.0
1400944578|31.812
1400944600|32.062
1400944623|31.75
1400944645|31.5
1400944668|31.687
1400944690|31.75
1400944713|31.875
1400944735|31.937
1400944757|32.187
1400944780|32.312
1400944802|32.375
1400944825|32.5
1400944847|32.812
1400944870|32.625
1400944892|32.812
1400944915|32.75
1400944937|32.937
1400944960|33.25
1400944982|33.25
1400945005|33.187
1400945027|32.937
1400945050|33.25
1400945072|33.125
1400945094|33.375
1400945117|33.5
1400945139|33.562
1400945162|34.0
1400945184|33.875
1400945207|34.25
1400945229|34.062
1400945252|33.812
1400945274|34.125
1400945297|34.062
1400945319|33.937
1400945342|33.937
1400945364|34.0
1400945387|34.0
1400945409|33.687
1400945432|33.562
1400945454|33.625
1400945477|33.437
1400945499|33.062
1400945521|32.875
1400945544|32.687
1400945566|32.75
1400945589|32.75
1400945611|32.625
1400945634|32.312
1400945656|32.5
1400945679|32.562
1400945701|32.187
1400945724|32.5
1400945746|32.437
1400945769|32.437
1400945791|32.375
1400945814|32.25
1400945836|32.125
1400945858|32.125
1400945881|32.125
1400945903|32.312
1400945926|32.062
1400945948|32.125
1400945971|32.25
1400945993|32.25
1400946016|31.875
1400946038|31.875
1400946061|32.125
1400946083|32.0
1400946106|32.125
1400946128|31.75
1400946151|31.687
1400946173|31.875
1400946195|31.937
1400946218|32.187
1400946240|32.062
1400946263|32.187
1400946285|32.125
1400946308|32.25
1400946330|32.25
1400946353|31.937
1400946375|31.625
1400946398|31.562
1400946420|31.75
1400946443|31.5
1400946465|31.625
1400946488|32.0
1400946510|31.937
1400946532|32.0
1400946555|32.062
1400946577|31.937
1400946600|32.0
1400946622|31.75
1400946645|31.687
1400946667|31.937
1400946690|31.687
1400946712|31.375
1400946735|31.437
1400946757|31.312
1400946780|31.437
1400946802|31.312
1400946825|31.375
1400946847|31.625
1400946869|31.562
1400946892|31.5
1400946914|31.875
1400946937|32.0
1400946959|31.75
1400946982|31.812
1400947004|32.0
1400947027|31.5
1400947049|31.5
1400947072|31.25
1400947094|31.187
1400947117|31.25
1400947139|30.812
1400947162|30.812
1400947184|30.75
1400947206|30.75
1400947229|30.875
1400947251|31.062
1400947274|31.0
1400947296|30.75
1400947319|30.75
1400947341|30.625
1400947364|30.375
1400947386|30.187
1400947409|30.437
1400947431|30.25
1400947454|30.062
1400947476|29.875
1400947499|30.062
1400947521|30.125
1400947544|30.0
1400947566|29.812
1400947588|29.937
1400947611|30.125
1400947634|30.125
1400947657|30.312
1400947679|30.312
1400947702|30.187
1400947724|29.937
1400947747|29.937
1400947769|29.687
1400947792|29.562
1400947814|29.562
1400947836|29.5
1400947859|29.625
1400947881|29.812
1400947904|29.875
1400947926|29.75
1400947949|29.75
1400947971|29.75
1400947994|29.562
1400948016|29.375
1400948039|29.562
1400948061|29.625
1400948084|29.5
1400948106|29.375
1400948129|29.312
1400948151|29.187
1400948173|28.875
1400948196|28.875
1400948218|29.125
1400948241|29.25
1400948263|29.375
1400948286|29.25
1400948308|29.125
1400948331|28.687
1400948353|28.75
1400948376|28.625
1400948398|28.375
1400948421|28.437
1400948443|28.562
1400948466|28.437
1400948488|28.625
1400948510|28.812
1400948533|29.062
1400948555|29.125
1400948578|29.25
1400948600|29.187
1400948623|29.062
1400948645|29.312
1400948668|29.375
1400948690|29.312
1400948713|28.875
1400948735|28.687
1400948758|28.625
1400948780|28.375
1400948803|28.562
1400948825|28.562
1400948848|28.687
1400948870|28.687
1400948892|28.625
1400948915|28.25
1400948937|28.375
1400948960|28.437
1400948982|28.562
1400949005|28.375
1400949027|28.375
1400949050|28.375
1400949072|28.25
1400949095|27.937
1400949117|27.687
1400949140|27.375
1400949162|27.375
1400949185|27.625
1400949207|27.687
1400949229|27.687
1400949252|27.75
1400949274|27.75
1400949297|27.5
1400949319|27.312
1400949342|27.375
1400949364|27.187
1400949387|27.187
1400949409|27.25
1400949432|27.125
1400949454|27.312
1400949477|27.25
1400949499|27.062
1400949522|27.125
1400949544|27.187
1400949566|26.875
1400949589|26.812
1400949611|26.812
1400949634|26.875
1400949656|26.812
1400949679|26.937
1400949701|26.875
1400949724|26.875
1400949746|26.75
1400949769|26.75
1400949791|26.562
1400949814|26.375
1400949836|26.375
1400949859|26.125
1400949881|26.0
1400949904|26.0
1400949926|26.0
1400949949|26.0
1400949971|25.875
1400949993|25.875
1400950016|25.75
1400950038|25.812
1400950061|25.812
1400950083|25.75
1400950106|25.562
1400950128|25.625
1400950151|25.312
1400950173|25.062
1400950196|24.937
1400950218|25.0
1400950241|25.0
1400950263|24.75
1400950286|24.625
1400950308|24.687
1400950330|24.687
1400950353|24.687
1400950375|24.5
1400950398|24.5
1400950420|24.5
1400950443|24.5
1400950465|24.5
1400950488|24.562
1400950510|24.437
1400950533|24.25
1400950555|24.312
1400950578|24.25
1400950600|24.25
1400950623|24.187
1400950645|24.187
1400950667|24.062
1400950690|24.125
1400950712|24.062
1400950735|23.937
1400950757|23.937
1400950780|23.875
1400950802|23.937
1400950825|23.812
1400950847|23.812
1400950870|23.75
1400950892|23.625
1400950915|23.562
1400950937|23.562
1400950960|23.5
1400950982|23.437
1400951004|23.5
1400951027|23.625
1400951049|23.625
1400951072|23.687
1400951094|23.75
1400951117|23.687
1400951139|23.687
1400951162|23.625
1400951184|23.5
1400951207|23.375
1400951229|23.437
1400951252|23.562
1400951274|23.5
1400951297|23.312
1400951319|23.312
1400951341|23.25
1400951364|23.312
1400951386|23.312
1400951409|23.437
1400951431|23.187
1400951454|23.125
1400951476|23.062
1400951499|23.062
1400951521|23.062
1400951544|23.125
1400951566|23.125
1400951589|23.125
1400951611|23.187
1400951634|23.187
1400951656|23.25
1400951679|23.187
1400951701|23.125
1400951724|23.125
1400951746|23.125
1400951768|23.25
1400951791|23.125
1400951813|23.062
1400951836|23.125
1400951858|23.25
1400951881|23.25
1400951903|23.062
1400951926|22.937
1400951948|22.875
1400951971|22.812
1400951993|22.812
1400952016|22.937
1400952038|22.875
1400952061|22.875
1400952083|22.75
1400952105|22.687
1400952128|22.75
1400952150|22.75
1400952173|22.75
1400952195|22.75
1400952218|22.75
1400952240|22.75
1400952263|22.687
1400952285|22.75
1400952308|22.625
1400952330|22.562
1400952353|22.375
1400952375|22.437
1400952398|22.5
1400952420|22.437
1400952442|22.562
1400952465|22.375
1400952487|22.312
1400952510|22.25
1400952532|22.125
1400952555|22.187
1400952577|22.187
1400952600|22.187
1400952622|22.0
1400952645|21.937
1400952667|21.937
1400952690|22.0
1400952712|22.0
1400952735|21.937
1400952757|21.875
1400952780|21.875
1400952802|21.875
1400952825|21.937
1400952847|21.875
1400952870|21.937
1400952892|21.937
1400952915|22.0
1400952937|22.0
1400952960|22.0
1400952982|21.75
1400953005|21.812
1400953027|21.875
1400953050|21.812
1400953072|21.75
1400953094|21.812
1400953117|21.812
1400953139|21.75
1400953162|21.75
1400953184|21.687
1400953207|21.687
1400953229|21.75
1400953252|21.562
1400953274|21.5
1400953297|21.5
1400953319|21.5
1400953342|21.562
1400953364|21.562
1400953387|21.5
1400953409|21.625
1400953431|21.625
1400953454|21.625
1400953476|21.687
1400953499|21.625
1400953521|21.437
1400953544|21.437
1400953566|21.437
1400953589|21.375
1400953611|21.562
1400953634|21.562
1400953656|21.75
1400953679|21.687
1400953701|21.75
1400953724|21.812
1400953746|21.687
1400953768|21.625
1400953791|21.562
1400953813|21.687
1400953836|21.812
1400953858|21.875
1400953881|21.875
1400953903|21.75
1400953926|21.75
1400953948|21.562
1400953971|21.562
1400953993|21.625
1400954016|21.625
1400954038|21.75
1400954061|21.687
1400954083|21.5
1400954105|21.5
1400954128|21.437
1400954150|21.5
1400954173|21.5
1400954195|21.375
1400954218|21.312
1400954240|21.187
1400954263|21.312
1400954285|21.312
1400954308|21.312
1400954330|21.187
1400954353|21.125
1400954375|21.187
1400954398|21.187
1400954420|21.25
1400954442|21.312
1400954465|21.437
1400954487|21.375
1400954510|21.312
1400954532|21.437
1400954555|21.625
1400954577|21.812
1400954600|21.687
1400954622|21.687
1400954645|21.812
1400954667|21.875
1400954690|21.812
1400954712|21.812
1400954735|21.75
1400954757|21.75
1400954780|21.562
1400954802|21.437
1400954824|21.5
1400954847|21.437
1400954869|21.25
1400954892|21.25
1400954914|21.25
1400954937|21.25
1400954959|21.187
1400954982|21.125
1400955004|20.937
1400955027|20.937
1400955049|20.875
1400955072|20.875
1400955094|20.812
1400955117|20.75
