1400695885|28.937
1400695908|28.937
1400695930|28.562
1400695953|28.375
1400695975|28.062
1400695997|27.75
1400696020|27.5
1400696042|27.25
1400696065|27.187
1400696087|27.0
1400696110|26.812
1400696132|26.937
1400696155|26.875
1400696177|26.937
1400696200|26.937
1400696222|26.812
1400696245|26.937
1400696267|26.812
1400696290|26.562
1400696312|26.5
1400696335|26.5
1400696357|26.125
1400696379|26.062
1400696402|25.937
1400696424|25.5
1400696447|25.125
1400696469|24.75
1400696492|24.562
1400696514|24.125
1400696537|24.125
1400696559|24.062
1400696582|23.75
1400696604|23.562
1400696627|23.437
1400696649|23.125
1400696672|23.062
1400696694|22.937
1400696716|22.812
1400696739|22.812
1400696761|22.875
1400696784|22.875
1400696806|22.875
1400696829|22.687
1400696851|22.625
1400696874|22.437
1400696896|22.375
1400696919|22.312
1400696941|22.187
1400696964|22.187
1400696986|22.062
1400697009|22.062
1400697031|22.0
1400697053|21.937
1400697076|21.812
1400697098|21.687
1400697121|21.562
1400697143|21.5
1400697166|21.5
1400697188|21.5
1400697211|21.5
1400697233|21.312
1400697256|21.125
1400697278|21.187
1400697301|21.0
1400697323|21.062
1400697346|21.0
1400697368|21.0
1400697391|21.0
1400697413|21.0
1400697435|21.0
1400697458|20.875
1400697480|20.875
1400697503|20.812
1400697525|20.812
1400697548|20.75
1400697570|20.625
1400697593|20.5
1400697615|20.437
1400697638|20.437
1400697660|20.312
1400697683|20.312
1400697705|20.25
1400697728|20.25
1400697750|20.187
1400697772|20.062
1400697795|20.0
1400697817|20.062
1400697840|20.0
1400697862|19.875
1400697885|19.812
1400697907|19.687
1400697930|19.625
1400697952|19.5
1400697975|19.375
1400697997|19.375
1400698020|19.375
1400698042|19.375
1400698065|19.125
1400698087|19.125
1400698109|19.062
1400698132|19.0
1400698154|19.0
1400698177|18.937
1400698199|18.812
1400698222|18.75
1400698244|18.75
1400698267|18.812
1400698289|18.812
1400698312|18.875
1400698334|18.812
1400698357|18.687
1400698379|18.687
1400698402|18.75
1400698424|18.687
1400698446|18.687
1400698469|18.812
1400698491|18.812
1400698514|18.75
1400698536|18.812
1400698559|18.75
1400698581|18.812
1400698604|18.812
1400698626|18.875
1400698649|18.875
1400698671|18.75
1400698694|18.812
1400698716|18.75
1400698739|18.625
1400698761|18.625
1400698784|18.625
1400698806|18.625
1400698828|18.625
1400698851|18.5
1400698873|18.5
1400698896|18.5
1400698918|18.375
1400698941|18.375
1400698963|18.375
1400698986|18.312
1400699008|18.312
1400699031|18.312
1400699053|18.312
1400699076|18.25
1400699098|18.25
1400699121|18.25
1400699143|18.25
1400699166|18.25
1400699188|18.125
1400699210|18.0
1400699233|18.0
1400699255|18.062
1400699278|18.062
1400699300|18.062
1400699323|18.0
1400699345|18.0
1400699368|18.0
1400699390|18.0
1400699413|17.937
1400699435|17.937
1400699458|17.937
1400699480|17.937
1400699503|17.937
1400699525|17.937
1400699547|17.937
1400699570|17.875
1400699592|17.875
1400699615|17.875
1400699637|17.75
1400699660|17.75
1400699682|17.75
1400699705|17.812
1400699727|17.812
1400699750|17.812
1400699772|17.875
1400699795|17.812
1400699817|17.812
1400699840|17.812
1400699862|17.75
1400699884|17.625
1400699907|17.625
1400699929|17.5
1400699952|17.437
1400699974|17.437
1400699997|17.437
1400700019|17.375
1400700042|17.375
1400700064|17.375
1400700087|17.312
1400700109|17.375
1400700132|17.312
1400700154|17.25
1400700177|17.25
1400700199|17.187
1400700221|17.125
1400700244|17.125
1400700266|17.187
1400700289|17.25
1400700311|17.25
1400700334|17.25
1400700356|17.187
1400700379|17.187
1400700401|17.25
1400700424|17.187
1400700446|17.187
1400700469|17.125
1400700491|17.125
1400700514|17.125
1400700536|17.062
1400700558|17.062
1400700581|17.125
1400700603|17.062
1400700626|17.0
1400700648|17.0
1400700671|17.0
1400700693|17.0
1400700716|17.0
1400700738|16.875
1400700761|16.875
1400700783|16.875
1400700806|16.875
1400700828|16.812
1400700851|16.812
1400700873|16.812
1400700896|16.812
1400700918|16.75
1400700941|16.687
1400700963|16.687
1400700985|16.625
1400701008|16.562
1400701030|16.5
1400701053|16.562
1400701075|16.562
1400701098|16.5
1400701120|16.5
1400701143|16.437
1400701165|16.437
1400701188|16.375
1400701210|16.312
1400701233|16.25
1400701255|16.25
1400701278|16.25
1400701300|16.187
1400701322|16.187
1400701345|16.125
1400701367|16.125
1400701390|16.125
1400701412|16.187
1400701435|16.125
1400701457|16.125
1400701480|16.125
1400701502|16.062
1400701525|16.062
1400701547|16.062
1400701570|16.125
1400701592|16.125
1400701615|16.125
1400701637|16.125
1400701659|16.125
1400701682|16.062
1400701704|16.062
1400701727|16.062
1400701749|16.0
1400701772|16.062
1400701794|16.0
1400701817|16.0
1400701839|16.0
1400701862|16.0
1400701884|16.0
1400701907|16.062
1400701929|16.0
1400701952|16.0
1400701974|16.0
1400701997|15.937
1400702019|15.937
1400702041|15.937
1400702064|15.875
1400702086|15.875
1400702109|15.875
1400702131|15.875
1400702154|15.875
1400702176|15.812
1400702199|15.812
1400702221|15.75
1400702244|15.75
1400702266|15.75
1400702289|15.75
1400702311|15.687
1400702334|15.687
1400702356|15.75
1400702378|15.75
1400702401|15.75
1400702423|15.75
1400702446|15.75
1400702468|15.75
1400702491|15.75
1400702513|15.687
1400702537|15.687
1400702559|15.75
1400702581|15.687
1400702604|15.687
1400702626|15.625
1400702649|15.625
1400702671|15.562
1400702694|15.562
1400702716|15.562
1400702739|15.5
1400702761|15.562
1400702784|15.562
1400702806|15.5
1400702829|15.5
1400702851|15.5
1400702874|15.5
1400702896|15.437
1400702918|15.437
1400702941|15.437
1400702963|15.437
1400702986|15.375
1400703008|15.312
1400703031|15.312
1400703053|15.25
1400703076|15.187
1400703098|15.187
1400703121|15.125
1400703143|15.062
1400703166|15.0
1400703188|14.937
1400703211|14.937
1400703233|14.937
1400703256|14.875
1400703278|14.875
1400703301|14.812
1400703323|14.812
1400703345|14.812
1400703368|14.75
1400703390|14.75
1400703413|14.75
1400703435|14.75
1400703458|14.687
1400703480|14.687
1400703503|14.687
1400703525|14.625
1400703548|14.625
1400703570|14.625
1400703593|14.625
1400703615|14.562
1400703638|14.562
1400703660|14.562
1400703682|14.562
1400703705|14.5
1400703727|14.5
1400703750|14.437
1400703772|14.437
1400703795|14.437
1400703817|14.437
1400703840|14.437
1400703862|14.375
1400703885|14.375
1400703907|14.375
1400703930|14.437
1400703952|14.5
1400703975|14.5
1400703997|14.562
1400704020|14.562
1400704042|14.562
1400704065|14.5
1400704087|14.5
1400704109|14.5
1400704132|14.437
1400704154|14.437
1400704177|14.375
1400704199|14.312
1400704222|14.312
1400704244|14.312
1400704267|14.312
1400704289|14.312
1400704312|14.25
1400704334|14.25
1400704357|14.25
1400704379|14.25
1400704402|14.25
1400704424|14.25
1400704446|14.25
1400704469|14.25
1400704491|14.25
1400704514|14.25
1400704536|14.25
1400704559|14.312
1400704581|14.312
1400704604|14.375
1400704626|14.312
1400704649|14.312
1400704671|14.312
1400704694|14.25
1400704716|14.25
1400704739|14.25
1400704761|14.25
1400704783|14.187
1400704806|14.187
1400704828|14.25
1400704851|14.187
1400704873|14.25
1400704896|14.25
1400704918|14.25
1400704941|14.187
1400704963|14.187
1400704986|14.25
1400705008|14.25
1400705031|14.25
1400705053|14.25
1400705076|14.25
1400705098|14.25
1400705120|14.187
1400705143|14.187
1400705165|14.187
1400705188|14.187
1400705210|14.125
1400705233|14.125
1400705255|14.062
1400705278|14.062
1400705300|14.0
1400705323|14.0
1400705345|13.937
1400705368|14.0
1400705390|13.937
1400705413|13.937
1400705435|13.937
1400705457|13.937
1400705480|13.875
1400705502|13.937
1400705525|13.875
1400705547|13.875
1400705570|13.812
1400705592|13.812
1400705615|13.75
1400705637|13.687
1400705660|13.687
1400705682|13.687
1400705705|13.625
1400705727|13.625
1400705750|13.625
1400705772|13.625
1400705794|13.625
1400705817|13.562
1400705839|13.562
1400705862|13.562
1400705884|13.562
1400705907|13.5
1400705929|13.5
1400705952|13.437
1400705974|13.437
1400705997|13.437
1400706019|13.437
1400706042|13.375
1400706064|13.375
1400706087|13.375
1400706109|13.375
1400706132|13.25
1400706154|13.312
1400706176|13.25
1400706199|13.25
1400706221|13.25
1400706244|13.25
1400706266|13.25
1400706289|13.25
1400706311|13.25
1400706334|13.25
1400706356|13.187
1400706379|13.25
1400706401|13.25
1400706424|13.187
1400706446|13.187
1400706469|13.187
1400706491|13.187
1400706513|13.125
1400706536|13.125
1400706558|13.125
1400706581|13.125
1400706603|13.125
1400706626|13.062
1400706648|13.062
1400706671|13.062
1400706693|13.062
1400706716|13.062
1400706738|13.0
1400706761|13.062
1400706783|13.0
1400706806|13.062
1400706828|13.0
1400706850|13.0
1400706873|13.0
1400706895|13.0
1400706918|12.937
1400706940|13.0
1400706963|13.0
1400706985|13.0
1400707008|12.937
1400707030|12.937
1400707053|12.937
1400707075|12.875
1400707098|12.875
1400707120|12.875
1400707143|12.875
1400707165|12.875
1400707187|12.875
1400707210|12.812
1400707232|12.812
1400707255|12.812
1400707277|12.812
1400707300|12.812
1400707322|12.812
1400707345|12.812
1400707367|12.875
1400707390|12.875
1400707412|12.875
1400707435|12.875
1400707457|12.875
1400707480|12.875
1400707502|12.875
1400707525|12.812
1400707547|12.875
1400707570|12.875
1400707592|12.875
1400707614|12.875
1400707637|12.875
1400707659|12.875
1400707682|12.875
1400707704|12.875
1400707727|12.875
1400707749|12.875
1400707772|12.812
1400707794|12.812
1400707817|12.75
1400707839|12.75
1400707862|12.75
1400707884|12.812
1400707907|12.75
1400707929|12.75
1400707951|12.75
1400707974|12.75
1400707996|12.687
1400708019|12.687
1400708041|12.625
1400708064|12.625
1400708086|12.625
1400708109|12.625
1400708131|12.562
1400708154|12.562
1400708176|12.562
1400708199|12.562
1400708221|12.562
1400708244|12.5
1400708266|12.437
1400708288|12.5
1400708311|12.5
1400708333|12.5
1400708356|12.5
1400708378|12.5
1400708401|12.437
1400708423|12.437
1400708446|12.437
1400708468|12.437
1400708491|12.437
1400708513|12.437
1400708536|12.437
1400708558|12.375
1400708581|12.437
1400708603|12.437
1400708625|12.437
1400708648|12.5
1400708670|12.437
1400708693|12.437
1400708715|12.5
1400708738|12.5
1400708760|12.5
1400708783|12.5
1400708805|12.5
1400708828|12.5
1400708850|12.5
1400708873|12.5
1400708895|12.5
1400708918|12.5
1400708940|12.5
1400708962|12.437
1400708985|12.437
1400709007|12.437
1400709030|12.437
1400709052|12.437
1400709075|12.375
1400709097|12.375
1400709120|12.375
1400709142|12.437
1400709165|12.375
1400709187|12.375
1400709210|12.375
1400709232|12.375
1400709255|12.312
1400709277|12.312
1400709300|12.25
1400709322|12.25
1400709345|12.187
1400709367|12.25
1400709389|12.25
1400709412|12.187
1400709434|12.187
1400709457|12.187
1400709479|12.125
1400709502|12.125
1400709524|12.125
1400709547|12.125
1400709569|12.125
1400709592|12.125
1400709614|12.062
1400709637|12.062
1400709659|12.062
1400709682|12.062
1400709704|12.125
1400709726|12.125
1400709749|12.125
1400709771|12.125
1400709794|12.125
1400709816|12.125
1400709839|12.125
1400709861|12.062
1400709884|12.062
1400709906|12.062
1400709929|12.062
1400709951|12.0
1400709974|12.0
1400709996|11.937
1400710019|11.937
1400710041|11.937
1400710063|11.875
1400710086|11.875
1400710108|11.875
1400710131|11.875
1400710153|11.875
1400710176|11.875
1400710198|11.875
1400710221|11.875
1400710243|11.875
1400710266|11.875
1400710288|11.875
1400710311|11.812
1400710333|11.875
1400710356|11.875
1400710378|11.875
1400710400|11.875
1400710423|11.875
1400710445|11.875
1400710468|11.875
1400710490|11.812
1400710513|11.812
1400710535|11.875
1400710558|11.812
1400710580|11.812
1400710603|11.75
1400710625|11.812
1400710648|11.812
1400710670|11.812
1400710693|11.812
1400710715|11.812
1400710737|11.812
1400710760|11.875
1400710782|11.875
1400710805|11.875
1400710827|11.875
1400710850|11.937
1400710872|11.875
1400710895|11.875
1400710917|11.875
1400710940|11.875
1400710962|11.875
1400710985|11.875
1400711007|11.937
1400711030|11.875
1400711052|11.875
1400711074|11.875
1400711097|11.937
1400711119|11.937
1400711142|11.937
1400711164|12.0
1400711187|11.937
1400711209|11.937
1400711232|11.875
1400711254|11.875
1400711277|11.875
1400711299|11.875
1400711322|11.812
1400711344|11.812
1400711367|11.812
1400711389|11.812
1400711412|11.812
1400711434|11.75
1400711456|11.75
1400711479|11.75
1400711501|11.687
1400711524|11.687
1400711546|11.625
1400711569|11.687
1400711591|11.625
1400711614|11.625
1400711636|11.562
1400711659|11.562
1400711681|11.562
1400711704|11.562
1400711726|11.562
1400711749|11.562
1400711771|11.562
1400711793|11.5
1400711816|11.5
1400711838|11.5
1400711861|11.5
1400711883|11.5
1400711906|11.5
1400711928|11.5
1400711951|11.5
1400711973|11.5
1400711996|11.5
1400712018|11.562
1400712041|11.5
1400712063|11.5
1400712086|11.5
1400712108|11.5
1400712131|11.5
1400712153|11.437
1400712176|11.437
1400712198|11.437
1400712220|11.375
1400712243|11.375
1400712265|11.375
1400712288|11.375
1400712310|11.375
1400712333|11.375
1400712355|11.375
1400712378|11.437
1400712400|11.437
1400712423|11.375
1400712445|11.375
1400712468|11.375
1400712490|11.375
1400712513|11.375
1400712535|11.375
1400712557|11.375
1400712580|11.375
1400712602|11.312
1400712625|11.375
1400712647|11.375
1400712670|11.375
1400712692|11.375
1400712715|11.375
1400712737|11.375
1400712760|11.437
1400712782|11.375
1400712805|11.375
1400712827|11.375
1400712850|11.375
1400712872|11.375
1400712894|11.437
1400712917|11.437
1400712939|11.437
1400712962|11.375
1400712984|11.375
1400713007|11.375
1400713029|11.375
1400713052|11.375
1400713074|11.375
1400713097|11.375
1400713119|11.375
1400713142|11.375
1400713164|11.375
1400713187|11.375
1400713209|11.375
1400713231|11.375
1400713254|11.375
1400713276|11.437
1400713299|11.437
1400713321|11.437
1400713344|11.437
1400713366|11.437
1400713389|11.437
1400713411|11.437
1400713434|11.437
1400713456|11.437
1400713479|11.437
1400713501|11.437
1400713524|11.437
1400713546|11.437
1400713569|11.5
1400713591|11.5
1400713613|11.5
1400713636|11.5
1400713658|11.5
1400713681|11.5
1400713703|11.437
1400713726|11.5
1400713748|11.5
1400713771|11.5
1400713793|11.5
1400713816|11.5
1400713838|11.5
1400713861|11.5
1400713883|11.5
1400713906|11.5
1400713928|11.5
1400713951|11.437
1400713973|11.437
1400713995|11.437
1400714018|11.437
1400714040|11.437
1400714063|11.437
1400714085|11.375
1400714108|11.375
1400714130|11.375
1400714153|11.375
1400714175|11.375
1400714198|11.375
1400714220|11.312
1400714243|11.312
1400714265|11.312
1400714288|11.312
1400714310|11.312
1400714333|11.312
1400714355|11.25
1400714377|11.25
1400714400|11.25
1400714422|11.25
1400714445|11.25
1400714467|11.25
1400714490|11.25
1400714512|11.25
1400714535|11.25
1400714557|11.25
1400714580|11.25
1400714602|11.25
1400714625|11.25
1400714647|11.25
1400714670|11.25
1400714692|11.25
1400714714|11.25
1400714737|11.25
1400714759|11.25
1400714782|11.25
1400714804|11.25
1400714827|11.25
1400714849|11.25
1400714872|11.25
1400714894|11.187
1400714917|11.187
1400714939|11.187
1400714962|11.187
1400714984|11.187
1400715007|11.187
1400715029|11.187
1400715051|11.187
1400715074|11.187
1400715096|11.125
1400715119|11.125
1400715141|11.125
1400715164|11.125
1400715186|11.125
1400715209|11.125
1400715231|11.125
1400715254|11.062
1400715276|11.062
1400715299|11.062
1400715321|11.0
1400715344|11.0
1400715366|11.0
1400715388|11.0
1400715411|11.0
1400715433|10.937
1400715456|10.937
1400715478|10.937
1400715501|10.937
1400715523|10.937
1400715546|10.937
1400715568|10.937
1400715591|10.937
1400715613|10.937
1400715636|10.937
1400715658|10.937
1400715681|10.875
1400715703|10.875
1400715726|10.875
1400715748|10.875
1400715770|10.875
1400715793|10.812
1400715815|10.812
1400715838|10.812
1400715860|10.812
1400715883|10.812
1400715905|10.812
1400715928|10.812
1400715950|10.75
1400715973|10.75
1400715995|10.75
1400716018|10.75
1400716040|10.75
1400716063|10.75
1400716085|10.75
1400716108|10.75
1400716130|10.75
1400716152|10.75
1400716175|10.687
1400716197|10.687
1400716220|10.687
1400716242|10.687
1400716265|10.687
1400716287|10.687
1400716310|10.75
1400716332|10.687
1400716355|10.687
1400716377|10.687
1400716400|10.687
1400716422|10.687
1400716445|10.625
1400716467|10.625
1400716489|10.625
1400716512|10.625
1400716534|10.562
1400716557|10.625
1400716579|10.625
1400716602|10.625
1400716624|10.562
1400716647|10.562
1400716669|10.562
1400716692|10.562
1400716714|10.562
1400716737|10.562
1400716759|10.562
1400716782|10.625
1400716804|10.625
1400716826|10.625
1400716849|10.625
1400716871|10.625
1400716894|10.625
1400716916|10.625
1400716939|10.625
1400716961|10.687
1400716984|10.687
1400717006|10.687
1400717029|10.687
1400717051|10.687
1400717074|10.687
1400717096|10.687
1400717119|10.687
1400717141|10.687
1400717163|10.687
1400717186|10.687
1400717208|10.687
1400717231|10.687
1400717253|10.687
1400717276|10.687
1400717298|10.687
1400717321|10.625
1400717343|10.625
1400717366|10.625
1400717388|10.625
1400717411|10.625
1400717433|10.562
1400717456|10.562
1400717478|10.562
1400717500|10.562
1400717523|10.5
1400717545|10.5
1400717568|10.5
1400717590|10.5
1400717613|10.5
1400717635|10.5
1400717658|10.5
1400717680|10.5
1400717703|10.5
1400717725|10.5
1400717748|10.562
1400717770|10.562
1400717793|10.562
1400717815|10.562
1400717838|10.562
1400717860|10.562
1400717883|10.562
1400717905|10.562
1400717927|10.562
1400717950|10.562
1400717972|10.562
1400717995|10.562
1400718017|10.562
1400718040|10.562
1400718062|10.562
1400718085|10.562
1400718107|10.562
1400718130|10.562
1400718152|10.562
1400718175|10.562
1400718197|10.562
1400718220|10.625
1400718242|10.625
1400718264|10.625
1400718287|10.562
1400718309|10.562
1400718332|10.562
1400718354|10.562
1400718377|10.5
1400718399|10.5
1400718422|10.5
1400718444|10.437
1400718467|10.437
1400718489|10.437
1400718512|10.437
1400718534|10.437
1400718557|10.375
1400718579|10.375
1400718601|10.375
1400718624|10.437
1400718646|10.375
1400718669|10.375
1400718691|10.375
1400718714|10.437
1400718736|10.375
1400718759|10.375
1400718781|10.375
1400718804|10.375
1400718826|10.437
1400718849|10.437
1400718871|10.437
1400718894|10.5
1400718916|10.5
1400718938|10.437
1400718961|10.5
1400718983|10.5
1400719006|10.437
1400719028|10.437
1400719051|10.437
1400719073|10.375
1400719096|10.437
1400719118|10.437
1400719141|10.437
1400719163|10.437
1400719186|10.437
1400719208|10.437
1400719231|10.437
1400719253|10.437
1400719275|10.5
1400719298|10.437
1400719320|10.5
1400719343|10.5
1400719365|10.5
1400719388|10.562
1400719410|10.562
1400719433|10.562
1400719455|10.625
1400719478|10.625
1400719500|10.625
1400719523|10.562
1400719545|10.562
1400719568|10.562
1400719590|10.562
1400719612|10.562
1400719635|10.562
1400719657|10.562
1400719680|10.562
1400719702|10.562
1400719725|10.562
1400719747|10.562
1400719770|10.5
1400719792|10.5
1400719815|10.5
1400719837|10.5
1400719860|10.5
1400719882|10.5
1400719905|10.5
1400719927|10.5
1400719950|10.5
1400719972|10.5
1400719994|10.5
1400720017|10.5
1400720039|10.5
1400720062|10.562
1400720084|10.562
1400720107|10.562
1400720129|10.5
1400720152|10.5
1400720174|10.5
1400720197|10.437
1400720219|10.437
1400720242|10.437
1400720264|10.437
1400720287|10.375
1400720309|10.437
1400720331|10.437
1400720354|10.437
1400720376|10.437
1400720399|10.437
1400720421|10.375
1400720444|10.375
1400720466|10.375
1400720489|10.312
1400720511|10.312
1400720534|10.312
1400720556|10.25
1400720579|10.25
1400720601|10.25
1400720624|10.25
1400720646|10.25
1400720668|10.25
1400720691|10.187
1400720713|10.187
1400720736|10.187
1400720758|10.187
1400720781|10.187
1400720803|10.187
1400720826|10.125
1400720848|10.125
1400720871|10.125
1400720893|10.187
1400720916|10.125
1400720938|10.187
1400720961|10.187
1400720983|10.187
1400721005|10.125
1400721028|10.125
1400721050|10.125
1400721073|10.187
1400721095|10.187
1400721118|10.187
1400721140|10.187
1400721163|10.187
1400721185|10.187
1400721208|10.187
1400721230|10.187
1400721253|10.125
1400721275|10.125
1400721298|10.125
1400721320|10.125
1400721343|10.125
1400721365|10.125
1400721388|10.125
1400721410|10.125
1400721432|10.187
1400721455|10.187
1400721477|10.187
1400721500|10.125
1400721522|10.187
1400721545|10.187
1400721567|10.125
1400721590|10.125
1400721612|10.125
1400721635|10.125
1400721657|10.125
1400721680|10.125
1400721702|10.125
1400721725|10.125
1400721747|10.125
1400721769|10.187
1400721792|10.187
1400721814|10.187
1400721837|10.125
1400721859|10.125
1400721882|10.125
1400721904|10.125
1400721927|10.125
1400721949|10.125
1400721972|10.125
1400721994|10.062
1400722017|10.062
1400722039|10.062
1400722062|10.062
1400722084|10.0
1400722106|10.0
1400722129|10.0
1400722151|10.0
1400722174|10.0
1400722196|10.0
1400722219|10.0
1400722241|10.0
1400722264|10.0
1400722286|10.0
1400722309|10.0
1400722331|10.0
1400722354|10.0
1400722376|10.0
1400722399|10.0
1400722421|10.0
1400722443|10.0
1400722466|10.0
1400722489|10.0
1400722511|10.062
1400722533|10.062
1400722556|10.062
1400722578|10.125
1400722601|10.125
1400722623|10.125
1400722646|10.125
1400722669|10.062
1400722691|10.125
1400722714|10.125
1400722736|10.125
1400722758|10.125
1400722781|10.125
1400722803|10.125
1400722826|10.125
1400722848|10.125
1400722871|10.125
1400722893|10.125
1400722916|10.125
1400722938|10.125
1400722961|10.125
1400722983|10.125
1400723006|10.125
1400723028|10.125
1400723051|10.125
1400723073|10.187
1400723095|10.187
1400723118|10.125
1400723140|10.125
1400723163|10.125
1400723185|10.125
1400723208|10.062
1400723230|10.062
1400723253|10.125
1400723275|10.125
1400723298|10.062
1400723320|10.062
1400723343|10.062
1400723365|10.062
1400723388|10.0
1400723410|10.062
1400723433|10.062
1400723455|10.062
1400723478|10.062
1400723500|10.062
1400723522|10.062
1400723545|10.062
1400723567|10.062
1400723590|10.062
1400723612|10.0
1400723635|10.0
1400723657|10.0
1400723680|10.0
1400723702|10.0
1400723725|10.062
1400723747|10.062
1400723770|10.062
1400723792|10.062
1400723815|10.062
1400723837|10.062
1400723859|10.062
1400723882|10.0
1400723904|10.0
1400723927|10.0
1400723949|10.0
1400723972|10.0
1400723994|9.937
1400724017|9.937
1400724039|10.0
1400724062|10.0
1400724084|10.0
1400724107|10.0
1400724129|9.937
1400724152|9.937
1400724174|9.937
1400724196|9.875
1400724219|9.937
1400724241|9.937
1400724264|9.937
1400724286|9.875
1400724309|9.937
1400724331|9.937
1400724354|9.875
1400724376|9.937
1400724399|9.875
1400724421|9.875
1400724444|9.875
1400724466|9.875
1400724489|9.875
1400724511|9.875
1400724533|9.875
1400724556|9.875
1400724578|9.812
1400724601|9.812
1400724623|9.812
1400724646|9.875
1400724668|9.812
1400724691|9.812
1400724713|9.812
1400724736|9.812
1400724758|9.875
1400724781|9.812
1400724803|9.812
1400724826|9.812
1400724848|9.812
1400724871|9.812
1400724893|9.812
1400724915|9.812
1400724938|9.812
1400724960|9.812
1400724983|9.812
1400725005|9.812
1400725028|9.812
1400725050|9.812
1400725073|9.812
1400725095|9.812
1400725118|9.75
1400725140|9.812
1400725163|9.812
1400725185|9.812
1400725208|9.75
1400725230|9.75
1400725252|9.75
1400725275|9.812
1400725297|9.75
1400725320|9.75
1400725342|9.75
1400725365|9.75
1400725387|9.75
1400725410|9.75
1400725432|9.75
1400725455|9.75
1400725477|9.75
1400725500|9.687
1400725522|9.687
1400725545|9.75
1400725567|9.687
1400725590|9.75
1400725612|9.75
1400725634|9.75
1400725657|9.75
1400725679|9.75
1400725702|9.75
1400725724|9.75
1400725747|9.75
1400725769|9.75
1400725792|9.687
1400725814|9.75
1400725837|9.687
1400725859|9.687
1400725882|9.687
1400725904|9.687
1400725927|9.687
1400725949|9.687
1400725972|9.687
1400725994|9.687
1400726016|9.687
1400726039|9.687
1400726061|9.687
1400726084|9.687
1400726106|9.687
1400726129|9.687
1400726151|9.687
1400726174|9.687
1400726196|9.687
1400726219|9.687
1400726241|9.687
1400726264|9.687
1400726286|9.75
1400726309|9.687
1400726331|9.687
1400726353|9.687
1400726376|9.687
1400726398|9.687
1400726421|9.687
1400726443|9.687
1400726466|9.687
1400726488|9.75
1400726511|9.75
1400726533|9.75
1400726556|9.75
1400726578|9.812
1400726601|9.75
1400726623|9.812
1400726646|9.812
1400726668|9.812
1400726690|9.812
1400726713|9.812
1400726735|9.812
1400726758|9.812
1400726780|9.812
1400726803|9.812
1400726825|9.875
1400726848|9.875
1400726870|9.875
1400726893|9.875
1400726915|9.875
1400726938|9.875
1400726960|9.875
1400726983|9.875
1400727005|9.875
1400727028|9.875
1400727050|9.937
1400727073|9.875
1400727095|9.875
1400727117|9.875
1400727140|9.875
1400727162|9.875
1400727185|9.812
1400727207|9.812
1400727230|9.812
1400727252|9.875
1400727275|9.937
1400727297|9.875
1400727320|9.937
1400727342|9.937
1400727365|9.875
1400727387|9.937
1400727410|9.937
1400727432|9.937
1400727454|9.937
1400727477|9.937
1400727499|9.875
1400727522|9.937
1400727544|9.937
1400727567|9.937
1400727589|9.875
1400727612|9.937
1400727634|9.875
1400727657|9.875
1400727679|9.875
1400727702|9.875
1400727724|9.875
1400727747|9.875
1400727769|9.875
1400727791|9.875
1400727814|9.875
1400727836|9.812
1400727859|9.812
1400727881|9.812
1400727904|9.812
1400727926|9.812
1400727949|9.812
1400727971|9.812
1400727994|9.812
1400728016|9.812
1400728039|9.812
1400728061|9.875
1400728084|9.875
1400728106|9.875
1400728128|9.875
1400728151|9.875
1400728173|9.875
1400728196|9.875
1400728218|9.875
1400728241|9.875
1400728263|9.875
1400728286|9.875
1400728308|9.937
1400728331|9.875
1400728353|9.875
1400728376|9.875
1400728398|9.937
1400728421|9.937
1400728443|9.937
1400728465|9.937
1400728488|9.937
1400728510|9.937
1400728533|9.937
1400728555|9.937
1400728578|10.0
1400728600|10.0
1400728623|10.0
1400728645|10.0
1400728668|9.937
1400728690|9.937
1400728713|9.937
1400728735|9.937
1400728758|9.937
1400728780|9.937
1400728802|9.937
1400728825|9.937
1400728847|9.937
1400728870|10.0
1400728892|10.0
1400728915|10.0
1400728937|10.0
1400728960|10.062
1400728982|10.062
1400729005|10.062
1400729027|10.0
1400729050|10.062
1400729072|10.062
1400729095|10.125
1400729117|10.125
1400729140|10.125
1400729162|10.125
1400729184|10.125
1400729207|10.125
1400729229|10.125
1400729252|10.125
1400729274|10.125
1400729297|10.125
1400729319|10.125
1400729342|10.125
1400729364|10.125
1400729387|10.125
1400729409|10.125
1400729432|10.187
1400729454|10.187
1400729477|10.187
1400729499|10.187
1400729521|10.25
1400729544|10.25
1400729566|10.312
1400729589|10.312
1400729611|10.312
1400729634|10.25
1400729656|10.312
1400729679|10.25
1400729701|10.312
1400729724|10.312
1400729746|10.312
1400729769|10.312
1400729791|10.375
1400729814|10.375
1400729836|10.375
1400729858|10.375
1400729881|10.312
1400729903|10.312
1400729926|10.312
1400729948|10.312
1400729971|10.312
1400729993|10.312
1400730016|10.312
1400730038|10.312
1400730061|10.312
1400730083|10.312
1400730106|10.312
1400730128|10.312
1400730151|10.312
1400730173|10.312
1400730195|10.312
1400730218|10.312
1400730240|10.312
1400730263|10.25
1400730285|10.312
1400730308|10.312
1400730330|10.312
1400730353|10.312
1400730375|10.312
1400730398|10.312
1400730420|10.312
1400730443|10.375
1400730465|10.375
1400730488|10.375
1400730510|10.375
1400730532|10.375
1400730555|10.437
1400730577|10.437
1400730600|10.437
1400730622|10.437
1400730645|10.437
1400730667|10.437
1400730690|10.437
1400730712|10.437
1400730735|10.5
1400730757|10.437
1400730780|10.5
1400730802|10.437
1400730825|10.437
1400730847|10.5
1400730870|10.5
1400730892|10.5
1400730914|10.562
1400730937|10.562
1400730959|10.562
1400730982|10.562
1400731004|10.562
1400731027|10.562
1400731049|10.562
1400731072|10.625
1400731094|10.625
1400731117|10.625
1400731139|10.687
1400731162|10.687
1400731184|10.687
1400731207|10.75
1400731229|10.75
1400731252|10.75
1400731274|10.75
1400731296|10.812
1400731319|10.812
1400731341|10.812
1400731364|10.812
1400731386|10.875
1400731409|10.875
1400731431|10.937
1400731454|10.937
1400731476|10.937
1400731499|10.937
1400731521|10.937
1400731544|11.0
1400731566|11.062
1400731589|11.062
1400731611|11.125
1400731633|11.125
1400731656|11.187
1400731678|11.187
1400731701|11.25
1400731723|11.25
1400731746|11.312
1400731768|11.25
1400731791|11.25
1400731813|11.25
1400731836|11.312
1400731858|11.312
1400731881|11.375
1400731903|11.375
1400731926|11.375
1400731948|11.375
1400731970|11.437
1400731993|11.437
1400732015|11.5
1400732038|11.5
1400732060|11.562
1400732083|11.562
1400732105|11.625
1400732128|11.625
1400732150|11.625
1400732173|11.687
1400732195|11.687
1400732218|11.687
1400732240|11.687
1400732263|11.75
1400732285|11.75
1400732308|11.75
1400732330|11.812
1400732353|11.812
1400732375|11.812
1400732397|11.812
1400732420|11.812
1400732442|11.812
1400732465|11.875
1400732487|11.937
1400732510|11.937
1400732532|11.937
1400732555|11.937
1400732577|12.0
1400732600|12.0
1400732622|12.062
1400732645|12.062
1400732667|12.062
1400732690|12.125
1400732712|12.125
1400732735|12.187
1400732757|12.187
1400732779|12.25
1400732802|12.25
1400732824|12.25
1400732847|12.25
1400732869|12.25
1400732892|12.25
1400732914|12.25
1400732937|12.25
1400732959|12.25
1400732982|12.312
1400733004|12.375
1400733027|12.312
1400733049|12.312
1400733072|12.375
1400733094|12.375
1400733116|12.375
1400733139|12.375
1400733161|12.437
1400733184|12.437
1400733206|12.5
1400733229|12.5
1400733251|12.562
1400733274|12.562
1400733296|12.625
1400733319|12.687
1400733341|12.687
1400733364|12.75
1400733386|12.812
1400733409|12.812
1400733431|12.875
1400733453|12.937
1400733476|13.0
1400733498|13.062
1400733521|13.062
1400733543|13.062
1400733566|13.125
1400733588|13.062
1400733611|13.125
1400733633|13.125
1400733656|13.187
1400733678|13.25
1400733701|13.25
1400733723|13.312
1400733746|13.312
1400733768|13.375
1400733791|13.437
1400733813|13.437
1400733835|13.5
1400733858|13.5
1400733880|13.5
1400733903|13.562
1400733925|13.562
1400733948|13.625
1400733970|13.625
1400733993|13.687
1400734015|13.687
1400734038|13.687
1400734060|13.75
1400734083|13.75
1400734105|13.75
1400734128|13.812
1400734150|13.812
1400734173|13.875
1400734195|13.875
1400734217|13.937
1400734240|13.937
1400734262|14.0
1400734285|14.0
1400734307|14.062
1400734330|14.062
1400734352|14.062
1400734375|14.125
1400734397|14.187
1400734420|14.25
1400734442|14.25
1400734465|14.312
1400734487|14.375
1400734510|14.375
1400734532|14.437
1400734554|14.437
1400734577|14.5
1400734599|14.5
1400734622|14.5
1400734644|14.5
1400734667|14.562
1400734689|14.625
1400734712|14.625
1400734734|14.687
1400734757|14.687
1400734779|14.75
1400734802|14.75
1400734824|14.812
1400734847|14.812
1400734869|14.812
1400734891|14.812
1400734914|14.875
1400734936|14.937
1400734959|14.937
1400734981|15.0
1400735004|15.062
1400735026|15.062
1400735049|15.125
1400735071|15.125
1400735094|15.125
1400735116|15.187
1400735139|15.187
1400735161|15.187
1400735184|15.187
1400735206|15.187
1400735228|15.187
1400735251|15.25
1400735273|15.25
1400735296|15.312
1400735318|15.312
1400735341|15.375
1400735363|15.375
1400735386|15.375
1400735408|15.437
1400735431|15.437
1400735453|15.437
1400735476|15.5
1400735498|15.5
1400735521|15.5
1400735543|15.5
1400735566|15.562
1400735588|15.562
1400735611|15.562
1400735633|15.562
1400735655|15.625
1400735678|15.625
1400735700|15.687
1400735723|15.625
1400735745|15.687
1400735768|15.687
1400735790|15.687
1400735813|15.687
1400735835|15.812
1400735858|15.812
1400735881|15.812
1400735903|15.812
1400735926|15.875
1400735948|15.875
1400735971|15.875
1400735993|15.937
1400736016|15.875
1400736038|15.875
1400736061|15.937
1400736083|15.937
1400736106|15.937
1400736128|15.937
1400736151|16.0
1400736173|16.0
1400736195|16.0
1400736218|16.0
1400736240|16.0
1400736263|16.062
1400736285|16.062
1400736308|16.125
1400736330|16.125
1400736353|16.187
1400736375|16.187
1400736398|16.187
1400736420|16.25
1400736443|16.25
1400736465|16.25
1400736488|16.312
1400736510|16.375
1400736532|16.375
1400736555|16.375
1400736577|16.437
1400736600|16.5
1400736622|16.5
1400736645|16.5
1400736667|16.5
1400736690|16.562
1400736712|16.562
1400736735|16.625
1400736757|16.625
1400736780|16.625
1400736802|16.625
1400736825|16.625
1400736847|16.625
1400736869|16.687
1400736892|16.687
1400736914|16.75
1400736937|16.75
1400736959|16.75
1400736982|16.75
1400737004|16.812
1400737027|16.875
1400737049|16.875
1400737072|16.812
1400737094|16.875
1400737117|16.937
1400737139|16.937
1400737162|17.0
1400737184|17.062
1400737207|17.062
1400737229|17.125
1400737251|17.125
1400737274|17.187
1400737296|17.25
1400737319|17.25
1400737341|17.25
1400737364|17.25
1400737386|17.312
1400737409|17.312
1400737431|17.375
1400737454|17.375
1400737476|17.437
1400737499|17.437
1400737521|17.5
1400737544|17.5
1400737566|17.5
1400737588|17.5
1400737611|17.625
1400737633|17.625
1400737656|17.625
1400737678|17.625
1400737701|17.687
1400737723|17.687
1400737746|17.687
1400737768|17.687
1400737791|17.75
1400737813|17.75
1400737836|17.812
1400737858|17.812
1400737881|17.812
1400737903|17.812
1400737925|17.812
1400737948|17.812
1400737970|17.875
1400737993|17.875
1400738015|17.875
1400738038|17.875
1400738060|17.937
1400738083|17.937
1400738105|17.937
1400738128|18.0
1400738150|18.0
1400738173|18.0
1400738195|18.062
1400738218|18.062
1400738240|18.062
1400738263|18.125
1400738285|18.187
1400738307|18.187
1400738330|18.187
1400738352|18.187
1400738375|18.187
1400738397|18.25
1400738420|18.25
1400738442|18.25
1400738465|18.312
1400738487|18.375
1400738510|18.375
1400738532|18.375
1400738555|18.437
1400738577|18.5
1400738600|18.437
1400738622|18.5
1400738645|18.5
1400738667|18.5
1400738689|18.562
1400738712|18.562
1400738734|18.562
1400738757|18.625
1400738779|18.625
1400738802|18.687
1400738824|18.687
1400738847|18.75
1400738869|18.812
1400738892|18.812
1400738914|18.812
1400738937|18.812
1400738959|18.875
1400738982|18.875
1400739004|18.937
1400739026|18.937
1400739049|18.937
1400739071|19.0
1400739094|19.0
1400739116|19.0
1400739139|19.062
1400739161|19.062
1400739184|19.062
1400739206|19.125
1400739229|19.062
1400739251|19.062
1400739274|19.062
1400739296|19.125
1400739319|19.062
1400739341|19.125
1400739363|19.125
1400739386|19.125
1400739408|19.187
1400739431|19.187
1400739453|19.187
1400739476|19.312
1400739498|19.312
1400739521|19.312
1400739543|19.312
1400739566|19.312
1400739588|19.375
1400739611|19.375
1400739633|19.437
1400739656|19.437
1400739678|19.5
1400739701|19.5
1400739723|19.562
1400739746|19.562
1400739768|19.562
1400739790|19.5
1400739813|19.437
1400739835|19.437
1400739858|19.5
1400739880|19.562
1400739903|19.562
1400739925|19.625
1400739948|19.625
1400739970|19.687
1400739993|19.687
1400740015|19.75
1400740038|19.75
1400740060|19.75
1400740083|19.75
1400740105|19.812
1400740127|19.812
1400740150|19.875
1400740172|19.875
1400740195|19.937
1400740217|19.937
1400740240|19.937
1400740262|20.0
1400740285|20.0
1400740307|20.0
1400740330|20.062
1400740352|20.062
1400740375|20.062
1400740397|20.062
1400740420|20.125
1400740442|20.187
1400740464|20.187
1400740487|20.187
1400740509|20.25
1400740532|20.25
1400740554|20.25
1400740577|20.312
1400740599|20.312
1400740622|20.312
1400740644|20.312
1400740667|20.312
1400740689|20.375
1400740712|20.375
1400740734|20.437
1400740757|20.375
1400740779|20.5
1400740801|20.5
1400740824|20.5
1400740846|20.5
1400740869|20.562
1400740891|20.562
1400740914|20.625
1400740936|20.625
1400740959|20.687
1400740981|20.687
1400741004|20.75
1400741026|20.75
1400741049|20.812
1400741071|20.812
1400741094|20.812
1400741116|20.812
1400741139|20.812
1400741161|20.75
1400741183|20.75
1400741206|20.75
1400741228|20.812
1400741251|20.875
1400741273|20.875
1400741296|20.875
1400741318|20.875
1400741341|20.875
1400741363|20.937
1400741386|20.937
1400741408|21.0
1400741431|21.0
1400741453|21.0
1400741476|21.062
1400741498|21.062
1400741520|21.062
1400741543|21.125
1400741565|21.125
1400741588|21.125
1400741610|21.125
1400741633|21.125
1400741655|21.125
1400741678|21.187
1400741700|21.187
1400741723|21.187
1400741745|21.125
1400741768|21.187
1400741790|21.25
1400741813|21.25
1400741835|21.25
1400741857|21.312
1400741880|21.312
1400741902|21.437
1400741925|21.5
1400741947|21.5
1400741970|21.562
1400741992|21.562
1400742015|21.625
1400742037|21.687
1400742060|21.687
1400742082|21.687
1400742105|21.687
1400742127|21.75
1400742150|21.75
1400742172|21.75
1400742194|21.687
1400742217|21.75
1400742239|21.687
1400742262|21.687
1400742284|21.75
1400742307|21.812
1400742329|21.812
1400742352|21.875
1400742374|21.937
1400742397|21.937
1400742419|22.0
1400742442|22.0
1400742464|21.937
1400742487|22.0
1400742509|22.0
1400742532|22.062
1400742554|22.062
1400742577|22.062
1400742599|22.062
1400742621|22.062
1400742644|22.125
1400742666|22.125
1400742689|22.125
1400742711|22.25
1400742734|22.25
1400742756|22.312
1400742779|22.375
1400742801|22.437
1400742824|22.375
1400742846|22.437
1400742869|22.437
1400742891|22.375
1400742914|22.375
1400742936|22.437
1400742958|22.5
1400742981|22.562
1400743003|22.562
1400743026|22.5
1400743048|22.5
1400743071|22.562
1400743093|22.562
1400743116|22.625
1400743138|22.562
1400743161|22.5
1400743183|22.5
1400743206|22.562
1400743228|22.625
1400743251|22.687
1400743273|22.75
1400743296|22.75
1400743318|22.75
1400743341|22.687
1400743363|22.625
1400743385|22.687
1400743408|22.625
1400743430|22.5
1400743453|22.5
1400743475|22.5
1400743498|22.562
1400743520|22.562
1400743543|22.625
1400743565|22.687
1400743588|22.75
1400743610|22.812
1400743633|22.812
1400743655|22.875
1400743678|22.875
1400743700|22.875
1400743723|22.937
1400743745|22.875
1400743767|22.687
1400743790|22.687
1400743812|22.687
1400743835|22.812
1400743857|22.812
1400743880|22.875
1400743902|22.937
1400743925|22.937
1400743947|23.0
1400743970|23.0
1400743992|23.062
1400744015|23.062
1400744037|23.0
1400744060|22.937
1400744082|22.937
1400744104|22.937
1400744127|22.875
1400744149|22.875
1400744172|22.875
1400744194|23.0
1400744217|23.0
1400744239|23.062
1400744262|23.062
1400744284|23.125
1400744307|23.125
1400744329|23.187
1400744352|23.125
1400744374|23.125
1400744397|23.062
1400744419|23.125
1400744441|23.125
1400744464|23.125
1400744486|23.25
1400744509|23.25
1400744531|23.187
1400744554|23.25
1400744576|23.25
1400744599|23.25
1400744621|23.187
1400744644|23.25
1400744666|23.25
1400744689|23.125
1400744711|23.062
1400744734|23.0
1400744756|23.0
1400744778|23.0
1400744801|23.062
1400744823|23.0
1400744846|23.062
1400744868|23.062
1400744891|23.187
1400744913|23.187
1400744936|23.187
1400744958|23.125
1400744981|23.187
1400745003|23.25
1400745026|23.187
1400745048|23.125
1400745071|23.125
1400745093|23.125
1400745116|23.25
1400745138|23.187
1400745161|23.062
1400745183|23.062
1400745205|23.187
1400745228|23.25
1400745250|23.25
1400745273|23.312
1400745295|23.312
1400745318|23.312
1400745340|23.312
1400745363|23.375
1400745385|23.437
1400745408|23.437
1400745430|23.437
1400745453|23.437
1400745475|23.437
1400745498|23.5
1400745520|23.5
1400745542|23.5
1400745565|23.5
1400745587|23.437
1400745610|23.437
1400745632|23.5
1400745655|23.5
1400745677|23.562
1400745700|23.562
1400745722|23.687
1400745745|23.687
1400745767|23.75
1400745790|23.75
1400745812|23.75
1400745835|23.75
1400745857|23.812
1400745879|23.812
1400745902|23.812
1400745924|23.75
1400745947|23.75
1400745969|23.875
1400745992|23.937
1400746014|24.0
1400746037|24.125
1400746059|24.187
1400746082|24.25
1400746104|24.312
1400746127|24.375
1400746149|24.375
1400746172|24.312
1400746194|24.375
1400746216|24.437
1400746239|24.5
1400746261|24.562
1400746284|24.625
1400746306|24.562
1400746329|24.562
1400746351|24.562
1400746374|24.687
1400746396|24.687
1400746419|24.75
1400746441|24.812
1400746464|24.812
1400746486|24.812
1400746509|24.75
1400746531|24.437
1400746554|24.437
1400746576|24.437
1400746599|24.375
1400746621|24.25
1400746643|24.375
1400746666|24.5
1400746688|24.562
1400746711|24.687
1400746733|24.75
1400746756|24.812
1400746778|24.875
1400746801|25.0
1400746823|25.062
1400746846|25.062
1400746868|25.125
1400746891|25.25
1400746913|25.25
1400746936|25.25
1400746958|25.062
1400746980|25.062
1400747003|25.062
1400747025|25.0
1400747048|24.937
1400747070|24.937
1400747093|24.937
1400747115|24.937
1400747138|24.875
1400747160|24.937
1400747183|24.937
1400747205|25.062
1400747228|25.125
1400747250|25.187
1400747273|25.25
1400747295|25.312
1400747317|25.375
1400747340|25.5
1400747362|25.562
1400747385|25.562
1400747407|25.562
1400747430|25.562
1400747452|25.562
1400747475|25.562
1400747497|25.5
1400747520|25.625
1400747542|25.687
1400747565|25.75
1400747587|25.812
1400747610|25.875
1400747632|25.812
1400747654|25.937
1400747677|25.937
1400747699|26.062
1400747722|26.062
1400747744|26.125
1400747767|26.125
1400747789|26.0
1400747812|26.062
1400747834|26.062
1400747857|26.125
1400747879|26.187
1400747902|26.25
1400747924|26.312
1400747947|26.25
1400747969|26.25
1400747992|26.25
1400748014|26.25
1400748036|26.187
1400748059|26.062
1400748081|26.062
1400748104|26.125
1400748126|26.125
1400748149|26.187
1400748171|26.312
1400748194|26.375
1400748216|26.375
1400748239|26.5
1400748261|26.562
1400748284|26.437
1400748306|26.375
1400748329|26.312
1400748351|26.437
1400748373|26.312
1400748396|26.375
1400748418|26.312
1400748441|26.312
1400748463|26.375
1400748486|26.375
1400748508|26.375
1400748531|26.187
1400748553|26.187
1400748576|26.125
1400748598|26.0
1400748621|26.125
1400748643|26.125
1400748666|26.187
1400748688|26.187
1400748710|26.125
1400748733|26.187
1400748755|26.312
1400748778|26.375
1400748800|26.375
1400748823|26.5
1400748845|26.312
1400748868|26.375
1400748890|26.375
1400748913|26.437
1400748935|26.5
1400748958|26.562
1400748980|26.625
1400749003|26.625
1400749025|26.687
1400749047|26.75
1400749070|26.625
1400749092|26.437
1400749115|26.312
1400749137|26.25
1400749160|26.25
1400749182|26.0
1400749205|26.0
1400749227|26.125
1400749250|26.125
1400749272|26.5
1400749295|26.562
1400749317|26.687
1400749340|26.75
1400749362|26.875
1400749384|26.937
1400749407|26.75
1400749430|26.875
1400749452|26.937
1400749474|27.0
1400749497|27.0
1400749519|26.937
1400749542|26.937
1400749564|27.0
1400749587|26.875
1400749609|26.937
1400749632|27.0
1400749654|26.875
1400749677|26.75
1400749699|26.687
1400749722|26.687
1400749744|26.625
1400749767|26.625
1400749789|26.625
1400749811|26.562
1400749834|26.437
1400749856|26.5
1400749879|26.437
1400749901|26.5
1400749924|26.5
1400749946|26.437
1400749969|26.562
1400749991|26.625
1400750014|26.687
1400750036|26.687
1400750059|26.75
1400750081|26.812
1400750104|26.875
1400750126|26.875
1400750148|26.75
1400750171|26.625
1400750193|26.562
1400750216|26.625
1400750238|26.562
1400750261|26.687
1400750283|26.75
1400750306|26.75
1400750328|26.812
1400750351|26.875
1400750373|26.875
1400750396|26.562
1400750418|26.312
1400750441|26.25
1400750463|26.187
1400750486|26.25
1400750508|26.375
1400750531|26.437
1400750553|26.437
1400750575|26.437
1400750598|26.437
1400750620|26.437
1400750643|26.312
1400750665|26.375
1400750688|26.437
1400750710|26.562
1400750733|26.5
1400750755|26.5
1400750778|26.437
1400750800|26.5
1400750823|26.437
1400750845|26.437
1400750868|26.5
1400750890|26.687
1400750912|26.875
1400750935|26.812
1400750957|26.937
1400750980|27.062
1400751002|27.25
1400751025|27.25
1400751047|27.312
1400751070|27.312
1400751092|27.312
1400751115|27.375
1400751137|27.437
1400751160|27.437
1400751182|27.437
1400751205|27.562
1400751227|27.562
1400751249|27.625
1400751272|27.687
1400751294|27.562
1400751317|27.5
1400751339|27.625
1400751362|27.625
1400751384|27.75
1400751407|27.812
1400751429|27.875
1400751452|27.875
1400751474|27.937
1400751497|28.0
1400751519|28.0
1400751542|28.062
1400751564|27.937
1400751587|27.937
1400751609|28.0
1400751631|28.0
1400751654|28.0
1400751676|28.0
1400751699|28.125
1400751721|28.062
1400751744|28.125
1400751766|28.062
1400751789|27.937
1400751811|27.875
1400751834|27.937
1400751856|28.062
1400751879|28.125
1400751901|28.125
1400751924|28.187
1400751946|28.312
1400751968|28.25
1400751991|28.375
1400752013|28.312
1400752036|28.187
1400752058|28.312
1400752081|28.25
1400752103|28.25
1400752126|28.312
1400752148|28.562
1400752171|28.687
1400752193|28.687
1400752216|28.687
1400752238|28.625
1400752261|28.562
1400752283|28.625
1400752305|28.687
1400752328|28.625
1400752350|28.5
1400752373|28.562
1400752395|28.5
1400752418|28.625
1400752440|28.625
1400752463|28.562
1400752485|28.562
1400752508|28.687
1400752530|28.812
1400752553|28.687
1400752575|28.812
1400752598|28.875
1400752620|28.875
1400752642|28.75
1400752665|28.687
1400752687|28.812
1400752710|28.75
1400752732|28.687
1400752755|28.687
1400752777|28.562
1400752800|28.687
1400752822|28.875
1400752845|29.0
1400752867|29.187
1400752890|29.25
1400752912|29.375
1400752935|29.437
1400752957|29.437
1400752979|29.312
1400753002|29.375
1400753024|29.562
1400753047|29.375
1400753069|29.312
1400753092|29.25
1400753114|29.187
1400753137|29.312
1400753159|29.312
1400753182|29.25
1400753204|29.375
1400753227|29.437
1400753249|29.5
1400753272|29.625
1400753294|29.375
1400753317|29.375
1400753339|29.125
1400753362|29.187
1400753384|29.187
1400753406|29.0
1400753429|29.062
1400753451|29.062
1400753474|29.062
1400753496|28.937
1400753519|28.937
1400753541|28.625
1400753564|28.812
1400753586|28.875
1400753609|29.062
1400753631|29.312
1400753654|29.5
1400753676|29.437
1400753699|29.5
1400753721|29.5
1400753743|29.625
1400753766|29.812
1400753788|29.875
1400753811|29.875
1400753833|29.625
1400753856|29.437
1400753878|29.5
1400753901|29.125
1400753923|29.0
1400753946|29.062
1400753968|29.25
1400753991|29.25
1400754013|29.437
1400754036|29.5
1400754058|29.625
1400754080|29.875
1400754103|30.0
1400754125|30.125
1400754148|30.062
1400754170|30.125
1400754193|30.312
1400754215|30.375
1400754238|30.187
1400754260|30.0
1400754283|30.0
1400754305|30.062
1400754328|30.25
1400754350|30.25
1400754373|30.25
1400754395|30.25
1400754417|30.375
1400754440|30.375
1400754462|30.062
1400754485|30.25
1400754507|30.187
1400754530|30.25
1400754552|30.5
1400754575|30.375
1400754597|30.437
1400754620|30.5
1400754642|30.562
1400754665|30.625
1400754687|30.875
1400754710|30.687
1400754732|30.5
1400754755|30.437
1400754777|30.5
1400754800|30.312
1400754822|30.375
1400754844|30.5
1400754867|30.625
1400754889|30.5
1400754912|30.625
1400754934|30.5
1400754957|30.625
1400754979|30.562
1400755002|30.75
1400755024|30.75
1400755047|30.812
1400755069|30.812
1400755092|30.75
1400755114|30.625
1400755137|30.437
1400755159|30.312
1400755181|30.5
1400755204|30.5
1400755226|30.625
1400755249|30.687
1400755271|30.687
1400755294|30.75
1400755316|30.937
1400755339|31.062
1400755361|31.062
1400755384|31.187
1400755406|30.75
1400755429|30.562
1400755451|30.5
1400755474|30.625
1400755496|30.687
1400755518|30.75
1400755541|30.625
1400755563|30.75
1400755586|30.687
1400755608|30.625
1400755631|30.625
1400755653|30.687
1400755676|30.75
1400755698|30.875
1400755721|30.875
1400755743|30.937
1400755766|30.937
1400755788|30.75
1400755811|30.812
1400755833|30.875
1400755855|31.0
1400755878|31.125
1400755900|31.187
1400755923|31.312
1400755945|31.375
1400755968|31.187
1400755990|31.062
1400756013|31.187
1400756035|31.25
1400756058|31.25
1400756080|31.375
1400756103|31.375
1400756125|31.125
1400756148|31.187
1400756170|31.125
1400756193|31.125
1400756215|30.937
1400756237|31.187
1400756260|31.125
1400756282|31.437
1400756305|31.625
1400756327|31.562
1400756350|31.5
1400756372|31.562
1400756395|31.562
1400756417|31.687
1400756440|31.687
1400756462|31.562
1400756485|31.625
1400756507|31.5
1400756530|31.437
1400756552|31.375
1400756574|31.562
1400756597|31.687
1400756619|31.562
1400756642|31.437
1400756664|31.25
1400756687|31.375
1400756709|31.687
1400756732|31.75
1400756754|31.75
1400756777|31.75
1400756799|31.687
1400756822|31.562
1400756844|31.687
1400756867|31.562
1400756889|31.625
1400756911|31.75
1400756934|31.625
1400756956|31.687
1400756979|31.875
1400757001|31.937
1400757024|32.0
1400757046|31.812
1400757069|31.812
1400757091|31.75
1400757114|31.812
1400757136|31.875
1400757159|31.875
1400757181|31.5
1400757204|31.562
1400757226|31.625
1400757249|31.5
1400757271|31.437
1400757294|31.687
1400757316|31.437
1400757338|31.375
1400757361|31.5
1400757383|31.5
1400757406|31.5
1400757428|31.5
1400757451|31.5
1400757473|31.75
1400757496|31.812
1400757518|31.75
1400757541|31.625
1400757563|31.687
1400757586|32.0
1400757608|31.937
1400757631|31.812
1400757653|31.875
1400757676|32.25
1400757698|32.125
1400757721|32.125
1400757743|32.062
1400757765|32.125
1400757788|32.25
1400757810|32.25
1400757833|32.375
1400757855|32.312
1400757878|32.5
1400757900|32.375
1400757923|32.437
1400757945|32.5
1400757968|32.562
1400757990|32.5
1400758013|32.375
1400758035|32.125
1400758058|32.25
1400758080|32.187
1400758102|32.187
1400758125|32.312
1400758147|32.312
1400758170|32.25
1400758192|32.25
1400758215|32.25
1400758237|32.0
1400758260|32.25
1400758282|32.25
1400758305|32.312
1400758327|32.375
1400758350|32.187
1400758372|32.25
1400758395|32.187
1400758417|32.25
1400758439|32.187
1400758462|32.312
1400758484|31.875
1400758507|32.062
1400758529|32.0
1400758552|32.187
1400758574|32.312
1400758597|32.5
1400758619|32.562
1400758642|32.437
1400758664|32.312
1400758687|32.312
1400758709|32.312
1400758732|32.437
1400758754|32.437
1400758777|32.25
1400758799|32.062
1400758821|32.375
1400758844|32.437
1400758866|32.625
1400758889|32.625
1400758911|33.0
1400758934|32.812
1400758956|32.625
1400758979|32.812
1400759001|32.812
1400759024|32.875
1400759046|32.812
1400759069|32.937
1400759091|32.5
1400759114|32.625
1400759136|32.75
1400759158|32.562
1400759181|32.312
1400759203|32.437
1400759226|32.312
1400759248|32.375
1400759271|32.5
1400759293|32.5
1400759316|32.625
1400759338|32.5
1400759361|32.437
1400759383|32.375
1400759406|32.562
1400759428|32.5
1400759451|32.687
1400759473|32.875
1400759495|32.875
1400759518|33.0
1400759540|32.75
1400759563|32.875
1400759585|32.937
1400759608|32.875
1400759630|32.937
1400759653|32.75
1400759675|32.875
1400759698|32.937
1400759720|33.0
1400759743|32.687
1400759765|32.562
1400759788|32.625
1400759810|32.687
1400759832|32.5
1400759855|32.312
1400759877|32.312
1400759900|32.437
1400759922|32.5
1400759945|32.687
1400759967|32.875
1400759990|32.875
1400760012|33.125
1400760035|33.0
1400760057|33.062
1400760080|33.187
1400760102|33.312
1400760125|33.25
1400760147|33.187
1400760170|33.25
1400760192|33.125
1400760214|33.062
1400760237|32.812
1400760259|32.812
1400760282|32.687
1400760304|32.687
1400760327|32.75
1400760349|32.625
1400760372|32.5
1400760394|32.687
1400760417|32.687
1400760439|32.75
1400760462|32.687
1400760484|32.937
1400760507|33.125
1400760529|32.875
1400760552|33.125
1400760574|33.187
1400760597|33.312
1400760619|33.5
1400760642|33.562
1400760664|33.812
1400760687|33.812
1400760709|33.687
1400760732|33.562
1400760754|33.437
1400760776|33.25
1400760799|33.25
1400760821|33.125
1400760844|33.187
1400760866|33.375
1400760889|33.375
1400760911|33.312
1400760934|33.125
1400760956|33.187
1400760979|33.375
1400761001|33.375
1400761024|33.437
1400761046|33.5
1400761069|33.375
1400761091|33.375
1400761113|33.437
1400761136|33.375
1400761158|33.375
1400761181|33.375
1400761203|33.562
1400761226|33.625
1400761248|33.5
1400761271|33.5
1400761293|33.75
1400761316|33.875
1400761338|33.75
1400761361|33.5
1400761383|33.5
1400761406|33.625
1400761428|33.5
1400761451|33.437
1400761473|33.562
1400761495|33.25
1400761518|33.062
1400761540|32.875
1400761563|33.0
1400761585|33.25
1400761608|33.25
1400761630|33.25
1400761653|32.937
1400761675|33.062
1400761698|33.187
1400761720|33.062
1400761743|33.125
1400761765|33.187
1400761788|33.25
1400761810|33.062
1400761832|33.0
1400761855|33.0
1400761877|32.687
1400761900|32.75
1400761922|32.937
1400761945|32.687
1400761967|32.812
1400761990|32.687
1400762012|32.625
1400762035|33.0
1400762057|33.0
1400762080|32.875
1400762102|33.25
1400762125|33.312
1400762147|33.375
1400762169|33.5
1400762192|33.625
1400762214|33.625
1400762237|33.312
1400762259|33.375
1400762282|33.5
1400762304|33.5
1400762327|33.812
1400762349|33.687
1400762372|33.562
1400762394|33.375
1400762417|33.125
1400762439|33.062
1400762462|33.125
1400762484|33.187
1400762506|33.312
1400762529|33.187
1400762551|33.312
1400762574|33.312
1400762596|33.312
1400762619|33.5
1400762641|33.437
1400762664|33.437
1400762686|33.625
1400762709|33.812
1400762731|33.625
1400762754|33.812
1400762776|33.875
1400762799|33.875
1400762821|33.812
1400762844|34.0
1400762866|34.187
1400762888|34.125
1400762911|34.0
1400762933|34.0
1400762956|34.0
1400762978|34.25
1400763001|34.312
1400763023|34.187
1400763046|34.312
1400763068|34.312
1400763091|34.5
1400763113|34.5
1400763136|34.312
1400763158|34.375
1400763181|34.5
1400763203|34.625
1400763226|34.562
1400763248|34.5
1400763270|34.625
1400763293|34.562
1400763315|34.375
1400763338|34.312
1400763360|33.937
1400763383|33.75
1400763405|33.875
1400763428|34.0
1400763450|33.75
1400763473|33.937
1400763495|34.187
1400763518|34.187
1400763540|33.937
1400763563|33.75
1400763585|33.812
1400763607|34.0
1400763630|34.0
1400763652|34.0
1400763675|34.125
1400763697|34.0
1400763720|33.875
1400763742|33.875
1400763765|33.937
1400763787|33.687
1400763810|33.562
1400763832|33.5
1400763855|33.75
1400763877|33.937
1400763900|34.062
1400763922|34.0
1400763945|34.0
1400763968|34.125
1400763990|34.125
1400764013|34.125
1400764035|34.125
1400764058|34.375
1400764080|34.625
1400764103|34.687
1400764125|34.375
1400764148|34.25
1400764170|34.062
1400764193|34.062
1400764215|34.062
1400764237|33.937
1400764260|33.937
1400764282|33.687
1400764305|33.75
1400764327|33.75
1400764350|34.0
1400764372|34.187
1400764395|34.5
1400764417|34.5
1400764440|34.312
1400764462|34.437
1400764485|34.562
1400764507|34.5
1400764530|34.625
1400764552|34.625
1400764574|34.562
1400764597|34.562
1400764619|34.687
1400764642|34.25
1400764664|34.25
1400764687|34.312
1400764709|34.5
1400764732|34.312
1400764754|34.375
1400764777|34.25
1400764799|34.375
1400764822|34.625
1400764844|34.437
1400764867|34.187
1400764889|34.25
1400764911|34.25
1400764934|34.062
1400764956|33.875
1400764979|34.5
1400765001|34.25
1400765024|34.0
1400765046|33.937
1400765069|34.062
1400765091|34.125
1400765114|34.125
1400765136|34.0
1400765159|34.187
1400765181|34.312
1400765204|34.062
1400765226|34.25
1400765248|34.062
1400765271|34.125
1400765293|34.0
1400765316|34.312
1400765338|34.187
1400765361|34.062
1400765383|34.125
1400765406|33.937
1400765428|33.937
1400765451|33.875
1400765473|34.125
1400765496|34.25
1400765518|34.062
1400765541|34.125
1400765563|33.875
1400765586|33.687
1400765608|33.625
1400765630|33.75
1400765653|33.875
1400765675|34.062
1400765698|34.375
1400765720|34.375
1400765743|34.562
1400765765|34.437
1400765788|34.312
1400765810|34.437
1400765833|34.437
1400765855|34.437
1400765878|34.375
1400765900|34.437
1400765923|34.375
1400765945|34.687
1400765967|34.875
1400765990|35.0
1400766012|34.875
1400766035|34.875
1400766057|34.937
1400766080|34.562
1400766102|34.562
1400766125|34.25
1400766147|34.187
1400766170|34.437
1400766192|34.687
1400766215|34.937
1400766237|34.687
1400766260|34.562
1400766282|34.937
1400766304|35.0
1400766327|34.812
1400766349|34.75
1400766372|34.75
1400766394|35.0
1400766417|35.062
1400766439|34.812
1400766462|34.687
1400766484|34.687
1400766507|35.062
1400766529|35.25
1400766552|35.125
1400766574|35.25
1400766597|35.187
1400766619|35.187
1400766642|34.937
1400766664|35.062
1400766687|35.0
1400766709|35.125
1400766731|35.062
1400766754|35.062
1400766776|35.187
1400766799|35.187
1400766821|35.25
1400766844|35.125
1400766866|34.937
1400766889|35.0
1400766911|34.875
1400766934|34.687
1400766956|34.687
1400766979|34.75
1400767001|35.0
1400767024|34.937
1400767046|35.062
1400767068|34.812
1400767091|34.812
1400767113|34.687
1400767136|34.25
1400767158|34.75
1400767181|34.937
1400767203|34.937
1400767226|34.875
1400767248|34.812
1400767271|34.625
1400767293|34.562
1400767316|34.562
1400767338|34.562
1400767361|34.312
1400767383|34.375
1400767405|34.25
1400767428|34.5
1400767450|34.625
1400767473|34.937
1400767495|34.937
1400767518|35.062
1400767540|35.062
1400767563|35.125
1400767585|35.125
1400767608|35.187
1400767630|35.25
1400767653|35.375
1400767675|35.125
1400767698|35.0
1400767720|35.0
1400767742|35.0
1400767765|34.687
1400767787|34.875
1400767810|34.812
1400767832|34.812
1400767855|35.0
1400767877|34.875
1400767900|35.0
1400767922|34.812
1400767945|35.0
1400767967|34.937
1400767990|34.625
1400768012|34.375
1400768035|34.687
1400768057|34.625
1400768079|34.812
1400768102|34.687
1400768124|34.875
1400768147|35.125
1400768169|35.0
1400768192|35.0
1400768214|35.125
1400768237|35.062
1400768259|35.187
1400768282|34.937
1400768304|34.625
1400768327|34.375
1400768349|34.437
1400768372|34.625
1400768394|34.687
1400768417|35.0
1400768439|34.937
1400768461|34.812
1400768484|35.125
1400768506|35.0
1400768529|35.0
1400768551|35.187
1400768574|35.187
1400768596|35.25
1400768619|35.062
1400768641|35.312
1400768664|35.562
1400768686|35.437
1400768709|35.437
1400768731|35.687
1400768754|35.812
1400768776|35.75
1400768799|35.437
1400768821|35.687
1400768843|35.812
1400768866|35.625
1400768888|35.5
1400768911|35.625
1400768933|35.5
1400768956|35.812
1400768978|35.375
1400769001|35.437
1400769023|35.437
1400769046|35.437
1400769068|35.375
1400769091|35.375
1400769113|35.437
1400769136|35.75
1400769158|35.687
1400769180|35.625
1400769203|35.875
1400769225|35.75
1400769248|35.437
1400769270|35.437
1400769293|35.312
1400769315|35.25
1400769338|34.812
1400769360|34.875
1400769383|35.0
1400769405|35.25
1400769428|35.312
1400769450|35.375
1400769473|35.375
1400769495|35.75
1400769517|36.062
1400769540|36.062
1400769562|36.25
1400769585|36.437
1400769607|36.5
1400769630|36.625
1400769652|36.625
1400769675|36.687
1400769697|36.437
1400769720|36.375
1400769742|36.187
1400769765|35.875
1400769787|35.75
1400769810|35.625
1400769832|35.687
1400769854|35.562
1400769877|35.875
1400769899|36.25
1400769922|36.187
1400769944|36.375
1400769967|36.312
1400769989|36.125
1400770012|36.625
1400770034|36.687
1400770057|36.625
1400770079|36.625
1400770102|36.625
1400770124|36.125
1400770147|36.187
1400770169|36.187
1400770192|36.375
1400770214|36.625
1400770236|36.687
1400770259|36.625
1400770281|36.5
1400770304|36.187
1400770326|36.25
1400770349|36.25
1400770371|36.125
1400770394|36.312
1400770416|36.312
1400770439|36.437
1400770461|36.0
1400770484|36.0
1400770506|36.125
1400770529|36.312
1400770551|36.312
1400770573|36.187
1400770596|36.187
1400770618|36.0
1400770641|36.125
1400770663|36.187
1400770686|36.375
1400770708|36.437
1400770731|36.375
1400770753|36.625
1400770776|36.625
1400770798|36.687
1400770821|37.0
1400770843|36.875
1400770866|36.937
1400770888|37.0
1400770910|36.875
1400770933|37.062
1400770955|36.812
1400770978|36.75
1400771000|36.562
1400771023|36.375
1400771045|36.5
1400771068|36.125
1400771090|36.0
1400771113|35.812
1400771135|35.812
1400771158|35.812
1400771180|36.187
1400771203|36.312
1400771225|36.125
1400771247|36.187
1400771270|36.125
1400771292|36.125
1400771315|36.312
1400771337|36.25
1400771360|36.812
1400771382|37.062
1400771405|36.75
1400771427|36.375
1400771450|35.937
1400771472|36.0
1400771495|36.437
1400771517|36.375
1400771540|36.375
1400771562|36.437
1400771584|36.187
1400771607|36.125
1400771629|36.25
1400771652|36.187
1400771674|36.062
1400771697|36.0
1400771719|35.75
1400771742|36.0
1400771764|36.187
1400771787|36.062
1400771809|36.125
1400771832|36.125
1400771854|37.0
1400771877|37.125
1400771899|37.625
1400771921|38.062
1400771944|38.0
1400771966|38.0
1400771989|37.75
1400772011|38.062
1400772034|38.437
1400772056|38.375
1400772079|38.5
1400772101|38.812
1400772124|39.25
1400772146|39.25
1400772169|39.937
1400772191|39.937
1400772214|40.312
1400772236|40.812
1400772259|40.625
1400772281|40.562
1400772304|41.0
1400772326|40.875
1400772348|41.312
1400772371|41.5
1400772393|41.625
1400772416|41.125
1400772438|40.812
1400772461|41.125
1400772483|41.25
1400772506|41.625
1400772528|42.0
1400772551|42.187
1400772573|41.875
1400772596|41.937
1400772618|42.437
1400772641|42.375
1400772663|42.062
1400772685|42.25
1400772708|42.625
1400772730|42.0
1400772753|42.062
1400772775|42.125
1400772798|41.937
1400772820|42.187
1400772843|41.812
1400772865|42.187
1400772888|42.5
1400772910|42.375
1400772933|42.0
1400772955|42.062
1400772978|42.062
1400773000|41.625
1400773022|41.312
1400773045|41.312
1400773067|41.5
1400773090|41.687
1400773112|42.312
1400773135|42.312
1400773157|42.625
1400773180|42.25
1400773202|42.562
1400773225|42.625
1400773247|42.687
1400773270|42.187
1400773292|42.5
1400773315|42.562
1400773337|43.312
1400773359|43.375
1400773382|43.187
1400773404|43.125
1400773427|42.75
1400773449|42.812
1400773472|42.875
1400773494|43.187
1400773517|43.0
1400773539|42.75
1400773562|43.125
1400773584|43.375
1400773607|43.562
1400773629|44.312
1400773652|44.687
1400773674|44.687
1400773696|44.375
1400773719|44.437
1400773741|44.125
1400773764|44.125
1400773786|44.125
1400773809|43.75
1400773831|43.062
1400773854|43.125
1400773876|43.312
1400773899|42.812
1400773921|43.0
1400773944|43.187
1400773966|43.25
1400773989|43.5
1400774011|43.25
1400774033|42.875
1400774056|43.062
1400774078|43.125
1400774101|42.75
1400774123|42.562
1400774146|42.437
1400774168|42.5
1400774191|42.812
1400774213|42.812
1400774236|42.5
1400774258|42.25
1400774281|42.25
1400774303|42.25
1400774326|42.187
1400774348|43.0
1400774371|43.062
1400774393|43.375
1400774415|43.75
1400774438|43.75
1400774460|43.687
1400774483|43.875
1400774505|43.625
1400774528|43.187
1400774550|43.187
1400774573|44.312
1400774595|44.125
1400774618|43.625
1400774640|43.75
1400774663|43.0
1400774685|43.125
1400774708|43.25
1400774730|43.875
1400774753|43.875
1400774775|43.687
1400774797|43.687
1400774820|43.75
1400774842|43.812
1400774865|43.812
1400774887|43.0
1400774910|43.0
1400774932|43.187
1400774955|42.812
1400774977|43.062
1400775000|42.875
1400775022|43.0
1400775045|43.187
1400775067|42.875
1400775090|42.5
1400775112|42.937
1400775134|42.375
1400775157|42.437
1400775179|42.312
1400775202|42.625
1400775224|42.937
1400775247|42.687
1400775269|43.187
1400775292|42.937
1400775314|43.312
1400775337|43.687
1400775359|43.562
1400775382|43.75
1400775404|43.562
1400775427|43.375
1400775449|43.187
1400775471|43.687
1400775494|44.187
1400775516|44.187
1400775539|44.125
1400775561|43.312
1400775584|43.5
1400775606|43.25
1400775629|43.312
1400775651|43.125
1400775674|43.312
1400775696|43.187
1400775719|42.75
1400775741|42.937
1400775764|43.062
1400775786|42.875
1400775808|42.75
1400775831|43.0
1400775853|43.0
1400775876|42.812
1400775898|43.125
1400775921|43.25
1400775943|43.187
1400775966|42.75
1400775988|42.437
1400776011|42.75
1400776033|42.562
1400776056|42.062
1400776078|42.25
1400776101|42.25
1400776123|42.125
1400776145|42.187
1400776168|42.25
1400776190|42.062
1400776213|42.312
1400776235|42.0
1400776258|41.875
1400776280|42.187
1400776303|42.187
1400776325|42.25
1400776348|42.062
1400776370|41.625
1400776393|41.375
1400776415|41.312
1400776438|40.937
1400776460|40.937
1400776483|41.312
1400776505|41.125
1400776527|41.125
1400776550|40.937
1400776572|40.562
1400776595|40.25
1400776617|40.5
1400776640|40.25
1400776662|40.25
1400776685|39.875
1400776707|40.125
1400776730|40.5
1400776752|40.687
1400776775|40.187
1400776797|40.375
1400776820|41.125
1400776842|41.187
1400776864|41.562
1400776887|41.187
1400776909|41.125
1400776932|40.875
1400776954|40.937
1400776977|41.562
1400776999|41.75
1400777022|41.625
1400777044|41.312
1400777067|42.062
1400777089|42.25
1400777112|42.125
1400777134|42.062
1400777157|41.562
1400777179|40.812
1400777201|40.75
1400777224|40.687
1400777246|40.625
1400777269|40.312
1400777291|40.687
1400777314|41.125
1400777336|41.75
1400777359|41.812
1400777381|41.562
1400777404|41.312
1400777426|41.312
1400777449|41.125
1400777471|40.75
1400777494|40.812
1400777516|40.687
1400777539|40.625
1400777561|40.25
1400777584|40.812
1400777606|40.875
1400777628|40.75
1400777651|40.75
1400777673|40.312
1400777696|40.562
1400777718|40.312
1400777741|40.125
1400777763|39.687
1400777786|39.312
1400777808|38.937
1400777831|39.25
1400777853|39.25
1400777876|39.0
1400777898|39.0
1400777921|38.75
1400777943|38.687
1400777965|38.875
1400777988|38.687
1400778010|38.687
1400778033|38.375
1400778055|38.937
1400778078|38.75
1400778100|38.687
1400778123|38.625
1400778145|39.125
1400778168|38.875
1400778190|38.687
1400778213|38.5
1400778235|38.625
1400778258|38.812
1400778280|38.75
1400778302|38.875
1400778325|39.125
1400778347|39.125
1400778370|39.562
1400778392|39.687
1400778415|39.312
1400778437|39.312
1400778460|39.187
1400778482|39.25
1400778505|39.312
1400778527|39.125
1400778550|39.187
1400778572|38.75
1400778595|38.5
1400778617|38.562
1400778639|38.5
1400778662|38.375
1400778684|38.562
1400778707|38.812
1400778729|38.812
1400778752|38.875
1400778774|38.75
1400778797|38.437
1400778819|38.25
1400778842|38.0
1400778864|37.75
1400778887|37.562
1400778909|37.562
1400778932|37.75
1400778954|37.812
1400778977|37.812
1400778999|37.687
1400779022|38.0
1400779044|38.5
1400779066|38.75
1400779089|38.562
1400779111|38.687
1400779134|38.437
1400779156|38.125
1400779179|37.812
1400779201|37.875
1400779224|38.187
1400779246|38.062
1400779269|37.937
1400779291|38.062
1400779314|38.0
1400779336|37.812
1400779359|37.375
1400779381|37.437
1400779403|37.187
1400779426|37.25
1400779448|37.437
1400779471|37.25
1400779493|37.25
1400779516|37.562
1400779538|37.375
1400779561|37.125
1400779583|36.875
1400779606|37.0
1400779628|37.0
1400779651|36.937
1400779673|36.625
1400779696|37.0
1400779718|37.062
1400779740|37.062
1400779763|37.0
1400779785|36.687
1400779808|36.625
1400779830|36.687
1400779853|36.312
1400779875|36.375
1400779898|35.812
1400779920|35.812
1400779943|36.125
1400779965|36.437
1400779988|36.625
1400780010|36.562
1400780033|36.687
1400780055|36.687
1400780077|36.812
1400780100|36.875
1400780122|37.25
1400780145|36.875
1400780167|36.75
1400780190|36.562
1400780212|36.125
1400780235|35.375
1400780257|35.375
1400780280|35.5
1400780302|35.437
1400780325|35.5
1400780347|35.437
1400780370|35.0
1400780392|34.812
1400780414|34.875
1400780437|34.687
1400780459|34.625
1400780482|34.5
1400780504|34.687
1400780527|34.687
1400780549|34.875
1400780572|34.75
1400780594|34.5
1400780617|34.312
1400780639|34.187
1400780662|34.25
1400780684|34.25
1400780707|34.125
1400780729|34.062
1400780752|34.062
1400780774|33.75
1400780796|33.625
1400780819|33.437
1400780841|32.937
1400780864|33.0
1400780886|33.312
1400780909|33.375
1400780931|33.187
1400780954|33.25
1400780976|33.187
1400780999|33.375
1400781021|33.125
1400781044|33.25
1400781066|33.625
1400781089|33.312
1400781111|33.312
1400781133|33.25
1400781156|32.937
1400781178|32.812
1400781201|32.687
1400781223|32.687
1400781246|32.687
1400781268|32.875
1400781291|33.25
1400781313|33.25
1400781336|33.375
1400781358|33.062
1400781381|32.937
1400781403|32.875
1400781426|32.687
1400781448|32.562
1400781470|32.375
1400781493|32.375
1400781515|32.312
1400781538|32.562
1400781560|32.312
1400781583|32.062
1400781605|31.875
1400781628|31.75
1400781650|31.562
1400781673|31.5
1400781695|31.25
1400781718|30.937
1400781740|30.875
1400781763|31.125
1400781785|31.0
1400781807|30.937
1400781830|30.75
1400781852|30.875
1400781875|30.687
1400781897|30.812
1400781920|31.25
1400781942|31.187
1400781965|31.0
1400781987|31.062
1400782010|30.875
1400782032|30.937
1400782055|30.875
1400782077|30.75
1400782100|30.625
1400782122|30.625
1400782145|30.437
1400782167|30.187
1400782190|29.875
1400782212|30.0
1400782234|29.75
1400782257|29.375
1400782279|29.375
