1402165762|28.937
1402165784|28.937
1402165807|28.687
1402165829|28.375
1402165852|27.812
1402165875|27.312
1402165897|26.937
1402165920|26.5
1402165942|26.0
1402165965|25.812
1402165987|25.625
1402166010|25.375
1402166032|25.187
1402166055|24.937
1402166077|24.812
1402166099|24.625
1402166122|24.375
1402166144|24.312
1402166167|24.312
1402166189|24.25
1402166212|24.187
1402166234|24.25
1402166257|24.562
1402166279|24.687
1402166302|24.875
1402166324|24.875
1402166347|24.875
1402166369|24.812
1402166392|24.75
1402166414|24.562
1402166437|24.562
1402166459|24.562
1402166482|24.375
1402166504|24.25
1402166526|24.25
1402166549|24.0
1402166571|23.812
1402166594|23.812
1402166616|23.687
1402166639|23.625
1402166661|23.5
1402166684|23.562
1402166706|23.562
1402166729|23.437
1402166751|23.312
1402166774|23.312
1402166796|23.312
1402166819|23.312
1402166841|23.25
1402166863|23.25
1402166886|23.187
1402166908|23.062
1402166931|22.937
1402166953|22.75
1402166976|22.5
1402166998|22.437
1402167021|22.375
1402167043|22.312
1402167066|22.187
1402167088|22.062
1402167111|21.875
1402167133|21.812
1402167156|21.812
1402167178|21.75
1402167200|21.75
1402167223|21.687
1402167245|21.625
1402167268|21.562
1402167290|21.5
1402167313|21.437
1402167335|21.375
1402167358|21.312
1402167380|21.312
1402167403|21.312
1402167425|21.312
1402167448|21.375
1402167470|21.312
1402167493|21.312
1402167515|21.25
1402167537|21.312
1402167560|21.125
1402167582|21.062
1402167605|21.062
1402167627|21.125
1402167650|21.125
1402167672|21.125
1402167695|21.062
1402167717|21.062
1402167740|21.062
1402167762|20.937
1402167785|20.937
1402167807|20.812
1402167830|20.687
1402167852|20.562
1402167874|20.625
1402167897|20.562
1402167919|20.625
1402167942|20.625
1402167964|20.562
1402167987|20.5
1402168009|20.437
1402168032|20.437
1402168054|20.375
1402168077|20.437
1402168099|20.375
1402168122|20.312
1402168144|20.375
1402168167|20.375
1402168189|20.375
1402168212|20.312
1402168234|20.375
1402168256|20.312
1402168279|20.312
1402168301|20.187
1402168324|20.187
1402168346|20.125
1402168369|20.125
1402168391|20.062
1402168414|20.062
1402168436|20.0
1402168459|20.0
1402168481|19.937
1402168504|19.875
1402168526|19.875
1402168549|19.937
1402168571|19.937
1402168593|19.875
1402168616|19.812
1402168638|19.75
1402168661|19.687
1402168683|19.75
1402168706|19.625
1402168728|19.687
1402168751|19.687
1402168773|19.625
1402168796|19.625
1402168818|19.5
1402168841|19.5
1402168863|19.437
1402168886|19.312
1402168908|19.312
1402168930|19.25
1402168953|19.25
1402168975|19.25
1402168998|19.25
1402169020|19.25
1402169043|19.25
1402169065|19.25
1402169088|19.187
1402169110|19.187
1402169133|19.187
1402169155|19.25
1402169178|19.187
1402169200|19.125
1402169223|19.187
1402169245|19.125
1402169267|19.125
1402169290|19.125
1402169312|19.125
1402169335|19.125
1402169357|19.125
1402169380|19.125
1402169402|19.125
1402169425|19.125
1402169447|19.125
1402169470|19.125
1402169492|19.062
1402169515|19.0
1402169537|18.937
1402169560|18.937
1402169582|18.937
1402169605|18.937
1402169627|18.937
1402169649|18.875
1402169672|18.875
1402169694|18.875
1402169717|18.812
1402169739|18.812
1402169762|18.75
1402169784|18.75
1402169807|18.75
1402169829|18.687
1402169852|18.687
1402169874|18.687
1402169897|18.687
1402169919|18.625
1402169942|18.625
1402169964|18.625
1402169987|18.562
1402170009|18.5
1402170031|18.5
1402170054|18.5
1402170076|18.5
1402170099|18.5
1402170121|18.437
1402170144|18.375
1402170166|18.375
1402170189|18.375
1402170211|18.312
1402170234|18.25
1402170256|18.25
1402170279|18.187
1402170301|18.187
1402170324|18.187
1402170346|18.187
1402170368|18.187
1402170391|18.187
1402170413|18.125
1402170436|18.125
1402170458|18.062
1402170481|18.062
1402170503|18.062
1402170526|18.062
1402170548|18.062
1402170571|18.0
1402170593|18.0
1402170616|18.0
1402170638|18.0
1402170661|17.937
1402170683|17.937
1402170706|17.937
1402170728|17.937
1402170750|17.875
1402170773|17.812
1402170795|17.75
1402170818|17.75
1402170840|17.75
1402170863|17.812
1402170885|17.812
1402170908|17.812
1402170930|17.812
1402170953|17.812
1402170975|17.812
1402170998|17.75
1402171020|17.75
1402171043|17.75
1402171065|17.687
1402171088|17.625
1402171110|17.625
1402171132|17.687
1402171155|17.625
1402171177|17.562
1402171200|17.625
1402171222|17.562
1402171245|17.562
1402171267|17.562
1402171290|17.562
1402171312|17.562
1402171335|17.5
1402171357|17.437
1402171380|17.437
1402171402|17.437
1402171425|17.375
1402171447|17.375
1402171469|17.375
1402171492|17.375
1402171514|17.375
1402171537|17.312
1402171559|17.312
1402171582|17.312
1402171604|17.375
1402171627|17.375
1402171649|17.375
1402171672|17.312
1402171694|17.312
1402171717|17.312
1402171739|17.312
1402171762|17.312
1402171784|17.312
1402171806|17.25
1402171829|17.25
1402171851|17.25
1402171874|17.25
1402171896|17.25
1402171919|17.25
1402171941|17.25
1402171964|17.25
1402171986|17.25
1402172009|17.25
1402172031|17.25
1402172054|17.187
1402172076|17.187
1402172099|17.187
1402172121|17.187
1402172144|17.187
1402172166|17.125
1402172188|17.125
1402172211|17.125
1402172233|17.125
1402172256|17.125
1402172278|17.125
1402172301|17.125
1402172323|17.062
1402172346|17.062
1402172368|17.0
1402172391|17.062
1402172413|17.0
1402172436|17.0
1402172458|17.0
1402172481|17.0
1402172503|17.0
1402172525|16.937
1402172548|16.937
1402172570|16.937
1402172593|16.937
1402172615|16.875
1402172638|16.875
1402172660|16.875
1402172683|16.875
1402172705|16.812
1402172728|16.812
1402172750|16.812
1402172773|16.812
1402172795|16.812
1402172818|16.75
1402172840|16.75
1402172863|16.75
1402172885|16.75
1402172907|16.75
1402172930|16.687
1402172952|16.687
1402172975|16.687
1402172997|16.687
1402173020|16.687
1402173042|16.687
1402173065|16.687
1402173087|16.625
1402173110|16.625
1402173132|16.625
1402173155|16.562
1402173177|16.562
1402173200|16.562
1402173222|16.562
1402173245|16.562
1402173267|16.562
1402173289|16.562
1402173312|16.5
1402173334|16.5
1402173357|16.5
1402173379|16.5
1402173402|16.5
1402173424|16.5
1402173447|16.5
1402173469|16.437
1402173492|16.437
1402173514|16.437
1402173537|16.375
1402173559|16.375
1402173582|16.375
1402173604|16.375
1402173626|16.375
1402173649|16.312
1402173671|16.312
1402173694|16.312
1402173716|16.312
1402173739|16.25
1402173761|16.25
1402173784|16.25
1402173806|16.25
1402173829|16.187
1402173851|16.187
1402173874|16.25
1402173896|16.25
1402173919|16.187
1402173941|16.187
1402173964|16.25
1402173986|16.25
1402174009|16.25
1402174031|16.25
1402174053|16.187
1402174076|16.187
1402174098|16.187
1402174121|16.187
1402174143|16.187
1402174166|16.125
1402174188|16.125
1402174211|16.125
1402174233|16.125
1402174256|16.125
1402174278|16.062
1402174301|16.062
1402174323|16.062
1402174346|16.062
1402174368|16.062
1402174390|16.062
1402174413|16.062
1402174435|16.0
1402174458|16.062
1402174480|16.0
1402174503|16.062
1402174525|16.062
1402174548|16.062
1402174570|16.0
1402174593|16.062
1402174615|15.937
1402174638|15.937
1402174660|15.937
1402174683|16.0
1402174705|16.0
1402174727|15.937
1402174750|15.937
1402174772|15.937
1402174795|15.937
1402174817|15.937
1402174840|15.875
1402174862|15.812
1402174885|15.812
1402174907|15.875
1402174930|15.812
1402174952|15.75
1402174975|15.75
1402174997|15.75
1402175020|15.687
1402175042|15.75
1402175064|15.75
1402175087|15.75
1402175109|15.75
1402175132|15.75
1402175154|15.75
1402175177|15.687
1402175199|15.687
1402175222|15.687
1402175244|15.687
1402175267|15.687
1402175290|15.687
1402175312|15.625
1402175335|15.625
1402175357|15.625
1402175380|15.562
1402175402|15.562
1402175425|15.562
1402175447|15.562
1402175470|15.5
1402175492|15.5
1402175515|15.437
1402175537|15.437
1402175560|15.437
1402175582|15.375
1402175605|15.375
1402175627|15.375
1402175649|15.375
1402175672|15.375
1402175694|15.375
1402175717|15.375
1402175739|15.312
1402175762|15.312
1402175784|15.312
1402175807|15.312
1402175829|15.25
1402175852|15.25
1402175874|15.25
1402175897|15.187
1402175919|15.187
1402175942|15.125
1402175964|15.125
1402175986|15.125
1402176009|15.062
1402176031|15.062
1402176054|15.062
1402176076|15.062
1402176099|15.0
1402176121|15.0
1402176144|15.0
1402176166|14.937
1402176189|14.937
1402176211|14.937
1402176234|14.937
1402176256|14.937
1402176279|14.937
1402176301|14.875
1402176324|14.875
1402176346|14.875
1402176368|14.875
1402176391|14.875
1402176413|14.875
1402176436|14.812
1402176458|14.812
1402176481|14.75
1402176503|14.812
1402176526|14.75
1402176548|14.75
1402176571|14.75
1402176593|14.75
1402176616|14.687
1402176638|14.687
1402176661|14.625
1402176683|14.625
1402176706|14.625
1402176728|14.625
1402176750|14.562
1402176773|14.562
1402176795|14.562
1402176818|14.5
1402176840|14.5
1402176863|14.5
1402176885|14.5
1402176908|14.5
1402176930|14.437
1402176953|14.437
1402176975|14.375
1402176998|14.375
1402177020|14.375
1402177043|14.375
1402177065|14.375
1402177087|14.312
1402177110|14.312
1402177132|14.312
1402177155|14.375
1402177177|14.375
1402177200|14.375
1402177222|14.375
1402177245|14.312
1402177267|14.312
1402177290|14.375
1402177312|14.375
1402177335|14.312
1402177357|14.312
1402177380|14.312
1402177402|14.25
1402177424|14.25
1402177447|14.25
1402177469|14.25
1402177492|14.187
1402177514|14.187
1402177537|14.187
1402177559|14.187
1402177582|14.062
1402177604|14.062
1402177627|14.062
1402177649|14.125
1402177672|14.125
1402177694|14.125
1402177717|14.125
1402177739|14.125
1402177761|14.125
1402177784|14.187
1402177806|14.187
1402177829|14.187
1402177851|14.187
1402177874|14.187
1402177896|14.187
1402177919|14.187
1402177941|14.187
1402177964|14.187
1402177986|14.187
1402178009|14.125
1402178031|14.187
1402178054|14.125
1402178076|14.062
1402178099|14.0
1402178121|14.0
1402178143|14.062
1402178166|14.062
1402178188|14.0
1402178211|14.0
1402178233|14.0
1402178256|14.0
1402178278|14.0
1402178301|14.0
1402178323|14.0
1402178346|14.0
1402178368|14.0
1402178391|13.937
1402178413|13.937
1402178436|13.937
1402178458|13.937
1402178481|13.937
1402178503|13.937
1402178525|14.0
1402178548|13.937
1402178570|13.937
1402178593|13.937
1402178615|13.937
1402178638|13.937
1402178660|13.937
1402178683|13.937
1402178705|14.0
1402178728|14.0
1402178750|14.0
1402178773|14.0
1402178795|14.0
1402178818|14.0
1402178840|14.0
1402178862|14.0
1402178885|14.0
1402178907|14.0
1402178930|13.937
1402178952|13.937
1402178975|13.937
1402178997|13.937
1402179020|13.937
1402179042|14.0
1402179065|13.937
1402179087|13.937
1402179110|13.937
1402179132|13.937
1402179155|13.937
1402179177|13.937
1402179199|13.937
1402179222|13.937
1402179244|13.937
1402179267|13.937
1402179289|13.937
1402179312|13.937
1402179334|13.937
1402179357|13.937
1402179379|14.0
1402179402|13.937
1402179424|13.937
1402179447|13.875
1402179469|13.875
1402179492|13.875
1402179514|13.875
1402179536|13.875
1402179559|13.875
1402179581|13.812
1402179604|13.812
1402179626|13.812
1402179649|13.75
1402179671|13.75
1402179694|13.75
1402179716|13.75
1402179739|13.75
1402179761|13.75
1402179784|13.687
1402179806|13.75
1402179829|13.687
1402179851|13.75
1402179874|13.687
1402179896|13.687
1402179918|13.687
1402179941|13.687
1402179963|13.687
1402179986|13.687
1402180008|13.687
1402180031|13.687
1402180053|13.687
1402180076|13.75
1402180098|13.75
1402180121|13.75
1402180143|13.75
1402180166|13.75
1402180188|13.687
1402180211|13.687
1402180233|13.687
1402180256|13.625
1402180279|13.562
1402180301|13.562
1402180324|13.562
1402180346|13.562
1402180369|13.562
1402180391|13.562
1402180414|13.562
1402180436|13.5
1402180458|13.5
1402180481|13.437
1402180503|13.375
1402180526|13.375
1402180548|13.375
1402180571|13.375
1402180593|13.312
1402180616|13.312
1402180638|13.25
1402180661|13.25
1402180683|13.25
1402180706|13.25
1402180728|13.25
1402180751|13.187
1402180773|13.187
1402180795|13.187
1402180818|13.187
1402180840|13.125
1402180863|13.187
1402180885|13.125
1402180908|13.125
1402180930|13.125
1402180953|13.062
1402180975|13.062
1402180998|13.062
1402181020|13.062
1402181043|13.062
1402181065|13.062
1402181088|13.062
1402181110|13.0
1402181132|13.0
1402181155|13.0
1402181177|13.0
1402181200|13.0
1402181222|13.0
1402181245|13.062
1402181267|13.0
1402181290|13.0
1402181312|13.0
1402181335|13.0
1402181357|13.0
1402181380|13.0
1402181402|13.0
1402181425|12.937
1402181447|12.937
1402181469|12.937
1402181492|12.937
1402181514|12.937
1402181537|12.937
1402181559|12.937
1402181582|12.937
1402181604|12.937
1402181627|13.0
1402181649|12.937
1402181672|12.937
1402181694|12.937
1402181717|12.937
1402181739|12.875
1402181762|12.937
1402181784|12.937
1402181807|12.937
1402181829|12.937
1402181851|12.937
1402181874|12.937
1402181896|12.937
1402181919|12.937
1402181941|12.937
1402181964|12.937
1402181986|12.937
1402182009|12.937
1402182031|12.937
1402182054|12.937
1402182076|12.875
1402182099|12.937
1402182121|12.875
1402182144|12.875
1402182166|12.875
1402182189|12.875
1402182211|12.875
1402182233|12.875
1402182256|12.875
1402182278|12.875
1402182301|12.875
1402182323|12.875
1402182346|12.875
1402182368|12.812
1402182391|12.812
1402182413|12.812
1402182436|12.812
1402182458|12.75
1402182481|12.812
1402182503|12.75
1402182526|12.812
1402182548|12.75
1402182570|12.75
1402182593|12.75
1402182615|12.812
1402182638|12.75
1402182660|12.75
1402182683|12.75
1402182705|12.812
1402182728|12.812
1402182750|12.75
1402182773|12.75
1402182795|12.75
1402182818|12.75
1402182840|12.75
1402182863|12.75
1402182885|12.75
1402182907|12.75
1402182930|12.75
1402182952|12.75
1402182975|12.75
1402182997|12.812
1402183020|12.812
1402183042|12.812
1402183065|12.812
1402183087|12.75
1402183110|12.75
1402183132|12.75
1402183155|12.812
1402183177|12.812
1402183200|12.75
1402183222|12.75
1402183245|12.75
1402183267|12.75
1402183290|12.75
1402183312|12.687
1402183334|12.687
1402183357|12.687
1402183379|12.687
1402183402|12.687
1402183424|12.625
1402183447|12.625
1402183469|12.625
1402183492|12.625
1402183514|12.625
1402183537|12.625
1402183559|12.625
1402183582|12.562
1402183604|12.562
1402183627|12.562
1402183649|12.562
1402183671|12.562
1402183694|12.562
1402183716|12.562
1402183739|12.5
1402183761|12.5
1402183784|12.5
1402183806|12.5
1402183829|12.5
1402183851|12.562
1402183874|12.5
1402183896|12.562
1402183919|12.5
1402183941|12.5
1402183964|12.5
1402183986|12.562
1402184008|12.5
1402184031|12.5
1402184053|12.5
1402184076|12.5
1402184098|12.562
1402184121|12.562
1402184143|12.5
1402184166|12.5
1402184188|12.437
1402184211|12.437
1402184233|12.437
1402184256|12.437
1402184278|12.5
1402184301|12.437
1402184323|12.437
1402184346|12.437
1402184368|12.437
1402184390|12.437
1402184413|12.437
1402184435|12.437
1402184458|12.437
1402184480|12.375
1402184503|12.375
1402184525|12.375
1402184548|12.312
1402184570|12.375
1402184593|12.375
1402184615|12.375
1402184638|12.312
1402184660|12.312
1402184683|12.312
1402184705|12.375
1402184727|12.375
1402184750|12.375
1402184772|12.375
1402184795|12.375
1402184817|12.375
1402184840|12.312
1402184862|12.375
1402184885|12.375
1402184907|12.375
1402184930|12.375
1402184952|12.375
1402184975|12.375
1402184997|12.375
1402185020|12.375
1402185042|12.375
1402185064|12.312
1402185087|12.312
1402185109|12.312
1402185132|12.312
1402185154|12.312
1402185177|12.375
1402185199|12.312
1402185222|12.312
1402185244|12.312
1402185267|12.312
1402185289|12.312
1402185312|12.312
1402185334|12.375
1402185357|12.375
1402185379|12.375
1402185402|12.312
1402185424|12.312
1402185446|12.312
1402185469|12.312
1402185491|12.312
1402185514|12.312
1402185536|12.312
1402185559|12.312
1402185581|12.312
1402185604|12.25
1402185626|12.312
1402185649|12.25
1402185671|12.25
1402185694|12.25
1402185716|12.25
1402185739|12.25
1402185761|12.25
1402185784|12.25
1402185806|12.25
1402185828|12.187
1402185851|12.25
1402185873|12.187
1402185896|12.25
1402185918|12.25
1402185941|12.25
1402185963|12.25
1402185986|12.25
1402186008|12.25
1402186031|12.25
1402186053|12.25
1402186076|12.187
1402186098|12.25
1402186121|12.25
1402186143|12.187
1402186165|12.187
1402186188|12.187
1402186210|12.187
1402186233|12.187
1402186255|12.125
1402186278|12.125
1402186300|12.125
1402186323|12.125
1402186345|12.125
1402186368|12.125
1402186390|12.062
1402186413|12.062
1402186435|12.125
1402186458|12.062
1402186480|12.125
1402186502|12.125
1402186525|12.062
1402186547|12.062
1402186570|12.062
1402186592|12.062
1402186615|12.062
1402186637|12.062
1402186660|12.062
1402186682|12.062
1402186705|12.062
1402186727|12.062
1402186750|12.062
1402186772|12.062
1402186795|12.062
1402186817|12.062
1402186839|12.062
1402186862|12.062
1402186884|12.0
1402186907|12.062
1402186929|12.0
1402186952|12.0
1402186974|12.0
1402186997|12.0
1402187019|12.0
1402187042|12.0
1402187064|11.937
1402187087|11.937
1402187109|11.937
1402187132|11.875
1402187154|11.875
1402187176|11.875
1402187199|11.812
1402187221|11.812
1402187244|11.812
1402187266|11.75
1402187289|11.812
1402187311|11.75
1402187334|11.75
1402187356|11.687
1402187379|11.687
1402187401|11.687
1402187424|11.687
1402187446|11.625
1402187469|11.687
1402187491|11.687
1402187514|11.687
1402187536|11.687
1402187558|11.687
1402187581|11.687
1402187603|11.687
1402187626|11.687
1402187648|11.687
1402187671|11.687
1402187693|11.687
1402187716|11.687
1402187738|11.687
1402187761|11.687
1402187783|11.687
1402187806|11.687
1402187828|11.625
1402187851|11.625
1402187873|11.625
1402187896|11.625
1402187918|11.625
1402187940|11.625
1402187963|11.625
1402187986|11.625
1402188009|11.625
1402188031|11.562
1402188054|11.562
1402188076|11.562
1402188098|11.625
1402188121|11.562
1402188143|11.562
1402188166|11.562
1402188188|11.562
1402188211|11.5
1402188233|11.5
1402188256|11.562
1402188278|11.5
1402188301|11.562
1402188323|11.562
1402188346|11.5
1402188368|11.5
1402188391|11.5
1402188413|11.5
1402188435|11.5
1402188458|11.5
1402188480|11.5
1402188503|11.5
1402188525|11.5
1402188548|11.437
1402188570|11.437
1402188593|11.5
1402188615|11.5
1402188638|11.437
1402188660|11.5
1402188683|11.5
1402188705|11.437
1402188728|11.437
1402188750|11.437
1402188773|11.437
1402188795|11.437
1402188817|11.5
1402188840|11.5
1402188862|11.437
1402188885|11.437
1402188907|11.437
1402188930|11.437
1402188952|11.437
1402188975|11.437
1402188997|11.437
1402189020|11.437
1402189042|11.437
1402189065|11.437
1402189087|11.375
1402189110|11.375
1402189132|11.375
1402189155|11.375
1402189177|11.375
1402189199|11.375
1402189222|11.375
1402189244|11.375
1402189267|11.375
1402189289|11.375
1402189312|11.375
1402189334|11.375
1402189357|11.312
1402189379|11.312
1402189402|11.375
1402189424|11.312
1402189447|11.312
1402189469|11.312
1402189492|11.312
1402189514|11.312
1402189536|11.312
1402189559|11.312
1402189581|11.312
1402189604|11.312
1402189626|11.312
1402189649|11.312
1402189671|11.312
1402189694|11.312
1402189716|11.312
1402189739|11.312
1402189761|11.312
1402189784|11.375
1402189806|11.312
1402189829|11.312
1402189851|11.312
1402189874|11.312
1402189896|11.312
1402189919|11.312
1402189941|11.312
1402189963|11.25
1402189986|11.25
1402190008|11.25
1402190031|11.25
1402190053|11.25
1402190076|11.25
1402190098|11.187
1402190121|11.187
1402190143|11.187
1402190166|11.187
1402190188|11.187
1402190211|11.187
1402190233|11.187
1402190256|11.187
1402190278|11.187
1402190300|11.187
1402190323|11.125
1402190345|11.125
1402190368|11.125
1402190390|11.125
1402190413|11.187
1402190435|11.125
1402190458|11.125
1402190480|11.062
1402190503|11.062
1402190525|11.125
1402190548|11.125
1402190570|11.062
1402190593|11.125
1402190615|11.125
1402190637|11.125
1402190660|11.125
1402190682|11.125
1402190705|11.125
1402190727|11.125
1402190750|11.062
1402190772|11.125
1402190795|11.125
1402190817|11.125
1402190840|11.062
1402190862|11.125
1402190885|11.125
1402190907|11.125
1402190930|11.125
1402190952|11.062
1402190975|11.062
1402190997|11.062
1402191019|11.062
1402191042|11.062
1402191064|11.062
1402191087|11.062
1402191109|11.062
1402191132|11.062
1402191154|11.062
1402191177|11.062
1402191199|11.0
1402191222|11.062
1402191244|11.0
1402191267|11.0
1402191289|11.0
1402191312|11.0
1402191334|11.0
1402191356|11.0
1402191379|11.0
1402191401|11.0
1402191424|11.0
1402191446|10.937
1402191469|10.937
1402191491|11.0
1402191514|11.0
1402191536|11.0
1402191559|11.0
1402191581|11.0
1402191604|11.0
1402191626|10.937
1402191649|10.937
1402191671|10.937
1402191694|11.0
1402191716|10.937
1402191738|10.937
1402191761|10.937
1402191783|10.937
1402191806|10.937
1402191828|10.937
1402191851|10.937
1402191873|10.937
1402191896|10.875
1402191918|10.875
1402191941|10.875
1402191963|10.875
1402191986|10.875
1402192008|10.812
1402192031|10.812
1402192053|10.812
1402192076|10.812
1402192098|10.812
1402192120|10.812
1402192143|10.812
1402192165|10.75
1402192188|10.75
1402192210|10.812
1402192233|10.75
1402192255|10.75
1402192278|10.812
1402192300|10.812
1402192323|10.812
1402192345|10.812
1402192368|10.75
1402192390|10.75
1402192413|10.75
1402192435|10.75
1402192457|10.75
1402192480|10.75
1402192502|10.75
1402192525|10.75
1402192547|10.75
1402192570|10.75
1402192592|10.812
1402192615|10.75
1402192637|10.75
1402192660|10.75
1402192682|10.812
1402192705|10.812
1402192727|10.812
1402192750|10.75
1402192772|10.75
1402192794|10.75
1402192817|10.75
1402192839|10.75
1402192862|10.75
1402192884|10.75
1402192907|10.687
1402192929|10.75
1402192952|10.75
1402192974|10.75
1402192997|10.75
1402193019|10.75
1402193042|10.75
1402193064|10.75
1402193087|10.75
1402193109|10.75
1402193131|10.75
1402193154|10.75
1402193176|10.75
1402193199|10.75
1402193221|10.75
1402193244|10.687
1402193266|10.75
1402193289|10.687
1402193311|10.687
1402193334|10.687
1402193356|10.75
1402193379|10.687
1402193401|10.687
1402193424|10.75
1402193446|10.687
1402193468|10.687
1402193491|10.687
1402193513|10.687
1402193536|10.687
1402193558|10.687
1402193581|10.687
1402193603|10.625
1402193626|10.687
1402193648|10.687
1402193671|10.687
1402193693|10.625
1402193716|10.625
1402193738|10.625
1402193761|10.625
1402193783|10.687
1402193806|10.687
1402193828|10.625
1402193851|10.625
1402193873|10.625
1402193895|10.687
1402193918|10.625
1402193940|10.625
1402193963|10.625
1402193985|10.625
1402194008|10.625
1402194030|10.625
1402194053|10.625
1402194075|10.562
1402194098|10.625
1402194120|10.625
1402194143|10.562
1402194165|10.562
1402194188|10.625
1402194210|10.625
1402194232|10.625
1402194255|10.625
1402194277|10.625
1402194300|10.625
1402194322|10.625
1402194345|10.625
1402194367|10.625
1402194390|10.625
1402194412|10.625
1402194435|10.625
1402194457|10.625
1402194480|10.625
1402194502|10.562
1402194525|10.562
1402194547|10.562
1402194569|10.562
1402194592|10.562
1402194614|10.562
1402194637|10.562
1402194660|10.562
1402194683|10.562
1402194705|10.562
1402194728|10.562
1402194750|10.562
1402194773|10.562
1402194795|10.562
1402194817|10.562
1402194840|10.562
1402194862|10.562
1402194885|10.625
1402194907|10.562
1402194930|10.562
1402194952|10.562
1402194975|10.562
1402194997|10.562
1402195020|10.562
1402195042|10.562
1402195065|10.562
1402195087|10.562
1402195110|10.562
1402195132|10.562
1402195155|10.562
1402195177|10.562
1402195200|10.562
1402195222|10.562
1402195244|10.625
1402195267|10.562
1402195289|10.562
1402195312|10.625
1402195334|10.562
1402195357|10.562
1402195379|10.625
1402195402|10.625
1402195424|10.625
1402195447|10.625
1402195469|10.625
1402195492|10.625
1402195514|10.625
1402195537|10.625
1402195559|10.625
1402195581|10.687
1402195604|10.687
1402195626|10.687
1402195649|10.687
1402195671|10.75
1402195694|10.75
1402195716|10.75
1402195739|10.75
1402195761|10.75
1402195784|10.75
1402195806|10.812
1402195829|10.812
1402195851|10.812
1402195874|10.75
1402195896|10.812
1402195918|10.812
1402195941|10.75
1402195963|10.812
1402195986|10.812
1402196008|10.75
1402196031|10.812
1402196053|10.75
1402196076|10.812
1402196098|10.812
1402196121|10.812
1402196143|10.875
1402196166|10.812
1402196188|10.875
1402196211|10.875
1402196233|10.875
1402196255|10.875
1402196278|10.875
1402196300|10.875
1402196323|10.875
1402196345|10.875
1402196368|10.812
1402196390|10.875
1402196413|10.875
1402196435|10.875
1402196458|10.875
1402196480|10.937
1402196503|10.937
1402196525|10.937
1402196548|10.937
1402196570|10.937
1402196593|10.937
1402196615|10.937
1402196638|10.937
1402196660|10.875
1402196682|10.875
1402196705|10.875
1402196727|10.875
1402196750|10.937
1402196772|10.875
1402196795|10.875
1402196817|10.875
1402196840|10.875
1402196862|10.937
1402196885|10.937
1402196907|11.0
1402196930|11.0
1402196952|11.0
1402196975|11.0
1402196997|11.0
1402197019|11.062
1402197042|11.062
1402197064|11.062
1402197087|11.125
1402197109|11.125
1402197132|11.125
1402197154|11.125
1402197177|11.125
1402197199|11.125
1402197222|11.125
1402197244|11.125
1402197267|11.125
1402197289|11.125
1402197312|11.187
1402197334|11.187
1402197356|11.125
1402197379|11.187
1402197401|11.187
1402197424|11.187
1402197446|11.187
1402197469|11.25
1402197491|11.187
1402197514|11.25
1402197536|11.25
1402197559|11.187
1402197581|11.25
1402197604|11.25
1402197626|11.25
1402197649|11.25
1402197671|11.312
1402197693|11.25
1402197716|11.312
1402197738|11.312
1402197761|11.312
1402197783|11.312
1402197806|11.312
1402197828|11.375
1402197851|11.375
1402197873|11.375
1402197896|11.375
1402197918|11.375
1402197941|11.375
1402197963|11.375
1402197986|11.375
1402198008|11.437
1402198031|11.437
1402198053|11.375
1402198075|11.437
1402198098|11.437
1402198120|11.437
1402198143|11.437
1402198165|11.5
1402198188|11.5
1402198210|11.5
1402198233|11.5
1402198255|11.562
1402198278|11.5
1402198300|11.5
1402198323|11.5
1402198345|11.5
1402198368|11.5
1402198390|11.562
1402198412|11.562
1402198435|11.562
1402198458|11.625
1402198480|11.562
1402198503|11.562
1402198525|11.562
1402198548|11.625
1402198570|11.625
1402198592|11.625
1402198615|11.625
1402198637|11.625
1402198660|11.625
1402198682|11.625
1402198705|11.687
1402198727|11.687
1402198750|11.687
1402198772|11.687
1402198795|11.687
1402198817|11.75
1402198840|11.75
1402198862|11.75
1402198885|11.75
1402198907|11.812
1402198930|11.812
1402198952|11.812
1402198974|11.812
1402198997|11.875
1402199019|11.812
1402199042|11.812
1402199064|11.812
1402199087|11.812
1402199109|11.875
1402199132|11.875
1402199154|11.875
1402199177|11.875
1402199199|11.937
1402199222|11.937
1402199244|11.937
1402199266|11.937
1402199289|11.937
1402199311|12.0
1402199334|12.0
1402199356|12.0
1402199379|12.0
1402199401|12.0
1402199424|12.062
1402199446|12.062
1402199469|12.062
1402199491|12.062
1402199514|12.062
1402199536|12.062
1402199559|12.125
1402199581|12.125
1402199604|12.125
1402199626|12.187
1402199649|12.125
1402199671|12.125
1402199693|12.187
1402199716|12.187
1402199738|12.187
1402199761|12.187
1402199783|12.25
1402199806|12.25
1402199828|12.25
1402199851|12.312
1402199873|12.312
1402199896|12.312
1402199918|12.312
1402199941|12.312
1402199963|12.312
1402199986|12.312
1402200008|12.312
1402200030|12.375
1402200053|12.375
1402200075|12.437
1402200098|12.437
1402200120|12.437
1402200143|12.437
1402200165|12.437
1402200188|12.437
1402200210|12.5
1402200233|12.5
1402200255|12.5
1402200278|12.5
1402200300|12.5
1402200323|12.562
1402200345|12.562
1402200368|12.562
1402200390|12.625
1402200412|12.562
1402200435|12.625
1402200457|12.687
1402200480|12.687
1402200502|12.687
1402200525|12.687
1402200547|12.75
1402200570|12.75
1402200592|12.75
1402200615|12.75
1402200637|12.75
1402200660|12.812
1402200682|12.812
1402200705|12.812
1402200727|12.812
1402200749|12.875
1402200772|12.875
1402200794|12.875
1402200817|12.875
1402200839|12.875
1402200862|12.875
1402200884|12.875
1402200907|12.937
1402200929|13.0
1402200952|13.0
1402200974|13.0
1402200997|13.0
1402201019|13.0
1402201042|13.062
1402201064|13.062
1402201086|13.062
1402201109|13.062
1402201131|13.125
1402201154|13.125
1402201176|13.187
1402201199|13.187
1402201221|13.187
1402201244|13.187
1402201266|13.25
1402201289|13.25
1402201311|13.312
1402201334|13.25
1402201356|13.312
1402201379|13.312
1402201401|13.312
1402201423|13.375
1402201446|13.375
1402201468|13.375
1402201491|13.375
1402201513|13.437
1402201536|13.437
1402201558|13.5
1402201581|13.5
1402201603|13.5
1402201626|13.5
1402201648|13.5
1402201671|13.5
1402201693|13.562
1402201716|13.5
1402201738|13.562
1402201761|13.562
1402201783|13.562
1402201806|13.562
1402201828|13.625
1402201850|13.625
1402201873|13.625
1402201895|13.625
1402201918|13.687
1402201940|13.687
1402201963|13.687
1402201985|13.625
1402202008|13.687
1402202030|13.687
1402202053|13.687
1402202075|13.687
1402202098|13.687
1402202120|13.75
1402202143|13.687
1402202165|13.687
1402202187|13.687
1402202210|13.687
1402202232|13.75
1402202255|13.75
1402202277|13.75
1402202300|13.812
1402202322|13.875
1402202345|13.812
1402202367|13.875
1402202390|13.875
1402202412|13.875
1402202435|13.875
1402202457|13.875
1402202480|13.875
1402202502|13.875
1402202524|13.875
1402202547|13.937
1402202569|14.0
1402202592|14.0
1402202614|14.0
1402202637|14.0
1402202659|14.0
1402202682|14.0
1402202704|14.062
1402202727|14.062
1402202749|14.062
1402202772|14.062
1402202794|14.125
1402202817|14.125
1402202839|14.125
1402202861|14.187
1402202884|14.187
1402202906|14.187
1402202929|14.187
1402202951|14.25
1402202974|14.25
1402202996|14.25
1402203019|14.312
1402203041|14.312
1402203064|14.312
1402203086|14.312
1402203109|14.312
1402203131|14.312
1402203154|14.312
1402203176|14.375
1402203198|14.375
1402203221|14.375
1402203243|14.375
1402203266|14.437
1402203288|14.437
1402203311|14.437
1402203333|14.5
1402203356|14.5
1402203378|14.562
1402203401|14.562
1402203423|14.562
1402203446|14.562
1402203468|14.625
1402203491|14.625
1402203513|14.625
1402203536|14.625
1402203558|14.625
1402203580|14.625
1402203603|14.687
1402203625|14.687
1402203648|14.687
1402203670|14.687
1402203693|14.687
1402203715|14.75
1402203738|14.75
1402203760|14.812
1402203783|14.812
1402203805|14.812
1402203828|14.875
1402203850|14.875
1402203873|14.875
1402203895|14.875
1402203918|14.875
1402203940|14.875
1402203962|14.937
1402203985|15.0
1402204007|15.0
1402204030|15.0
1402204052|14.937
1402204075|15.0
1402204097|15.0
1402204120|15.0
1402204142|15.0
1402204165|15.062
1402204187|15.062
1402204210|15.0
1402204232|15.0
1402204255|15.0
1402204277|15.062
1402204299|15.062
1402204322|15.062
1402204344|15.125
1402204367|15.125
1402204389|15.062
1402204412|15.062
1402204434|15.125
1402204457|15.062
1402204479|15.125
1402204502|15.125
1402204524|15.125
1402204547|15.125
1402204569|15.125
1402204592|15.187
1402204614|15.187
1402204636|15.187
1402204659|15.187
1402204681|15.25
1402204704|15.25
1402204726|15.25
1402204749|15.25
1402204771|15.25
1402204794|15.25
1402204816|15.312
1402204839|15.25
1402204861|15.312
1402204884|15.312
1402204906|15.312
1402204929|15.375
1402204951|15.375
1402204973|15.375
1402204996|15.375
1402205018|15.437
1402205041|15.437
1402205063|15.5
1402205086|15.5
1402205108|15.5
1402205131|15.5
1402205153|15.5
1402205176|15.5
1402205198|15.5
1402205221|15.5
1402205243|15.5
1402205266|15.562
1402205288|15.562
1402205311|15.562
1402205333|15.562
1402205355|15.625
1402205378|15.625
1402205400|15.625
1402205423|15.625
1402205445|15.625
1402205468|15.687
1402205490|15.687
1402205513|15.687
1402205535|15.625
1402205558|15.625
1402205580|15.625
1402205603|15.687
1402205625|15.625
1402205648|15.687
1402205670|15.687
1402205692|15.687
1402205715|15.687
1402205737|15.75
1402205760|15.75
1402205782|15.75
1402205805|15.75
1402205827|15.812
1402205850|15.875
1402205872|15.812
1402205895|15.875
1402205917|15.937
1402205940|15.937
1402205962|16.0
1402205985|16.0
1402206007|16.062
1402206029|16.062
1402206052|16.062
1402206074|16.062
1402206097|16.125
1402206119|16.125
1402206142|16.187
1402206164|16.187
1402206187|16.125
1402206209|16.187
1402206232|16.25
1402206254|16.25
1402206277|16.312
1402206299|16.312
1402206322|16.312
1402206344|16.312
1402206367|16.312
1402206389|16.375
1402206412|16.312
1402206434|16.312
1402206456|16.312
1402206479|16.312
1402206501|16.312
1402206524|16.375
1402206546|16.375
1402206569|16.375
1402206591|16.437
1402206614|16.5
1402206636|16.5
1402206659|16.5
1402206681|16.5
1402206704|16.5
1402206726|16.5
1402206749|16.5
1402206771|16.562
1402206793|16.562
1402206816|16.562
1402206838|16.562
1402206861|16.625
1402206883|16.625
1402206906|16.625
1402206928|16.625
1402206951|16.625
1402206973|16.687
1402206996|16.687
1402207018|16.687
1402207041|16.687
1402207063|16.687
1402207086|16.687
1402207108|16.687
1402207130|16.687
1402207153|16.687
1402207175|16.687
1402207198|16.687
1402207220|16.687
1402207243|16.75
1402207265|16.75
1402207288|16.812
1402207310|16.812
1402207333|16.875
1402207355|16.875
1402207378|16.937
1402207400|16.875
1402207423|16.875
1402207445|16.875
1402207468|16.937
1402207490|16.937
1402207512|16.937
1402207535|16.937
1402207557|16.937
1402207580|16.937
1402207602|17.0
1402207625|17.0
1402207647|17.062
1402207670|17.062
1402207692|17.125
1402207715|17.125
1402207737|17.125
1402207760|17.125
1402207782|17.125
1402207805|17.125
1402207827|17.125
1402207850|17.187
1402207872|17.25
1402207894|17.25
1402207917|17.25
1402207939|17.312
1402207962|17.25
1402207984|17.312
1402208007|17.312
1402208029|17.25
1402208052|17.25
1402208074|17.312
1402208097|17.375
1402208119|17.375
1402208142|17.375
1402208164|17.437
1402208187|17.437
1402208209|17.5
1402208231|17.5
1402208254|17.5
1402208276|17.5
1402208299|17.562
1402208321|17.562
1402208344|17.625
1402208366|17.625
1402208389|17.562
1402208411|17.5
1402208434|17.5
1402208456|17.5
1402208479|17.5
1402208501|17.5
1402208524|17.437
1402208546|17.437
1402208568|17.562
1402208591|17.562
1402208613|17.562
1402208636|17.625
1402208658|17.625
1402208681|17.687
1402208703|17.687
1402208726|17.687
1402208748|17.687
1402208771|17.75
1402208793|17.687
1402208816|17.75
1402208838|17.75
1402208861|17.75
1402208883|17.812
1402208905|17.812
1402208928|17.812
1402208950|17.812
1402208973|17.812
1402208995|17.812
1402209018|17.812
1402209040|17.875
1402209063|17.875
1402209086|17.875
1402209108|17.937
1402209131|18.0
1402209153|18.062
1402209176|18.062
1402209198|18.125
1402209221|18.125
1402209243|18.125
1402209266|18.125
1402209288|18.187
1402209311|18.125
1402209333|18.125
1402209355|18.125
1402209378|18.125
1402209400|18.125
1402209423|18.125
1402209445|18.187
1402209468|18.187
1402209490|18.187
1402209513|18.25
1402209535|18.25
1402209558|18.25
1402209580|18.25
1402209603|18.25
1402209625|18.312
1402209648|18.312
1402209670|18.375
1402209692|18.375
1402209715|18.437
1402209737|18.437
1402209760|18.437
1402209782|18.437
1402209805|18.5
1402209827|18.5
1402209850|18.5
1402209872|18.5
1402209895|18.562
1402209917|18.562
1402209940|18.562
1402209962|18.625
1402209985|18.687
1402210007|18.687
1402210029|18.75
1402210052|18.687
1402210074|18.625
1402210097|18.625
1402210119|18.687
1402210142|18.75
1402210164|18.812
1402210187|18.812
1402210209|18.875
1402210232|18.875
1402210254|18.937
1402210277|18.937
1402210299|18.937
1402210322|18.937
1402210344|18.937
1402210366|18.937
1402210389|18.937
1402210412|19.0
1402210434|19.0
1402210456|19.062
1402210479|19.125
1402210501|19.125
1402210524|19.187
1402210546|19.187
1402210569|19.187
1402210591|19.125
1402210614|19.125
1402210636|19.187
1402210659|19.187
1402210681|19.25
1402210704|19.312
1402210726|19.312
1402210749|19.312
1402210771|19.312
1402210793|19.312
1402210816|19.375
1402210838|19.437
1402210861|19.437
1402210883|19.5
1402210906|19.5
1402210928|19.5
1402210951|19.437
1402210973|19.375
1402210996|19.312
1402211018|19.375
1402211041|19.375
1402211063|19.437
1402211086|19.437
1402211108|19.5
1402211130|19.562
1402211153|19.562
1402211175|19.625
1402211198|19.625
1402211220|19.625
1402211243|19.625
1402211265|19.625
1402211288|19.625
1402211310|19.625
1402211333|19.687
1402211355|19.687
1402211378|19.687
1402211400|19.75
1402211423|19.812
1402211445|19.75
1402211467|19.75
1402211490|19.625
1402211512|19.625
1402211535|19.625
1402211557|19.625
1402211580|19.687
1402211602|19.75
1402211625|19.75
1402211647|19.687
1402211670|19.75
1402211692|19.75
1402211715|19.75
1402211737|19.812
1402211760|19.812
1402211782|19.75
1402211804|19.75
1402211827|19.75
1402211849|19.687
1402211872|19.75
1402211894|19.75
1402211917|19.687
1402211939|19.75
1402211962|19.75
1402211984|19.75
1402212007|19.75
1402212029|19.75
1402212052|19.812
1402212074|19.812
1402212097|19.875
1402212119|19.875
1402212141|19.875
1402212164|19.937
1402212186|19.937
1402212209|19.937
1402212231|20.0
1402212254|20.0
1402212276|20.062
1402212299|20.062
1402212321|20.062
1402212344|20.062
1402212366|20.0
1402212389|20.062
1402212411|20.062
1402212434|20.062
1402212456|20.125
1402212479|20.125
1402212501|20.25
1402212523|20.25
1402212546|20.375
1402212568|20.375
1402212591|20.375
1402212613|20.375
1402212636|20.375
1402212658|20.437
1402212681|20.375
1402212703|20.437
1402212726|20.5
1402212748|20.5
1402212771|20.375
1402212793|20.312
1402212816|20.312
1402212838|20.375
1402212861|20.375
1402212883|20.375
1402212905|20.375
1402212928|20.437
1402212950|20.437
1402212973|20.5
1402212995|20.5
1402213018|20.625
1402213040|20.687
1402213063|20.75
1402213085|20.812
1402213108|20.875
1402213130|20.875
1402213153|20.875
1402213175|20.875
1402213198|20.875
1402213220|20.875
1402213243|20.875
1402213265|20.875
1402213287|20.937
1402213310|20.937
1402213332|20.937
1402213355|20.937
1402213377|21.0
1402213400|20.937
1402213422|21.0
1402213445|21.0
1402213467|21.062
1402213490|21.062
1402213512|21.0
1402213535|21.062
1402213557|21.0
1402213580|21.062
1402213602|21.062
1402213624|21.0
1402213647|21.062
1402213669|21.062
1402213692|21.062
1402213714|21.0
1402213737|21.0
1402213759|20.937
1402213782|20.937
1402213804|20.937
1402213827|20.937
1402213849|20.937
1402213872|20.937
1402213894|21.0
1402213917|21.0
1402213939|21.0
1402213961|21.062
1402213984|21.187
1402214006|21.187
1402214029|21.187
1402214051|21.25
1402214074|21.312
1402214096|21.437
1402214119|21.437
1402214141|21.437
1402214164|21.375
1402214186|21.437
1402214209|21.5
1402214231|21.562
1402214254|21.5
1402214276|21.5
1402214298|21.5
1402214321|21.5
1402214344|21.437
1402214366|21.437
1402214388|21.5
1402214411|21.5
1402214433|21.5
1402214456|21.437
1402214478|21.5
1402214501|21.5
1402214523|21.562
1402214546|21.562
1402214568|21.5
1402214591|21.5
1402214613|21.562
1402214636|21.562
1402214658|21.562
1402214681|21.562
1402214703|21.562
1402214725|21.562
1402214748|21.625
1402214770|21.625
1402214793|21.562
1402214815|21.562
1402214838|21.625
1402214860|21.625
1402214883|21.687
1402214905|21.687
1402214928|21.687
1402214950|21.75
1402214973|21.687
1402214995|21.687
1402215018|21.687
1402215040|21.687
1402215062|21.687
1402215085|21.687
1402215107|21.75
1402215130|21.75
1402215152|21.812
1402215175|21.875
1402215197|21.812
1402215220|21.812
1402215242|21.875
1402215265|21.875
1402215287|21.875
1402215310|21.812
1402215332|21.812
1402215355|21.875
1402215377|21.875
1402215399|21.875
1402215422|21.875
1402215444|21.875
1402215467|21.812
1402215489|21.812
1402215512|21.812
1402215534|21.875
1402215557|21.875
1402215579|21.875
1402215602|21.937
1402215624|21.937
1402215647|22.062
1402215669|22.062
1402215692|22.125
1402215714|22.125
1402215737|22.125
1402215759|22.062
1402215781|22.125
1402215804|22.125
1402215826|22.187
1402215849|22.187
1402215871|22.25
1402215894|22.25
1402215916|22.187
1402215939|22.187
1402215961|22.187
1402215984|22.125
1402216006|22.187
1402216029|22.25
1402216051|22.25
1402216074|22.25
1402216096|22.312
1402216118|22.375
1402216141|22.5
1402216163|22.437
1402216186|22.437
1402216208|22.437
1402216231|22.437
1402216253|22.437
1402216276|22.5
1402216298|22.562
1402216321|22.562
1402216343|22.562
1402216366|22.5
1402216388|22.5
1402216411|22.5
1402216433|22.562
1402216455|22.562
1402216478|22.625
1402216500|22.562
1402216523|22.437
1402216545|22.375
1402216568|22.312
1402216590|22.312
1402216613|22.25
1402216635|22.25
1402216658|22.25
1402216680|22.187
1402216703|22.25
1402216725|22.312
1402216748|22.375
1402216770|22.375
1402216793|22.5
1402216815|22.5
1402216837|22.437
1402216860|22.437
1402216882|22.375
1402216905|22.312
1402216927|22.375
1402216950|22.375
1402216972|22.437
1402216995|22.437
1402217017|22.437
1402217040|22.5
1402217062|22.5
1402217085|22.562
1402217107|22.562
1402217130|22.437
1402217152|22.437
1402217174|22.375
1402217197|22.375
1402217219|22.375
1402217242|22.375
1402217264|22.437
1402217287|22.562
1402217309|22.562
1402217332|22.5
1402217354|22.562
1402217377|22.625
1402217399|22.625
1402217422|22.562
1402217444|22.625
1402217467|22.625
1402217489|22.687
1402217512|22.75
1402217534|22.812
1402217556|22.937
1402217579|22.937
1402217601|22.937
1402217624|23.0
1402217646|22.875
1402217669|22.875
1402217691|22.937
1402217714|22.875
1402217736|22.875
1402217759|22.937
1402217781|23.0
1402217804|23.125
1402217826|23.125
1402217849|23.187
1402217871|23.062
1402217893|22.937
1402217916|22.875
1402217938|22.937
1402217961|23.0
1402217983|23.062
1402218006|23.062
1402218028|23.062
1402218051|23.0
1402218073|23.0
1402218096|23.062
1402218118|23.062
1402218141|23.187
1402218163|23.187
1402218186|23.25
1402218208|23.312
1402218230|23.312
1402218253|23.312
1402218275|23.312
1402218298|23.25
1402218320|23.25
1402218343|23.187
1402218365|23.187
1402218388|23.062
1402218410|23.187
1402218433|23.187
1402218455|23.25
1402218478|23.25
1402218500|23.187
1402218523|23.25
1402218545|23.312
1402218567|23.312
1402218590|23.375
1402218612|23.375
1402218635|23.5
1402218657|23.437
1402218680|23.437
1402218702|23.437
1402218725|23.437
1402218747|23.437
1402218770|23.437
1402218792|23.375
1402218815|23.375
1402218837|23.437
1402218860|23.437
1402218882|23.437
1402218904|23.437
1402218927|23.437
1402218949|23.437
1402218972|23.5
1402218994|23.5
1402219017|23.5
1402219039|23.5
1402219062|23.562
1402219084|23.437
1402219107|23.437
1402219129|23.5
1402219152|23.5
1402219174|23.5
1402219197|23.625
1402219219|23.687
1402219241|23.812
1402219264|23.687
1402219286|23.5
1402219309|23.5
1402219331|23.437
1402219354|23.5
1402219376|23.5
1402219399|23.562
1402219421|23.5
1402219444|23.562
1402219466|23.5
1402219489|23.5
1402219511|23.5
1402219534|23.5
1402219556|23.5
1402219579|23.562
1402219601|23.625
1402219624|23.562
1402219646|23.562
1402219668|23.687
1402219691|23.812
1402219713|23.812
1402219736|23.875
1402219758|23.812
1402219781|24.0
1402219803|24.0
1402219826|24.125
1402219848|24.125
1402219871|24.062
1402219893|23.875
1402219916|23.812
1402219938|23.687
1402219961|23.687
1402219983|23.812
1402220005|23.812
1402220028|23.937
1402220050|24.0
1402220073|24.125
1402220095|24.125
1402220118|24.187
1402220140|24.187
1402220163|24.125
1402220185|24.062
1402220208|24.125
1402220230|24.187
1402220253|24.312
1402220275|24.375
1402220298|24.375
1402220320|24.375
1402220342|24.375
1402220365|24.5
1402220387|24.687
1402220410|24.687
1402220432|24.625
1402220455|24.562
1402220477|24.625
1402220500|24.687
1402220522|24.687
1402220545|24.687
1402220567|24.562
1402220590|24.562
1402220612|24.562
1402220635|24.437
1402220657|24.375
1402220679|24.25
1402220702|24.125
1402220724|24.187
1402220747|24.187
1402220769|24.25
1402220792|24.375
1402220814|24.375
1402220837|24.375
1402220859|24.437
1402220882|24.437
1402220904|24.562
1402220927|24.75
1402220949|24.937
1402220972|24.937
1402220994|25.0
1402221016|24.875
1402221039|24.75
1402221061|24.562
1402221084|24.375
1402221106|24.312
1402221129|24.25
1402221151|24.312
1402221174|24.187
1402221196|24.25
1402221219|24.5
1402221241|24.562
1402221264|24.5
1402221286|24.437
1402221309|24.375
1402221331|24.375
1402221354|24.312
1402221376|24.312
1402221398|24.375
1402221421|24.312
1402221443|24.312
1402221466|24.25
1402221488|24.25
1402221511|24.187
1402221533|24.062
1402221556|24.0
1402221578|24.062
1402221601|24.187
1402221623|24.312
1402221646|24.375
1402221668|24.5
1402221691|24.687
1402221713|24.937
1402221735|25.125
1402221758|25.0
1402221780|24.937
1402221803|24.937
1402221825|25.187
1402221848|25.312
1402221870|25.5
1402221893|25.625
1402221915|25.625
1402221938|25.687
1402221960|25.562
1402221983|25.375
1402222005|25.312
1402222028|25.125
1402222050|25.062
1402222072|25.062
1402222095|25.187
1402222117|25.312
1402222140|25.437
1402222162|25.312
1402222185|25.187
1402222207|25.25
1402222230|25.312
1402222252|25.187
1402222275|25.125
1402222297|25.0
1402222320|24.875
1402222342|24.875
1402222365|24.937
1402222387|25.0
1402222410|25.062
1402222432|24.937
1402222455|24.875
1402222477|24.812
1402222499|24.812
1402222522|24.812
1402222544|24.937
1402222567|24.937
1402222589|25.062
1402222612|25.125
1402222634|25.25
1402222657|25.375
1402222679|25.375
1402222702|25.437
1402222724|25.437
1402222747|25.312
1402222769|25.312
1402222792|25.437
1402222814|25.625
1402222836|25.625
1402222859|25.5
1402222881|25.437
1402222904|25.5
1402222926|25.625
1402222949|25.5
1402222971|25.375
1402222994|25.312
1402223016|25.125
1402223039|25.062
1402223061|25.125
1402223084|25.125
1402223106|25.187
1402223129|25.375
1402223151|25.625
1402223173|25.687
1402223196|25.812
1402223218|25.812
1402223241|25.75
1402223263|25.75
1402223286|25.687
1402223308|25.625
1402223331|25.5
1402223353|25.375
1402223376|25.312
1402223398|25.375
1402223421|25.375
1402223443|25.25
1402223466|25.125
1402223489|24.937
1402223511|25.0
1402223534|24.937
1402223556|24.875
1402223579|24.687
1402223601|24.812
1402223623|24.937
1402223646|25.187
1402223668|25.375
1402223691|25.562
1402223713|25.687
1402223736|25.75
1402223758|25.75
1402223781|25.75
1402223803|25.625
1402223826|25.375
1402223848|25.187
1402223871|25.062
1402223893|24.937
1402223916|25.0
1402223938|25.125
1402223961|25.25
1402223983|25.187
1402224005|25.187
1402224028|25.375
1402224050|25.687
1402224073|25.875
1402224095|26.0
1402224118|26.125
1402224140|26.125
1402224163|26.312
1402224185|26.5
1402224208|26.687
1402224230|26.875
1402224253|26.937
1402224275|27.125
1402224298|27.187
1402224320|27.187
1402224343|27.25
1402224365|27.312
1402224388|27.5
1402224410|27.437
1402224433|27.312
1402224455|27.187
1402224478|27.125
1402224500|26.937
1402224523|26.937
1402224545|26.875
1402224568|27.0
1402224590|27.0
1402224612|27.187
1402224635|27.312
1402224657|27.312
1402224680|27.437
1402224702|27.562
1402224725|27.687
1402224747|27.687
1402224770|27.75
1402224792|27.875
1402224815|27.937
1402224837|27.875
1402224860|27.937
1402224882|28.062
1402224905|27.937
1402224927|28.187
1402224950|28.312
1402224972|28.25
1402224994|28.25
1402225017|28.25
1402225039|28.25
1402225062|28.375
1402225084|28.437
1402225107|28.5
1402225129|28.5
1402225152|28.562
1402225174|28.5
1402225197|28.562
1402225219|28.687
1402225242|28.687
1402225264|28.562
1402225287|28.5
1402225309|28.375
1402225332|28.437
1402225354|28.562
1402225376|28.625
1402225399|28.75
1402225421|28.937
1402225444|28.937
1402225466|28.812
1402225489|28.937
1402225511|29.0
1402225534|29.062
1402225556|29.125
1402225579|29.187
1402225601|29.187
1402225624|29.187
1402225646|29.25
1402225669|29.125
1402225691|29.125
1402225713|29.25
1402225736|29.312
1402225758|29.375
1402225781|29.375
1402225803|29.187
1402225826|29.375
1402225848|29.5
1402225871|29.562
1402225893|29.75
1402225916|29.75
1402225938|29.687
1402225961|29.562
1402225983|29.437
1402226006|29.375
1402226028|29.375
1402226050|29.5
1402226073|29.625
1402226095|29.625
1402226118|29.75
1402226140|29.875
1402226163|29.937
1402226185|30.062
1402226208|30.125
1402226230|30.375
1402226253|30.437
1402226275|30.437
1402226298|30.312
1402226320|30.562
1402226343|30.75
1402226365|30.812
1402226387|30.75
1402226410|30.75
1402226432|30.875
1402226455|30.812
1402226477|30.812
1402226500|31.0
1402226522|31.187
1402226545|31.125
1402226567|31.062
1402226590|31.125
1402226612|31.187
1402226635|31.25
1402226657|31.312
1402226680|31.062
1402226702|31.0
1402226725|31.062
1402226747|30.875
1402226770|30.75
1402226792|30.75
1402226814|30.812
1402226837|30.937
1402226859|30.75
1402226882|30.625
1402226904|30.625
1402226927|30.437
1402226949|29.875
1402226972|29.937
1402226994|29.875
1402227017|29.75
1402227039|29.75
1402227062|29.625
1402227084|29.562
1402227107|29.562
1402227129|29.812
1402227151|30.062
1402227174|30.0
1402227196|29.937
1402227219|30.062
1402227241|29.812
1402227264|29.562
1402227286|29.687
1402227309|29.687
1402227331|29.687
1402227354|29.625
1402227376|29.625
1402227399|29.625
1402227421|29.562
1402227444|29.5
1402227466|29.625
1402227488|29.375
1402227511|29.375
1402227533|29.187
1402227556|28.812
1402227578|28.812
1402227601|29.0
1402227623|28.875
1402227646|28.937
1402227668|28.875
1402227691|28.937
1402227713|29.062
1402227736|29.125
1402227758|29.375
1402227781|29.312
1402227803|29.437
1402227825|29.437
1402227848|29.5
1402227870|29.5
1402227893|29.625
1402227915|29.75
1402227938|29.562
1402227960|29.625
1402227983|29.437
1402228005|29.375
1402228028|29.375
1402228050|29.5
1402228073|29.375
1402228095|29.562
1402228118|29.812
1402228140|30.062
1402228162|30.25
1402228185|30.375
1402228207|30.062
1402228230|30.25
1402228252|30.187
1402228275|30.25
1402228297|30.25
1402228320|30.125
1402228342|30.25
1402228365|30.25
1402228387|30.125
1402228410|29.937
1402228432|29.937
1402228455|29.812
1402228477|29.75
1402228500|29.625
1402228522|29.625
1402228544|29.625
1402228567|29.687
1402228589|29.812
1402228612|29.687
1402228634|29.437
1402228657|29.375
1402228679|29.562
1402228702|29.625
1402228724|29.75
1402228747|29.75
1402228769|30.0
1402228792|30.062
1402228814|29.875
1402228837|30.187
1402228859|30.062
1402228881|29.937
1402228904|29.875
1402228926|29.875
1402228949|29.812
1402228971|29.937
1402228994|30.125
1402229016|30.062
1402229039|30.0
1402229061|29.5
1402229084|29.062
1402229106|28.937
1402229129|28.812
1402229151|28.562
1402229174|28.375
1402229196|28.25
1402229219|28.125
1402229241|28.125
1402229264|28.0
1402229286|28.0
1402229308|28.0
1402229331|28.187
1402229353|28.125
1402229376|28.125
1402229398|27.937
1402229421|27.75
1402229443|27.75
1402229466|27.687
1402229488|27.875
1402229511|28.187
1402229533|28.5
1402229556|28.625
1402229578|28.812
1402229601|28.937
1402229623|29.125
1402229645|29.0
1402229668|29.187
1402229690|29.375
1402229713|29.625
1402229735|29.937
1402229758|30.0
1402229780|30.062
1402229803|30.125
1402229825|30.25
1402229848|30.437
1402229870|30.75
1402229893|30.937
1402229915|31.25
1402229938|31.5
1402229960|31.375
1402229982|31.25
1402230005|31.062
1402230027|31.187
1402230050|31.0
1402230072|31.125
1402230095|31.062
1402230117|30.562
1402230140|30.125
1402230162|29.937
1402230185|30.0
1402230207|30.312
1402230230|30.375
1402230252|30.625
1402230275|30.75
1402230297|30.687
1402230319|30.937
1402230342|31.062
1402230364|31.125
1402230387|31.25
1402230409|31.5
1402230432|31.625
1402230454|31.687
1402230477|32.062
1402230499|32.187
1402230522|32.375
1402230544|32.5
1402230567|32.687
1402230589|33.0
1402230612|33.125
1402230634|32.812
1402230657|32.5
1402230679|32.312
1402230701|32.437
1402230724|32.0
1402230746|31.562
1402230769|31.062
1402230791|30.812
1402230814|30.312
1402230836|30.062
1402230859|29.562
1402230881|29.25
1402230904|29.125
1402230926|29.125
1402230949|29.062
1402230971|29.187
1402230994|29.5
1402231016|29.812
1402231039|29.812
1402231061|29.687
1402231083|29.875
1402231106|30.25
1402231128|30.5
1402231151|30.5
1402231173|30.625
1402231196|30.625
1402231218|30.75
1402231241|30.687
1402231264|30.812
1402231286|31.062
1402231309|31.062
1402231331|30.937
1402231354|30.562
1402231376|30.687
1402231399|31.0
1402231421|31.125
1402231444|31.187
1402231466|31.375
1402231489|31.375
1402231511|31.5
1402231534|31.625
1402231556|31.75
1402231579|31.687
1402231601|31.75
1402231623|31.812
1402231646|31.875
1402231668|31.937
1402231691|32.0
1402231713|31.75
1402231736|31.5
1402231758|31.312
1402231781|31.125
1402231803|31.0
1402231826|30.937
1402231848|31.062
1402231871|31.125
1402231893|30.812
1402231916|30.75
1402231938|30.75
1402231961|30.625
1402231983|30.437
1402232005|30.75
1402232028|30.812
1402232050|30.812
1402232073|30.812
1402232095|30.875
1402232118|31.187
1402232140|31.375
1402232163|31.312
1402232185|31.437
1402232208|31.312
1402232230|31.562
1402232253|31.875
1402232275|32.062
1402232298|32.5
1402232320|32.812
1402232342|33.125
1402232365|33.312
1402232387|33.312
1402232410|33.437
1402232432|33.437
1402232455|33.562
1402232477|33.437
1402232500|33.375
1402232522|33.25
1402232545|33.125
1402232567|33.187
1402232590|33.125
1402232612|33.187
1402232635|33.062
1402232657|33.25
1402232679|33.375
1402232702|33.0
1402232724|32.75
1402232747|32.187
1402232769|32.062
1402232792|31.812
1402232814|31.437
1402232837|31.375
1402232859|30.875
1402232882|30.75
1402232904|30.625
1402232927|30.562
1402232949|30.562
1402232972|30.437
1402232994|30.562
1402233016|30.312
1402233039|30.5
1402233061|30.75
1402233084|30.937
1402233106|31.0
1402233129|31.187
1402233151|31.062
1402233174|31.0
1402233196|31.125
1402233219|31.25
1402233241|31.25
1402233264|31.187
1402233286|31.0
1402233309|31.125
1402233331|31.125
1402233353|30.75
1402233376|30.937
1402233398|31.187
1402233421|31.0
1402233443|30.687
1402233466|30.625
1402233488|30.437
1402233511|30.375
1402233533|30.187
1402233556|30.25
1402233578|30.125
1402233601|30.125
1402233623|30.0
1402233646|30.0
1402233668|29.687
1402233691|29.687
1402233713|30.0
1402233736|30.187
1402233758|30.437
1402233780|30.625
1402233803|30.687
1402233825|30.687
1402233848|30.75
1402233870|31.125
1402233893|31.375
1402233915|31.312
1402233938|30.875
1402233960|30.75
1402233983|30.875
1402234005|30.875
1402234028|30.812
1402234050|30.562
1402234073|30.562
1402234095|30.937
1402234117|31.0
1402234140|31.25
1402234162|30.937
1402234185|31.0
1402234207|31.0
1402234230|31.375
1402234252|31.625
1402234275|31.562
1402234297|31.187
1402234320|31.375
1402234342|31.5
1402234365|31.437
1402234387|31.125
1402234410|31.125
1402234432|31.25
1402234454|31.187
1402234477|30.937
1402234499|31.125
1402234522|31.25
1402234544|31.75
1402234567|32.125
1402234589|32.125
1402234612|32.812
1402234634|33.125
1402234657|33.437
1402234679|33.625
1402234702|33.437
1402234724|33.562
1402234747|33.687
1402234769|33.625
1402234791|33.937
1402234814|34.187
1402234836|34.375
1402234859|34.375
1402234881|34.687
1402234904|34.562
1402234926|34.562
1402234949|34.437
1402234971|34.5
1402234994|34.625
1402235016|34.625
1402235039|34.5
1402235061|34.625
1402235084|34.562
1402235106|34.062
1402235129|33.937
1402235151|33.937
1402235173|34.25
1402235196|34.062
1402235218|34.312
1402235241|34.437
1402235263|34.5
1402235286|34.625
1402235308|34.437
1402235331|34.375
1402235353|34.625
1402235376|34.812
1402235398|34.812
1402235421|34.937
1402235443|34.625
1402235466|34.875
1402235488|35.125
1402235510|34.75
1402235533|34.625
1402235555|34.625
1402235578|34.625
1402235600|34.5
1402235623|34.437
1402235645|34.562
1402235668|34.875
1402235690|34.687
1402235713|34.625
1402235735|34.625
1402235758|34.812
1402235780|34.812
1402235803|34.125
1402235825|34.125
1402235848|34.062
1402235870|33.812
1402235892|33.875
1402235915|33.875
1402235937|33.812
1402235960|33.5
1402235982|33.687
1402236005|33.75
1402236027|33.687
1402236050|33.625
1402236072|33.687
1402236095|33.687
1402236117|33.75
1402236140|33.75
1402236162|33.75
1402236185|33.875
1402236207|33.875
1402236230|33.937
1402236252|34.062
1402236274|34.187
1402236297|34.187
1402236319|34.125
1402236342|34.125
1402236364|34.187
1402236387|34.062
1402236409|34.125
1402236432|34.375
1402236454|34.687
1402236477|34.875
1402236499|34.937
1402236522|34.687
1402236544|34.625
1402236567|34.812
1402236589|34.437
1402236611|34.375
1402236634|34.062
1402236656|33.937
1402236679|33.812
1402236701|34.0
1402236724|34.0
1402236746|34.25
1402236769|34.5
1402236791|34.5
1402236814|34.125
1402236836|34.187
1402236859|34.062
1402236881|34.187
1402236904|34.437
1402236926|34.312
1402236948|34.125
1402236971|34.312
1402236993|34.25
1402237016|34.25
1402237038|34.312
1402237061|34.25
1402237083|34.25
1402237106|34.187
1402237128|34.062
1402237151|34.187
1402237173|34.25
1402237196|34.125
1402237218|34.375
1402237241|34.187
1402237263|34.125
1402237285|34.125
1402237308|33.937
1402237330|34.0
1402237353|33.937
1402237375|33.875
1402237398|33.687
1402237420|33.75
1402237443|33.812
1402237465|33.5
1402237488|33.437
1402237510|33.437
1402237533|33.5
1402237555|33.5
1402237578|33.187
1402237600|33.312
1402237622|33.25
1402237645|33.5
1402237667|33.562
1402237690|33.687
1402237712|33.812
1402237735|33.875
1402237757|34.062
1402237780|33.937
1402237802|33.937
1402237825|34.0
1402237847|34.062
1402237870|33.562
1402237893|33.375
1402237915|33.062
1402237938|32.75
1402237960|32.562
1402237983|32.625
1402238005|32.687
1402238027|32.687
1402238050|32.375
1402238072|32.375
1402238095|32.312
1402238117|32.125
1402238140|32.125
1402238162|32.062
1402238185|32.062
1402238207|31.875
1402238230|31.75
1402238252|31.812
1402238275|31.875
1402238297|32.0
1402238320|32.125
1402238342|31.937
1402238364|32.0
1402238387|32.125
1402238409|32.25
1402238432|31.937
1402238454|32.062
1402238477|32.187
1402238499|32.25
1402238522|32.062
1402238544|31.937
1402238567|31.812
1402238589|31.812
1402238612|31.875
1402238634|31.812
1402238657|32.0
1402238679|31.937
1402238701|31.875
1402238724|31.875
1402238746|32.062
1402238769|32.125
1402238791|32.0
1402238814|32.25
1402238836|32.125
1402238859|32.187
1402238881|32.25
1402238904|31.937
1402238926|31.625
1402238949|31.562
1402238971|31.625
1402238994|31.625
1402239016|31.75
1402239038|31.562
1402239061|31.5
1402239083|31.437
1402239106|31.437
1402239128|31.75
1402239151|31.75
1402239173|31.812
1402239196|31.812
1402239218|31.812
1402239241|31.687
1402239263|31.5
1402239286|31.5
1402239308|31.687
1402239331|31.75
1402239353|31.75
1402239375|31.75
1402239398|31.875
1402239420|31.687
1402239443|31.812
1402239465|31.937
1402239488|31.937
1402239510|32.125
1402239533|32.125
1402239555|32.0
1402239578|31.875
1402239600|32.125
1402239623|32.0
1402239645|31.937
1402239668|32.0
1402239690|32.375
1402239712|32.437
1402239735|33.0
1402239757|33.187
1402239780|32.812
1402239802|32.812
1402239825|33.0
1402239847|33.375
1402239870|33.375
1402239892|33.125
1402239915|33.062
1402239937|32.937
1402239960|32.75
1402239982|32.937
1402240005|32.875
1402240027|33.0
1402240050|33.375
1402240072|33.375
1402240094|33.75
1402240117|33.875
1402240139|33.937
1402240162|34.0
1402240184|33.75
1402240207|33.812
1402240229|34.312
1402240252|34.375
1402240274|34.5
1402240297|34.375
1402240319|34.375
1402240342|34.25
1402240364|34.187
1402240387|34.187
1402240409|34.375
1402240432|34.437
1402240454|34.375
1402240477|34.375
1402240499|34.375
1402240521|34.5
1402240544|34.375
1402240566|34.562
1402240589|34.562
1402240611|34.875
1402240634|35.125
1402240656|35.375
1402240679|35.625
1402240701|35.625
1402240724|35.937
1402240746|35.812
1402240769|36.437
1402240791|36.375
1402240814|36.25
1402240836|36.25
1402240858|35.937
1402240881|36.0
1402240903|36.062
1402240926|36.187
1402240948|36.0
1402240971|36.0
1402240993|36.312
1402241016|36.562
1402241038|36.5
1402241061|36.437
1402241083|36.437
1402241106|36.187
1402241128|36.125
1402241151|36.0
1402241173|36.125
1402241195|36.125
1402241218|36.437
1402241240|36.5
1402241263|36.625
1402241285|36.75
1402241308|36.812
1402241330|36.562
1402241353|36.5
1402241375|37.062
1402241398|36.625
1402241420|36.5
1402241443|36.562
1402241465|36.5
1402241488|36.375
1402241510|36.437
1402241532|36.625
1402241555|36.625
1402241577|36.625
1402241600|36.875
1402241622|36.875
1402241645|36.812
1402241667|37.0
1402241690|37.0
1402241712|37.312
1402241735|37.687
1402241757|38.0
1402241780|37.937
1402241802|38.75
1402241825|38.75
1402241847|38.875
1402241869|38.75
1402241892|38.562
1402241914|38.562
1402241937|38.687
1402241959|38.875
1402241982|39.062
1402242004|39.25
1402242027|39.687
1402242049|39.687
1402242072|39.437
1402242094|39.062
1402242117|39.375
1402242139|39.75
1402242162|40.312
1402242184|40.5
1402242206|40.312
1402242229|40.0
1402242251|40.375
1402242274|41.062
1402242296|40.937
1402242319|40.75
1402242341|40.812
1402242364|41.062
1402242386|41.625
1402242409|42.25
1402242431|42.187
1402242454|42.125
1402242476|41.937
1402242499|41.937
1402242521|42.125
1402242544|41.875
1402242566|41.875
1402242589|42.437
1402242611|42.187
1402242633|41.812
1402242656|41.875
1402242678|41.937
1402242701|41.812
1402242723|41.625
1402242746|41.937
1402242768|41.812
1402242791|41.812
1402242813|41.812
1402242836|40.687
1402242858|40.562
1402242881|40.437
1402242903|39.562
1402242926|39.562
1402242948|39.562
1402242970|39.937
1402242993|40.187
1402243015|40.562
1402243038|40.812
1402243060|40.562
1402243083|40.0
1402243105|39.75
1402243128|39.187
1402243150|38.937
1402243173|39.125
1402243195|38.625
1402243218|38.437
1402243240|38.875
1402243263|39.375
1402243285|38.812
1402243307|39.125
1402243330|39.187
1402243352|39.5
1402243375|40.0
1402243397|39.75
1402243420|39.25
1402243442|39.562
1402243465|39.687
1402243487|39.187
1402243510|38.75
1402243532|38.625
1402243555|38.375
1402243577|38.0
1402243600|38.187
1402243622|38.562
1402243645|38.562
1402243667|38.875
1402243689|39.0
1402243712|39.125
1402243734|39.125
1402243757|39.375
1402243779|39.75
1402243802|39.687
1402243824|39.25
1402243847|39.625
1402243869|40.187
1402243892|40.25
1402243914|40.187
1402243937|39.875
1402243959|40.0
1402243982|40.0
1402244004|39.937
1402244026|39.75
1402244049|39.312
1402244071|39.062
1402244094|38.875
1402244116|38.875
1402244139|38.5
1402244161|38.5
1402244184|38.062
1402244206|37.437
1402244229|37.437
1402244251|37.562
1402244274|37.5
1402244296|38.0
1402244319|38.687
1402244341|38.812
1402244363|38.875
1402244386|38.937
1402244408|39.437
1402244431|39.562
1402244453|40.125
1402244476|40.0
1402244498|40.812
1402244521|41.375
1402244543|41.437
1402244566|41.625
1402244588|41.812
1402244611|42.062
1402244633|41.187
1402244656|40.437
1402244678|40.187
1402244700|40.187
1402244723|40.437
1402244745|40.687
1402244768|41.25
1402244790|41.187
1402244813|40.687
1402244835|40.812
1402244858|41.375
1402244880|40.875
1402244903|40.875
1402244925|40.875
1402244948|40.937
1402244970|40.812
1402244993|39.875
1402245015|39.25
1402245038|39.625
1402245060|39.75
1402245083|38.875
1402245105|39.125
1402245127|39.437
1402245150|39.687
1402245172|40.125
1402245195|40.187
1402245217|40.562
1402245240|41.0
1402245262|40.812
1402245285|40.437
1402245307|40.25
1402245330|40.187
1402245352|40.375
1402245375|40.312
1402245397|40.0
1402245420|40.187
1402245442|40.625
1402245464|40.687
1402245487|40.875
1402245509|41.187
1402245532|41.062
1402245554|41.625
1402245577|41.937
1402245599|41.437
1402245622|41.625
1402245644|41.437
1402245667|40.75
1402245689|40.062
1402245712|39.562
1402245734|40.0
1402245757|40.625
1402245779|40.312
1402245801|40.0
1402245824|40.437
1402245846|40.25
1402245869|39.875
1402245891|40.437
1402245914|40.25
1402245936|40.187
1402245959|39.562
1402245981|39.312
1402246004|38.812
1402246026|39.0
1402246049|39.25
1402246071|39.437
1402246094|39.5
1402246116|40.125
1402246138|40.312
1402246161|40.687
1402246184|39.125
1402246206|38.437
1402246228|38.562
1402246251|39.062
1402246273|38.937
1402246296|39.125
1402246318|39.312
1402246341|39.25
1402246363|39.125
1402246386|39.75
1402246408|40.312
1402246431|40.375
1402246453|40.625
1402246476|40.062
1402246498|40.187
1402246521|40.437
1402246543|40.625
1402246565|40.75
1402246588|40.625
1402246610|39.812
1402246633|39.187
1402246655|39.375
1402246678|39.437
1402246700|39.062
1402246723|38.562
1402246745|38.187
1402246768|37.25
1402246790|37.5
1402246813|37.062
1402246835|37.125
1402246858|37.375
1402246880|37.75
1402246902|37.875
1402246925|37.875
1402246947|38.375
1402246970|38.687
1402246992|39.062
1402247015|39.5
1402247037|39.0
1402247060|38.75
1402247082|38.625
1402247105|38.125
1402247127|38.312
1402247150|38.25
1402247172|38.375
1402247195|38.062
1402247217|37.937
1402247239|38.625
1402247262|38.875
1402247284|38.562
1402247307|38.375
1402247329|38.562
1402247352|38.562
1402247374|38.687
1402247397|38.062
1402247419|37.937
1402247442|38.312
1402247464|38.687
1402247487|38.062
1402247509|37.875
1402247532|38.062
1402247554|38.125
1402247577|38.062
1402247599|37.5
1402247621|37.687
1402247644|38.0
1402247666|38.25
1402247689|38.125
1402247711|37.812
1402247734|38.062
1402247756|37.875
1402247779|37.312
1402247801|36.937
1402247824|36.937
1402247846|36.875
1402247869|37.312
1402247891|37.312
1402247914|37.562
1402247936|38.0
1402247958|38.25
1402247981|38.187
1402248003|37.25
1402248026|37.375
1402248048|36.75
1402248071|36.75
1402248093|36.75
1402248116|36.812
1402248138|36.937
1402248161|36.625
1402248183|36.187
1402248206|36.0
1402248228|36.5
1402248251|36.875
1402248273|36.75
1402248295|36.312
1402248318|36.5
1402248340|37.062
1402248363|37.375
1402248385|37.562
1402248408|37.5
1402248430|37.25
1402248453|37.375
1402248475|37.5
1402248498|37.062
1402248520|36.875
1402248543|37.25
1402248565|37.062
1402248588|37.062
1402248610|37.312
1402248632|37.312
1402248655|37.687
1402248677|37.75
1402248700|38.125
1402248722|37.875
1402248745|37.625
1402248767|37.687
1402248790|37.687
1402248812|37.625
1402248835|37.062
1402248857|36.5
1402248880|36.062
1402248902|35.562
1402248925|35.312
1402248947|35.062
1402248970|34.687
1402248992|34.0
1402249014|33.687
1402249037|34.0
1402249059|33.562
1402249082|33.125
1402249104|32.937
1402249127|32.75
1402249149|32.75
1402249172|32.375
1402249194|32.375
1402249217|31.437
1402249239|31.062
1402249262|30.75
1402249284|30.375
1402249307|30.25
1402249329|30.062
1402249352|29.875
1402249374|29.75
1402249396|29.562
1402249419|29.312
1402249441|29.0
1402249464|28.875
1402249486|28.75
1402249509|28.5
1402249531|28.375
1402249554|28.25
1402249576|28.062
1402249599|28.0
1402249621|27.562
1402249644|27.437
1402249666|27.312
1402249689|27.062
1402249711|27.062
1402249733|27.0
1402249756|27.062
1402249778|27.0
1402249801|26.937
1402249823|26.937
1402249846|26.875
1402249868|26.75
1402249891|26.625
1402249913|26.687
1402249936|26.812
1402249958|26.812
1402249981|26.75
1402250003|26.687
1402250026|26.687
1402250048|26.75
1402250070|26.625
1402250093|26.625
1402250115|26.562
1402250138|26.437
1402250160|26.437
1402250183|26.437
1402250205|26.437
1402250228|26.625
1402250250|26.812
1402250273|26.875
1402250295|26.875
1402250318|26.875
1402250340|26.937
1402250363|27.0
1402250385|26.937
1402250408|26.937
1402250430|27.062
1402250453|27.062
1402250475|27.125
1402250497|27.187
1402250520|27.312
1402250542|27.312
1402250565|27.312
1402250587|27.562
1402250610|27.437
1402250632|27.25
1402250655|27.125
1402250677|27.0
1402250700|27.0
1402250722|26.875
1402250745|26.687
1402250767|26.562
1402250790|26.5
1402250812|26.5
1402250834|26.437
1402250857|26.375
1402250879|26.375
1402250902|26.375
1402250924|26.437
1402250947|26.437
1402250969|26.5
1402250992|26.375
1402251014|26.437
1402251037|26.5
1402251059|26.375
1402251082|26.187
1402251104|26.187
1402251127|26.25
1402251149|26.187
1402251171|26.187
1402251194|26.125
1402251216|26.125
1402251239|26.062
1402251261|25.937
1402251284|26.0
1402251306|26.062
1402251329|25.937
1402251351|25.875
1402251374|25.812
1402251396|26.062
1402251419|26.062
1402251441|26.125
1402251464|26.187
1402251486|26.187
1402251508|26.187
1402251531|26.312
1402251553|26.687
1402251576|26.937
1402251598|27.187
1402251621|27.312
1402251643|27.625
1402251666|28.0
1402251688|28.0
1402251711|28.5
1402251733|28.687
1402251756|28.937
1402251778|29.125
1402251801|29.375
1402251823|29.375
1402251845|29.562
1402251868|29.5
1402251890|29.5
1402251913|29.562
1402251935|29.687
1402251958|29.562
1402251980|29.562
1402252003|28.875
1402252025|29.0
1402252048|29.125
1402252070|29.125
1402252093|29.187
1402252115|29.125
1402252138|29.187
1402252160|29.0
