1403029888|18.062
1403029911|18.125
1403029933|18.062
1403029956|18.062
1403029978|18.062
1403030001|18.0
1403030023|18.062
1403030046|18.062
1403030068|18.25
1403030091|18.312
1403030113|18.375
1403030136|18.375
1403030158|18.375
1403030181|18.375
1403030203|18.437
1403030226|18.5
1403030248|18.625
1403030271|18.687
1403030293|18.812
1403030316|19.062
1403030338|19.187
1403030361|19.25
1403030383|19.25
1403030406|19.312
1403030428|19.437
1403030450|19.625
1403030473|19.625
1403030495|19.812
1403030518|20.062
1403030540|20.375
1403030563|20.687
1403030585|20.875
1403030608|21.062
1403030630|21.125
1403030653|21.187
1403030675|21.375
1403030698|21.437
1403030720|21.75
1403030743|21.937
1403030765|22.0
1403030787|22.0
1403030810|21.875
1403030832|21.812
1403030855|21.687
1403030877|21.625
1403030900|21.562
1403030922|21.437
1403030945|21.375
1403030967|21.25
1403030990|21.312
1403031012|21.187
1403031035|21.0
1403031057|21.0
1403031080|20.875
1403031102|20.75
1403031124|20.562
1403031147|20.437
1403031169|20.375
1403031192|20.125
1403031214|20.0
1403031237|19.875
1403031259|19.687
1403031282|19.562
1403031304|19.5
1403031327|19.5
1403031349|19.375
1403031372|19.375
1403031394|19.375
1403031417|19.312
1403031439|19.25
1403031461|19.187
1403031484|19.062
1403031506|19.062
1403031529|19.0
1403031551|18.937
1403031574|19.0
1403031596|18.875
1403031619|18.875
1403031641|18.875
1403031664|18.937
1403031686|18.812
1403031709|18.812
1403031731|18.875
1403031754|18.875
1403031776|18.75
1403031799|18.75
1403031821|18.687
1403031843|18.562
1403031866|18.437
1403031888|18.312
1403031911|18.312
1403031933|18.25
1403031956|18.187
1403031978|18.125
1403032001|18.062
1403032023|18.0
1403032046|17.937
1403032068|17.937
1403032091|17.812
1403032113|17.812
1403032136|17.812
1403032158|17.812
1403032180|17.812
1403032203|17.75
1403032225|17.687
1403032248|17.687
1403032270|17.625
1403032293|17.562
1403032315|17.5
1403032338|17.437
1403032360|17.375
1403032383|17.437
1403032405|17.5
1403032428|17.562
1403032450|17.625
1403032473|17.562
1403032495|17.5
1403032517|17.437
1403032540|17.375
1403032562|17.375
1403032585|17.312
1403032607|17.25
1403032630|17.312
1403032652|17.25
1403032675|17.25
1403032697|17.25
1403032720|17.312
1403032742|17.25
1403032765|17.25
1403032787|17.187
1403032810|17.187
1403032832|17.125
1403032854|17.125
1403032877|17.062
1403032899|17.062
1403032922|17.062
1403032944|17.0
1403032967|16.937
1403032989|16.875
1403033012|16.875
1403033034|16.812
1403033057|16.812
1403033079|16.75
1403033102|16.687
1403033124|16.687
1403033147|16.625
1403033169|16.625
1403033191|16.562
1403033214|16.562
1403033236|16.5
1403033259|16.5
1403033281|16.437
1403033304|16.375
1403033326|16.312
1403033349|16.187
1403033371|16.187
1403033394|16.062
1403033416|16.062
1403033439|16.062
1403033461|16.0
1403033484|16.0
1403033506|16.0
1403033529|15.937
1403033551|15.937
1403033574|15.875
1403033596|15.875
1403033618|15.812
1403033641|15.812
1403033663|15.812
1403033686|15.812
1403033708|15.812
1403033731|15.812
1403033753|15.75
1403033776|15.687
1403033798|15.75
1403033821|15.687
1403033843|15.687
1403033866|15.687
1403033888|15.625
1403033911|15.625
1403033933|15.625
1403033955|15.625
1403033978|15.562
1403034000|15.562
1403034023|15.5
1403034045|15.437
1403034068|15.437
1403034090|15.437
1403034113|15.375
1403034135|15.375
1403034158|15.312
1403034180|15.25
1403034203|15.25
1403034225|15.187
1403034248|15.187
1403034270|15.125
1403034292|15.125
1403034315|15.062
1403034337|15.062
1403034360|15.062
1403034382|15.0
1403034405|15.0
1403034427|15.062
1403034450|15.062
1403034472|15.0
1403034495|15.0
1403034517|15.0
1403034540|14.937
1403034562|14.937
1403034585|14.875
1403034607|14.812
1403034630|14.812
1403034652|14.812
1403034675|14.75
1403034697|14.75
1403034719|14.687
1403034742|14.687
1403034764|14.625
1403034787|14.625
1403034809|14.562
1403034832|14.5
1403034854|14.5
1403034877|14.5
1403034899|14.5
1403034922|14.5
1403034944|14.5
1403034967|14.437
1403034989|14.437
1403035012|14.437
1403035034|14.375
1403035056|14.375
1403035079|14.375
1403035101|14.312
1403035124|14.312
1403035146|14.312
1403035169|14.312
1403035191|14.312
1403035214|14.25
1403035236|14.312
1403035259|14.312
1403035281|14.312
1403035304|14.25
1403035326|14.25
1403035349|14.187
1403035371|14.187
1403035393|14.187
1403035416|14.187
1403035438|14.125
1403035461|14.125
1403035483|14.062
1403035506|14.0
1403035528|14.0
1403035551|13.937
1403035573|13.875
1403035596|13.875
1403035618|13.937
1403035641|13.937
1403035663|13.875
1403035686|13.875
1403035708|13.875
1403035730|13.937
1403035753|13.875
1403035775|13.875
1403035798|13.812
1403035820|13.812
1403035843|13.812
1403035865|13.75
1403035888|13.812
1403035910|13.75
1403035933|13.687
1403035955|13.687
1403035978|13.687
1403036000|13.687
1403036023|13.687
1403036045|13.625
1403036068|13.625
1403036090|13.687
1403036112|13.687
1403036135|13.687
1403036157|13.687
1403036180|13.687
1403036202|13.687
1403036225|13.687
1403036247|13.687
1403036270|13.687
1403036292|13.687
1403036315|13.687
1403036337|13.687
1403036360|13.687
1403036382|13.625
1403036405|13.625
1403036427|13.625
1403036449|13.625
1403036472|13.625
1403036494|13.625
1403036517|13.625
1403036539|13.625
1403036562|13.625
1403036584|13.562
1403036607|13.625
1403036629|13.625
1403036652|13.625
1403036674|13.625
1403036697|13.625
1403036719|13.625
1403036742|13.625
1403036764|13.625
1403036786|13.687
1403036809|13.625
1403036831|13.687
1403036854|13.625
1403036876|13.687
1403036899|13.687
1403036921|13.625
1403036944|13.625
1403036966|13.625
1403036989|13.625
1403037011|13.625
1403037034|13.625
1403037056|13.625
1403037079|13.625
1403037101|13.562
1403037124|13.625
1403037146|13.625
1403037168|13.562
1403037191|13.562
1403037213|13.562
1403037236|13.562
1403037258|13.562
1403037281|13.562
1403037303|13.562
1403037326|13.5
1403037348|13.5
1403037371|13.5
1403037393|13.5
1403037416|13.5
1403037438|13.5
1403037461|13.437
1403037483|13.437
1403037506|13.5
1403037528|13.437
1403037550|13.437
1403037573|13.437
1403037595|13.437
1403037618|13.437
1403037640|13.437
1403037663|13.375
1403037685|13.375
1403037708|13.437
1403037730|13.437
1403037753|13.375
1403037775|13.375
1403037798|13.375
1403037820|13.437
1403037842|13.375
1403037865|13.375
1403037887|13.437
1403037910|13.437
1403037932|13.437
1403037955|13.375
1403037977|13.375
1403038000|13.375
1403038022|13.375
1403038045|13.375
1403038067|13.375
1403038090|13.312
1403038112|13.312
1403038135|13.312
1403038157|13.312
1403038180|13.312
1403038202|13.25
1403038224|13.187
1403038247|13.25
1403038269|13.187
1403038292|13.187
1403038314|13.187
1403038337|13.187
1403038359|13.187
1403038382|13.187
1403038404|13.187
1403038427|13.187
1403038449|13.125
1403038472|13.125
1403038494|13.125
1403038517|13.125
1403038539|13.125
1403038561|13.125
1403038584|13.125
1403038606|13.125
1403038629|13.0
1403038651|13.0
1403038674|12.937
1403038696|12.937
1403038719|12.875
1403038741|12.875
1403038764|12.875
1403038786|12.875
1403038809|12.875
1403038831|12.875
1403038854|12.875
1403038876|12.875
1403038898|12.875
1403038921|12.875
1403038943|12.875
1403038966|12.812
1403038988|12.812
1403039011|12.812
1403039033|12.812
1403039056|12.75
1403039078|12.687
1403039101|12.687
1403039123|12.687
1403039146|12.687
1403039168|12.625
1403039191|12.562
1403039213|12.562
1403039235|12.5
1403039258|12.437
1403039280|12.437
1403039303|12.437
1403039325|12.375
1403039348|12.375
1403039370|12.375
1403039393|12.375
1403039415|12.312
1403039438|12.312
1403039460|12.312
1403039483|12.25
1403039505|12.25
1403039528|12.25
1403039550|12.25
1403039572|12.25
1403039595|12.187
1403039617|12.25
1403039640|12.25
1403039662|12.25
1403039685|12.25
1403039707|12.25
1403039730|12.25
1403039752|12.25
1403039775|12.187
1403039797|12.125
1403039820|12.187
1403039842|12.125
1403039865|12.125
1403039887|12.125
1403039910|12.125
1403039932|12.125
1403039954|12.125
1403039977|12.125
1403039999|12.125
1403040022|12.125
1403040044|12.125
1403040067|12.125
1403040089|12.125
1403040112|12.062
1403040134|12.062
1403040157|12.062
1403040179|12.0
1403040202|12.062
1403040224|12.062
1403040247|12.062
1403040269|12.062
1403040292|12.0
1403040314|11.937
1403040336|11.937
1403040359|11.937
1403040381|11.937
1403040404|11.937
1403040426|11.937
1403040449|11.875
1403040471|11.812
1403040494|11.75
1403040516|11.75
1403040539|11.75
1403040561|11.687
1403040584|11.687
1403040606|11.625
1403040629|11.562
1403040651|11.562
1403040673|11.5
1403040696|11.437
1403040718|11.375
1403040741|11.312
1403040763|11.375
1403040786|11.312
1403040808|11.25
1403040831|11.25
1403040853|11.25
1403040876|11.25
1403040898|11.312
1403040921|11.312
1403040943|11.375
1403040966|11.375
1403040988|11.375
1403041010|11.375
1403041033|11.375
1403041055|11.375
1403041078|11.375
1403041100|11.375
1403041123|11.312
1403041145|11.312
1403041168|11.312
1403041190|11.312
1403041213|11.312
1403041235|11.25
1403041258|11.312
1403041280|11.312
1403041303|11.312
1403041325|11.375
1403041347|11.375
1403041370|11.375
1403041392|11.375
1403041415|11.437
1403041437|11.375
1403041460|11.375
1403041482|11.312
1403041505|11.25
1403041527|11.25
1403041550|11.25
1403041572|11.25
1403041595|11.312
1403041617|11.25
1403041640|11.25
1403041662|11.25
1403041684|11.312
1403041707|11.312
1403041729|11.25
1403041752|11.25
1403041774|11.187
1403041797|11.187
1403041819|11.187
1403041842|11.187
1403041864|11.187
1403041887|11.125
1403041909|11.125
1403041932|11.125
1403041954|11.125
1403041977|11.125
1403041999|11.125
1403042022|11.125
1403042044|11.125
1403042066|11.062
1403042089|11.062
1403042111|11.062
1403042134|11.062
1403042156|11.062
1403042179|11.062
1403042201|11.0
1403042224|11.0
1403042246|11.0
1403042269|11.0
1403042291|10.937
1403042314|10.937
1403042336|10.937
1403042359|11.0
1403042381|11.0
1403042403|11.0
1403042426|10.937
1403042448|10.937
1403042471|10.937
1403042493|10.937
1403042516|10.937
1403042538|10.875
1403042561|10.937
1403042583|10.875
1403042606|10.875
1403042628|10.875
1403042651|10.812
1403042673|10.812
1403042696|10.812
1403042718|10.75
1403042741|10.75
1403042763|10.75
1403042786|10.75
1403042808|10.75
1403042830|10.75
1403042853|10.687
1403042875|10.687
1403042898|10.687
1403042920|10.687
1403042943|10.625
1403042965|10.625
1403042988|10.625
1403043010|10.625
1403043033|10.625
1403043055|10.625
1403043078|10.562
1403043100|10.562
1403043123|10.562
1403043145|10.562
1403043167|10.562
1403043190|10.562
1403043212|10.562
1403043235|10.5
1403043257|10.562
1403043280|10.562
1403043302|10.562
1403043325|10.5
1403043347|10.5
1403043370|10.5
1403043392|10.5
1403043415|10.5
1403043437|10.5
1403043460|10.5
1403043482|10.437
1403043504|10.437
1403043527|10.437
1403043549|10.437
1403043572|10.437
1403043594|10.437
1403043617|10.437
1403043639|10.437
1403043662|10.375
1403043684|10.375
1403043707|10.375
1403043729|10.375
1403043752|10.437
1403043774|10.437
1403043797|10.375
1403043819|10.375
1403043841|10.375
1403043864|10.375
1403043886|10.375
1403043909|10.375
1403043931|10.375
1403043954|10.375
1403043976|10.375
1403043999|10.375
1403044021|10.375
1403044044|10.375
1403044066|10.312
1403044089|10.312
1403044111|10.312
1403044134|10.312
1403044156|10.312
1403044178|10.312
1403044201|10.25
1403044223|10.312
1403044246|10.312
1403044268|10.312
1403044291|10.312
1403044313|10.312
1403044336|10.312
1403044358|10.312
1403044381|10.312
1403044403|10.312
1403044426|10.312
1403044448|10.25
1403044471|10.25
1403044494|10.25
1403044516|10.25
1403044539|10.25
1403044561|10.25
1403044584|10.25
1403044606|10.25
1403044628|10.25
1403044651|10.25
1403044673|10.25
1403044696|10.25
1403044718|10.25
1403044741|10.25
1403044763|10.25
1403044786|10.25
1403044808|10.25
1403044831|10.25
1403044853|10.25
1403044876|10.25
1403044898|10.25
1403044921|10.187
1403044943|10.187
1403044966|10.187
1403044988|10.187
1403045010|10.125
1403045033|10.125
1403045055|10.125
1403045078|10.062
1403045100|10.062
1403045123|10.062
1403045145|10.0
1403045168|10.0
1403045190|10.0
1403045213|9.937
1403045235|10.0
1403045258|10.0
1403045280|10.0
1403045303|10.0
1403045325|9.937
1403045348|9.937
1403045370|9.937
1403045392|9.937
1403045415|10.0
1403045437|10.0
1403045460|10.0
1403045482|10.0
1403045505|10.0
1403045527|10.0
1403045550|10.0
1403045572|10.0
1403045595|10.0
1403045617|10.0
1403045640|9.937
1403045662|10.0
1403045685|10.0
1403045707|10.0
1403045729|10.0
1403045752|10.0
1403045774|10.0
1403045797|10.0
1403045819|10.0
1403045842|9.937
1403045864|9.937
1403045887|10.0
1403045909|9.937
1403045932|9.937
1403045954|9.937
1403045977|9.937
1403045999|9.937
1403046022|9.937
1403046044|9.937
1403046066|9.937
1403046089|9.937
1403046111|9.875
1403046134|9.937
1403046156|9.875
1403046179|9.937
1403046201|9.937
1403046224|9.937
1403046246|9.937
1403046269|9.937
1403046291|9.875
1403046314|9.875
1403046336|9.937
1403046359|9.875
1403046381|9.875
1403046403|9.875
1403046426|9.875
1403046448|9.875
1403046471|9.875
1403046493|9.875
1403046516|9.875
1403046538|9.875
1403046561|9.875
1403046583|9.937
1403046606|9.875
1403046628|9.875
1403046651|9.875
1403046673|9.875
1403046696|9.812
1403046718|9.875
1403046740|9.812
1403046763|9.812
1403046785|9.812
1403046808|9.812
1403046830|9.812
1403046853|9.812
1403046875|9.812
1403046898|9.75
1403046920|9.75
1403046943|9.75
1403046965|9.75
1403046988|9.75
1403047010|9.75
1403047033|9.75
1403047055|9.75
1403047078|9.75
1403047100|9.75
1403047123|9.75
1403047145|9.75
1403047167|9.75
1403047190|9.75
1403047212|9.75
1403047235|9.75
1403047257|9.75
1403047280|9.687
1403047302|9.687
1403047325|9.687
1403047347|9.75
1403047370|9.687
1403047392|9.687
1403047415|9.687
1403047437|9.687
1403047460|9.687
1403047482|9.687
1403047504|9.687
1403047527|9.625
1403047549|9.625
1403047572|9.625
1403047594|9.625
1403047617|9.625
1403047639|9.562
1403047662|9.625
1403047684|9.562
1403047707|9.562
1403047729|9.562
1403047752|9.562
1403047774|9.562
1403047797|9.562
1403047819|9.5
1403047841|9.5
1403047864|9.5
1403047886|9.5
1403047909|9.5
1403047931|9.5
1403047954|9.437
1403047976|9.437
1403047999|9.437
1403048021|9.5
1403048044|9.5
1403048066|9.5
1403048089|9.5
1403048111|9.5
1403048134|9.5
1403048156|9.5
1403048179|9.5
1403048201|9.5
1403048223|9.5
1403048246|9.5
1403048268|9.5
1403048291|9.5
1403048313|9.5
1403048336|9.437
1403048358|9.5
1403048381|9.5
1403048403|9.437
1403048426|9.437
1403048448|9.437
1403048471|9.437
1403048493|9.437
1403048516|9.437
1403048538|9.437
1403048560|9.375
1403048583|9.437
1403048605|9.437
1403048628|9.437
1403048650|9.437
1403048673|9.375
1403048695|9.375
1403048718|9.375
1403048740|9.375
1403048763|9.375
1403048785|9.375
1403048808|9.375
1403048830|9.375
1403048853|9.375
1403048875|9.375
1403048897|9.375
1403048920|9.375
1403048942|9.312
1403048965|9.312
1403048987|9.375
1403049010|9.375
1403049032|9.312
1403049055|9.312
1403049077|9.312
1403049100|9.312
1403049122|9.312
1403049145|9.25
1403049167|9.25
1403049190|9.187
1403049212|9.187
1403049235|9.25
1403049257|9.187
1403049279|9.187
1403049302|9.125
1403049324|9.187
1403049347|9.125
1403049369|9.125
1403049392|9.125
1403049414|9.125
1403049437|9.125
1403049459|9.062
1403049482|9.062
1403049504|9.062
1403049527|9.062
1403049549|9.062
1403049572|9.062
1403049594|9.0
1403049617|9.0
1403049639|9.0
1403049661|9.0
1403049684|9.0
1403049706|9.0
1403049729|9.0
1403049751|9.0
1403049774|9.0
1403049796|9.0
1403049819|8.937
1403049841|8.937
1403049864|8.937
1403049886|8.875
1403049909|8.875
1403049931|8.875
1403049954|8.937
1403049976|8.875
1403049998|8.875
1403050021|8.875
1403050043|8.875
1403050066|8.875
1403050088|8.875
1403050111|8.875
1403050133|8.875
1403050156|8.875
1403050178|8.875
1403050201|8.875
1403050223|8.875
1403050246|8.875
1403050268|8.875
1403050291|8.875
1403050313|8.875
1403050335|8.937
1403050358|8.937
1403050380|8.937
1403050403|8.875
1403050425|8.937
1403050448|8.937
1403050470|8.937
1403050493|8.937
1403050515|8.937
1403050538|8.937
1403050560|8.937
1403050583|8.937
1403050605|8.937
1403050628|8.937
1403050650|8.937
1403050672|8.937
1403050695|8.937
1403050717|8.875
1403050740|8.875
1403050762|8.875
1403050785|8.875
1403050807|8.937
1403050830|8.875
1403050852|8.937
1403050875|8.937
1403050897|8.875
1403050920|8.875
1403050942|8.875
1403050965|8.937
1403050987|8.937
1403051010|8.937
1403051032|8.937
1403051054|8.875
1403051077|8.875
1403051099|8.875
1403051122|8.937
1403051144|8.875
1403051167|8.937
1403051189|8.937
1403051212|8.937
1403051234|8.937
1403051257|8.937
1403051279|8.937
1403051302|8.937
1403051324|8.875
1403051347|8.937
1403051369|8.937
1403051392|8.937
1403051414|8.937
1403051436|8.875
1403051459|8.875
1403051481|8.937
1403051504|8.937
1403051526|8.937
1403051549|8.937
1403051571|9.0
1403051594|9.0
1403051616|9.0
1403051639|9.0
1403051661|9.0
1403051684|9.0
1403051706|9.0
1403051729|9.0
1403051751|9.0
1403051773|9.0
1403051796|9.0
1403051818|9.0
1403051841|8.937
1403051863|9.0
1403051886|9.0
1403051908|9.0
1403051931|9.0
1403051953|9.0
1403051976|9.0
1403051998|9.0
1403052021|8.937
1403052043|8.937
1403052066|8.937
1403052088|8.875
1403052110|8.875
1403052133|8.812
1403052155|8.75
1403052178|8.75
1403052200|8.75
1403052223|8.687
1403052245|8.687
1403052268|8.687
1403052290|8.625
1403052313|8.625
1403052335|8.625
1403052358|8.625
1403052380|8.625
1403052403|8.625
1403052425|8.562
1403052447|8.562
1403052470|8.562
1403052492|8.562
1403052515|8.562
1403052537|8.5
1403052560|8.5
1403052582|8.5
1403052605|8.5
1403052627|8.5
1403052650|8.562
1403052672|8.5
1403052695|8.5
1403052717|8.5
1403052740|8.437
1403052762|8.437
1403052785|8.437
1403052807|8.437
1403052829|8.437
1403052852|8.437
1403052874|8.375
1403052897|8.437
1403052919|8.437
1403052942|8.437
1403052964|8.437
1403052987|8.437
1403053009|8.437
1403053032|8.437
1403053054|8.437
1403053077|8.437
1403053099|8.437
1403053122|8.437
1403053144|8.437
1403053166|8.437
1403053189|8.5
1403053211|8.437
1403053234|8.437
1403053256|8.437
1403053279|8.437
1403053301|8.437
1403053324|8.375
1403053346|8.437
1403053369|8.375
1403053391|8.375
1403053414|8.375
1403053436|8.375
1403053459|8.375
1403053481|8.375
1403053504|8.375
1403053526|8.312
1403053548|8.312
1403053571|8.25
1403053593|8.25
1403053616|8.25
1403053638|8.25
1403053661|8.25
1403053683|8.25
1403053706|8.25
1403053728|8.25
1403053751|8.187
1403053773|8.187
1403053796|8.187
1403053818|8.187
1403053841|8.187
1403053863|8.187
1403053886|8.187
1403053908|8.187
1403053930|8.125
1403053953|8.125
1403053975|8.125
1403053998|8.125
1403054020|8.125
1403054043|8.125
1403054065|8.125
1403054088|8.125
1403054110|8.125
1403054133|8.125
1403054155|8.125
1403054178|8.125
1403054200|8.062
1403054223|8.125
1403054245|8.125
1403054267|8.125
1403054290|8.187
1403054312|8.187
1403054335|8.125
1403054357|8.187
1403054380|8.125
1403054402|8.187
1403054425|8.187
1403054447|8.25
1403054470|8.187
1403054492|8.25
1403054515|8.25
1403054537|8.312
1403054560|8.312
1403054582|8.375
1403054604|8.437
1403054627|8.437
1403054649|8.375
1403054672|8.437
1403054694|8.437
1403054717|8.375
1403054739|8.437
1403054762|8.5
1403054784|8.437
1403054807|8.437
1403054829|8.437
1403054852|8.5
1403054874|8.5
1403054897|8.5
1403054919|8.5
1403054942|8.437
1403054964|8.5
1403054987|8.5
1403055009|8.437
1403055031|8.437
1403055054|8.437
1403055076|8.437
1403055099|8.5
1403055121|8.5
1403055144|8.5
1403055166|8.562
1403055189|8.562
1403055211|8.5
1403055234|8.5
1403055256|8.5
1403055279|8.5
1403055301|8.5
1403055324|8.5
1403055346|8.5
1403055368|8.5
1403055391|8.5
1403055413|8.5
1403055436|8.5
1403055458|8.5
1403055481|8.5
1403055503|8.5
1403055526|8.5
1403055548|8.5
1403055571|8.5
1403055593|8.5
1403055616|8.5
1403055638|8.5
1403055661|8.5
1403055683|8.5
1403055705|8.5
1403055728|8.5
1403055750|8.5
1403055773|8.5
1403055795|8.5
1403055818|8.5
1403055840|8.437
1403055863|8.437
1403055885|8.437
1403055908|8.437
1403055930|8.375
1403055953|8.375
1403055975|8.375
1403055998|8.375
1403056020|8.312
1403056042|8.312
1403056065|8.312
1403056087|8.375
1403056110|8.375
1403056132|8.312
1403056155|8.312
1403056177|8.312
1403056200|8.312
1403056222|8.312
1403056245|8.312
1403056267|8.312
1403056290|8.312
1403056312|8.312
1403056335|8.25
1403056357|8.25
1403056380|8.25
1403056402|8.25
1403056424|8.312
1403056447|8.25
1403056469|8.312
1403056492|8.312
1403056514|8.25
1403056537|8.25
1403056559|8.25
1403056582|8.187
1403056604|8.25
1403056627|8.187
1403056649|8.187
1403056672|8.187
1403056694|8.187
1403056717|8.187
1403056739|8.187
1403056761|8.187
1403056784|8.187
1403056806|8.187
1403056829|8.187
1403056851|8.187
1403056874|8.187
1403056896|8.187
1403056919|8.187
1403056941|8.187
1403056964|8.25
1403056986|8.187
1403057009|8.187
1403057031|8.187
1403057054|8.25
1403057076|8.25
1403057098|8.25
1403057121|8.25
1403057143|8.187
1403057166|8.187
1403057188|8.187
1403057211|8.25
1403057233|8.187
1403057256|8.25
1403057278|8.25
1403057301|8.25
1403057323|8.25
1403057346|8.25
1403057368|8.25
1403057391|8.312
1403057413|8.312
1403057436|8.25
1403057458|8.312
1403057481|8.312
1403057503|8.312
1403057525|8.312
1403057548|8.312
1403057570|8.312
1403057593|8.312
1403057615|8.25
1403057638|8.25
1403057660|8.25
1403057683|8.25
1403057705|8.25
1403057728|8.25
1403057750|8.25
1403057773|8.187
1403057795|8.187
1403057818|8.187
1403057840|8.187
1403057862|8.125
1403057885|8.125
1403057907|8.125
1403057930|8.125
1403057952|8.125
1403057975|8.062
1403057997|8.062
1403058020|8.062
1403058042|8.062
1403058065|8.0
1403058087|8.0
1403058110|8.0
1403058132|8.0
1403058155|7.937
1403058177|8.0
1403058200|7.937
1403058222|7.937
1403058244|7.937
1403058267|7.937
1403058289|7.875
1403058312|7.875
1403058334|7.875
1403058357|7.875
1403058379|7.875
1403058402|7.875
1403058424|7.875
1403058447|7.875
1403058469|7.875
1403058492|7.875
1403058514|7.812
1403058537|7.812
1403058559|7.812
1403058582|7.812
1403058604|7.875
1403058626|7.875
1403058649|7.875
1403058671|7.875
1403058694|7.937
1403058716|7.937
1403058739|7.937
1403058761|7.875
1403058784|7.875
1403058806|7.937
1403058829|8.0
1403058851|7.937
1403058874|7.937
1403058897|8.0
1403058919|8.0
1403058942|8.0
1403058964|8.0
1403058987|8.0
1403059009|8.0
1403059032|8.0
1403059054|8.0
1403059076|8.0
1403059099|8.062
1403059121|8.062
1403059144|8.062
1403059166|8.062
1403059189|8.062
1403059211|8.125
1403059234|8.125
1403059256|8.125
1403059279|8.125
1403059301|8.125
1403059324|8.125
1403059346|8.125
1403059369|8.125
1403059391|8.125
1403059413|8.125
1403059436|8.125
1403059458|8.062
1403059481|8.125
1403059503|8.062
1403059526|8.062
1403059548|8.062
1403059571|8.125
1403059593|8.125
1403059616|8.125
1403059638|8.062
1403059661|8.125
1403059683|8.125
1403059706|8.187
1403059728|8.187
1403059750|8.187
1403059773|8.187
1403059795|8.187
1403059818|8.25
1403059840|8.187
1403059863|8.25
1403059885|8.25
1403059908|8.25
1403059930|8.25
1403059953|8.312
1403059975|8.312
1403059998|8.312
1403060020|8.312
1403060043|8.375
1403060065|8.375
1403060087|8.375
1403060110|8.375
1403060132|8.375
1403060155|8.375
1403060177|8.375
1403060200|8.437
1403060222|8.437
1403060245|8.437
1403060267|8.437
1403060290|8.437
1403060312|8.437
1403060335|8.437
1403060357|8.5
1403060380|8.5
1403060402|8.5
1403060425|8.562
1403060447|8.5
1403060470|8.562
1403060492|8.562
1403060514|8.562
1403060537|8.562
1403060559|8.562
1403060582|8.562
1403060604|8.562
1403060627|8.562
1403060649|8.625
1403060672|8.625
1403060694|8.625
1403060717|8.625
1403060739|8.625
1403060762|8.625
1403060784|8.687
1403060807|8.625
1403060829|8.625
1403060851|8.625
1403060875|8.625
1403060897|8.687
1403060920|8.687
1403060942|8.687
1403060965|8.687
1403060987|8.687
1403061010|8.687
1403061032|8.75
1403061055|8.75
1403061077|8.75
1403061100|8.812
1403061122|8.812
1403061145|8.937
1403061167|8.937
1403061190|8.937
1403061212|8.937
1403061235|8.937
1403061257|8.937
1403061280|9.0
1403061302|9.0
1403061324|9.0
1403061347|9.0
1403061369|9.062
1403061392|9.125
1403061414|9.125
1403061437|9.125
1403061459|9.125
1403061482|9.187
1403061504|9.187
1403061527|9.187
1403061549|9.25
1403061572|9.25
1403061594|9.25
1403061617|9.25
1403061639|9.312
1403061661|9.312
1403061684|9.375
1403061706|9.375
1403061729|9.375
1403061751|9.375
1403061774|9.375
1403061796|9.375
1403061819|9.375
1403061841|9.437
1403061864|9.437
1403061886|9.437
1403061909|9.5
1403061931|9.437
1403061954|9.5
1403061976|9.5
1403061998|9.5
1403062021|9.5
1403062043|9.5
1403062066|9.5
1403062088|9.5
1403062111|9.5
1403062133|9.5
1403062156|9.5
1403062178|9.5
1403062201|9.562
1403062223|9.562
1403062246|9.625
1403062268|9.625
1403062291|9.687
1403062313|9.687
1403062336|9.687
1403062358|9.687
1403062380|9.687
1403062403|9.687
1403062425|9.687
1403062448|9.687
1403062470|9.75
1403062493|9.687
1403062515|9.75
1403062538|9.687
1403062560|9.687
1403062583|9.687
1403062605|9.75
1403062628|9.75
1403062650|9.75
1403062673|9.75
1403062695|9.75
1403062717|9.812
1403062740|9.812
1403062762|9.812
1403062785|9.812
1403062807|9.875
1403062830|9.875
1403062852|9.875
1403062875|9.937
1403062897|9.937
1403062920|9.937
1403062942|9.937
1403062965|10.0
1403062987|10.0
1403063010|10.0
1403063032|10.0
1403063055|10.062
1403063077|10.062
1403063099|10.062
1403063122|10.062
1403063144|10.062
1403063167|10.125
1403063189|10.125
1403063212|10.125
1403063234|10.125
1403063257|10.125
1403063279|10.187
1403063302|10.187
1403063324|10.187
1403063347|10.187
1403063369|10.25
1403063392|10.25
1403063414|10.25
1403063436|10.25
1403063459|10.25
1403063481|10.312
1403063504|10.312
1403063526|10.312
1403063549|10.375
1403063571|10.375
1403063594|10.375
1403063616|10.375
1403063639|10.437
1403063661|10.437
1403063684|10.5
1403063706|10.5
1403063729|10.5
1403063751|10.5
1403063773|10.5
1403063796|10.437
1403063818|10.5
1403063841|10.5
1403063863|10.562
1403063886|10.562
1403063908|10.562
1403063931|10.562
1403063953|10.562
1403063976|10.562
1403063998|10.562
1403064021|10.562
1403064043|10.5
1403064066|10.562
1403064088|10.562
1403064110|10.562
1403064133|10.625
1403064155|10.625
1403064178|10.625
1403064200|10.625
1403064223|10.625
1403064245|10.625
1403064268|10.687
1403064290|10.687
1403064313|10.687
1403064335|10.75
1403064358|10.75
1403064380|10.75
1403064403|10.75
1403064425|10.812
1403064447|10.812
1403064470|10.875
1403064492|10.875
1403064515|10.875
1403064537|10.875
1403064560|10.875
1403064582|10.875
1403064605|10.937
1403064627|10.937
1403064650|10.937
1403064672|10.937
1403064695|10.937
1403064717|11.0
1403064740|11.0
1403064762|11.0
1403064785|11.0
1403064807|11.0
1403064830|11.062
1403064852|11.062
1403064874|11.062
1403064897|11.062
1403064919|11.062
1403064942|11.062
1403064964|11.125
1403064987|11.125
1403065009|11.125
1403065032|11.125
1403065054|11.125
1403065077|11.125
1403065099|11.187
1403065122|11.187
1403065144|11.187
1403065167|11.25
1403065189|11.25
1403065211|11.25
1403065234|11.25
1403065256|11.312
1403065279|11.312
1403065301|11.375
1403065324|11.375
1403065346|11.375
1403065369|11.375
1403065391|11.437
1403065414|11.437
1403065436|11.437
1403065459|11.437
1403065481|11.437
1403065504|11.5
1403065526|11.5
1403065548|11.5
1403065571|11.562
1403065593|11.562
1403065616|11.562
1403065638|11.562
1403065661|11.562
1403065683|11.625
1403065706|11.625
1403065728|11.625
1403065751|11.625
1403065773|11.625
1403065796|11.687
1403065818|11.75
1403065841|11.75
1403065863|11.687
1403065886|11.75
1403065908|11.75
1403065930|11.75
1403065953|11.75
1403065975|11.812
1403065998|11.812
1403066020|11.812
1403066043|11.812
1403066065|11.812
1403066088|11.875
1403066110|11.875
1403066133|11.875
1403066155|11.875
1403066178|11.937
1403066200|11.937
1403066223|11.937
1403066245|11.937
1403066267|11.937
1403066290|12.0
1403066312|12.0
1403066335|12.0
1403066357|12.0
1403066380|12.0
1403066402|12.0
1403066425|12.0
1403066447|12.062
1403066470|12.125
1403066492|12.125
1403066515|12.125
1403066537|12.187
1403066560|12.187
1403066582|12.187
1403066604|12.25
1403066627|12.25
1403066649|12.25
1403066672|12.312
1403066694|12.312
1403066717|12.312
1403066739|12.375
1403066762|12.375
1403066784|12.375
1403066807|12.375
1403066829|12.437
1403066852|12.375
1403066874|12.437
1403066897|12.375
1403066919|12.437
1403066942|12.437
1403066964|12.437
1403066986|12.5
1403067009|12.5
1403067031|12.5
1403067054|12.5
1403067076|12.5
1403067099|12.562
1403067121|12.562
1403067144|12.562
1403067166|12.625
1403067189|12.625
1403067211|12.625
1403067234|12.625
1403067256|12.687
1403067279|12.687
1403067301|12.687
1403067324|12.687
1403067346|12.687
1403067368|12.75
1403067391|12.75
1403067413|12.812
1403067436|12.812
1403067458|12.812
1403067481|12.875
1403067503|12.875
1403067526|12.875
1403067548|12.937
1403067571|12.875
1403067593|12.875
1403067616|12.937
1403067638|12.937
1403067661|12.937
1403067683|13.0
1403067705|13.0
1403067728|13.062
1403067750|13.062
1403067773|13.062
1403067795|13.125
1403067818|13.125
1403067840|13.125
1403067863|13.125
1403067885|13.187
1403067908|13.187
1403067930|13.187
1403067953|13.25
1403067975|13.25
1403067998|13.312
1403068020|13.312
1403068042|13.312
1403068065|13.312
1403068087|13.312
1403068110|13.312
1403068132|13.312
1403068155|13.375
1403068177|13.312
1403068200|13.312
1403068222|13.312
1403068245|13.375
1403068267|13.312
1403068290|13.375
1403068312|13.375
1403068335|13.437
1403068357|13.437
1403068380|13.437
1403068402|13.437
1403068424|13.437
1403068447|13.437
1403068469|13.5
1403068492|13.5
1403068514|13.562
1403068537|13.562
1403068559|13.562
1403068582|13.625
1403068604|13.625
1403068627|13.687
1403068649|13.687
1403068672|13.687
1403068694|13.625
1403068717|13.687
1403068739|13.687
1403068762|13.75
1403068784|13.75
1403068806|13.75
1403068829|13.687
1403068851|13.687
1403068874|13.75
1403068896|13.75
1403068919|13.812
1403068941|13.875
1403068964|13.937
1403068986|13.937
1403069009|14.0
1403069031|14.062
1403069054|14.0
1403069076|14.062
1403069099|14.062
1403069121|14.062
1403069143|14.125
1403069166|14.125
1403069188|14.125
1403069211|14.187
1403069233|14.187
1403069256|14.25
1403069278|14.312
1403069301|14.312
1403069323|14.375
1403069346|14.437
1403069368|14.375
1403069391|14.375
1403069413|14.375
1403069436|14.437
1403069458|14.437
1403069481|14.437
1403069503|14.437
1403069525|14.5
1403069548|14.5
1403069570|14.562
1403069593|14.625
1403069615|14.625
1403069638|14.625
1403069660|14.625
1403069683|14.625
1403069705|14.625
1403069728|14.625
1403069750|14.562
1403069773|14.625
1403069795|14.625
1403069818|14.625
1403069840|14.687
1403069863|14.687
1403069885|14.687
1403069907|14.687
1403069930|14.687
1403069952|14.75
1403069975|14.75
1403069997|14.812
1403070020|14.812
1403070042|14.812
1403070065|14.812
1403070087|14.812
1403070110|14.812
1403070132|14.875
1403070155|14.875
1403070177|14.937
1403070200|15.0
1403070222|15.062
1403070245|15.062
1403070267|15.062
1403070289|15.062
1403070312|15.125
1403070334|15.125
1403070357|15.125
1403070379|15.125
1403070402|15.125
1403070424|15.125
1403070447|15.125
1403070469|15.125
1403070492|15.125
1403070514|15.187
1403070537|15.187
1403070559|15.187
1403070582|15.187
1403070604|15.25
1403070626|15.25
1403070649|15.312
1403070671|15.312
1403070694|15.312
1403070716|15.375
1403070739|15.437
1403070761|15.5
1403070784|15.5
1403070806|15.562
1403070829|15.562
1403070851|15.562
1403070874|15.625
1403070896|15.625
1403070919|15.687
1403070941|15.75
1403070963|15.75
1403070986|15.75
1403071008|15.75
1403071031|15.812
1403071053|15.875
1403071076|15.875
1403071098|15.937
1403071121|15.937
1403071143|15.937
1403071166|15.937
1403071188|15.937
1403071211|16.0
1403071233|16.062
1403071256|16.062
1403071278|16.062
1403071300|16.125
1403071323|16.125
1403071345|16.125
1403071368|16.125
1403071390|16.187
1403071413|16.187
1403071435|16.187
1403071458|16.187
1403071480|16.187
1403071503|16.25
1403071525|16.25
1403071548|16.312
1403071570|16.375
1403071593|16.312
1403071615|16.312
1403071638|16.375
1403071660|16.375
1403071683|16.312
1403071705|16.312
1403071727|16.312
1403071750|16.375
1403071772|16.375
1403071795|16.375
1403071817|16.375
1403071840|16.375
1403071862|16.437
1403071885|16.437
1403071907|16.5
1403071930|16.437
1403071952|16.5
1403071975|16.5
1403071997|16.5
1403072020|16.5
1403072042|16.5
1403072064|16.562
1403072087|16.562
1403072109|16.625
1403072132|16.625
1403072154|16.625
1403072177|16.625
1403072199|16.687
1403072222|16.75
1403072244|16.75
1403072267|16.75
1403072289|16.75
1403072312|16.75
1403072334|16.75
1403072357|16.75
1403072379|16.812
1403072401|16.875
1403072424|16.875
1403072446|16.937
1403072469|16.937
1403072491|16.875
1403072514|16.937
1403072536|16.875
1403072559|16.937
1403072581|16.937
1403072604|16.875
1403072626|16.875
1403072649|16.937
1403072671|17.0
1403072694|17.0
1403072716|17.0
1403072738|17.062
1403072761|17.062
1403072783|17.062
1403072806|17.062
1403072828|17.062
1403072851|17.062
1403072873|17.125
1403072896|17.125
1403072918|17.125
1403072941|17.125
1403072963|17.125
1403072986|17.187
1403073008|17.187
1403073031|17.187
1403073053|17.187
1403073076|17.25
1403073098|17.25
1403073120|17.25
1403073143|17.25
1403073165|17.25
1403073188|17.25
1403073210|17.25
1403073233|17.25
1403073255|17.312
1403073278|17.375
1403073300|17.437
1403073323|17.437
1403073345|17.437
1403073368|17.437
1403073390|17.5
1403073413|17.562
1403073435|17.5
1403073458|17.562
1403073480|17.562
1403073503|17.562
1403073525|17.562
1403073548|17.625
1403073570|17.687
1403073593|17.75
1403073615|17.75
1403073637|17.687
1403073660|17.687
1403073682|17.687
1403073705|17.687
1403073727|17.687
1403073750|17.687
1403073772|17.75
1403073795|17.75
1403073817|17.75
1403073840|17.687
1403073862|17.687
1403073885|17.75
1403073907|17.812
1403073930|17.875
1403073952|17.875
1403073974|17.937
1403073997|17.937
1403074019|18.0
1403074042|18.062
1403074064|18.062
1403074087|18.125
1403074109|18.187
1403074132|18.187
1403074154|18.25
1403074177|18.312
1403074199|18.25
1403074222|18.187
1403074244|18.187
1403074267|18.25
1403074289|18.312
1403074311|18.312
1403074334|18.375
1403074356|18.375
1403074379|18.375
1403074401|18.375
1403074424|18.375
1403074446|18.375
1403074469|18.437
1403074491|18.437
1403074514|18.375
1403074536|18.437
1403074559|18.5
1403074581|18.5
1403074604|18.562
1403074626|18.562
1403074648|18.625
1403074671|18.687
1403074693|18.687
1403074716|18.687
1403074738|18.687
1403074761|18.687
1403074783|18.687
1403074806|18.75
1403074828|18.75
1403074851|18.75
1403074873|18.812
1403074896|18.812
1403074918|18.812
1403074941|18.875
1403074963|18.812
1403074985|18.875
1403075008|18.937
1403075030|18.937
1403075053|19.0
1403075075|19.062
1403075098|19.125
1403075120|19.125
1403075143|19.125
1403075165|19.062
1403075188|19.062
1403075210|19.125
1403075233|19.125
1403075255|19.125
1403075278|19.062
1403075300|19.125
1403075323|19.125
1403075345|19.187
1403075368|19.125
1403075390|19.125
1403075412|19.125
1403075435|19.125
1403075457|19.125
1403075480|19.0
1403075502|19.0
1403075525|18.937
1403075547|19.0
1403075570|19.0
1403075592|19.062
1403075615|19.125
1403075637|19.125
1403075660|19.187
1403075682|19.25
1403075705|19.187
1403075727|19.25
1403075749|19.25
1403075772|19.312
1403075794|19.312
1403075817|19.375
1403075839|19.312
1403075862|19.375
1403075884|19.375
1403075907|19.312
1403075929|19.312
1403075952|19.375
1403075974|19.375
1403075997|19.375
1403076019|19.437
1403076042|19.437
1403076064|19.437
1403076086|19.437
1403076109|19.375
1403076131|19.375
1403076154|19.5
1403076176|19.5
1403076199|19.562
1403076221|19.562
1403076244|19.5
1403076266|19.5
1403076289|19.5
1403076311|19.5
1403076334|19.5
1403076356|19.5
1403076379|19.5
1403076401|19.437
1403076423|19.437
1403076446|19.437
1403076468|19.375
1403076491|19.375
1403076513|19.375
1403076536|19.5
1403076558|19.437
1403076581|19.5
1403076603|19.625
1403076626|19.562
1403076648|19.562
1403076671|19.562
1403076693|19.562
1403076716|19.562
1403076738|19.562
1403076760|19.625
1403076783|19.687
1403076805|19.75
1403076828|19.625
1403076850|19.687
1403076873|19.687
1403076895|19.812
1403076918|19.812
1403076940|19.875
1403076963|19.812
1403076985|19.875
1403077008|19.937
1403077030|20.0
1403077053|20.062
1403077075|20.0
1403077098|20.0
1403077120|20.0
1403077142|20.0
1403077165|20.062
1403077187|20.0
1403077210|20.0
1403077232|20.062
1403077255|20.062
1403077277|20.062
1403077300|20.125
1403077322|20.062
1403077345|20.125
1403077367|20.187
1403077390|20.25
1403077412|20.25
1403077435|20.375
1403077457|20.312
1403077479|20.375
1403077502|20.437
1403077524|20.5
1403077547|20.562
1403077569|20.562
1403077592|20.562
1403077614|20.562
1403077637|20.562
1403077659|20.562
1403077682|20.5
1403077704|20.437
1403077727|20.562
1403077749|20.625
1403077772|20.562
1403077794|20.562
1403077816|20.5
1403077839|20.437
1403077861|20.5
1403077884|20.437
1403077906|20.437
1403077929|20.437
1403077951|20.437
1403077974|20.5
1403077996|20.5
1403078019|20.437
1403078041|20.5
1403078064|20.5
1403078086|20.562
1403078109|20.687
1403078131|20.562
1403078153|20.625
1403078176|20.687
1403078198|20.687
1403078221|20.687
1403078243|20.812
1403078266|20.75
1403078288|20.812
1403078311|20.875
1403078333|20.75
1403078356|20.75
1403078378|20.75
1403078401|20.687
1403078423|20.625
1403078446|20.562
1403078468|20.562
1403078490|20.562
1403078513|20.625
1403078535|20.625
1403078558|20.625
1403078580|20.75
1403078603|20.812
1403078625|20.937
1403078648|21.0
1403078670|21.125
1403078693|21.062
1403078715|21.0
1403078738|20.937
1403078760|20.937
1403078783|20.937
1403078805|20.875
1403078828|20.875
1403078850|21.0
1403078872|21.0
1403078895|20.937
1403078917|20.937
1403078940|20.875
1403078962|20.875
1403078985|20.937
1403079007|20.875
1403079030|20.937
1403079052|20.937
1403079075|21.0
1403079097|21.0
1403079120|20.875
1403079142|20.875
1403079165|20.812
1403079187|20.75
1403079210|20.75
1403079232|20.875
1403079254|20.812
1403079277|20.812
1403079299|20.875
1403079322|20.875
1403079344|20.937
1403079367|20.937
1403079389|20.937
1403079412|20.937
1403079434|20.937
1403079457|21.0
1403079480|21.0
1403079502|21.062
1403079525|21.0
1403079547|21.062
1403079570|21.187
1403079592|21.187
1403079615|21.25
1403079637|21.25
1403079660|21.25
1403079682|21.312
1403079705|21.312
1403079727|21.312
1403079750|21.25
1403079772|21.25
1403079794|21.125
1403079817|21.062
1403079839|21.062
1403079862|21.187
1403079884|21.187
1403079907|21.187
1403079929|21.437
1403079952|21.5
1403079974|21.5
1403079997|21.562
1403080019|21.5
1403080042|21.5
1403080064|21.5
1403080087|21.375
1403080109|21.312
1403080132|21.312
1403080154|21.5
1403080176|21.5
1403080199|21.437
1403080221|21.375
1403080244|21.375
1403080266|21.375
1403080289|21.437
1403080311|21.5
1403080334|21.687
1403080356|21.625
1403080379|21.562
1403080401|21.562
1403080424|21.562
1403080446|21.562
1403080469|21.625
1403080491|21.5
1403080514|21.5
1403080536|21.437
1403080558|21.562
1403080581|21.687
1403080603|21.625
1403080626|21.687
1403080648|21.625
1403080671|21.625
1403080693|21.687
1403080716|21.687
1403080738|21.687
1403080761|21.75
1403080783|21.687
1403080806|21.75
1403080828|21.812
1403080851|21.75
1403080873|21.75
1403080895|21.75
1403080918|21.687
1403080940|21.687
1403080963|21.75
1403080985|21.875
1403081008|22.0
1403081030|22.125
1403081053|22.125
1403081075|22.125
1403081098|22.187
1403081120|22.125
1403081143|22.187
1403081165|22.125
1403081188|22.187
1403081210|22.312
1403081232|22.437
1403081255|22.375
1403081277|22.375
1403081300|22.375
1403081322|22.375
1403081345|22.375
1403081367|22.312
1403081390|22.437
1403081412|22.562
1403081435|22.5
1403081457|22.5
1403081480|22.5
1403081502|22.5
1403081525|22.5
1403081547|22.625
1403081569|22.687
1403081592|22.687
1403081614|22.687
1403081637|22.562
1403081659|22.437
1403081682|22.375
1403081704|22.312
1403081727|22.25
1403081749|22.312
1403081772|22.312
1403081794|22.312
1403081817|22.187
1403081839|22.187
1403081862|22.187
1403081884|22.187
1403081906|22.062
1403081929|22.125
1403081951|22.187
1403081974|22.312
1403081996|22.312
1403082019|22.312
1403082041|22.375
1403082064|22.5
1403082086|22.375
1403082109|22.375
1403082131|22.375
1403082154|22.375
1403082176|22.437
1403082199|22.5
1403082221|22.562
1403082244|22.625
1403082266|22.812
1403082288|23.0
1403082311|22.937
1403082333|22.937
1403082356|22.875
1403082378|22.875
1403082401|23.0
1403082423|22.937
1403082446|23.0
1403082468|22.937
1403082491|22.875
1403082513|22.937
1403082536|22.875
1403082558|22.812
1403082581|22.75
1403082603|22.687
1403082625|22.687
1403082648|22.687
1403082670|22.75
1403082693|22.812
1403082715|22.812
1403082738|22.812
1403082760|22.812
1403082783|22.937
1403082805|22.937
1403082828|22.812
1403082850|22.937
1403082873|23.0
1403082895|23.0
1403082918|22.937
1403082940|22.937
1403082962|22.75
1403082985|22.687
1403083007|22.687
1403083030|22.625
1403083052|22.687
1403083075|22.687
1403083097|22.687
1403083120|22.812
1403083142|22.875
1403083165|22.75
1403083187|22.687
1403083210|22.625
1403083232|22.625
1403083255|22.812
1403083277|22.937
1403083299|23.062
1403083322|22.937
1403083344|22.937
1403083367|22.937
1403083389|23.0
1403083412|23.062
1403083434|22.937
1403083457|22.937
1403083479|22.937
1403083502|22.875
1403083524|22.875
1403083547|22.937
1403083569|23.062
1403083592|22.937
1403083614|22.937
1403083637|23.0
1403083659|23.062
1403083682|23.0
1403083704|22.812
1403083726|22.812
1403083749|22.937
1403083771|23.062
1403083794|23.062
1403083816|23.187
1403083839|23.187
1403083861|23.25
1403083884|23.187
1403083906|23.187
1403083929|23.312
1403083951|23.375
1403083974|23.5
1403083996|23.562
1403084019|23.625
1403084041|23.687
1403084063|23.875
1403084086|24.0
1403084108|23.875
1403084131|23.687
1403084153|23.562
1403084176|23.437
1403084198|23.437
1403084221|23.562
1403084243|23.562
1403084266|23.5
1403084288|23.437
1403084311|23.5
1403084333|23.562
1403084356|23.562
1403084378|23.437
1403084400|23.375
1403084423|23.25
1403084445|23.5
1403084468|23.437
1403084490|23.625
1403084513|23.75
1403084535|23.75
1403084558|23.812
1403084580|23.875
1403084603|23.875
1403084625|23.937
1403084648|23.937
1403084670|23.875
1403084693|23.875
1403084715|23.937
1403084737|23.812
1403084760|23.562
1403084782|23.5
1403084805|23.375
1403084827|23.5
1403084850|23.5
1403084872|23.5
1403084895|23.5
1403084917|23.562
1403084940|23.687
1403084962|23.625
1403084985|23.562
1403085007|23.625
1403085030|23.687
1403085052|23.625
1403085075|23.625
1403085097|23.625
1403085120|23.687
1403085142|23.75
1403085164|23.75
1403085187|23.75
1403085209|23.75
1403085232|23.812
1403085254|23.937
1403085277|24.062
1403085299|24.25
1403085322|24.187
1403085344|24.125
1403085367|24.125
1403085389|24.187
1403085412|24.312
1403085434|24.312
1403085457|24.187
1403085479|24.312
1403085501|24.25
1403085524|24.312
1403085546|24.187
1403085569|24.125
1403085591|24.062
1403085614|24.0
1403085636|24.0
1403085659|24.0
1403085681|24.0
1403085704|23.937
1403085726|24.062
1403085749|24.125
1403085771|24.062
1403085794|23.875
1403085816|23.812
1403085838|23.812
1403085861|23.625
1403085883|23.625
1403085906|23.75
1403085928|23.75
1403085951|23.562
1403085973|23.562
1403085996|23.562
1403086018|23.562
1403086041|23.5
1403086063|23.5
1403086086|23.562
1403086108|23.562
1403086131|23.625
1403086153|23.75
1403086176|23.812
1403086198|23.875
1403086220|24.0
1403086243|24.125
1403086265|24.125
1403086288|24.062
1403086310|24.062
1403086333|24.062
1403086355|24.125
1403086378|24.187
1403086400|24.187
1403086423|24.187
1403086445|24.0
1403086468|24.187
1403086490|24.25
1403086513|24.25
1403086535|24.312
1403086557|24.25
1403086580|24.5
1403086602|24.625
1403086625|24.625
1403086647|24.687
1403086670|24.812
1403086692|24.875
1403086715|24.875
1403086737|24.937
1403086760|24.937
1403086782|24.875
1403086805|25.062
1403086827|25.0
1403086850|24.75
1403086872|24.562
1403086894|24.5
1403086917|24.562
1403086939|24.562
1403086962|24.5
1403086984|24.25
1403087007|24.187
1403087029|24.312
1403087052|24.125
1403087074|24.0
1403087097|24.0
1403087119|24.125
1403087142|24.125
1403087164|24.0
1403087187|24.0
1403087209|24.062
1403087231|24.125
1403087254|24.125
1403087276|24.125
1403087299|24.125
1403087321|24.062
1403087344|24.062
1403087366|24.062
1403087389|24.437
1403087411|24.562
1403087434|24.937
1403087456|24.875
1403087479|24.75
1403087501|24.687
1403087524|24.875
1403087546|24.937
1403087568|24.812
1403087591|24.687
1403087613|24.625
1403087636|24.687
1403087658|24.75
1403087681|24.625
1403087704|24.5
1403087726|24.187
1403087749|24.125
1403087771|24.062
1403087794|24.062
1403087816|24.25
1403087839|24.312
1403087861|24.125
1403087883|24.125
1403087906|24.062
1403087928|24.312
1403087951|24.437
1403087973|24.437
1403087996|24.437
1403088018|24.375
1403088041|24.312
1403088063|24.187
1403088086|24.25
1403088108|24.125
1403088131|24.125
1403088153|24.125
1403088176|24.25
1403088198|24.25
1403088220|24.25
1403088243|24.312
1403088265|24.375
1403088288|24.187
1403088310|24.187
1403088333|24.25
1403088355|24.187
1403088378|24.187
1403088400|24.187
1403088423|24.062
1403088445|24.0
1403088468|24.0
1403088490|24.0
1403088513|24.062
1403088535|24.187
1403088557|24.25
1403088580|24.375
1403088602|24.5
1403088625|24.562
1403088647|24.562
1403088670|24.687
1403088692|24.937
1403088715|25.062
1403088737|25.062
1403088760|24.875
1403088782|24.812
1403088805|24.625
1403088827|24.5
1403088850|24.312
1403088872|24.187
1403088895|24.187
1403088917|24.062
1403088939|24.125
1403088962|24.312
1403088984|24.562
1403089007|24.687
1403089029|24.625
1403089052|24.75
1403089074|24.687
1403089097|24.75
1403089119|24.687
1403089142|24.812
1403089164|25.187
1403089187|25.25
1403089209|25.5
1403089232|25.625
1403089254|25.75
1403089277|25.687
1403089299|25.625
1403089321|25.625
1403089344|25.625
1403089366|25.562
1403089389|25.5
1403089411|25.437
1403089434|25.375
1403089456|25.25
1403089479|25.187
1403089501|25.187
1403089524|25.0
1403089546|24.937
1403089569|24.75
1403089591|24.687
1403089614|24.75
1403089636|25.0
1403089658|25.187
1403089681|25.062
1403089703|25.0
1403089726|24.875
1403089748|24.875
1403089771|24.812
1403089793|24.937
1403089816|25.0
1403089838|25.062
1403089861|25.187
1403089883|25.25
1403089906|25.25
1403089928|25.25
1403089951|25.25
1403089973|25.375
1403089995|25.625
1403090018|25.875
1403090040|26.0
1403090063|25.875
1403090085|26.0
1403090108|26.0
1403090130|25.812
1403090153|25.625
1403090175|25.5
1403090198|25.437
1403090220|25.312
1403090243|25.437
1403090265|25.625
1403090288|25.687
1403090310|25.812
1403090333|26.125
1403090355|26.312
1403090378|26.375
1403090400|26.25
1403090422|26.187
1403090445|26.25
1403090467|26.0
1403090490|25.625
1403090512|25.5
1403090535|25.5
1403090557|25.5
1403090580|25.5
1403090602|25.5
1403090625|25.562
1403090647|25.687
1403090670|25.687
1403090692|25.75
1403090715|25.812
1403090737|25.937
1403090759|26.0
1403090782|25.937
1403090804|25.875
1403090827|26.0
1403090849|26.187
1403090872|26.437
1403090894|26.625
1403090917|26.75
1403090939|26.812
1403090962|26.687
1403090984|26.75
1403091007|26.75
1403091029|26.562
1403091052|26.562
1403091074|26.5
1403091097|26.5
1403091119|26.625
1403091141|26.687
1403091164|26.937
1403091186|27.375
1403091209|27.625
1403091231|27.687
1403091254|27.562
1403091276|27.562
1403091299|27.375
1403091321|27.125
1403091344|27.125
1403091366|27.062
1403091389|26.937
1403091411|26.937
1403091434|27.187
1403091456|27.125
1403091478|27.0
1403091501|27.125
1403091523|27.0
1403091546|26.937
1403091568|26.875
1403091591|26.937
1403091613|27.125
1403091636|27.0
1403091658|27.0
1403091681|27.0
1403091703|26.687
1403091726|26.562
1403091748|26.562
1403091771|26.312
1403091793|26.187
1403091815|26.375
1403091838|26.75
1403091860|26.75
1403091883|27.0
1403091905|27.25
1403091928|27.375
1403091950|27.437
1403091973|27.375
1403091995|27.125
1403092018|27.187
1403092040|27.062
1403092063|26.875
1403092085|26.687
1403092108|26.687
1403092130|26.562
1403092153|26.562
1403092175|26.562
1403092197|26.562
1403092220|26.687
1403092242|26.812
1403092265|26.812
1403092287|26.75
1403092310|26.687
1403092332|26.625
1403092355|26.812
1403092377|27.125
1403092400|27.187
1403092422|27.25
1403092445|27.437
1403092467|27.562
1403092490|27.687
1403092512|27.375
1403092535|27.375
1403092557|27.0
1403092579|27.062
1403092602|27.062
1403092624|27.062
1403092647|27.0
1403092669|27.0
1403092692|27.062
1403092714|27.062
1403092737|27.062
1403092759|26.937
1403092782|27.062
1403092804|27.125
1403092827|27.062
1403092849|27.125
1403092872|27.0
1403092894|26.812
1403092916|26.875
1403092939|26.75
1403092961|26.625
1403092984|26.562
1403093006|26.375
1403093029|26.25
1403093051|26.25
1403093074|26.312
1403093096|26.25
1403093119|26.125
1403093141|26.062
1403093164|26.062
1403093186|26.0
1403093209|26.0
1403093231|26.125
1403093253|26.062
1403093276|25.937
1403093298|26.125
1403093321|26.312
1403093343|26.062
1403093366|26.187
1403093388|26.25
1403093411|26.437
1403093433|26.375
1403093456|26.437
1403093478|26.437
1403093501|26.5
1403093523|26.5
1403093546|26.562
1403093568|26.687
1403093590|26.75
1403093613|27.125
1403093635|26.937
1403093658|26.812
1403093680|26.687
1403093703|26.687
1403093725|26.937
1403093748|27.0
1403093770|27.0
1403093793|26.875
1403093815|26.625
1403093838|26.625
1403093860|25.812
1403093883|25.5
1403093905|25.437
1403093928|25.25
1403093950|25.062
1403093973|25.187
1403093995|25.25
1403094018|25.187
1403094041|25.187
1403094063|25.375
1403094086|25.5
1403094108|25.562
1403094131|25.687
1403094153|25.625
1403094176|25.625
1403094198|25.937
1403094220|26.25
1403094243|26.625
1403094265|27.125
1403094288|27.375
1403094310|27.437
1403094333|27.437
1403094355|27.437
1403094378|27.562
1403094400|27.437
1403094423|27.25
1403094445|27.187
1403094468|27.062
1403094490|27.0
1403094513|27.0
1403094535|26.875
1403094557|26.75
1403094580|26.812
1403094602|26.875
1403094625|26.812
1403094647|26.812
1403094670|26.75
1403094692|26.75
1403094715|26.687
1403094737|26.75
1403094760|26.375
1403094782|26.375
1403094805|26.0
1403094827|25.875
1403094850|25.875
1403094872|26.062
1403094895|26.187
1403094917|26.312
1403094939|26.437
1403094962|26.5
1403094984|26.437
1403095007|26.5
1403095029|26.75
1403095052|26.687
1403095074|26.937
1403095097|26.875
1403095119|26.812
1403095142|26.75
1403095164|26.75
1403095187|26.812
1403095209|27.125
1403095232|27.125
1403095254|27.125
1403095276|27.0
1403095299|27.25
1403095321|27.375
1403095344|27.437
1403095366|27.5
1403095389|27.687
1403095411|27.75
1403095434|28.0
1403095456|28.312
1403095479|28.125
1403095501|28.187
1403095524|28.25
1403095546|28.062
1403095569|28.062
1403095591|27.75
1403095613|27.75
1403095636|27.75
1403095658|27.875
1403095681|27.437
1403095703|27.25
1403095726|27.187
1403095748|27.0
1403095771|26.937
1403095793|26.687
1403095816|26.5
1403095838|26.312
1403095861|26.375
1403095883|26.5
1403095906|26.062
1403095928|25.562
1403095950|25.5
1403095973|25.687
1403095995|25.687
1403096018|25.687
1403096040|25.812
1403096063|25.875
1403096085|25.812
1403096108|25.625
1403096130|25.625
1403096153|25.625
1403096175|25.812
1403096198|25.875
1403096220|25.875
1403096243|25.75
1403096265|25.875
1403096287|25.875
1403096310|25.875
1403096332|26.0
1403096355|26.0
1403096377|26.0
1403096400|25.75
1403096422|25.562
1403096445|25.562
1403096467|25.562
1403096490|25.625
1403096512|25.625
1403096535|25.75
1403096557|25.75
1403096580|25.937
1403096602|26.125
1403096625|26.312
1403096647|26.5
1403096670|26.625
1403096692|26.937
1403096714|27.25
1403096737|27.25
1403096759|27.312
1403096782|27.312
1403096804|27.25
1403096827|27.437
1403096849|27.625
1403096872|27.687
1403096894|27.437
1403096917|27.25
1403096939|27.062
1403096962|27.125
1403096984|27.062
1403097007|26.937
1403097029|26.625
1403097051|26.562
1403097074|26.625
1403097096|26.625
1403097119|26.562
1403097141|26.437
1403097164|26.312
1403097186|26.187
1403097209|26.187
1403097231|26.375
1403097254|26.437
1403097276|26.5
1403097299|26.5
1403097321|26.75
1403097344|26.75
1403097366|26.875
1403097389|27.187
1403097411|27.25
1403097433|27.375
1403097456|27.5
1403097478|27.5
1403097501|27.437
1403097523|27.437
1403097546|27.375
1403097568|27.375
1403097591|27.125
1403097613|27.125
1403097636|27.125
1403097658|27.125
1403097681|27.125
1403097703|26.875
1403097726|26.875
1403097748|26.625
1403097771|26.5
1403097793|26.5
1403097815|26.437
1403097838|26.437
1403097860|26.375
1403097883|26.187
1403097905|25.937
1403097928|25.937
1403097950|26.0
1403097973|26.062
1403097995|26.0
1403098018|25.812
1403098040|25.625
1403098063|25.562
1403098085|25.562
1403098108|25.562
1403098130|25.625
1403098152|25.562
1403098175|25.5
1403098197|25.5
1403098220|25.562
1403098242|25.562
1403098265|25.5
1403098287|25.625
1403098310|25.625
1403098332|25.562
1403098355|25.5
1403098377|25.625
1403098400|25.75
1403098422|25.687
1403098445|25.687
1403098467|25.625
1403098489|25.625
1403098512|25.625
1403098534|25.625
1403098557|25.5
1403098579|25.5
1403098602|25.5
1403098624|25.625
1403098647|25.625
1403098669|25.625
1403098692|25.75
1403098715|25.812
1403098737|25.937
1403098760|25.812
1403098782|25.687
1403098804|25.687
1403098827|25.687
1403098849|25.562
1403098872|25.5
1403098894|25.5
1403098917|25.437
1403098939|25.562
1403098962|25.437
1403098984|25.375
1403099007|25.5
1403099029|25.437
1403099052|25.25
1403099074|25.187
1403099097|25.25
1403099119|25.25
1403099141|25.25
1403099164|25.312
1403099186|25.312
1403099209|25.312
1403099231|25.375
1403099254|25.375
1403099276|25.312
1403099299|25.312
1403099321|25.312
1403099344|25.375
1403099366|25.5
1403099389|25.562
1403099411|25.812
1403099434|25.875
1403099456|25.812
1403099478|25.812
1403099501|25.625
1403099523|25.562
1403099546|25.625
1403099568|25.562
1403099591|25.562
1403099613|25.5
1403099636|25.375
1403099658|25.187
1403099681|25.25
1403099703|25.25
1403099726|25.062
1403099748|25.062
1403099771|25.062
1403099793|24.875
1403099815|24.75
1403099838|24.75
1403099860|24.937
1403099883|25.062
1403099905|25.125
1403099928|25.187
1403099950|25.25
1403099973|25.312
1403099995|25.375
1403100018|25.375
1403100040|25.437
1403100063|25.5
1403100085|25.5
1403100108|25.625
1403100130|25.687
1403100153|25.75
1403100175|25.812
1403100197|25.75
1403100220|25.75
1403100242|25.625
1403100265|25.687
1403100287|25.75
1403100310|25.562
1403100332|25.437
1403100355|25.5
1403100377|25.437
1403100400|25.5
1403100422|25.562
1403100445|25.687
1403100467|25.687
1403100490|25.812
1403100512|25.937
1403100534|26.0
1403100557|25.937
1403100579|26.0
1403100602|26.062
1403100624|26.062
1403100647|25.875
1403100669|25.812
1403100692|25.875
1403100714|25.812
1403100737|25.687
1403100759|25.75
1403100782|25.75
1403100804|25.812
1403100827|25.875
1403100849|26.0
1403100871|25.875
1403100894|25.75
1403100916|25.75
1403100939|25.812
1403100961|25.812
1403100984|25.75
1403101006|25.75
1403101029|25.75
1403101051|25.75
1403101074|25.75
1403101096|25.875
1403101119|25.937
1403101141|26.0
1403101164|26.0
1403101186|26.0
1403101209|26.0
1403101231|26.125
1403101254|26.25
1403101276|26.375
1403101298|26.437
1403101321|26.5
1403101343|26.625
1403101366|26.625
1403101388|26.562
1403101411|26.687
1403101433|26.875
1403101456|26.812
1403101478|26.562
1403101501|26.375
1403101523|26.375
1403101546|26.25
1403101568|26.437
1403101591|26.625
1403101613|26.437
1403101636|26.437
1403101658|26.25
1403101681|26.437
1403101703|26.437
1403101725|26.312
1403101748|26.5
1403101770|26.75
1403101793|26.75
1403101815|26.75
1403101838|27.062
1403101860|27.125
1403101883|27.125
1403101905|27.312
1403101928|27.5
1403101950|27.75
1403101973|27.75
1403101995|27.875
1403102018|27.75
1403102040|27.75
1403102062|27.75
1403102085|27.75
1403102108|27.937
1403102130|27.937
1403102153|27.625
1403102175|27.687
1403102197|27.812
1403102220|27.687
1403102242|27.812
1403102265|28.062
1403102287|28.25
1403102310|28.375
1403102332|28.562
1403102355|28.687
1403102377|29.062
1403102400|29.312
1403102422|29.812
1403102445|29.625
1403102467|29.375
1403102490|29.187
1403102512|29.187
1403102534|29.062
1403102557|29.062
1403102579|29.187
1403102602|29.062
1403102624|28.875
1403102647|28.625
1403102669|28.687
1403102692|28.625
1403102714|28.75
1403102737|28.625
1403102759|28.312
1403102782|28.187
1403102804|28.187
1403102827|28.062
1403102849|28.125
1403102871|28.0
1403102894|28.125
1403102916|28.187
1403102939|28.187
1403102961|28.375
1403102984|28.562
1403103006|28.687
1403103029|28.687
1403103051|28.562
1403103074|28.687
1403103096|28.937
1403103119|28.937
1403103141|29.125
1403103164|29.0
1403103186|29.0
1403103209|28.937
1403103231|28.562
1403103253|28.562
1403103276|28.437
1403103298|28.625
1403103321|28.75
1403103343|28.75
1403103366|28.75
1403103388|28.625
1403103411|28.312
1403103433|28.062
1403103456|28.0
1403103478|27.812
1403103501|27.812
1403103523|27.937
1403103546|27.937
1403103568|27.75
1403103591|27.687
1403103613|27.562
1403103635|27.562
1403103658|27.562
1403103680|27.625
1403103703|27.5
1403103725|27.375
1403103748|27.437
1403103770|27.5
1403103793|27.625
1403103815|27.687
1403103838|27.687
1403103860|27.812
1403103883|27.75
1403103905|27.437
1403103928|27.375
1403103950|27.312
1403103972|27.312
1403103995|27.187
1403104017|27.25
1403104040|27.25
1403104062|27.062
1403104085|27.0
1403104107|27.062
1403104130|26.937
1403104152|26.937
1403104175|26.812
1403104197|26.562
1403104220|26.5
1403104242|26.437
1403104265|26.562
1403104287|26.75
1403104309|27.187
1403104332|27.5
1403104354|27.812
1403104377|27.812
1403104399|27.937
1403104422|27.937
1403104444|28.125
1403104467|28.312
1403104489|28.062
1403104512|27.75
1403104534|27.687
1403104557|27.625
1403104579|27.75
1403104602|27.687
1403104624|27.875
1403104646|27.937
1403104669|27.937
1403104691|28.0
1403104714|27.875
1403104736|28.062
1403104759|27.937
1403104781|27.812
1403104804|28.0
1403104826|27.812
1403104849|27.937
1403104871|27.937
1403104894|28.875
1403104916|28.812
1403104939|28.812
1403104961|28.687
1403104984|28.625
1403105006|28.5
1403105028|28.75
1403105051|29.25
1403105073|29.312
1403105096|29.25
1403105118|29.25
1403105141|29.0
1403105163|29.0
1403105186|29.0
1403105208|28.625
1403105231|28.437
1403105253|28.562
1403105276|28.5
1403105298|28.687
1403105321|28.5
1403105343|28.5
1403105366|28.562
1403105388|28.75
1403105410|28.75
1403105433|29.125
1403105455|28.812
1403105478|28.75
1403105500|29.0
1403105523|28.812
1403105545|28.625
1403105568|28.562
1403105590|28.437
1403105613|28.437
1403105635|28.312
1403105658|28.25
1403105680|27.937
1403105703|27.687
1403105725|27.5
1403105747|27.25
1403105770|27.312
1403105792|27.25
1403105815|27.187
1403105837|27.125
1403105860|27.062
1403105882|27.062
1403105905|26.937
1403105927|26.812
1403105950|26.75
1403105972|26.75
1403105995|26.812
1403106017|26.937
1403106040|26.875
1403106062|26.937
1403106084|26.937
1403106107|27.0
1403106129|27.125
1403106152|26.937
1403106174|26.937
1403106197|26.812
1403106219|26.625
1403106242|26.562
1403106264|26.5
1403106287|26.437
1403106309|26.437
1403106332|26.312
1403106354|26.187
1403106377|26.125
1403106399|26.125
1403106422|26.062
1403106444|26.062
1403106466|26.187
1403106489|26.187
1403106511|26.25
1403106534|26.25
1403106556|26.25
1403106579|26.25
1403106601|26.312
1403106624|26.437
1403106646|26.375
1403106669|26.375
1403106691|26.312
1403106714|26.437
1403106736|26.375
1403106759|26.625
1403106781|26.937
1403106803|27.562
1403106826|27.875
1403106848|27.875
1403106871|28.0
1403106893|28.062
1403106916|28.0
1403106938|28.187
1403106961|28.562
1403106983|29.0
1403107006|29.125
1403107028|29.187
1403107051|29.562
1403107073|30.25
1403107096|30.625
1403107118|31.25
1403107140|31.5
1403107163|31.187
1403107185|31.25
1403107208|31.187
1403107230|30.437
1403107253|30.062
1403107275|30.375
1403107298|30.5
1403107320|30.875
1403107343|31.75
1403107365|32.187
1403107388|32.312
1403107410|32.062
1403107433|31.687
1403107455|31.5
1403107477|31.5
1403107500|31.125
1403107522|30.812
1403107545|30.812
1403107567|30.625
1403107590|30.625
1403107612|30.75
1403107635|30.812
1403107657|30.625
1403107680|30.687
1403107702|30.25
1403107725|29.75
1403107747|29.687
1403107770|29.687
1403107792|29.687
1403107814|30.687
1403107837|31.0
1403107859|30.75
1403107882|30.5
1403107904|30.5
1403107927|30.312
1403107949|30.062
1403107972|29.687
1403107994|29.312
1403108017|29.0
1403108039|28.875
1403108062|28.625
1403108084|28.375
1403108107|28.125
1403108129|28.187
1403108152|28.0
1403108174|27.625
1403108196|27.5
1403108219|27.25
1403108241|27.187
1403108264|27.125
1403108286|26.875
1403108309|26.625
1403108331|26.562
1403108354|26.437
1403108376|26.437
1403108399|26.437
1403108421|27.0
1403108444|27.687
1403108466|28.062
1403108489|28.187
1403108511|28.437
1403108534|28.312
1403108556|28.312
1403108578|28.0
1403108601|28.0
1403108623|27.812
1403108646|27.625
1403108668|27.562
1403108691|27.5
1403108713|27.312
1403108736|27.312
1403108758|27.312
1403108781|27.437
1403108803|27.875
1403108826|28.062
1403108848|28.25
1403108871|28.187
1403108893|28.125
1403108915|28.125
1403108938|28.062
1403108960|28.0
1403108983|28.0
1403109005|27.937
1403109028|27.875
1403109050|27.875
1403109073|27.875
1403109095|27.687
1403109118|27.625
1403109140|27.812
1403109163|27.937
1403109185|27.937
1403109208|27.812
1403109230|28.437
1403109252|29.125
1403109275|30.062
1403109297|31.0
1403109320|31.375
1403109342|31.562
1403109365|31.687
1403109387|31.625
1403109410|31.687
1403109432|32.0
1403109455|32.562
1403109477|33.437
1403109500|33.812
1403109522|33.812
1403109545|33.812
1403109567|34.437
1403109589|34.75
1403109613|35.0
1403109635|35.125
1403109658|34.812
1403109680|34.625
1403109703|34.5
1403109725|34.312
1403109748|34.187
1403109770|33.75
1403109793|33.75
1403109815|33.687
1403109837|33.625
1403109860|33.812
1403109882|34.75
1403109905|35.437
1403109927|36.062
1403109950|36.937
1403109972|37.312
1403109995|37.187
1403110017|36.812
1403110040|37.187
1403110062|36.625
1403110085|36.125
1403110107|35.062
1403110130|34.5
1403110152|34.187
1403110174|33.312
1403110197|32.875
1403110219|33.187
1403110242|33.437
1403110264|33.875
1403110287|34.187
1403110309|35.0
1403110332|35.375
1403110354|35.312
1403110377|35.187
1403110399|34.437
1403110422|33.625
1403110444|33.062
1403110467|32.625
1403110489|32.5
1403110512|31.875
1403110534|31.187
1403110556|30.75
1403110579|30.25
1403110601|30.062
1403110624|29.625
1403110646|29.437
1403110669|29.25
1403110691|28.937
1403110714|28.812
1403110736|28.687
1403110759|28.562
1403110781|28.437
1403110804|28.375
1403110826|28.25
1403110849|28.125
1403110871|28.062
1403110894|28.125
1403110916|28.125
1403110938|28.062
1403110961|28.0
1403110983|27.687
1403111006|27.625
1403111028|27.625
1403111051|27.687
1403111073|27.75
1403111096|27.687
1403111118|27.5
1403111141|27.5
1403111163|27.437
1403111186|27.375
1403111208|27.437
1403111231|27.5
1403111253|27.625
1403111275|27.687
1403111298|27.437
1403111320|27.5
1403111343|27.375
1403111365|27.375
1403111388|27.5
1403111410|27.437
1403111433|27.562
1403111455|27.562
1403111478|27.437
1403111500|27.5
1403111523|27.687
1403111545|27.875
1403111568|27.75
1403111590|27.625
1403111612|27.625
1403111635|27.625
1403111657|27.625
1403111680|27.5
1403111702|27.562
1403111725|27.562
1403111747|27.562
1403111770|27.812
1403111792|28.187
1403111815|28.75
1403111837|28.937
1403111860|28.937
1403111882|28.875
1403111905|28.812
1403111927|28.562
1403111950|28.312
1403111972|28.0
1403111995|27.75
1403112017|27.562
1403112039|27.625
1403112062|28.0
1403112084|28.625
1403112107|29.125
1403112129|29.125
1403112152|29.125
1403112174|28.812
1403112197|29.062
1403112219|28.812
1403112242|28.5
1403112264|28.5
1403112287|28.312
1403112309|27.937
1403112332|27.75
1403112354|27.875
1403112376|28.062
1403112399|28.5
1403112421|28.75
1403112444|28.75
1403112466|28.812
1403112489|28.937
1403112511|29.437
1403112534|29.937
1403112556|30.5
1403112579|30.875
1403112601|31.5
1403112624|31.625
1403112646|32.125
1403112669|33.0
1403112691|33.437
1403112713|33.375
1403112736|33.875
1403112758|33.687
1403112781|33.75
1403112803|34.125
1403112826|34.75
1403112848|35.187
1403112871|34.875
1403112893|34.687
1403112916|34.687
1403112938|34.75
1403112961|34.75
1403112983|35.0
1403113006|35.062
1403113028|34.937
1403113051|34.937
1403113073|35.0
1403113095|34.625
1403113118|34.312
1403113140|34.562
1403113163|34.5
1403113185|34.25
1403113208|33.75
1403113230|33.437
1403113253|33.5
1403113275|33.062
1403113298|32.437
1403113320|32.062
1403113343|31.812
1403113365|31.75
1403113388|31.562
1403113410|30.75
1403113433|30.75
1403113455|30.0
1403113477|29.75
1403113500|29.687
1403113522|29.375
1403113545|29.125
1403113567|28.75
1403113590|28.625
1403113612|28.062
1403113635|28.0
1403113657|27.937
1403113680|27.687
1403113702|27.312
1403113725|27.125
1403113747|26.937
1403113770|26.75
1403113792|26.5
1403113815|26.625
1403113837|26.562
1403113859|26.562
1403113882|26.625
1403113904|26.75
1403113927|26.812
1403113949|26.812
1403113972|26.75
1403113994|26.875
1403114017|27.125
1403114039|27.312
1403114062|27.187
1403114084|27.5
1403114107|28.125
1403114129|28.875
1403114152|28.875
1403114174|30.062
1403114196|30.687
1403114219|31.062
1403114241|31.75
1403114264|32.062
1403114286|32.625
1403114309|33.187
1403114331|33.5
1403114354|33.625
1403114376|33.562
1403114399|33.187
1403114421|33.125
1403114444|33.312
1403114466|32.937
1403114489|32.5
1403114511|32.375
1403114533|32.625
1403114556|32.75
1403114578|33.062
1403114601|33.437
1403114623|33.375
1403114646|33.5
1403114668|33.187
1403114691|32.75
1403114713|32.187
1403114736|31.625
1403114758|30.875
1403114781|30.5
1403114803|30.062
1403114826|29.562
1403114848|29.187
1403114870|29.0
1403114893|28.687
1403114915|28.312
1403114938|28.187
1403114960|28.062
1403114983|27.812
1403115005|27.625
1403115028|27.5
1403115050|27.312
1403115073|27.312
1403115095|27.187
1403115118|27.0
1403115140|26.687
1403115163|26.5
1403115185|26.375
1403115208|26.25
1403115230|26.187
1403115253|26.25
1403115275|26.75
1403115297|27.125
1403115320|27.5
1403115342|27.562
1403115365|27.812
1403115387|28.0
1403115410|28.25
1403115432|28.625
1403115455|29.062
1403115477|29.0
1403115500|29.062
1403115522|29.062
1403115545|29.062
1403115567|29.125
1403115590|29.437
1403115612|29.312
1403115634|29.375
1403115657|29.437
1403115679|29.437
1403115702|29.562
1403115724|29.437
1403115747|29.312
1403115769|29.0
1403115792|28.875
1403115814|28.75
1403115837|28.812
1403115859|28.687
1403115882|28.125
1403115904|27.875
1403115927|27.687
1403115949|27.312
1403115971|27.0
1403115994|26.687
1403116016|26.437
1403116039|26.062
1403116061|25.812
1403116084|25.625
1403116106|25.375
1403116129|25.187
1403116151|25.125
1403116174|25.125
1403116196|24.875
1403116219|24.562
1403116241|24.562
1403116264|24.312
1403116286|24.187
