1403980410|15.875
1403980433|15.875
1403980455|15.875
1403980478|15.875
1403980500|15.875
1403980523|15.875
1403980545|15.875
1403980568|15.875
1403980590|15.812
1403980613|15.812
1403980635|15.812
1403980657|15.812
1403980680|15.812
1403980702|15.812
1403980725|15.812
1403980747|15.812
1403980770|15.812
1403980792|15.812
1403980815|15.812
1403980837|15.875
1403980860|15.875
1403980882|15.875
1403980905|15.875
1403980927|15.875
1403980950|15.875
1403980972|15.875
1403980995|15.875
1403981017|15.875
1403981040|15.812
1403981062|15.812
1403981084|15.812
1403981107|15.812
1403981129|15.812
1403981152|15.75
1403981174|15.75
1403981197|15.812
1403981219|15.812
1403981242|15.812
1403981264|15.812
1403981287|15.812
1403981309|15.812
1403981332|15.812
1403981354|15.75
1403981377|15.75
1403981399|15.75
1403981421|15.75
1403981444|15.75
1403981466|15.75
1403981489|15.75
1403981511|15.75
1403981534|15.75
1403981556|15.687
1403981579|15.687
1403981601|15.687
1403981624|15.75
1403981646|15.75
1403981669|15.687
1403981691|15.75
1403981714|15.75
1403981736|15.687
1403981758|15.687
1403981781|15.687
1403981803|15.687
1403981826|15.687
1403981848|15.687
1403981871|15.625
1403981893|15.625
1403981916|15.625
1403981938|15.687
1403981961|15.625
1403981983|15.687
1403982006|15.687
1403982028|15.625
1403982051|15.625
1403982073|15.625
1403982095|15.625
1403982118|15.625
1403982140|15.625
1403982163|15.625
1403982185|15.625
1403982208|15.625
1403982230|15.625
1403982253|15.687
1403982275|15.687
1403982298|15.687
1403982320|15.687
1403982343|15.687
1403982365|15.687
1403982388|15.687
1403982410|15.687
1403982433|15.687
1403982455|15.687
1403982477|15.687
1403982500|15.687
1403982522|15.687
1403982545|15.687
1403982567|15.687
1403982590|15.687
1403982612|15.687
1403982635|15.687
1403982657|15.687
1403982680|15.687
1403982702|15.625
1403982725|15.625
1403982747|15.687
1403982770|15.687
1403982792|15.687
1403982814|15.687
1403982837|15.687
1403982859|15.687
1403982882|15.75
1403982904|15.687
1403982927|15.75
1403982949|15.75
1403982972|15.75
1403982994|15.75
1403983017|15.75
1403983039|15.75
1403983062|15.75
1403983084|15.75
1403983107|15.812
1403983129|15.812
1403983151|15.812
1403983174|15.812
1403983196|15.812
1403983219|15.812
1403983241|15.812
1403983264|15.812
1403983286|15.75
1403983309|15.75
1403983331|15.75
1403983354|15.75
1403983376|15.812
1403983399|15.75
1403983421|15.75
1403983444|15.75
1403983466|15.75
1403983489|15.75
1403983511|15.75
1403983534|15.687
1403983556|15.75
1403983578|15.687
1403983601|15.687
1403983623|15.687
1403983646|15.687
1403983668|15.625
1403983691|15.687
1403983713|15.687
1403983736|15.625
1403983758|15.625
1403983781|15.625
1403983803|15.625
1403983826|15.625
1403983848|15.625
1403983871|15.625
1403983893|15.625
1403983915|15.562
1403983938|15.562
1403983960|15.562
1403983983|15.562
1403984005|15.562
1403984028|15.5
1403984050|15.562
1403984073|15.5
1403984095|15.5
1403984118|15.5
1403984140|15.5
1403984163|15.5
1403984185|15.5
1403984208|15.5
1403984230|15.5
1403984252|15.437
1403984275|15.437
1403984297|15.437
1403984320|15.437
1403984342|15.437
1403984365|15.437
1403984387|15.437
1403984410|15.437
1403984432|15.437
1403984455|15.375
1403984477|15.375
1403984500|15.437
1403984522|15.375
1403984545|15.437
1403984567|15.437
1403984589|15.375
1403984612|15.375
1403984634|15.375
1403984657|15.375
1403984679|15.375
1403984702|15.375
1403984724|15.375
1403984747|15.375
1403984769|15.375
1403984792|15.375
1403984814|15.375
1403984837|15.312
1403984859|15.375
1403984882|15.375
1403984904|15.312
1403984927|15.312
1403984949|15.312
1403984972|15.312
1403984994|15.312
1403985016|15.312
1403985039|15.312
1403985061|15.25
1403985084|15.25
1403985106|15.25
1403985129|15.25
1403985151|15.25
1403985174|15.25
1403985196|15.25
1403985219|15.25
1403985241|15.25
1403985264|15.25
1403985286|15.25
1403985309|15.25
1403985331|15.25
1403985353|15.25
1403985376|15.25
1403985398|15.25
1403985421|15.187
1403985443|15.187
1403985466|15.25
1403985488|15.25
1403985511|15.187
1403985533|15.187
1403985556|15.187
1403985578|15.187
1403985601|15.187
1403985623|15.187
1403985646|15.187
1403985668|15.187
1403985691|15.187
1403985713|15.187
1403985735|15.187
1403985758|15.187
1403985780|15.187
1403985803|15.187
1403985825|15.187
1403985848|15.187
1403985870|15.187
1403985893|15.187
1403985915|15.187
1403985938|15.187
1403985960|15.187
1403985983|15.187
1403986005|15.187
1403986028|15.187
1403986050|15.187
1403986072|15.187
1403986095|15.187
1403986117|15.187
1403986140|15.187
1403986162|15.187
1403986185|15.187
1403986207|15.187
1403986230|15.187
1403986252|15.187
1403986275|15.187
1403986297|15.187
1403986320|15.187
1403986342|15.187
1403986365|15.187
1403986387|15.187
1403986409|15.125
1403986432|15.187
1403986454|15.187
1403986477|15.125
1403986499|15.125
1403986522|15.125
1403986544|15.125
1403986567|15.125
1403986589|15.125
1403986612|15.125
1403986634|15.125
1403986657|15.125
1403986679|15.125
1403986702|15.125
1403986724|15.125
1403986746|15.125
1403986769|15.125
1403986791|15.062
1403986814|15.062
1403986836|15.062
1403986859|15.062
1403986881|15.062
1403986904|15.062
1403986926|15.062
1403986949|15.062
1403986971|15.062
1403986994|15.062
1403987016|15.062
1403987039|15.0
1403987061|15.0
1403987084|15.0
1403987106|15.0
1403987128|15.0
1403987151|15.0
1403987173|15.0
1403987196|15.0
1403987218|15.0
1403987241|15.0
1403987263|15.0
1403987286|15.0
1403987308|15.0
1403987331|15.0
1403987353|15.0
1403987376|15.0
1403987398|15.0
1403987421|15.0
1403987443|15.0
1403987466|15.0
1403987488|15.0
1403987510|14.937
1403987533|15.0
1403987555|15.0
1403987578|15.0
1403987600|15.0
1403987623|15.0
1403987645|15.0
1403987668|15.0
1403987690|15.0
1403987713|15.0
1403987735|15.0
1403987758|15.0
1403987780|15.0
1403987803|15.0
1403987825|15.0
1403987847|15.0
1403987870|15.0
1403987892|15.0
1403987915|15.0
1403987937|15.0
1403987960|15.0
1403987982|15.0
1403988005|15.0
1403988027|15.0
1403988050|15.0
1403988072|15.0
1403988095|15.0
1403988117|15.0
1403988140|15.0
1403988162|15.0
1403988184|15.0
1403988207|15.0
1403988229|15.0
1403988252|15.0
1403988274|15.0
1403988297|15.0
1403988319|15.0
1403988342|15.0
1403988364|15.0
1403988387|15.0
1403988409|15.0
1403988432|15.0
1403988454|15.0
1403988477|15.0
1403988499|15.0
1403988521|15.0
1403988544|15.0
1403988566|15.0
1403988589|15.0
1403988611|15.0
1403988634|15.0
1403988656|15.0
1403988679|15.0
1403988701|14.937
1403988724|15.0
1403988746|14.937
1403988769|15.0
1403988791|14.937
1403988814|14.937
1403988836|15.0
1403988858|14.937
1403988881|15.0
1403988903|15.0
1403988926|14.937
1403988948|15.0
1403988971|14.937
1403988993|15.0
1403989016|15.0
1403989038|15.0
1403989061|14.937
1403989083|14.937
1403989106|14.937
1403989128|14.937
1403989151|14.937
1403989173|14.937
1403989196|14.937
1403989218|14.937
1403989241|14.937
1403989263|14.937
1403989285|14.937
1403989308|14.937
1403989330|14.937
1403989353|14.937
1403989375|14.875
1403989398|14.875
1403989420|14.937
1403989443|14.875
1403989465|14.875
1403989488|14.875
1403989510|14.875
1403989533|14.875
1403989555|14.875
1403989578|14.875
1403989600|14.875
1403989622|14.875
1403989645|14.875
1403989667|14.875
1403989690|14.875
1403989712|14.812
1403989735|14.812
1403989757|14.875
1403989780|14.875
1403989802|14.875
1403989825|14.875
1403989847|14.812
1403989870|14.812
1403989892|14.875
1403989915|14.812
1403989937|14.875
1403989959|14.875
1403989982|14.812
1403990004|14.812
1403990027|14.812
1403990049|14.812
1403990072|14.812
1403990094|14.812
1403990117|14.812
1403990139|14.812
1403990162|14.812
1403990184|14.812
1403990207|14.812
1403990229|14.812
1403990252|14.812
1403990274|14.812
1403990296|14.812
1403990319|14.812
1403990341|14.812
1403990364|14.812
1403990386|14.812
1403990409|14.812
1403990431|14.812
1403990454|14.812
1403990476|14.812
1403990499|14.875
1403990521|14.812
1403990544|14.812
1403990566|14.812
1403990589|14.812
1403990611|14.812
1403990634|14.812
1403990656|14.812
1403990679|14.812
1403990701|14.812
1403990724|14.812
1403990746|14.812
1403990769|14.812
1403990791|14.812
1403990814|14.812
1403990836|14.812
1403990859|14.812
1403990881|14.812
1403990904|14.812
1403990926|14.812
1403990948|14.812
1403990971|14.812
1403990993|14.812
1403991016|14.812
1403991038|14.812
1403991061|14.812
1403991083|14.812
1403991106|14.812
1403991128|14.812
1403991151|14.812
1403991173|14.812
1403991196|14.812
1403991218|14.812
1403991241|14.812
1403991263|14.812
1403991285|14.812
1403991308|14.812
1403991330|14.812
1403991353|14.812
1403991375|14.812
1403991398|14.812
1403991420|14.812
1403991443|14.812
1403991465|14.812
1403991488|14.812
1403991510|14.812
1403991533|14.812
1403991555|14.812
1403991578|14.812
1403991600|14.812
1403991622|14.812
1403991645|14.812
1403991667|14.812
1403991690|14.812
1403991712|14.812
1403991735|14.812
1403991757|14.812
1403991780|14.812
1403991802|14.812
1403991825|14.812
1403991847|14.812
1403991870|14.812
1403991892|14.812
1403991915|14.812
1403991937|14.812
1403991960|14.875
1403991982|14.875
1403992004|14.875
1403992027|14.875
1403992049|14.875
1403992072|14.875
1403992094|14.875
1403992117|14.875
1403992139|14.875
1403992162|14.875
1403992184|14.875
1403992207|14.937
1403992229|14.875
1403992252|14.875
1403992274|14.937
1403992297|14.937
1403992319|14.875
1403992341|14.875
1403992364|14.875
1403992386|14.875
1403992409|14.875
1403992431|14.875
1403992454|14.875
1403992476|14.875
1403992499|14.875
1403992521|14.875
1403992544|14.875
1403992566|14.875
1403992589|14.875
1403992611|14.875
1403992634|14.875
1403992656|14.875
1403992679|14.875
1403992701|14.875
1403992724|14.875
1403992746|14.875
1403992768|14.875
1403992791|14.875
1403992813|14.875
1403992836|14.875
1403992858|14.875
1403992881|14.875
1403992903|14.875
1403992926|14.875
1403992948|14.875
1403992971|14.875
1403992993|14.875
1403993016|14.812
1403993038|14.875
1403993061|14.812
1403993083|14.875
1403993105|14.812
1403993128|14.812
1403993150|14.875
1403993173|14.812
1403993195|14.812
1403993218|14.812
1403993240|14.875
1403993263|14.812
1403993285|14.875
1403993308|14.812
1403993330|14.812
1403993353|14.812
1403993375|14.812
1403993398|14.812
1403993420|14.812
1403993442|14.812
1403993465|14.812
1403993487|14.812
1403993510|14.812
1403993532|14.812
1403993555|14.812
1403993577|14.75
1403993600|14.75
1403993622|14.75
1403993645|14.75
1403993667|14.75
1403993690|14.75
1403993712|14.75
1403993735|14.75
1403993757|14.75
1403993779|14.75
1403993802|14.75
1403993824|14.75
1403993847|14.75
1403993869|14.687
1403993892|14.687
1403993914|14.687
1403993937|14.687
1403993959|14.687
1403993982|14.687
1403994004|14.687
1403994027|14.687
1403994049|14.687
1403994072|14.687
1403994094|14.687
1403994116|14.687
1403994139|14.625
1403994161|14.687
1403994184|14.687
1403994206|14.687
1403994229|14.687
1403994251|14.687
1403994274|14.687
1403994296|14.687
1403994319|14.687
1403994341|14.687
1403994364|14.687
1403994386|14.687
1403994409|14.687
1403994431|14.687
1403994453|14.687
1403994476|14.625
1403994498|14.687
1403994521|14.687
1403994543|14.687
1403994566|14.687
1403994588|14.625
1403994611|14.625
1403994633|14.625
1403994656|14.625
1403994678|14.625
1403994701|14.625
1403994723|14.625
1403994746|14.625
1403994768|14.625
1403994791|14.625
1403994813|14.625
1403994835|14.625
1403994858|14.625
1403994880|14.625
1403994903|14.625
1403994925|14.625
1403994948|14.562
1403994970|14.562
1403994993|14.625
1403995015|14.562
1403995038|14.562
1403995060|14.562
1403995083|14.625
1403995105|14.562
1403995128|14.562
1403995150|14.562
1403995173|14.562
1403995195|14.562
1403995217|14.562
1403995240|14.562
1403995262|14.562
1403995285|14.562
1403995307|14.562
1403995330|14.562
1403995352|14.562
1403995375|14.562
1403995397|14.5
1403995420|14.562
1403995442|14.5
1403995465|14.562
1403995487|14.562
1403995510|14.562
1403995532|14.562
1403995554|14.562
1403995577|14.562
1403995599|14.562
1403995622|14.562
1403995644|14.562
1403995667|14.562
1403995689|14.562
1403995712|14.562
1403995734|14.5
1403995757|14.562
1403995779|14.5
1403995802|14.5
1403995824|14.5
1403995847|14.5
1403995869|14.5
1403995891|14.5
1403995914|14.5
1403995936|14.5
1403995959|14.5
1403995981|14.5
1403996004|14.5
1403996026|14.5
1403996049|14.5
1403996071|14.5
1403996094|14.5
1403996116|14.5
1403996139|14.5
1403996161|14.5
1403996184|14.5
1403996206|14.5
1403996228|14.437
1403996251|14.437
1403996273|14.437
1403996296|14.437
1403996318|14.437
1403996341|14.5
1403996363|14.5
1403996386|14.437
1403996408|14.5
1403996431|14.375
1403996453|14.437
1403996476|14.437
1403996498|14.437
1403996521|14.437
1403996543|14.437
1403996565|14.375
1403996588|14.375
1403996610|14.437
1403996633|14.375
1403996655|14.437
1403996678|14.437
1403996700|14.437
1403996723|14.437
1403996745|14.375
1403996768|14.437
1403996790|14.437
1403996813|14.437
1403996835|14.437
1403996858|14.437
1403996880|14.437
1403996903|14.437
1403996925|14.437
1403996947|14.437
1403996970|14.437
1403996992|14.437
1403997015|14.437
1403997037|14.437
1403997060|14.437
1403997082|14.437
1403997105|14.437
1403997127|14.437
1403997150|14.437
1403997172|14.437
1403997195|14.437
1403997217|14.437
1403997240|14.437
1403997262|14.437
1403997284|14.437
1403997307|14.437
1403997329|14.437
1403997352|14.437
1403997374|14.437
1403997397|14.437
1403997419|14.437
1403997442|14.437
1403997464|14.437
1403997487|14.437
1403997509|14.437
1403997532|14.437
1403997554|14.437
1403997577|14.437
1403997599|14.437
1403997621|14.437
1403997645|14.437
1403997667|14.437
1403997690|14.437
1403997712|14.437
1403997735|14.375
1403997757|14.375
1403997780|14.375
1403997802|14.375
1403997824|14.375
1403997847|14.375
1403997869|14.375
1403997892|14.375
1403997914|14.375
1403997937|14.312
1403997959|14.375
1403997982|14.375
1403998004|14.375
1403998027|14.375
1403998049|14.375
1403998072|14.375
1403998094|14.375
1403998117|14.375
1403998139|14.312
1403998161|14.312
1403998184|14.312
1403998206|14.312
1403998229|14.312
1403998251|14.312
1403998274|14.312
1403998296|14.375
1403998319|14.375
1403998341|14.375
1403998364|14.375
1403998386|14.375
1403998409|14.375
1403998431|14.375
1403998454|14.375
1403998476|14.375
1403998499|14.375
1403998521|14.375
1403998543|14.375
1403998566|14.375
1403998588|14.375
1403998611|14.375
1403998633|14.312
1403998656|14.375
1403998678|14.312
1403998701|14.375
1403998723|14.375
1403998746|14.375
1403998768|14.375
1403998791|14.375
1403998813|14.375
1403998836|14.375
1403998858|14.375
1403998881|14.312
1403998903|14.375
1403998925|14.312
1403998948|14.312
1403998970|14.312
1403998993|14.312
1403999015|14.312
1403999038|14.312
1403999060|14.312
1403999083|14.312
1403999105|14.312
1403999128|14.312
1403999150|14.312
1403999173|14.312
1403999195|14.312
1403999218|14.312
1403999240|14.312
1403999262|14.312
1403999285|14.312
1403999307|14.312
1403999330|14.312
1403999352|14.312
1403999375|14.312
1403999397|14.312
1403999420|14.312
1403999442|14.312
1403999465|14.312
1403999487|14.312
1403999510|14.312
1403999532|14.312
1403999555|14.312
1403999577|14.312
1403999599|14.312
1403999622|14.312
1403999644|14.312
1403999667|14.312
1403999689|14.312
1403999712|14.312
1403999734|14.312
1403999757|14.312
1403999779|14.312
1403999802|14.312
1403999824|14.312
1403999847|14.25
1403999869|14.312
1403999892|14.25
1403999914|14.312
1403999936|14.312
1403999959|14.312
1403999981|14.25
1404000004|14.312
1404000026|14.312
1404000049|14.25
1404000071|14.312
1404000094|14.312
1404000116|14.312
1404000139|14.312
1404000161|14.312
1404000184|14.312
1404000206|14.312
1404000229|14.312
1404000251|14.312
1404000274|14.312
1404000296|14.312
1404000318|14.25
1404000341|14.25
1404000363|14.25
1404000386|14.25
1404000408|14.25
1404000431|14.25
1404000453|14.25
1404000476|14.25
1404000498|14.312
1404000521|14.25
1404000543|14.312
1404000566|14.25
1404000588|14.312
1404000611|14.312
1404000633|14.312
1404000656|14.312
1404000678|14.25
1404000700|14.312
1404000723|14.25
1404000745|14.25
1404000768|14.312
1404000790|14.312
1404000813|14.312
1404000835|14.312
1404000858|14.312
1404000880|14.312
1404000903|14.312
1404000925|14.312
1404000948|14.312
1404000970|14.312
1404000993|14.312
1404001015|14.312
1404001037|14.312
1404001060|14.312
1404001082|14.312
1404001105|14.25
1404001127|14.312
1404001150|14.312
1404001172|14.312
1404001195|14.312
1404001217|14.312
1404001240|14.312
1404001262|14.312
1404001285|14.25
1404001307|14.25
1404001330|14.25
1404001352|14.25
1404001374|14.25
1404001397|14.25
1404001419|14.187
1404001442|14.25
1404001464|14.25
1404001487|14.25
1404001509|14.25
1404001532|14.25
1404001554|14.187
1404001577|14.187
1404001599|14.187
1404001622|14.187
1404001644|14.187
1404001667|14.187
1404001689|14.187
1404001711|14.187
1404001734|14.187
1404001756|14.187
1404001779|14.187
1404001801|14.125
1404001824|14.125
1404001846|14.125
1404001869|14.125
1404001891|14.125
1404001914|14.125
1404001936|14.125
1404001959|14.125
1404001981|14.125
1404002004|14.125
1404002026|14.125
1404002048|14.125
1404002071|14.125
1404002093|14.125
1404002116|14.125
1404002138|14.125
1404002161|14.125
1404002183|14.062
1404002206|14.062
1404002228|14.062
1404002251|14.062
1404002273|14.062
1404002296|14.062
1404002318|14.062
1404002341|14.062
1404002363|14.062
1404002385|14.062
1404002408|14.125
1404002430|14.125
1404002453|14.125
1404002475|14.062
1404002498|14.125
1404002520|14.125
1404002543|14.062
1404002565|14.062
1404002588|14.062
1404002610|14.062
1404002633|14.062
1404002655|14.062
1404002678|14.062
1404002700|14.062
1404002723|14.062
1404002745|14.062
1404002767|14.062
1404002790|14.062
1404002812|14.062
1404002835|14.062
1404002857|14.062
1404002880|14.062
1404002902|14.062
1404002925|14.062
1404002947|14.062
1404002970|14.062
1404002992|14.062
1404003015|14.125
1404003037|14.125
1404003060|14.125
1404003082|14.125
1404003104|14.125
1404003127|14.125
1404003149|14.125
1404003172|14.125
1404003194|14.062
1404003217|14.062
1404003239|14.062
1404003262|14.062
1404003284|14.062
1404003307|14.0
1404003329|14.0
1404003352|14.062
1404003374|14.062
1404003397|14.062
1404003419|14.062
1404003441|14.062
1404003464|14.062
1404003486|14.062
1404003509|14.062
1404003531|14.062
1404003554|14.062
1404003576|14.062
1404003599|14.062
1404003621|14.062
1404003644|14.0
1404003666|14.0
1404003689|14.0
1404003711|14.0
1404003734|14.0
1404003756|14.0
1404003779|14.0
1404003801|14.0
1404003823|13.937
1404003846|14.0
1404003868|14.0
1404003891|14.0
1404003913|13.937
1404003936|13.937
1404003958|13.937
1404003981|13.937
1404004003|13.937
1404004026|13.937
1404004048|14.0
1404004071|14.0
1404004093|13.937
1404004116|13.937
1404004138|13.937
1404004161|13.937
1404004183|13.937
1404004205|13.937
1404004228|13.937
1404004250|13.937
1404004273|13.937
1404004295|13.937
1404004318|13.937
1404004340|13.937
1404004363|13.937
1404004385|13.937
1404004408|13.937
1404004430|13.875
1404004453|13.875
1404004475|13.875
1404004498|13.937
1404004520|13.875
1404004542|13.875
1404004565|13.875
1404004587|13.875
1404004610|13.875
1404004632|13.812
1404004655|13.812
1404004677|13.875
1404004700|13.875
1404004722|13.875
1404004745|13.812
1404004767|13.812
1404004790|13.812
1404004812|13.812
1404004835|13.812
1404004857|13.812
1404004879|13.812
1404004902|13.812
1404004924|13.812
1404004947|13.812
1404004969|13.812
1404004992|13.812
1404005014|13.812
1404005037|13.812
1404005059|13.812
1404005082|13.812
1404005104|13.75
1404005127|13.75
1404005149|13.812
1404005172|13.812
1404005194|13.812
1404005216|13.812
1404005239|13.812
1404005261|13.812
1404005284|13.812
1404005306|13.875
1404005329|13.875
1404005351|13.875
1404005374|13.812
1404005396|13.812
1404005419|13.875
1404005441|13.875
1404005464|13.812
1404005486|13.875
1404005509|13.875
1404005531|13.875
1404005554|13.875
1404005576|13.875
1404005599|13.875
1404005621|13.875
1404005643|13.875
1404005666|13.812
1404005688|13.812
1404005711|13.812
1404005733|13.75
1404005756|13.812
1404005778|13.812
1404005801|13.812
1404005823|13.812
1404005846|13.812
1404005868|13.812
1404005891|13.812
1404005913|13.812
1404005936|13.75
1404005958|13.812
1404005980|13.812
1404006003|13.812
1404006025|13.812
1404006048|13.812
1404006070|13.812
1404006093|13.812
1404006115|13.812
1404006138|13.812
1404006160|13.812
1404006183|13.812
1404006205|13.812
1404006228|13.875
1404006250|13.875
1404006273|13.875
1404006295|13.875
1404006318|13.875
1404006340|13.875
1404006362|13.875
1404006385|13.875
1404006407|13.937
1404006430|13.937
1404006452|13.937
1404006475|13.937
1404006497|13.937
1404006520|13.937
1404006542|13.937
1404006565|13.937
1404006587|13.937
1404006610|13.937
1404006632|13.937
1404006655|13.937
1404006677|13.937
1404006699|13.937
1404006722|13.937
1404006744|13.937
1404006767|13.937
1404006789|13.875
1404006812|13.875
1404006834|13.875
1404006857|13.875
1404006879|13.875
1404006902|13.812
1404006924|13.812
1404006947|13.812
1404006969|13.812
1404006992|13.812
1404007014|13.812
1404007036|13.812
1404007059|13.812
1404007081|13.812
1404007104|13.812
1404007126|13.812
1404007149|13.812
1404007171|13.812
1404007194|13.812
1404007216|13.812
1404007239|13.812
1404007261|13.812
1404007284|13.812
1404007306|13.75
1404007329|13.75
1404007351|13.75
1404007374|13.75
1404007396|13.75
1404007418|13.687
1404007441|13.75
1404007463|13.75
1404007486|13.75
1404007508|13.75
1404007531|13.75
1404007553|13.75
1404007576|13.75
1404007598|13.75
1404007621|13.75
1404007643|13.75
1404007666|13.75
1404007688|13.75
1404007711|13.75
1404007733|13.75
1404007756|13.75
1404007778|13.75
1404007800|13.75
1404007823|13.75
1404007845|13.75
1404007868|13.687
1404007890|13.75
1404007913|13.75
1404007935|13.687
1404007958|13.687
1404007980|13.75
1404008003|13.687
1404008025|13.687
1404008048|13.687
1404008070|13.687
1404008093|13.687
1404008115|13.687
1404008138|13.75
1404008160|13.75
1404008183|13.75
1404008205|13.75
1404008227|13.75
1404008250|13.75
1404008272|13.75
1404008295|13.687
1404008317|13.75
1404008340|13.75
1404008362|13.75
1404008385|13.75
1404008407|13.812
1404008430|13.812
1404008452|13.75
1404008475|13.75
1404008497|13.75
1404008520|13.75
1404008542|13.75
1404008564|13.75
1404008587|13.75
1404008609|13.75
1404008632|13.75
1404008654|13.75
1404008677|13.687
1404008699|13.75
1404008723|13.687
1404008745|13.687
1404008767|13.75
1404008790|13.687
1404008812|13.75
1404008835|13.687
1404008857|13.687
1404008880|13.687
1404008902|13.687
1404008925|13.687
1404008947|13.687
1404008970|13.687
1404008992|13.687
1404009015|13.687
1404009037|13.687
1404009060|13.687
1404009082|13.687
1404009105|13.687
1404009127|13.687
1404009149|13.687
1404009172|13.687
1404009194|13.687
1404009217|13.687
1404009239|13.687
1404009262|13.687
1404009284|13.687
1404009307|13.687
1404009329|13.687
1404009352|13.687
1404009374|13.687
1404009397|13.687
1404009419|13.75
1404009442|13.75
1404009464|13.75
1404009486|13.75
1404009509|13.75
1404009531|13.75
1404009554|13.687
1404009576|13.687
1404009599|13.687
1404009621|13.687
1404009644|13.75
1404009666|13.687
1404009689|13.687
1404009711|13.687
1404009734|13.687
1404009756|13.687
1404009779|13.687
1404009801|13.625
1404009824|13.687
1404009846|13.687
1404009869|13.687
1404009891|13.687
1404009913|13.687
1404009936|13.625
1404009958|13.687
1404009981|13.687
1404010003|13.625
1404010026|13.625
1404010048|13.687
1404010071|13.625
1404010093|13.625
1404010116|13.625
1404010138|13.687
1404010161|13.625
1404010183|13.687
1404010206|13.687
1404010228|13.687
1404010250|13.625
1404010273|13.625
1404010295|13.687
1404010318|13.687
1404010340|13.687
1404010363|13.687
1404010385|13.687
1404010408|13.687
1404010430|13.687
1404010453|13.687
1404010475|13.687
1404010498|13.687
1404010520|13.687
1404010543|13.687
1404010565|13.687
1404010587|13.687
1404010610|13.687
1404010632|13.687
1404010655|13.687
1404010677|13.687
1404010700|13.625
1404010722|13.687
1404010745|13.687
1404010767|13.625
1404010790|13.687
1404010812|13.687
1404010835|13.687
1404010857|13.687
1404010880|13.687
1404010902|13.687
1404010924|13.75
1404010947|13.687
1404010969|13.75
1404010992|13.75
1404011014|13.75
1404011037|13.75
1404011059|13.75
1404011082|13.75
1404011104|13.75
1404011127|13.75
1404011149|13.75
1404011172|13.75
1404011194|13.75
1404011217|13.75
1404011239|13.75
1404011262|13.75
1404011284|13.75
1404011306|13.75
1404011329|13.812
1404011351|13.75
1404011374|13.812
1404011396|13.812
1404011419|13.812
1404011441|13.812
1404011464|13.812
1404011486|13.812
1404011509|13.875
1404011531|13.875
1404011554|13.875
1404011576|13.875
1404011599|13.875
1404011621|13.812
1404011644|13.875
1404011666|13.875
1404011688|13.875
1404011711|13.875
1404011733|13.875
1404011756|13.875
1404011778|13.875
1404011801|13.875
1404011823|13.875
1404011846|13.875
1404011868|13.875
1404011891|13.875
1404011913|13.875
1404011936|13.875
1404011958|13.875
1404011981|13.875
1404012003|13.875
1404012025|13.875
1404012048|13.875
1404012070|13.875
1404012093|13.875
1404012115|13.875
1404012138|13.875
1404012160|13.875
1404012183|13.937
1404012205|13.937
1404012228|13.937
1404012250|13.875
1404012273|13.875
1404012295|13.875
1404012318|13.875
1404012340|13.875
1404012363|13.875
1404012385|13.937
1404012407|13.937
1404012430|13.937
1404012452|13.937
1404012475|13.937
1404012497|13.937
1404012520|13.937
1404012542|13.937
1404012565|13.937
1404012587|13.937
1404012610|13.937
1404012632|13.937
1404012655|14.0
1404012677|14.0
1404012700|14.0
1404012722|14.0
1404012744|14.0
1404012767|14.0
1404012789|14.0
1404012812|14.0
1404012834|14.0
1404012857|14.0
1404012879|14.0
1404012902|14.062
1404012924|14.062
1404012947|14.062
1404012969|14.062
1404012992|14.062
1404013014|14.125
1404013037|14.062
1404013059|14.062
1404013081|14.062
1404013104|14.0
1404013126|14.0
1404013149|14.0
1404013171|14.0
1404013194|14.0
1404013216|14.0
1404013239|14.0
1404013261|14.0
1404013284|14.0
1404013306|14.062
1404013329|14.062
1404013351|14.062
1404013374|14.062
1404013396|14.062
1404013419|14.0
1404013441|14.062
1404013463|14.062
1404013486|14.0
1404013508|14.062
1404013531|14.062
1404013553|14.062
1404013576|14.125
1404013598|14.062
1404013621|14.125
1404013643|14.125
1404013666|14.125
1404013688|14.125
1404013711|14.125
1404013733|14.125
1404013756|14.125
1404013778|14.125
1404013801|14.125
1404013823|14.187
1404013845|14.187
1404013868|14.187
1404013890|14.187
1404013913|14.187
1404013935|14.187
1404013958|14.25
1404013980|14.25
1404014003|14.25
1404014025|14.25
1404014048|14.25
1404014070|14.25
1404014093|14.25
1404014115|14.25
1404014138|14.187
1404014160|14.25
1404014182|14.25
1404014205|14.25
1404014227|14.25
1404014250|14.25
1404014272|14.25
1404014295|14.25
1404014317|14.25
1404014340|14.25
1404014362|14.25
1404014385|14.25
1404014407|14.312
1404014430|14.25
1404014452|14.312
1404014475|14.312
1404014497|14.312
1404014519|14.312
1404014542|14.375
1404014564|14.312
1404014587|14.312
1404014609|14.312
1404014632|14.312
1404014654|14.375
1404014677|14.375
1404014699|14.437
1404014722|14.437
1404014744|14.437
1404014767|14.437
1404014789|14.437
1404014812|14.437
1404014834|14.5
1404014857|14.5
1404014879|14.5
1404014901|14.437
1404014924|14.5
1404014946|14.5
1404014969|14.5
1404014991|14.5
1404015014|14.437
1404015036|14.437
1404015059|14.437
1404015081|14.5
1404015104|14.437
1404015126|14.437
1404015149|14.437
1404015171|14.437
1404015194|14.437
1404015216|14.437
1404015239|14.5
1404015261|14.5
1404015283|14.5
1404015306|14.5
1404015328|14.5
1404015351|14.5
1404015373|14.5
1404015396|14.437
1404015418|14.5
1404015441|14.5
1404015463|14.437
1404015486|14.5
1404015508|14.5
1404015531|14.5
1404015553|14.5
1404015576|14.5
1404015598|14.5
1404015620|14.562
1404015643|14.562
1404015665|14.562
1404015688|14.562
1404015710|14.562
1404015733|14.562
1404015755|14.625
1404015778|14.625
1404015800|14.625
1404015823|14.687
1404015845|14.687
1404015868|14.687
1404015890|14.687
1404015913|14.625
1404015935|14.625
1404015957|14.625
1404015980|14.625
1404016002|14.562
1404016025|14.625
1404016047|14.625
1404016070|14.625
1404016092|14.625
1404016115|14.687
1404016137|14.687
1404016160|14.687
1404016182|14.687
1404016205|14.75
1404016227|14.75
1404016250|14.75
1404016272|14.75
1404016294|14.812
1404016317|14.812
1404016339|14.812
1404016362|14.875
1404016384|14.812
1404016407|14.875
1404016429|14.875
1404016452|14.875
1404016474|14.875
1404016497|14.875
1404016519|14.875
1404016542|14.937
1404016564|14.937
1404016587|14.937
1404016609|14.937
1404016632|15.0
1404016654|15.0
1404016676|15.0
1404016699|15.062
1404016721|15.062
1404016744|15.062
1404016766|15.062
1404016789|15.062
1404016811|15.062
1404016834|15.062
1404016856|15.125
1404016879|15.125
1404016901|15.125
1404016924|15.125
1404016946|15.062
1404016969|15.062
1404016991|15.062
1404017013|15.062
1404017036|15.062
1404017058|15.062
1404017081|15.062
1404017103|15.062
1404017126|15.062
1404017148|15.062
1404017171|15.0
1404017193|15.062
1404017216|15.062
1404017238|15.062
1404017261|15.062
1404017283|15.062
1404017306|15.062
1404017328|15.062
1404017350|15.125
1404017373|15.187
1404017395|15.187
1404017418|15.187
1404017440|15.187
1404017463|15.187
1404017485|15.187
1404017508|15.187
1404017530|15.187
1404017553|15.25
1404017575|15.25
1404017598|15.25
1404017620|15.25
1404017643|15.25
1404017665|15.312
1404017687|15.312
1404017710|15.312
1404017732|15.312
1404017755|15.312
1404017777|15.375
1404017800|15.375
1404017822|15.375
1404017845|15.375
1404017867|15.375
1404017890|15.375
1404017912|15.375
1404017935|15.375
1404017957|15.375
1404017980|15.437
1404018002|15.375
1404018024|15.375
1404018047|15.375
1404018069|15.437
1404018092|15.375
1404018114|15.437
1404018137|15.437
1404018159|15.437
1404018182|15.437
1404018204|15.437
1404018227|15.437
1404018249|15.437
1404018272|15.437
1404018294|15.437
1404018317|15.437
1404018339|15.437
1404018362|15.437
1404018384|15.437
1404018406|15.437
1404018429|15.437
1404018451|15.437
1404018474|15.437
1404018496|15.5
1404018519|15.437
1404018541|15.5
1404018564|15.437
1404018586|15.437
1404018609|15.437
1404018631|15.437
1404018654|15.437
1404018676|15.437
1404018699|15.437
1404018721|15.437
1404018744|15.437
1404018766|15.5
1404018788|15.5
1404018811|15.5
1404018833|15.5
1404018857|15.5
1404018879|15.5
1404018902|15.5
1404018924|15.437
1404018947|15.437
1404018969|15.437
1404018991|15.437
1404019014|15.5
1404019036|15.5
1404019059|15.5
1404019081|15.5
1404019104|15.5
1404019126|15.5
1404019149|15.5
1404019171|15.5
1404019194|15.437
1404019216|15.437
1404019239|15.5
1404019261|15.5
1404019284|15.5
1404019306|15.5
1404019328|15.5
1404019351|15.5
1404019373|15.5
1404019396|15.5
1404019418|15.5
1404019441|15.562
1404019463|15.562
1404019486|15.562
1404019508|15.562
1404019531|15.562
1404019553|15.562
1404019576|15.562
1404019598|15.562
1404019621|15.562
1404019643|15.562
1404019666|15.562
1404019688|15.562
1404019711|15.562
1404019733|15.562
1404019755|15.625
1404019778|15.625
1404019800|15.562
1404019823|15.5
1404019845|15.5
1404019868|15.5
1404019890|15.5
1404019913|15.5
1404019935|15.5
1404019958|15.562
1404019980|15.562
1404020003|15.5
1404020025|15.562
1404020048|15.562
1404020070|15.562
1404020092|15.625
1404020115|15.625
1404020137|15.625
1404020160|15.687
1404020182|15.625
1404020205|15.687
1404020227|15.687
1404020250|15.687
1404020272|15.75
1404020295|15.75
1404020317|15.75
1404020340|15.75
1404020362|15.75
1404020385|15.812
1404020407|15.812
1404020430|15.812
1404020452|15.812
1404020474|15.812
1404020497|15.812
1404020519|15.875
1404020542|15.875
1404020564|15.875
1404020587|15.875
1404020609|15.937
1404020632|15.937
1404020654|15.937
1404020677|15.937
1404020699|15.937
1404020722|15.937
1404020744|15.937
1404020767|15.937
1404020789|15.937
1404020811|15.875
1404020834|15.875
1404020856|15.875
1404020879|15.875
1404020901|15.937
1404020924|15.937
1404020946|15.937
1404020969|15.937
1404020991|16.0
1404021014|16.0
1404021036|16.0
1404021059|16.0
1404021081|16.0
1404021104|16.0
1404021126|16.062
1404021148|16.0
1404021171|16.0
1404021194|16.0
1404021216|15.937
1404021238|15.937
1404021261|15.937
1404021283|15.937
1404021306|15.875
1404021328|15.812
1404021351|15.812
1404021373|15.812
1404021396|15.812
1404021418|15.812
1404021441|15.812
1404021463|15.812
1404021486|15.75
1404021508|15.687
1404021531|15.687
1404021553|15.75
1404021575|15.687
1404021598|15.625
1404021620|15.625
1404021643|15.562
1404021665|15.625
1404021688|15.687
1404021710|15.687
1404021733|15.687
1404021755|15.687
1404021778|15.75
1404021800|15.75
1404021823|15.75
1404021845|15.687
1404021868|15.687
1404021890|15.625
1404021912|15.687
1404021935|15.687
1404021957|15.687
1404021980|15.687
1404022002|15.75
1404022025|15.75
1404022047|15.75
1404022070|15.75
1404022092|15.75
1404022115|15.75
1404022137|15.75
1404022160|15.875
1404022182|15.875
1404022205|15.937
1404022227|15.937
1404022249|16.0
1404022272|16.0
1404022294|16.062
1404022317|16.062
1404022339|16.062
1404022362|16.062
1404022384|16.062
1404022407|16.062
1404022429|16.062
1404022452|16.062
1404022474|16.062
1404022497|16.062
1404022519|16.062
1404022542|16.0
1404022564|16.062
1404022586|16.062
1404022609|16.062
1404022632|15.937
1404022654|15.875
1404022676|15.875
1404022699|15.812
1404022721|15.812
1404022744|15.875
1404022766|15.875
1404022789|15.875
1404022811|15.875
1404022834|15.875
1404022856|15.937
1404022879|15.937
1404022901|15.937
1404022924|15.937
1404022946|16.0
1404022969|16.0
1404022991|16.125
1404023014|16.187
1404023036|16.25
1404023058|16.187
1404023081|16.25
1404023103|16.25
1404023126|16.312
1404023148|16.437
1404023171|16.437
1404023193|16.562
1404023216|16.5
1404023238|16.562
1404023261|16.625
1404023283|16.625
1404023306|16.687
1404023328|16.687
1404023351|16.687
1404023373|16.687
1404023395|16.625
1404023418|16.625
1404023440|16.562
1404023463|16.625
1404023485|16.625
1404023508|16.687
1404023530|16.625
1404023553|16.687
1404023575|16.625
1404023598|16.625
1404023620|16.625
1404023643|16.562
1404023665|16.5
1404023688|16.5
1404023710|16.5
1404023733|16.437
1404023755|16.5
1404023777|16.5
1404023800|16.5
1404023822|16.437
1404023845|16.437
1404023867|16.375
1404023890|16.375
1404023912|16.312
1404023935|16.312
1404023957|16.312
1404023980|16.312
1404024002|16.312
1404024025|16.312
1404024047|16.25
1404024070|16.25
1404024092|16.312
1404024115|16.312
1404024137|16.375
1404024159|16.375
1404024182|16.312
1404024204|16.312
1404024227|16.312
1404024249|16.312
1404024272|16.312
1404024294|16.312
1404024317|16.312
1404024339|16.312
1404024362|16.312
1404024384|16.25
1404024407|16.25
1404024429|16.25
1404024452|16.25
1404024474|16.25
1404024496|16.25
1404024519|16.25
1404024542|16.25
1404024564|16.312
1404024587|16.312
1404024609|16.312
1404024632|16.312
1404024654|16.312
1404024677|16.312
1404024699|16.312
1404024721|16.312
1404024744|16.312
1404024766|16.437
1404024789|16.437
1404024811|16.5
1404024834|16.562
1404024856|16.625
1404024879|16.625
1404024901|16.687
1404024924|16.625
1404024946|16.687
1404024969|16.687
1404024991|16.687
1404025014|16.687
1404025036|16.687
1404025058|16.687
1404025081|16.75
1404025103|16.75
1404025126|16.75
1404025148|16.812
1404025171|16.812
1404025193|16.812
1404025216|16.937
1404025238|16.937
1404025261|17.0
1404025283|17.0
1404025306|17.0
1404025328|17.062
1404025351|17.062
1404025373|17.062
1404025396|17.062
1404025418|17.187
1404025440|17.25
1404025463|17.312
1404025485|17.437
1404025508|17.437
1404025530|17.437
1404025553|17.437
1404025575|17.375
1404025598|17.375
1404025620|17.312
1404025643|17.25
1404025665|17.187
1404025688|17.25
1404025710|17.312
1404025733|17.375
1404025755|17.375
1404025778|17.437
1404025800|17.437
1404025822|17.437
1404025845|17.5
1404025867|17.5
1404025890|17.687
1404025912|17.75
1404025935|17.75
1404025957|17.812
1404025980|17.875
1404026002|17.937
1404026025|17.937
1404026047|17.937
1404026070|18.0
1404026092|18.062
1404026115|18.062
1404026137|18.0
1404026159|18.0
1404026182|18.0
1404026204|17.937
1404026227|17.875
1404026249|17.812
1404026272|17.812
1404026294|17.812
1404026317|17.875
1404026339|17.937
1404026362|17.937
1404026384|18.0
1404026407|18.0
1404026429|18.0
1404026452|18.125
1404026474|18.125
1404026496|18.25
1404026519|18.375
1404026541|18.437
1404026564|18.5
1404026586|18.5
1404026609|18.562
1404026631|18.625
1404026654|18.625
1404026676|18.625
1404026699|18.687
1404026721|18.75
1404026744|18.812
1404026766|18.875
1404026789|18.937
1404026811|18.937
1404026834|19.0
1404026856|19.0
1404026879|18.875
1404026901|18.937
1404026923|18.937
1404026946|19.062
1404026968|19.062
1404026991|19.062
1404027013|19.125
1404027036|19.062
1404027058|19.062
1404027081|19.062
1404027103|19.062
1404027126|19.062
1404027148|19.062
1404027171|19.125
1404027193|19.187
1404027216|19.125
1404027238|19.25
1404027260|19.375
1404027283|19.437
1404027305|19.375
1404027328|19.375
1404027350|19.437
1404027373|19.437
1404027395|19.437
1404027418|19.437
1404027440|19.375
1404027463|19.437
1404027485|19.375
1404027508|19.375
1404027530|19.375
1404027553|19.312
1404027575|19.312
1404027597|19.25
1404027620|19.25
1404027642|19.25
1404027665|19.187
1404027687|19.125
1404027710|19.062
1404027732|19.062
1404027755|19.062
1404027777|18.937
1404027800|18.937
1404027822|19.0
1404027845|19.062
1404027867|19.125
1404027890|19.187
1404027912|19.125
1404027934|19.125
1404027957|19.25
1404027979|19.25
1404028002|19.25
1404028024|19.312
1404028047|19.25
1404028069|19.25
1404028092|19.25
1404028114|19.25
1404028137|19.25
1404028159|19.312
1404028182|19.312
1404028204|19.312
1404028227|19.375
1404028249|19.437
1404028272|19.562
1404028294|19.5
1404028316|19.562
1404028339|19.562
1404028361|19.5
1404028384|19.437
1404028406|19.312
1404028429|19.312
1404028451|19.25
1404028474|19.25
1404028496|19.25
1404028519|19.312
1404028541|19.187
1404028564|19.25
1404028586|19.125
1404028609|19.062
1404028631|19.062
1404028653|19.062
1404028676|19.062
1404028698|19.062
1404028721|19.062
1404028743|19.0
1404028766|19.0
1404028788|18.937
1404028811|19.0
1404028833|19.0
1404028856|18.937
1404028878|19.0
1404028901|19.062
1404028923|19.062
1404028946|19.062
1404028968|19.125
1404028990|19.125
1404029013|19.187
1404029035|19.187
1404029058|19.187
1404029080|19.125
1404029103|19.062
1404029125|19.187
1404029148|19.187
1404029170|19.125
1404029193|19.187
1404029215|19.25
1404029238|19.312
1404029260|19.375
1404029283|19.375
1404029305|19.312
1404029328|19.312
1404029350|19.25
1404029372|19.187
1404029395|19.187
1404029417|19.125
1404029440|19.125
1404029462|19.062
1404029485|19.125
1404029507|19.125
1404029530|19.125
1404029552|19.125
1404029575|19.187
1404029597|19.25
1404029620|19.25
1404029642|19.187
1404029665|19.25
1404029687|19.125
1404029710|19.25
1404029732|19.187
1404029754|19.062
1404029777|18.937
1404029799|18.812
1404029822|18.687
1404029844|18.625
1404029867|18.625
1404029889|18.625
1404029912|18.562
1404029934|18.625
1404029957|18.562
1404029979|18.625
1404030002|18.625
1404030024|18.625
1404030047|18.625
1404030069|18.562
1404030091|18.5
1404030114|18.437
1404030136|18.437
1404030159|18.375
1404030181|18.375
1404030204|18.375
1404030226|18.437
1404030249|18.5
1404030271|18.5
1404030294|18.562
1404030316|18.625
1404030339|18.625
1404030361|18.687
1404030384|18.687
1404030406|18.687
1404030428|18.687
1404030451|18.625
1404030473|18.625
1404030496|18.625
1404030518|18.562
1404030541|18.5
1404030563|18.5
1404030586|18.5
1404030608|18.5
1404030631|18.562
1404030653|18.687
1404030676|18.687
1404030698|18.75
1404030721|18.812
1404030743|18.812
1404030766|18.812
1404030788|18.875
1404030811|18.875
1404030833|18.875
1404030855|18.937
1404030878|19.0
1404030900|19.0
1404030923|19.062
1404030945|19.062
1404030968|19.0
1404030990|19.062
1404031013|19.0
1404031035|19.0
1404031058|19.0
1404031080|19.125
1404031103|19.062
1404031125|19.0
1404031148|19.062
1404031170|19.062
1404031192|19.0
1404031215|19.062
1404031237|19.0
1404031260|19.062
1404031282|19.062
1404031305|19.062
1404031327|19.0
1404031350|19.062
1404031372|19.0
1404031395|19.062
1404031417|19.125
1404031440|19.187
1404031462|19.187
1404031485|19.25
1404031507|19.125
1404031529|19.062
1404031552|19.062
1404031574|19.0
1404031597|19.0
1404031619|19.0
1404031642|19.0
1404031664|19.062
1404031687|19.0
1404031709|18.937
1404031732|18.937
1404031754|18.937
1404031777|18.937
1404031799|19.0
1404031822|18.937
1404031844|18.937
1404031867|18.937
1404031889|18.937
1404031911|18.875
1404031934|18.812
1404031956|18.875
1404031979|18.875
1404032001|18.812
1404032024|18.812
1404032046|18.812
1404032069|18.812
1404032091|18.75
1404032114|18.75
1404032136|18.75
1404032159|18.75
1404032181|18.812
1404032204|18.875
1404032226|18.875
1404032248|18.812
1404032271|18.812
1404032293|18.75
1404032316|18.75
1404032338|18.812
1404032361|18.812
1404032383|18.812
1404032406|18.812
1404032428|18.75
1404032451|18.75
1404032473|18.75
1404032496|18.75
1404032518|18.75
1404032541|18.812
1404032563|18.812
1404032585|18.687
1404032608|18.75
1404032630|18.75
1404032653|18.75
1404032675|18.75
1404032698|18.75
1404032720|18.687
1404032743|18.687
1404032765|18.75
1404032788|18.812
1404032810|18.812
1404032833|18.75
1404032855|18.75
1404032878|18.75
1404032900|18.75
1404032922|18.687
1404032945|18.687
1404032967|18.625
1404032990|18.625
1404033012|18.625
1404033035|18.625
1404033057|18.562
1404033080|18.5
1404033102|18.562
1404033125|18.625
1404033147|18.625
1404033170|18.562
1404033192|18.625
1404033215|18.625
1404033237|18.625
1404033260|18.562
1404033282|18.625
1404033304|18.625
1404033327|18.625
1404033349|18.562
1404033372|18.437
1404033394|18.437
1404033417|18.25
1404033439|18.25
1404033462|18.187
1404033484|18.125
1404033507|18.125
1404033529|18.125
1404033552|18.125
1404033574|18.125
1404033597|18.125
1404033619|18.062
1404033642|18.062
1404033664|18.0
1404033686|18.0
1404033709|18.062
1404033731|18.062
1404033754|18.062
1404033776|18.062
1404033799|18.062
1404033821|18.0
1404033844|17.937
1404033866|17.875
1404033889|17.875
1404033911|17.812
1404033934|17.812
1404033956|17.812
1404033979|17.812
1404034001|17.812
1404034023|17.75
1404034046|17.75
1404034068|17.687
1404034091|17.75
1404034113|17.812
1404034136|17.812
1404034158|17.812
1404034181|17.812
1404034203|17.812
1404034226|17.812
1404034248|17.937
1404034271|18.062
1404034293|18.062
1404034316|18.062
1404034338|18.125
1404034361|18.062
1404034383|18.125
1404034405|18.187
1404034428|18.25
1404034450|18.187
1404034473|18.125
1404034495|18.125
1404034518|18.125
1404034540|18.062
1404034563|18.0
1404034585|17.937
1404034608|17.937
1404034630|17.875
1404034653|17.937
1404034675|17.875
1404034698|17.875
1404034720|17.875
1404034743|17.875
1404034765|17.875
1404034787|17.937
1404034810|18.0
1404034832|18.062
1404034855|18.062
1404034877|18.062
1404034900|18.125
1404034922|18.125
1404034945|18.187
1404034967|18.187
1404034990|18.125
1404035012|18.125
1404035035|18.187
1404035057|18.187
1404035080|18.125
1404035102|18.062
1404035124|17.875
1404035147|17.812
1404035169|17.75
1404035192|17.812
1404035214|17.75
1404035237|17.75
1404035259|17.812
1404035282|17.75
1404035304|17.812
1404035327|17.75
1404035349|17.812
1404035372|17.687
1404035394|17.75
1404035417|17.812
1404035439|17.937
1404035461|17.937
1404035484|18.062
1404035506|18.062
1404035529|18.125
1404035551|18.062
1404035574|18.062
1404035596|18.0
1404035619|17.937
1404035641|17.937
1404035664|17.875
1404035686|18.0
1404035709|17.937
1404035731|18.0
1404035754|18.0
1404035776|17.937
1404035799|17.937
1404035821|18.062
1404035843|18.0
1404035866|17.937
1404035888|18.0
1404035911|18.062
1404035933|18.062
1404035956|18.062
1404035978|18.062
1404036001|18.062
1404036023|18.0
1404036046|17.937
1404036068|17.875
1404036091|17.937
1404036113|17.937
1404036136|17.937
1404036158|17.937
1404036180|17.937
1404036203|17.875
1404036225|17.875
1404036248|17.937
1404036270|17.937
1404036293|17.937
1404036315|17.875
1404036338|17.875
1404036360|17.875
1404036383|17.937
1404036405|18.0
1404036428|18.0
1404036450|18.062
1404036473|18.125
1404036495|18.187
1404036517|18.187
1404036540|18.187
1404036562|18.187
1404036585|18.187
1404036607|18.312
1404036630|18.375
1404036652|18.5
1404036675|18.375
1404036697|18.312
1404036720|18.375
1404036742|18.437
1404036765|18.375
1404036787|18.437
1404036810|18.437
1404036832|18.5
1404036855|18.562
1404036877|18.5
1404036899|18.562
1404036922|18.562
1404036944|18.625
1404036967|18.562
1404036989|18.562
1404037012|18.5
1404037034|18.562
1404037057|18.562
1404037079|18.437
1404037102|18.375
1404037124|18.375
1404037147|18.375
1404037169|18.437
1404037192|18.437
1404037214|18.437
1404037237|18.437
1404037259|18.437
1404037281|18.437
1404037304|18.562
1404037326|18.5
1404037349|18.5
1404037371|18.562
1404037394|18.625
1404037416|18.625
1404037439|18.562
1404037461|18.562
1404037484|18.562
1404037506|18.5
1404037529|18.562
1404037551|18.625
1404037574|18.625
1404037596|18.687
1404037618|18.687
1404037641|18.625
1404037663|18.687
1404037686|18.625
1404037708|18.687
1404037731|18.687
1404037753|18.687
1404037776|18.75
1404037798|18.75
1404037821|18.625
1404037843|18.5
1404037866|18.5
1404037888|18.5
1404037911|18.5
1404037933|18.562
1404037955|18.562
1404037978|18.562
1404038000|18.562
1404038023|18.625
1404038045|18.625
1404038068|18.625
1404038090|18.5
1404038113|18.562
1404038135|18.562
1404038158|18.562
1404038180|18.5
1404038203|18.5
1404038225|18.562
1404038248|18.5
1404038270|18.5
1404038293|18.562
1404038315|18.687
1404038338|18.75
1404038360|18.812
1404038382|18.875
1404038405|18.812
1404038427|18.875
1404038450|18.937
1404038472|19.0
1404038495|19.0
1404038517|19.062
1404038540|19.0
1404038562|19.062
1404038585|19.0
1404038607|18.875
1404038630|18.875
1404038652|18.937
1404038675|18.812
1404038697|18.875
1404038719|18.875
1404038742|19.0
1404038764|19.062
1404038787|19.125
1404038809|19.187
1404038832|19.125
1404038854|19.125
1404038877|19.062
1404038899|19.062
1404038922|19.0
1404038944|18.937
1404038967|18.937
1404038989|18.937
1404039012|18.875
1404039034|18.937
1404039056|18.937
1404039079|19.0
1404039101|19.125
1404039124|19.0
1404039146|19.125
1404039169|19.125
1404039191|19.125
1404039214|19.125
1404039236|19.125
1404039259|19.125
1404039281|19.125
1404039304|19.062
1404039326|19.125
1404039349|19.187
1404039371|19.125
1404039393|19.062
1404039416|18.937
1404039438|18.937
1404039461|18.875
1404039483|18.875
1404039506|19.0
1404039528|18.875
1404039551|18.812
1404039573|18.812
1404039596|18.875
1404039618|18.875
1404039641|18.875
1404039663|18.937
1404039686|18.937
1404039708|18.937
1404039731|19.062
1404039753|19.062
1404039775|19.125
1404039798|19.25
1404039820|19.375
1404039843|19.437
1404039865|19.375
1404039888|19.437
1404039910|19.375
1404039933|19.375
1404039955|19.562
1404039978|19.437
1404040000|19.5
1404040023|19.562
1404040045|19.437
1404040068|19.5
1404040090|19.5
1404040112|19.5
1404040135|19.5
1404040157|19.437
1404040180|19.5
1404040202|19.5
1404040225|19.562
1404040247|19.437
1404040270|19.437
1404040292|19.25
1404040315|19.125
1404040337|19.125
1404040360|19.187
1404040382|19.187
1404040405|19.125
1404040427|19.25
1404040449|19.375
1404040472|19.437
1404040494|19.375
1404040517|19.25
1404040539|19.25
1404040562|19.187
1404040584|19.187
1404040607|19.125
1404040629|19.187
1404040652|19.187
1404040674|19.312
1404040697|19.312
1404040719|19.312
1404040742|19.437
1404040764|19.5
1404040786|19.437
1404040809|19.5
1404040831|19.5
1404040854|19.562
1404040876|19.562
1404040899|19.625
1404040921|19.625
1404040944|19.625
1404040966|19.687
1404040989|19.625
1404041011|19.562
1404041034|19.5
1404041056|19.562
1404041079|19.5
1404041101|19.5
1404041124|19.437
1404041146|19.5
1404041169|19.562
1404041191|19.5
1404041213|19.437
1404041236|19.437
1404041258|19.437
1404041281|19.625
1404041303|19.687
1404041326|19.75
1404041348|19.812
1404041371|19.875
1404041393|19.812
1404041416|19.75
1404041438|19.75
1404041461|19.687
1404041483|19.562
1404041506|19.562
1404041528|19.625
1404041550|19.625
1404041573|19.625
1404041595|19.687
1404041618|19.687
1404041640|19.812
1404041663|19.75
1404041685|19.875
1404041708|19.937
1404041730|19.875
1404041753|19.75
1404041775|19.812
1404041798|19.875
1404041820|19.812
1404041843|19.812
1404041865|19.812
1404041887|19.937
1404041910|19.875
1404041932|19.875
1404041955|19.937
1404041977|20.0
1404042000|20.0
1404042022|20.062
1404042045|20.062
1404042067|20.125
1404042090|20.125
1404042112|20.312
1404042135|20.25
1404042157|20.187
1404042180|20.25
1404042202|20.125
1404042225|20.25
1404042247|20.375
1404042270|20.5
1404042292|20.375
1404042314|20.375
1404042337|20.375
1404042359|20.437
1404042382|20.312
1404042404|20.375
1404042427|20.375
1404042449|20.5
1404042472|20.5
1404042494|20.562
1404042517|20.562
1404042539|20.625
1404042562|20.687
1404042584|20.687
1404042607|20.687
1404042629|20.812
1404042651|20.937
1404042674|20.875
1404042696|20.875
1404042719|20.937
1404042741|20.937
1404042764|21.062
1404042786|21.125
1404042809|21.125
1404042831|21.062
1404042854|21.125
1404042876|21.125
1404042899|21.25
1404042921|21.25
1404042944|21.375
1404042966|21.25
1404042988|21.375
1404043011|21.437
1404043033|21.5
1404043056|21.375
1404043078|21.437
1404043101|21.5
1404043123|21.312
1404043146|21.312
1404043168|21.062
1404043191|21.125
1404043213|21.0
1404043236|21.062
1404043258|20.937
1404043281|20.937
1404043303|21.062
1404043325|21.125
1404043348|21.062
1404043370|21.125
1404043393|21.187
1404043415|21.187
1404043438|21.062
1404043460|21.0
1404043483|20.937
1404043505|20.937
1404043528|21.062
1404043550|21.187
1404043573|21.125
1404043595|21.062
1404043618|21.062
1404043640|21.062
1404043662|20.937
1404043685|20.937
1404043707|21.062
1404043730|21.187
1404043752|21.187
1404043775|21.187
1404043797|21.187
1404043820|21.187
1404043842|21.0
1404043865|21.0
1404043887|21.062
1404043910|20.937
1404043932|21.062
1404043955|21.125
1404043977|21.125
1404044000|21.187
1404044022|21.062
1404044044|21.125
1404044067|20.937
1404044089|21.062
1404044112|21.0
1404044134|21.0
1404044157|20.875
1404044179|20.875
1404044202|20.875
1404044224|20.875
1404044247|20.875
1404044269|20.875
1404044292|20.812
1404044314|20.875
1404044337|20.937
1404044359|20.875
1404044381|20.75
1404044404|20.812
1404044426|20.812
1404044449|20.812
1404044471|20.875
1404044494|21.125
1404044516|21.062
1404044539|21.187
1404044561|21.312
1404044584|21.312
1404044606|21.375
1404044629|21.5
1404044651|21.562
1404044674|21.562
1404044696|21.562
1404044718|21.625
1404044741|21.437
1404044763|21.437
1404044786|21.375
1404044808|21.312
1404044831|21.25
1404044853|21.25
1404044876|21.187
1404044898|85.0
1404044921|20.937
1404044943|21.125
1404044966|21.062
1404044988|21.062
1404045011|21.062
1404045033|21.062
1404045055|21.062
1404045078|21.187
1404045100|21.187
1404045123|21.25
1404045145|21.25
1404045168|21.312
1404045190|21.437
1404045213|21.5
1404045235|21.5
1404045258|21.562
1404045280|21.5
1404045303|21.687
1404045325|21.75
1404045348|21.625
1404045370|21.625
1404045392|21.5
1404045415|21.312
1404045437|21.312
1404045460|21.187
1404045482|21.0
1404045505|21.062
1404045527|21.187
1404045550|21.312
1404045572|21.312
1404045595|21.187
1404045617|21.187
1404045640|21.25
1404045662|21.25
1404045685|21.25
1404045707|21.25
1404045730|21.312
1404045752|21.437
1404045774|21.5
1404045797|21.5
1404045819|21.625
1404045842|21.687
1404045864|21.75
1404045887|21.75
1404045909|21.937
1404045932|22.062
1404045954|22.0
1404045977|21.875
1404045999|21.875
1404046022|21.875
1404046044|21.75
1404046067|21.75
1404046089|21.812
1404046112|21.937
1404046134|22.125
1404046156|22.125
1404046179|22.187
1404046201|22.437
1404046224|22.5
1404046246|22.562
1404046269|22.75
1404046291|22.875
1404046314|22.875
1404046336|22.937
1404046359|22.812
1404046381|22.812
1404046404|22.875
1404046426|23.062
1404046449|23.125
1404046471|23.187
1404046494|23.187
1404046516|23.187
1404046539|23.062
1404046561|23.062
1404046583|23.125
1404046606|23.0
1404046628|22.875
1404046651|23.062
1404046673|22.937
1404046696|23.062
1404046718|23.125
1404046741|22.937
1404046763|23.0
1404046786|23.187
1404046808|23.375
1404046831|23.375
1404046853|23.5
1404046876|23.562
1404046898|23.625
1404046920|23.687
1404046943|23.937
1404046965|24.0
1404046988|24.062
1404047010|24.125
1404047033|23.937
1404047055|23.937
1404047078|23.75
1404047100|23.75
1404047123|23.937
1404047145|24.312
1404047168|24.312
1404047190|24.312
1404047213|24.437
1404047235|24.625
1404047257|24.75
1404047280|24.875
1404047302|25.0
1404047325|25.187
1404047347|25.312
1404047370|25.375
1404047392|25.437
1404047415|25.562
1404047437|25.812
1404047460|26.0
1404047482|26.125
1404047505|26.125
1404047527|26.187
1404047550|26.062
1404047572|26.0
1404047595|26.187
1404047617|26.0
1404047639|25.812
1404047662|25.687
1404047684|25.5
1404047707|25.25
1404047729|25.375
1404047752|25.375
1404047774|25.687
1404047797|25.812
1404047819|26.062
1404047842|26.0
1404047864|26.0
1404047887|25.625
1404047909|25.625
1404047932|25.75
1404047954|25.75
1404047976|25.75
1404047999|25.812
1404048021|25.75
1404048044|25.75
1404048066|25.75
1404048089|25.812
1404048111|25.812
1404048134|25.75
1404048156|25.812
1404048179|25.812
1404048201|25.937
1404048224|26.125
1404048246|26.312
1404048269|26.25
1404048291|26.375
1404048313|26.25
1404048336|26.562
1404048358|26.125
1404048381|26.0
1404048403|26.125
1404048426|26.062
1404048448|25.937
1404048471|25.812
1404048493|25.75
1404048516|25.812
1404048538|25.687
1404048561|25.562
1404048583|25.687
1404048606|25.562
1404048628|25.5
1404048650|25.312
1404048673|25.25
1404048695|25.187
1404048718|25.062
1404048740|25.187
1404048763|25.187
1404048785|25.25
1404048808|25.25
1404048830|25.437
1404048853|25.187
1404048875|25.125
1404048898|25.0
1404048920|25.125
1404048943|25.125
1404048965|24.937
1404048988|24.687
1404049010|24.687
1404049032|24.562
1404049055|24.437
1404049077|24.437
1404049100|24.625
1404049122|24.562
1404049145|24.562
1404049167|24.687
1404049190|24.625
1404049212|24.75
1404049235|24.812
1404049257|25.0
1404049280|24.937
1404049302|24.937
1404049325|24.812
1404049347|24.875
1404049370|24.937
1404049392|24.812
1404049414|25.0
1404049437|25.125
1404049459|24.937
1404049482|24.875
1404049504|24.625
1404049527|24.437
1404049549|24.562
1404049572|24.625
1404049594|24.5
1404049617|24.312
1404049639|24.375
1404049662|24.375
1404049684|24.312
1404049707|24.312
1404049729|24.25
1404049751|24.25
1404049774|24.187
1404049796|24.062
1404049819|24.187
1404049841|24.062
1404049864|24.062
1404049886|24.125
1404049909|23.937
1404049931|23.875
1404049954|23.75
1404049976|23.75
1404049999|23.625
1404050021|23.5
1404050044|23.562
1404050066|23.687
1404050088|23.687
1404050111|23.812
1404050133|23.75
1404050156|23.625
1404050178|23.625
1404050201|23.562
1404050223|23.5
1404050246|23.312
1404050268|23.437
1404050291|23.437
1404050313|23.437
1404050336|23.5
1404050358|23.375
1404050381|23.562
1404050403|23.562
1404050425|23.75
1404050448|23.687
1404050470|23.687
1404050493|23.5
1404050515|23.5
1404050538|23.437
1404050560|23.437
1404050583|23.25
1404050605|23.125
1404050628|23.125
1404050650|23.125
1404050673|23.0
1404050695|22.875
1404050718|22.812
1404050740|22.625
1404050763|22.625
1404050785|22.687
1404050808|22.812
1404050830|22.812
1404050852|22.937
1404050875|23.062
1404050897|23.187
1404050920|23.375
1404050942|23.375
1404050965|23.5
1404050987|23.562
1404051010|23.687
1404051032|23.562
1404051055|23.625
1404051077|23.812
1404051100|23.875
1404051122|23.75
1404051145|23.687
1404051167|23.625
1404051189|23.687
1404051212|23.625
1404051234|23.625
1404051257|23.375
1404051279|23.375
1404051302|23.437
1404051324|23.375
1404051347|23.375
1404051369|23.5
1404051392|23.5
1404051414|23.562
1404051437|23.812
1404051459|23.875
1404051482|23.812
1404051504|23.937
1404051526|23.812
1404051549|23.75
1404051571|23.875
1404051594|23.875
1404051616|23.812
1404051639|24.0
1404051661|24.187
1404051684|24.25
1404051706|24.25
1404051729|24.375
1404051751|24.437
1404051774|24.375
1404051796|24.375
1404051819|24.312
1404051841|24.125
1404051863|24.25
1404051886|24.187
1404051908|24.0
1404051931|23.875
1404051953|23.812
1404051976|23.687
1404051998|23.687
1404052021|23.5
1404052043|23.5
1404052066|23.625
1404052088|23.625
1404052111|23.437
1404052133|23.437
1404052156|23.375
1404052178|23.5
1404052201|23.562
1404052223|23.625
1404052245|23.625
1404052268|23.625
1404052290|23.625
1404052313|23.687
1404052335|23.625
1404052358|23.625
1404052380|23.625
1404052403|23.437
1404052425|23.312
1404052448|23.312
1404052470|23.312
1404052493|23.25
1404052515|23.312
1404052538|23.312
1404052560|23.187
1404052583|23.25
1404052605|23.312
1404052627|23.375
1404052650|23.312
1404052672|23.312
1404052695|23.25
1404052717|23.062
1404052740|23.125
1404052762|23.187
1404052785|23.187
1404052807|23.187
1404052830|23.187
1404052852|23.25
1404052875|23.187
1404052897|23.0
1404052920|23.062
1404052942|22.937
1404052965|23.0
1404052987|23.0
1404053009|23.125
1404053032|23.187
1404053054|23.187
1404053077|23.125
1404053099|23.187
1404053122|23.187
1404053144|23.375
1404053167|23.312
1404053189|23.312
1404053212|23.312
1404053234|23.187
1404053257|23.062
1404053279|23.125
1404053302|23.125
1404053324|23.187
1404053346|23.125
1404053369|23.125
1404053391|23.125
1404053414|23.125
1404053436|23.062
1404053459|23.0
1404053481|22.875
1404053504|22.875
1404053526|22.812
1404053549|22.75
1404053571|22.812
1404053594|22.687
1404053616|22.687
1404053639|22.812
1404053661|22.812
1404053684|23.125
1404053706|22.937
1404053729|22.687
1404053751|22.562
1404053773|22.562
1404053796|22.5
1404053818|22.5
1404053841|22.562
1404053863|22.687
1404053886|22.687
1404053908|22.625
1404053931|22.75
1404053953|22.75
1404053976|22.875
1404053998|23.0
1404054021|23.0
1404054043|23.062
1404054066|23.0
1404054088|23.0
1404054110|23.187
1404054133|23.187
1404054155|23.25
1404054178|23.125
1404054200|23.062
1404054223|23.062
1404054245|23.187
1404054268|23.187
1404054290|23.125
1404054313|23.187
1404054335|23.25
1404054358|23.25
1404054380|23.375
1404054403|23.25
1404054425|23.187
1404054447|23.062
1404054470|23.0
1404054492|23.0
1404054515|22.937
1404054537|23.0
1404054560|22.937
1404054582|22.812
1404054605|22.75
1404054627|22.75
1404054650|22.625
1404054672|22.687
1404054695|22.75
1404054717|22.625
1404054740|22.562
1404054762|22.625
1404054785|22.625
1404054807|22.625
1404054829|22.625
1404054852|22.562
1404054874|22.5
1404054897|22.437
1404054919|22.5
1404054942|22.5
1404054964|22.437
1404054987|22.5
1404055009|22.375
1404055032|22.312
1404055054|22.375
1404055077|22.375
1404055099|22.375
1404055122|22.5
1404055144|22.5
1404055166|22.5
1404055189|22.5
1404055211|22.625
1404055234|22.75
1404055256|22.75
1404055279|22.812
1404055301|22.812
1404055324|22.687
1404055346|22.625
1404055369|22.625
1404055391|22.687
1404055414|22.812
1404055436|22.687
1404055459|22.75
1404055481|22.812
1404055504|22.875
1404055526|22.937
1404055548|23.0
1404055571|22.937
1404055593|22.937
1404055616|22.937
1404055638|22.875
1404055661|22.687
1404055683|22.687
1404055706|22.562
1404055728|22.437
1404055751|22.5
1404055773|22.437
1404055796|22.562
1404055818|22.687
1404055841|22.812
1404055863|22.812
1404055885|22.812
1404055908|22.875
1404055930|23.0
1404055953|22.937
1404055975|22.75
1404055998|22.812
1404056020|22.812
1404056043|22.875
1404056065|22.75
1404056088|22.75
1404056110|22.687
1404056133|22.625
1404056155|22.812
1404056178|22.875
1404056200|22.875
1404056223|23.0
1404056245|22.875
1404056267|22.875
1404056290|22.875
1404056312|22.875
1404056335|22.75
1404056357|22.812
1404056380|23.0
1404056402|22.75
1404056425|22.562
1404056447|22.562
1404056470|22.437
1404056492|22.562
1404056515|22.437
1404056537|22.562
1404056560|22.687
1404056582|22.687
1404056604|22.75
1404056627|22.937
1404056649|23.0
1404056672|23.187
1404056694|23.5
1404056717|23.812
1404056739|24.062
1404056762|24.125
1404056784|24.5
1404056807|24.75
1404056829|24.937
1404056852|24.937
1404056874|25.062
1404056897|25.0
1404056919|25.0
1404056941|24.937
1404056964|24.937
1404056986|25.0
1404057009|25.0
1404057031|25.375
1404057054|25.312
1404057076|25.312
1404057099|25.375
1404057121|25.187
1404057144|25.062
1404057166|25.0
1404057189|24.812
1404057211|24.687
1404057234|24.5
1404057256|24.25
1404057278|24.187
1404057301|24.125
1404057323|23.937
1404057346|23.625
1404057368|23.437
1404057391|23.312
1404057413|23.25
1404057436|23.187
1404057458|23.125
1404057481|23.125
1404057503|23.0
1404057526|23.062
1404057548|22.937
1404057571|22.812
1404057593|22.75
1404057616|22.812
1404057638|22.75
1404057661|22.562
1404057683|22.562
1404057705|22.562
1404057728|22.687
1404057750|22.687
1404057773|22.687
1404057795|22.812
1404057818|22.937
1404057840|22.875
1404057863|22.75
1404057885|22.875
1404057908|22.875
1404057930|22.875
1404057953|22.625
1404057975|22.312
1404057998|22.187
1404058020|22.187
1404058042|22.125
1404058065|22.187
1404058087|22.125
1404058110|22.25
1404058132|22.25
1404058155|22.125
1404058177|21.875
1404058200|21.875
1404058222|21.812
1404058245|21.75
1404058267|21.625
1404058290|21.625
1404058312|21.25
1404058335|21.062
1404058357|21.187
1404058380|21.0
1404058402|20.875
1404058424|20.875
1404058447|20.75
1404058469|20.625
1404058492|20.562
1404058514|20.562
1404058537|20.625
1404058559|20.625
1404058582|20.562
1404058604|20.437
1404058627|20.5
1404058649|20.562
1404058672|20.562
1404058694|20.562
1404058717|20.562
1404058739|20.562
1404058762|20.5
1404058784|20.437
1404058806|20.375
1404058829|20.187
1404058851|20.062
1404058874|20.0
1404058896|20.0
1404058919|20.125
1404058941|20.062
1404058964|19.937
1404058986|19.875
1404059009|19.687
1404059031|19.687
1404059054|19.75
1404059076|19.75
1404059099|19.812
1404059121|19.875
1404059144|19.937
1404059166|20.0
1404059188|20.062
1404059211|20.125
1404059233|20.125
1404059256|20.062
1404059278|20.062
1404059301|20.125
1404059323|20.125
1404059346|20.125
1404059368|20.062
1404059391|20.062
1404059413|19.937
1404059436|19.875
1404059458|19.937
1404059481|19.937
1404059503|19.937
1404059525|19.937
1404059548|19.812
1404059570|19.812
1404059593|19.812
1404059615|19.75
1404059638|19.687
1404059660|19.625
1404059683|19.625
1404059705|19.625
1404059728|19.562
1404059750|19.5
1404059773|19.562
1404059795|19.562
1404059818|19.562
1404059840|19.625
1404059863|19.687
1404059885|19.625
1404059907|19.5
1404059930|19.312
1404059952|19.25
1404059975|19.187
1404059997|19.187
1404060020|19.125
1404060042|19.125
1404060065|19.0
1404060087|18.937
1404060110|18.937
1404060132|18.937
1404060155|19.0
1404060177|19.125
1404060200|19.187
1404060222|19.187
1404060245|19.125
1404060267|19.125
1404060289|19.125
1404060312|19.125
1404060334|19.125
1404060357|19.125
1404060379|19.187
1404060402|19.187
1404060424|19.125
1404060447|19.187
1404060469|19.062
1404060492|19.062
1404060514|19.062
1404060537|19.062
1404060559|19.062
1404060582|19.062
1404060604|19.062
1404060626|19.062
1404060649|19.062
1404060671|19.062
1404060694|19.062
1404060716|19.062
1404060739|19.0
1404060761|19.0
1404060784|19.0
1404060806|19.062
1404060829|19.062
1404060851|19.187
1404060874|19.187
1404060896|19.187
1404060919|19.187
1404060941|19.125
1404060963|19.062
1404060986|19.0
1404061008|18.937
1404061031|18.937
1404061053|18.875
1404061076|18.875
1404061098|18.812
1404061121|18.875
1404061143|18.875
1404061166|18.875
1404061188|18.875
1404061211|18.75
1404061233|18.75
1404061256|18.75
1404061278|18.75
1404061301|18.687
1404061323|18.75
1404061345|18.687
1404061368|18.687
1404061390|18.687
1404061413|18.687
1404061435|18.687
1404061458|18.562
1404061480|18.562
1404061503|18.562
1404061525|18.5
1404061548|18.437
1404061570|18.5
1404061593|18.562
1404061615|18.562
1404061638|18.562
1404061660|18.562
1404061682|18.562
1404061705|18.562
1404061727|18.437
1404061750|18.5
1404061772|18.5
1404061795|18.5
1404061817|18.5
1404061840|18.5
1404061862|18.625
1404061885|18.625
1404061907|18.625
1404061930|18.562
1404061952|18.5
1404061975|18.437
1404061997|18.437
1404062020|18.375
1404062042|18.375
1404062064|18.437
1404062087|18.437
1404062109|18.437
1404062132|18.437
1404062154|18.437
1404062177|18.437
1404062199|18.5
1404062222|18.562
1404062244|18.625
1404062267|18.562
1404062289|18.625
1404062312|18.562
1404062334|18.562
1404062357|18.625
1404062379|18.625
1404062402|18.562
1404062424|18.562
1404062446|18.562
1404062469|18.562
1404062491|18.562
1404062514|18.625
1404062536|18.625
1404062559|18.687
1404062581|18.75
1404062604|18.75
1404062626|18.687
1404062649|18.75
1404062671|18.75
1404062694|18.687
1404062716|18.75
1404062739|18.687
1404062761|18.687
1404062783|18.75
1404062806|18.812
1404062828|18.75
1404062851|18.625
1404062873|18.562
1404062896|18.5
1404062918|18.437
1404062941|18.5
1404062963|18.562
1404062986|18.5
1404063008|18.5
1404063031|18.375
1404063053|18.437
1404063076|18.375
1404063098|18.312
1404063121|18.312
1404063143|18.312
1404063165|18.25
1404063188|18.25
1404063210|18.187
1404063233|18.125
1404063255|18.062
1404063278|18.062
1404063300|18.125
1404063323|18.125
1404063345|18.187
1404063368|18.187
1404063390|18.187
1404063413|18.25
1404063435|18.25
1404063458|18.25
1404063480|18.25
1404063503|18.312
1404063525|18.25
1404063547|18.312
1404063570|18.312
1404063592|18.312
1404063615|18.312
1404063637|18.375
1404063660|18.375
1404063682|18.375
1404063705|18.437
1404063727|18.437
1404063750|18.5
1404063772|18.5
1404063795|18.562
1404063817|18.562
1404063840|18.562
1404063862|18.562
1404063884|18.5
1404063907|18.5
1404063929|18.562
1404063952|18.562
1404063974|18.562
1404063997|18.562
1404064019|18.562
1404064042|18.5
1404064064|18.5
1404064087|18.5
1404064109|18.5
1404064132|18.562
1404064154|18.562
1404064177|18.5
1404064199|18.437
1404064221|18.5
1404064244|18.5
1404064266|18.5
1404064289|18.437
1404064311|18.437
1404064334|18.437
1404064356|18.437
1404064379|18.375
1404064401|18.375
1404064424|18.437
1404064446|18.437
1404064469|18.437
1404064491|18.375
1404064514|18.437
1404064536|18.437
1404064559|18.437
1404064581|18.375
1404064603|18.375
1404064626|18.375
1404064648|18.375
1404064671|18.375
1404064693|18.312
1404064716|18.25
1404064738|18.25
1404064761|18.187
1404064783|18.25
1404064806|18.25
1404064828|18.312
1404064851|18.312
1404064873|18.25
1404064896|18.25
1404064918|18.25
1404064940|18.25
1404064963|18.25
1404064985|18.312
1404065008|18.312
1404065030|18.25
1404065053|18.25
1404065075|18.25
1404065098|18.25
1404065120|18.25
1404065143|18.25
1404065165|18.25
1404065188|18.25
1404065210|18.25
1404065233|18.25
1404065255|18.25
1404065277|18.187
1404065300|18.187
1404065322|18.187
1404065345|18.125
1404065367|18.187
1404065390|18.125
1404065412|18.125
1404065435|18.125
1404065457|18.0
1404065480|17.875
1404065502|17.875
1404065525|17.875
1404065547|17.812
1404065570|17.812
1404065592|17.875
1404065615|17.812
1404065637|17.812
1404065659|17.812
1404065682|17.812
1404065704|17.812
1404065727|17.75
1404065749|17.75
1404065772|17.687
1404065794|17.625
1404065817|17.5
1404065839|17.5
1404065862|17.5
1404065884|17.5
1404065907|17.5
1404065929|17.5
1404065952|17.5
1404065974|17.5
1404065997|17.5
1404066019|17.437
1404066041|17.5
1404066064|17.5
1404066086|17.5
1404066109|17.562
1404066131|17.5
1404066154|17.625
1404066176|17.562
1404066199|17.625
1404066221|17.625
1404066244|17.625
1404066266|17.687
1404066289|17.75
1404066311|17.75
1404066334|17.75
1404066356|17.75
1404066378|17.687
1404066401|17.75
1404066423|17.75
1404066446|17.75
1404066468|17.75
1404066491|17.75
1404066513|17.75
1404066536|17.687
1404066558|17.75
1404066581|17.75
1404066603|17.75
1404066626|17.687
1404066648|17.75
1404066671|17.75
1404066693|17.75
1404066715|17.812
1404066738|17.75
1404066760|17.687
1404066783|17.687
1404066805|17.75
