1404630703|23.0
1404630725|23.062
1404630748|23.125
1404630770|23.062
1404630793|23.062
1404630815|23.062
1404630838|23.187
1404630860|23.187
1404630883|23.187
1404630905|23.187
1404630928|23.125
1404630950|23.187
1404630973|23.25
1404630995|23.312
1404631018|23.312
1404631040|23.312
1404631063|23.437
1404631085|23.437
1404631108|23.437
1404631130|23.437
1404631153|23.437
1404631175|23.375
1404631198|23.375
1404631220|23.437
1404631243|23.375
1404631265|23.375
1404631288|23.437
1404631310|23.375
1404631333|23.375
1404631355|23.375
1404631378|23.312
1404631400|23.375
1404631423|23.375
1404631445|23.312
1404631468|23.312
1404631490|23.375
1404631513|23.375
1404631535|23.375
1404631558|23.375
1404631580|23.437
1404631603|23.437
1404631625|23.437
1404631648|23.5
1404631670|23.5
1404631693|23.562
1404631715|23.625
1404631738|23.625
1404631760|23.687
1404631783|23.687
1404631805|23.75
1404631828|23.75
1404631850|23.812
1404631873|23.812
1404631895|23.812
1404631918|23.75
1404631940|23.812
1404631963|23.875
1404631985|23.937
1404632008|23.937
1404632030|23.875
1404632053|23.937
1404632075|24.0
1404632098|24.062
1404632120|24.125
1404632143|24.125
1404632165|24.187
1404632188|24.125
1404632210|24.125
1404632233|24.125
1404632255|24.187
1404632278|24.312
1404632300|24.312
1404632323|24.312
1404632345|24.375
1404632368|24.312
1404632390|24.312
1404632413|24.312
1404632435|24.312
1404632458|24.375
1404632480|24.375
1404632503|24.375
1404632525|24.375
1404632548|24.375
1404632570|24.375
1404632593|24.437
1404632615|24.437
1404632638|24.562
1404632660|24.5
1404632683|24.5
1404632706|24.5
1404632728|24.562
1404632750|24.562
1404632773|24.562
1404632796|24.687
1404632818|24.687
1404632840|24.625
1404632863|24.625
1404632885|24.625
1404632908|24.687
1404632931|24.625
1404632953|24.687
1404632975|24.687
1404632998|24.687
1404633021|24.75
1404633043|24.687
1404633065|24.75
1404633088|24.75
1404633110|24.75
1404633133|24.75
1404633156|24.687
1404633178|24.75
1404633200|24.625
1404633223|24.625
1404633246|24.562
1404633268|24.5
1404633291|24.5
1404633313|24.437
1404633336|24.437
1404633358|24.375
1404633381|24.312
1404633403|24.25
1404633426|24.125
1404633448|24.187
1404633471|24.187
1404633493|24.187
1404633516|24.187
1404633538|24.187
1404633561|24.125
1404633583|24.25
1404633606|24.25
1404633628|24.187
1404633651|24.187
1404633673|24.25
1404633696|24.25
1404633718|24.25
1404633741|24.25
1404633763|24.375
1404633786|24.312
1404633808|24.312
1404633831|24.312
1404633853|24.187
1404633876|24.25
1404633898|24.187
1404633921|24.25
1404633943|24.312
1404633966|24.375
1404633988|24.375
1404634011|24.375
1404634033|24.375
1404634056|24.312
1404634078|24.25
1404634101|24.312
1404634123|24.437
1404634146|24.5
1404634168|24.625
1404634191|24.687
1404634213|24.75
1404634236|24.812
1404634258|24.75
1404634281|24.75
1404634303|24.812
1404634326|24.937
1404634348|25.0
1404634371|25.0
1404634393|25.062
1404634416|25.062
1404634438|25.0
1404634461|24.875
1404634483|25.0
1404634506|25.125
1404634528|25.125
1404634551|25.125
1404634573|25.062
1404634596|25.125
1404634618|25.187
1404634641|25.25
1404634663|25.312
1404634686|25.25
1404634708|25.25
1404634731|25.25
1404634753|25.312
1404634776|25.312
1404634798|25.312
1404634821|25.375
1404634843|25.437
1404634866|25.437
1404634889|25.5
1404634911|25.562
1404634934|25.5
1404634956|25.625
1404634979|25.687
1404635001|25.75
1404635024|25.812
1404635046|25.812
1404635069|25.812
1404635091|25.625
1404635114|25.562
1404635136|25.625
1404635159|25.625
1404635181|25.687
1404635204|25.625
1404635226|25.687
1404635249|25.75
1404635271|25.687
1404635294|25.75
1404635316|25.812
1404635339|25.937
1404635361|26.0
1404635384|25.937
1404635406|25.875
1404635429|26.0
1404635451|26.0
1404635474|26.0
1404635496|26.125
1404635519|26.062
1404635541|26.0
1404635564|26.0
1404635587|26.0
1404635609|26.0
1404635631|26.125
1404635654|26.062
1404635676|26.062
1404635699|26.125
1404635721|26.125
1404635744|26.125
1404635766|26.0
1404635789|26.0
1404635812|26.0
1404635834|25.937
1404635856|26.062
1404635879|26.0
1404635902|26.0
1404635924|26.125
1404635946|26.125
1404635969|26.25
1404635992|26.25
1404636014|26.125
1404636036|26.0
1404636059|26.0
1404636081|26.062
1404636104|26.125
1404636127|26.0
1404636149|25.937
1404636171|25.75
1404636194|25.687
1404636217|25.75
1404636239|25.625
1404636261|25.625
1404636284|25.75
1404636307|25.875
1404636329|25.937
1404636351|26.125
1404636374|26.25
1404636396|26.187
1404636419|26.125
1404636442|26.0
1404636464|26.062
1404636486|26.0
1404636509|25.937
1404636532|25.937
1404636554|26.062
1404636576|26.062
1404636599|26.25
1404636622|26.125
1404636644|26.187
1404636666|26.25
1404636689|26.125
1404636711|26.062
1404636734|26.0
1404636757|25.875
1404636779|25.75
1404636801|25.75
1404636824|25.687
1404636847|25.625
1404636869|25.687
1404636892|25.812
1404636914|25.812
1404636937|25.812
1404636959|25.875
1404636982|25.937
1404637004|25.875
1404637026|25.937
1404637049|25.875
1404637072|26.0
1404637094|25.937
1404637117|26.062
1404637139|26.125
1404637162|26.187
1404637184|26.125
1404637207|26.125
1404637229|26.25
1404637252|26.187
1404637274|26.312
1404637297|26.312
1404637319|26.25
1404637342|26.312
1404637364|26.375
1404637387|26.375
1404637409|26.312
1404637432|26.375
1404637454|26.375
1404637477|26.375
1404637499|26.375
1404637522|26.312
1404637544|26.375
1404637567|26.375
1404637589|26.375
1404637612|26.437
1404637634|26.562
1404637657|26.625
1404637679|26.625
1404637702|26.687
1404637724|26.75
1404637747|26.75
1404637769|26.75
1404637792|26.812
1404637814|26.812
1404637837|26.812
1404637859|26.75
1404637882|26.812
1404637904|26.937
1404637927|26.937
1404637949|26.937
1404637972|26.937
1404637994|27.0
1404638017|27.0
1404638039|27.0
1404638062|27.062
1404638084|27.0
1404638107|26.937
1404638129|26.937
1404638152|26.875
1404638174|26.875
1404638197|26.937
1404638219|27.062
1404638242|27.062
1404638264|27.125
1404638287|27.125
1404638309|27.125
1404638332|27.25
1404638354|27.375
1404638377|27.312
1404638399|27.312
1404638422|27.312
1404638444|27.375
1404638467|27.375
1404638489|27.312
1404638512|27.437
1404638534|27.5
1404638557|27.5
1404638579|27.5
1404638602|27.375
1404638624|27.375
1404638647|27.312
1404638669|27.437
1404638692|27.5
1404638714|27.5
1404638737|27.5
1404638759|27.5
1404638782|27.562
1404638804|27.562
1404638827|27.562
1404638849|27.625
1404638872|27.687
1404638894|27.687
1404638917|27.75
1404638939|27.75
1404638962|27.625
1404638984|27.625
1404639007|27.687
1404639029|27.812
1404639052|27.875
1404639074|27.875
1404639097|27.875
1404639119|27.937
1404639142|27.937
1404639164|28.062
1404639187|28.062
1404639209|28.125
1404639232|28.125
1404639254|28.062
1404639277|28.187
1404639299|28.187
1404639322|28.312
1404639344|28.312
1404639367|28.25
1404639389|28.187
1404639412|28.25
1404639434|28.312
1404639457|28.25
1404639479|28.312
1404639502|28.25
1404639524|28.187
1404639547|28.062
1404639569|28.0
1404639592|27.937
1404639614|27.812
1404639637|27.812
1404639659|27.812
1404639682|27.812
1404639704|27.937
1404639727|27.875
1404639749|27.875
1404639772|27.937
1404639794|27.875
1404639817|27.875
1404639839|28.0
1404639862|28.062
1404639884|28.062
1404639907|28.125
1404639929|28.187
1404639952|28.25
1404639974|28.187
1404639997|28.187
1404640019|28.312
1404640042|28.312
1404640064|28.5
1404640087|28.5
1404640109|28.437
1404640132|28.437
1404640154|28.312
1404640177|28.312
1404640199|28.375
1404640222|28.375
1404640244|28.375
1404640267|28.437
1404640289|28.375
1404640312|28.375
1404640334|28.437
1404640357|28.437
1404640379|28.375
1404640402|28.375
1404640424|28.437
1404640447|28.375
1404640469|28.375
1404640492|28.375
1404640514|28.312
1404640537|28.25
1404640559|28.375
1404640582|85.0
1404640604|28.375
1404640627|28.312
1404640649|28.312
1404640672|28.312
1404640694|28.25
1404640717|28.312
1404640739|28.25
1404640762|28.062
1404640784|28.062
1404640807|28.062
1404640829|28.062
1404640852|28.062
1404640874|28.187
1404640897|28.187
1404640919|28.25
1404640942|28.187
1404640964|28.25
1404640987|28.187
1404641009|28.125
1404641032|28.062
1404641054|28.125
1404641077|28.125
1404641099|28.062
1404641122|28.062
1404641144|28.125
1404641167|28.187
1404641189|28.187
1404641212|28.312
1404641234|28.25
1404641257|28.312
1404641280|28.312
1404641303|28.312
1404641325|28.375
1404641348|28.5
1404641370|28.5
1404641393|28.5
1404641415|28.625
1404641438|28.687
1404641460|28.687
1404641483|28.75
1404641505|28.812
1404641528|28.812
1404641550|28.812
1404641573|28.937
1404641595|29.062
1404641618|29.125
1404641640|29.187
1404641663|29.25
1404641685|29.25
1404641708|29.312
1404641730|29.187
1404641753|29.125
1404641775|29.062
1404641798|29.187
1404641820|29.187
1404641843|29.062
1404641865|28.875
1404641888|28.937
1404641910|28.937
1404641933|29.0
1404641955|29.125
1404641978|29.25
1404642000|29.312
1404642023|29.312
1404642045|29.312
1404642068|29.312
1404642090|29.375
1404642113|29.312
1404642135|29.312
1404642158|29.375
1404642180|29.375
1404642203|29.375
1404642225|29.312
1404642248|29.375
1404642270|29.437
1404642293|29.437
1404642315|29.437
1404642338|29.375
1404642360|29.312
1404642383|29.312
1404642405|29.375
1404642428|29.5
1404642450|29.562
1404642473|29.625
1404642495|29.687
1404642518|29.562
1404642540|29.5
1404642563|29.625
1404642585|29.75
1404642608|29.75
1404642630|29.625
1404642653|29.625
1404642675|29.687
1404642698|29.687
1404642720|29.687
1404642743|29.687
1404642765|29.687
1404642788|29.75
1404642810|29.75
1404642833|29.75
1404642855|29.812
1404642878|30.0
1404642900|29.937
1404642923|29.812
1404642945|29.75
1404642968|29.75
1404642990|29.75
1404643013|29.937
1404643035|30.0
1404643058|30.125
1404643080|30.187
1404643103|30.125
1404643125|30.062
1404643148|30.062
1404643170|30.25
1404643193|30.25
1404643215|30.312
1404643238|30.25
1404643260|30.375
1404643283|30.437
1404643305|30.5
1404643328|30.5
1404643350|30.625
1404643373|30.562
1404643395|30.5
1404643418|30.562
1404643440|30.687
1404643463|30.875
1404643485|30.812
1404643508|30.687
1404643530|30.75
1404643553|30.75
1404643575|30.687
1404643598|30.687
1404643620|30.625
1404643643|30.562
1404643665|30.562
1404643688|30.687
1404643710|30.75
1404643733|30.75
1404643755|30.687
1404643778|30.625
1404643800|30.687
1404643823|30.687
1404643845|30.75
1404643868|30.812
1404643890|30.812
1404643913|30.812
1404643935|30.812
1404643958|30.687
1404643980|30.687
1404644003|30.625
1404644025|30.687
1404644048|30.75
1404644070|30.812
1404644093|31.0
1404644115|30.875
1404644138|30.812
1404644160|30.75
1404644183|30.812
1404644205|30.875
1404644228|31.0
1404644250|31.0
1404644274|31.062
1404644296|31.125
1404644319|31.125
1404644341|31.25
1404644364|31.25
1404644386|31.25
1404644409|31.187
1404644431|31.125
1404644454|31.125
1404644476|31.25
1404644499|31.25
1404644521|31.437
1404644544|31.5
1404644566|31.5
1404644589|31.625
1404644611|31.625
1404644634|31.687
1404644656|31.625
1404644679|31.562
1404644701|31.562
1404644724|31.562
1404644746|31.562
1404644769|31.5
1404644791|31.5
1404644814|31.625
1404644836|31.5
1404644859|31.625
1404644881|31.562
1404644904|31.562
1404644926|31.562
1404644949|31.625
1404644971|31.75
1404644994|31.625
1404645016|31.625
1404645039|31.75
1404645061|31.75
1404645084|31.812
1404645106|31.875
1404645129|32.0
1404645151|32.0
1404645174|31.937
1404645197|31.937
1404645219|31.937
1404645242|32.062
1404645264|32.062
1404645286|32.0
1404645309|32.0
1404645332|31.937
1404645354|32.062
1404645376|32.0
1404645399|31.875
1404645422|31.937
1404645444|32.125
1404645466|32.25
1404645489|32.25
1404645512|32.25
1404645534|32.125
1404645557|32.312
1404645579|32.5
1404645601|32.562
1404645624|32.562
1404645647|32.5
1404645669|32.625
1404645691|32.625
1404645714|32.625
1404645737|32.625
1404645759|32.812
1404645782|32.812
1404645804|32.812
1404645826|32.875
1404645849|32.75
1404645872|32.875
1404645894|32.75
1404645917|32.75
1404645939|32.687
1404645962|32.812
1404645984|32.75
1404646007|32.812
1404646029|32.937
1404646052|33.062
1404646074|33.0
1404646097|32.937
1404646119|33.125
1404646142|33.25
1404646164|33.0
1404646187|33.187
1404646209|33.187
1404646232|33.25
1404646254|33.437
1404646277|33.312
1404646299|33.437
1404646322|33.437
1404646344|33.375
1404646367|33.25
1404646389|33.187
1404646412|33.375
1404646434|33.562
1404646457|33.437
1404646479|33.437
1404646502|33.437
1404646524|33.375
1404646547|33.187
1404646569|33.25
1404646592|33.187
1404646614|33.062
1404646637|33.0
1404646659|33.0
1404646682|33.062
1404646704|33.0
1404646727|33.125
1404646749|33.125
1404646772|33.187
1404646794|33.187
1404646817|33.187
1404646839|33.312
1404646862|33.25
1404646884|33.125
1404646907|33.312
1404646929|33.187
1404646952|33.125
1404646974|33.25
1404646997|33.375
1404647019|33.437
1404647042|33.562
1404647064|33.25
1404647087|33.312
1404647109|33.312
1404647132|33.375
1404647154|33.375
1404647177|33.25
1404647199|33.375
1404647222|33.312
1404647244|33.312
1404647267|33.5
1404647289|33.5
1404647312|33.562
1404647334|33.625
1404647357|33.375
1404647379|33.25
1404647402|33.125
1404647424|33.125
1404647447|33.187
1404647469|33.062
1404647492|33.25
1404647514|33.375
1404647537|33.312
1404647559|33.187
1404647582|33.25
1404647604|33.375
1404647627|33.437
1404647649|33.437
1404647672|33.5
1404647694|33.5
1404647717|33.5
1404647739|33.75
1404647762|33.687
1404647784|33.687
1404647807|33.75
1404647829|33.75
1404647852|33.75
1404647874|33.875
1404647897|33.937
1404647919|34.062
1404647942|34.062
1404647964|34.062
1404647987|34.125
1404648009|33.875
1404648032|34.062
1404648054|34.062
1404648077|34.062
1404648099|34.062
1404648122|34.437
1404648144|34.437
1404648167|34.687
1404648189|34.625
1404648212|34.562
1404648234|34.312
1404648257|34.125
1404648279|34.187
1404648302|34.062
1404648324|34.25
1404648347|34.312
1404648369|34.437
1404648392|34.437
1404648414|34.562
1404648437|34.562
1404648459|34.25
1404648482|34.187
1404648504|34.25
1404648527|34.25
1404648549|34.312
1404648572|34.375
1404648594|34.5
1404648617|34.437
1404648639|34.687
1404648662|34.437
1404648684|34.625
1404648707|34.562
1404648729|34.5
1404648752|34.437
1404648774|34.625
1404648797|34.625
1404648819|34.625
1404648842|34.812
1404648864|34.937
1404648887|34.875
1404648909|35.0
1404648932|34.937
1404648954|34.812
1404648977|34.75
1404648999|34.625
1404649022|34.75
1404649044|34.812
1404649067|34.687
1404649089|34.75
1404649112|34.812
1404649134|34.937
1404649157|34.937
1404649179|35.125
1404649202|35.062
1404649224|35.187
1404649247|35.312
1404649269|35.687
1404649292|35.5
1404649314|35.625
1404649337|35.5
1404649359|35.687
1404649382|35.625
1404649404|35.687
1404649427|35.75
1404649449|36.062
1404649472|35.875
1404649494|36.0
1404649517|35.75
1404649539|35.75
1404649562|35.625
1404649584|35.312
1404649607|35.562
1404649629|35.625
1404649652|35.75
1404649674|35.625
1404649697|35.625
1404649719|35.625
1404649742|35.75
1404649764|35.812
1404649787|35.812
1404649809|35.812
1404649832|35.937
1404649854|35.812
1404649877|35.937
1404649899|35.875
1404649922|36.0
1404649944|35.687
1404649967|35.687
1404649989|35.687
1404650012|35.437
1404650034|35.5
1404650057|35.5
1404650079|35.5
1404650102|35.687
1404650124|35.625
1404650147|35.437
1404650169|35.312
1404650192|35.25
1404650214|35.375
1404650237|34.75
1404650259|34.75
1404650282|34.812
1404650304|35.125
1404650327|35.125
1404650349|34.562
1404650372|34.562
1404650394|34.437
1404650417|34.437
1404650439|34.375
1404650462|34.0
1404650484|33.5
1404650507|33.187
1404650529|33.0
1404650552|33.062
1404650574|33.0
1404650597|33.0
1404650619|33.0
1404650642|32.937
1404650664|32.875
1404650687|32.687
1404650709|32.687
1404650732|32.375
1404650754|32.375
1404650777|32.187
1404650799|32.0
1404650822|32.062
1404650844|32.0
1404650867|31.75
1404650889|31.812
1404650912|31.812
1404650934|31.812
1404650957|31.75
1404650979|31.812
1404651002|32.0
1404651024|31.937
1404651047|31.937
1404651069|31.937
1404651092|31.937
1404651114|31.625
1404651137|31.437
1404651159|31.312
1404651182|31.437
1404651204|31.625
1404651227|31.562
1404651249|31.125
1404651272|30.937
1404651294|31.25
1404651317|31.312
1404651339|31.312
1404651362|31.312
1404651384|32.0
1404651407|31.625
1404651429|31.437
1404651452|31.5
1404651474|31.5
1404651497|31.687
1404651519|31.75
1404651542|31.187
1404651564|30.75
1404651587|30.5
1404651609|30.5
1404651632|30.687
1404651654|30.812
1404651677|31.0
1404651699|31.0
1404651722|31.0
1404651744|31.0
1404651767|31.0
1404651789|31.187
1404651812|31.375
1404651834|31.375
1404651857|31.375
1404651879|31.375
1404651902|31.437
1404651924|31.375
1404651947|31.25
1404651969|31.0
1404651992|31.187
1404652014|31.375
1404652037|31.437
1404652059|31.312
1404652082|31.187
1404652104|31.25
1404652127|31.25
1404652149|31.312
1404652172|31.312
1404652194|31.375
1404652217|31.375
1404652239|31.5
1404652262|31.75
1404652284|31.875
1404652307|31.937
1404652330|32.125
1404652352|32.25
1404652374|32.375
1404652397|32.375
1404652420|32.312
1404652442|32.437
1404652464|32.437
1404652487|32.5
1404652509|32.312
1404652532|32.125
1404652555|32.125
1404652577|32.0
1404652599|32.0
1404652622|32.062
1404652645|32.187
1404652667|32.5
1404652690|32.687
1404652712|32.812
1404652735|32.875
1404652757|33.062
1404652780|33.0
1404652802|33.062
1404652825|33.125
1404652847|33.125
1404652870|33.125
1404652892|33.125
1404652915|33.125
1404652937|33.375
1404652960|33.125
1404652982|33.25
1404653005|33.25
1404653027|33.25
1404653050|33.187
1404653072|33.187
1404653095|33.437
1404653117|33.437
1404653140|33.312
1404653162|33.312
1404653185|33.25
1404653207|33.437
1404653230|33.375
1404653252|33.5
1404653275|33.625
1404653297|33.5
1404653320|33.5
1404653342|33.562
1404653365|33.5
1404653387|33.437
1404653410|33.812
1404653432|34.0
1404653455|33.812
1404653477|33.875
1404653500|34.062
1404653522|34.125
1404653545|34.375
1404653567|34.125
1404653590|34.125
1404653612|34.125
1404653635|34.187
1404653657|34.187
1404653680|34.437
1404653702|34.25
1404653725|34.312
1404653747|34.375
1404653770|34.375
1404653792|34.625
1404653815|34.625
1404653837|34.562
1404653860|34.875
1404653882|35.125
1404653905|35.125
1404653927|35.125
1404653950|35.062
1404653972|35.125
1404653995|35.312
1404654017|35.312
1404654040|35.375
1404654062|35.062
1404654085|35.0
1404654107|35.187
1404654130|35.0
1404654152|34.812
1404654175|34.875
1404654197|34.937
1404654220|34.937
1404654242|35.062
1404654265|35.062
1404654287|34.937
1404654310|34.812
1404654332|35.0
1404654355|35.062
1404654377|35.187
1404654400|35.187
1404654422|35.312
1404654445|35.375
1404654467|35.375
1404654490|35.187
1404654512|35.125
1404654535|35.5
1404654557|35.312
1404654580|35.25
1404654602|35.125
1404654625|35.062
1404654647|35.0
1404654670|35.0
1404654692|35.0
1404654715|35.187
1404654737|35.312
1404654760|35.312
1404654782|35.375
1404654805|35.5
1404654827|35.375
1404654850|35.187
1404654872|35.187
1404654895|34.875
1404654917|35.0
1404654940|35.062
1404654962|35.0
1404654985|35.062
1404655007|35.062
1404655030|34.937
1404655052|34.75
1404655075|34.75
1404655097|34.937
1404655120|34.75
1404655142|34.75
1404655165|34.812
1404655187|35.0
1404655210|34.875
1404655232|35.062
1404655255|35.25
1404655277|35.25
1404655300|35.375
1404655322|35.187
1404655345|35.5
1404655367|35.5
1404655390|35.687
1404655412|35.562
1404655436|35.687
1404655458|35.687
1404655481|35.375
1404655503|35.562
1404655526|35.625
1404655549|35.75
1404655571|35.625
1404655594|35.5
1404655616|35.5
1404655639|35.75
1404655661|35.687
1404655684|35.562
1404655706|35.125
1404655729|35.187
1404655751|34.937
1404655774|35.375
1404655796|35.25
1404655819|35.187
1404655841|35.062
1404655864|34.875
1404655886|34.687
1404655909|34.437
1404655931|34.437
1404655954|34.875
1404655976|34.937
1404655999|35.062
1404656021|35.0
1404656044|34.75
1404656066|34.625
1404656089|34.75
1404656111|34.75
1404656134|34.562
1404656156|34.75
1404656179|34.875
1404656201|35.0
1404656224|35.062
1404656246|35.125
1404656269|35.25
1404656291|35.437
1404656314|35.375
1404656336|35.25
1404656359|35.375
1404656381|35.562
1404656404|35.5
1404656426|35.562
1404656449|35.562
1404656471|35.437
1404656494|35.375
1404656516|35.375
1404656539|35.375
1404656561|35.375
1404656584|35.5
1404656606|35.375
1404656629|35.312
1404656651|35.5
1404656674|35.375
1404656696|35.625
1404656719|35.812
1404656741|35.5
1404656764|35.625
1404656786|35.875
1404656809|36.0
1404656831|36.25
1404656854|36.25
1404656876|36.375
1404656899|36.375
1404656921|36.375
1404656944|36.312
1404656966|36.0
1404656989|36.187
1404657011|36.062
1404657034|36.062
1404657056|35.937
1404657079|35.875
1404657101|35.437
1404657124|35.437
1404657146|35.187
1404657169|35.125
1404657191|35.125
1404657214|34.937
1404657236|34.937
1404657259|34.5
1404657281|34.5
1404657304|34.25
1404657327|34.25
1404657349|34.187
1404657371|34.187
1404657394|34.062
1404657416|33.937
1404657439|33.75
1404657461|33.812
1404657484|33.875
1404657506|33.562
1404657529|33.5
1404657552|33.625
1404657574|33.562
1404657596|33.5
1404657619|33.625
1404657642|33.812
1404657664|34.125
1404657686|34.125
1404657709|34.25
1404657731|34.187
1404657754|34.562
1404657777|34.562
1404657799|34.562
1404657821|34.75
1404657844|34.625
1404657867|34.812
1404657889|34.75
1404657911|34.687
1404657934|34.625
1404657957|34.437
1404657979|34.625
1404658001|34.5
1404658024|34.687
1404658046|34.937
1404658069|34.687
1404658092|34.562
1404658114|34.75
1404658136|34.75
1404658159|34.875
1404658182|35.312
1404658204|35.25
1404658226|35.375
1404658249|35.625
1404658272|35.687
1404658294|35.937
1404658317|35.937
1404658339|35.937
1404658361|36.125
1404658384|36.062
1404658407|36.25
1404658429|36.312
1404658452|36.25
1404658474|36.437
1404658497|36.625
1404658519|36.687
1404658542|36.687
1404658564|36.562
1404658587|36.5
1404658609|36.5
1404658632|36.437
1404658654|36.625
1404658676|36.375
1404658699|36.25
1404658722|36.437
1404658744|36.562
1404658767|36.562
1404658789|36.562
1404658812|36.437
1404658834|36.312
1404658857|36.375
1404658879|36.25
1404658902|36.25
1404658924|36.187
1404658947|35.812
1404658969|36.062
1404658992|36.187
1404659014|36.375
1404659037|36.062
1404659059|36.312
1404659082|36.25
1404659104|36.0
1404659127|36.062
1404659149|35.937
1404659172|35.937
1404659194|35.625
1404659217|35.375
1404659239|35.875
1404659262|36.125
1404659284|36.062
1404659307|36.187
1404659329|36.062
1404659352|36.375
1404659374|36.375
1404659397|36.5
1404659419|36.5
1404659442|36.187
1404659464|36.25
1404659487|36.562
1404659509|36.812
1404659533|37.0
1404659555|36.937
1404659577|36.937
1404659600|37.062
1404659623|36.875
1404659645|36.687
1404659668|36.625
1404659690|36.625
1404659712|36.812
1404659735|36.687
1404659758|36.437
1404659780|36.5
1404659802|36.125
1404659825|36.312
1404659848|36.437
1404659870|36.562
1404659893|36.5
1404659915|36.437
1404659937|36.562
1404659960|36.5
1404659983|36.562
1404660005|36.562
1404660027|36.5
1404660050|36.875
1404660073|36.812
1404660095|36.437
1404660118|36.5
1404660140|36.625
1404660163|36.687
1404660185|36.625
1404660208|36.625
1404660230|36.437
1404660252|36.812
1404660275|36.937
1404660298|36.875
1404660320|37.0
1404660343|37.187
1404660365|37.25
1404660388|37.312
1404660410|37.5
1404660433|37.625
1404660455|37.562
1404660478|38.187
1404660500|38.375
1404660523|38.437
1404660545|38.687
1404660568|38.625
1404660590|38.562
1404660613|38.687
1404660635|38.687
1404660658|38.625
1404660680|38.562
1404660703|38.375
1404660725|38.562
1404660748|38.562
1404660770|38.312
1404660793|38.437
1404660815|38.562
1404660838|38.562
1404660860|38.375
1404660883|38.562
1404660905|38.625
1404660928|38.75
1404660950|39.0
1404660973|39.125
1404660995|38.625
1404661018|38.812
1404661040|38.875
1404661063|38.812
1404661085|38.687
1404661108|39.062
1404661130|39.062
1404661153|38.812
1404661175|38.812
1404661198|38.812
1404661220|39.062
1404661243|39.062
1404661265|39.312
1404661288|39.25
1404661310|39.187
1404661333|39.187
1404661355|39.187
1404661378|39.437
1404661400|39.25
1404661423|39.312
1404661445|39.125
1404661468|39.625
1404661490|39.562
1404661513|39.937
1404661535|39.625
1404661558|39.437
1404661580|39.437
1404661603|39.625
1404661625|39.625
1404661648|39.875
1404661670|39.312
1404661693|40.0
1404661715|40.062
1404661738|40.0
1404661760|40.125
1404661783|40.437
1404661805|40.5
1404661828|40.625
1404661850|40.875
1404661873|40.937
1404661895|41.0
1404661918|40.562
1404661940|40.562
1404661963|40.812
1404661985|40.937
1404662008|40.937
1404662030|40.875
1404662053|40.687
1404662075|40.562
1404662098|40.562
1404662120|40.562
1404662143|41.0
1404662165|40.75
1404662188|40.687
1404662210|40.812
1404662233|40.875
1404662255|40.812
1404662278|41.437
1404662300|41.687
1404662323|41.312
1404662345|41.625
1404662368|41.5
1404662390|41.625
1404662413|42.0
1404662435|41.937
1404662458|41.625
1404662480|41.437
1404662503|41.437
1404662525|41.25
1404662548|42.0
1404662570|41.812
1404662593|41.75
1404662615|41.687
1404662638|41.687
1404662660|42.25
1404662683|42.125
1404662705|42.312
1404662728|42.062
1404662750|42.687
1404662773|42.437
1404662795|42.5
1404662818|42.5
1404662840|42.562
1404662863|42.25
1404662885|42.375
1404662908|42.25
1404662930|42.437
1404662953|42.875
1404662975|42.75
1404662998|42.625
1404663020|42.937
1404663043|42.812
1404663065|42.875
1404663088|43.312
1404663110|43.0
1404663133|42.937
1404663155|42.812
1404663178|42.75
1404663200|42.687
1404663223|42.562
1404663245|42.75
1404663268|42.812
1404663290|42.937
1404663313|42.562
1404663335|42.875
1404663358|43.0
1404663380|43.125
1404663403|43.187
1404663425|42.937
1404663448|43.687
1404663470|43.187
1404663493|43.25
1404663515|43.75
1404663538|44.187
1404663560|44.375
1404663583|44.062
1404663605|43.937
1404663628|43.375
1404663650|43.187
1404663673|43.062
1404663695|43.062
1404663718|43.562
1404663740|43.187
1404663763|43.062
1404663785|42.812
1404663808|43.0
1404663830|42.812
1404663853|42.875
1404663875|42.875
1404663898|43.0
1404663920|43.062
1404663943|43.187
1404663965|43.437
1404663988|43.5
1404664010|43.625
1404664033|43.75
1404664055|44.187
1404664078|43.937
1404664100|43.5
1404664123|43.562
1404664145|43.562
1404664168|43.937
1404664190|43.562
1404664213|43.562
1404664235|43.25
1404664259|43.125
1404664281|43.0
1404664304|43.25
1404664326|43.875
1404664349|43.5
1404664371|43.437
1404664394|43.875
1404664416|43.875
1404664439|44.687
1404664461|44.375
1404664484|44.062
1404664506|43.812
1404664529|43.625
1404664551|43.562
1404664574|43.75
1404664596|44.062
1404664619|44.062
1404664641|44.375
1404664664|44.25
1404664686|44.25
1404664709|44.0
1404664731|44.062
1404664754|44.25
1404664776|44.25
1404664799|43.75
1404664821|43.375
1404664844|43.875
1404664866|43.687
1404664889|43.312
1404664911|43.562
1404664934|43.75
1404664956|43.562
1404664979|43.562
1404665001|43.5
1404665024|43.125
1404665046|43.0
1404665069|43.062
1404665091|42.875
1404665114|42.625
1404665136|42.625
1404665159|43.0
1404665181|43.0
1404665204|43.125
1404665226|43.0
1404665249|43.0
1404665271|43.437
1404665294|43.25
1404665316|43.375
1404665339|43.562
1404665361|43.562
1404665384|44.562
1404665406|43.875
1404665429|43.812
1404665451|43.375
1404665474|43.25
1404665496|43.375
1404665519|42.875
1404665541|42.75
1404665564|43.0
1404665586|43.312
1404665609|43.75
1404665631|43.312
1404665654|42.875
1404665676|42.75
1404665699|42.5
1404665721|42.687
1404665744|42.937
1404665766|42.937
1404665789|42.5
1404665811|42.437
1404665834|42.5
1404665856|42.375
1404665879|42.062
1404665901|42.0
1404665924|42.062
1404665946|42.375
1404665969|42.625
1404665991|42.312
1404666014|42.5
1404666036|42.687
1404666059|42.625
1404666081|42.562
1404666104|42.625
1404666126|42.875
1404666149|43.0
1404666171|42.687
1404666194|42.812
1404666216|42.562
1404666239|42.437
1404666261|42.75
1404666284|43.437
1404666306|43.562
1404666329|43.125
1404666351|42.687
1404666374|42.375
1404666396|42.187
1404666419|42.312
1404666441|42.187
1404666464|42.125
1404666486|41.687
1404666509|41.625
1404666531|41.562
1404666554|41.375
1404666576|41.437
1404666599|41.562
1404666621|41.812
1404666644|42.312
1404666666|42.187
1404666689|42.312
1404666711|42.125
1404666734|41.875
1404666756|41.687
1404666779|41.75
1404666801|41.812
1404666824|41.5
1404666846|41.75
1404666869|41.625
1404666891|41.437
1404666914|41.25
1404666936|41.25
1404666959|41.062
1404666981|41.25
1404667004|41.562
1404667026|41.5
1404667049|41.625
1404667071|41.5
1404667094|41.562
1404667116|41.625
1404667139|41.375
1404667161|41.25
1404667184|41.0
1404667206|41.062
1404667229|41.375
1404667251|41.187
1404667274|41.562
1404667296|41.5
1404667319|41.25
1404667341|41.25
1404667364|41.437
1404667386|41.75
1404667409|41.562
1404667431|41.5
1404667454|41.5
1404667476|41.25
1404667499|41.437
1404667521|41.437
1404667544|41.562
1404667566|41.437
1404667589|41.625
1404667611|41.812
1404667634|42.062
1404667656|41.25
1404667679|41.375
1404667701|41.5
1404667724|41.562
1404667746|41.75
1404667769|41.5
1404667791|41.687
1404667814|41.437
1404667836|41.437
1404667859|41.437
1404667881|41.312
1404667904|41.5
1404667926|41.562
1404667949|41.75
1404667971|41.5
1404667994|41.375
1404668016|41.0
1404668039|40.937
1404668061|41.312
1404668084|41.437
1404668106|41.5
1404668129|41.125
1404668151|40.812
1404668174|41.0
1404668196|40.875
1404668219|40.687
1404668241|40.875
1404668264|40.937
1404668286|41.0
1404668309|41.125
1404668331|41.437
1404668354|41.812
1404668376|41.125
1404668399|41.125
1404668421|41.0
1404668444|40.75
1404668466|40.875
1404668489|40.687
1404668511|40.437
1404668534|40.5
1404668556|40.312
1404668579|40.25
1404668601|40.25
1404668624|40.125
1404668646|39.75
1404668669|39.687
1404668691|39.5
1404668714|39.687
1404668736|39.625
1404668759|39.75
1404668781|40.125
1404668804|40.125
1404668826|39.812
1404668849|39.687
1404668871|39.875
1404668894|39.937
1404668916|39.5
1404668939|39.875
1404668961|39.875
1404668984|39.562
1404669006|39.375
1404669029|39.187
1404669051|39.0
1404669074|39.0
1404669096|38.687
1404669119|38.812
1404669141|39.0
1404669164|39.062
1404669186|38.937
1404669209|38.875
1404669232|38.875
1404669254|38.5
1404669276|38.312
1404669299|38.687
1404669321|38.812
1404669344|38.687
1404669367|38.875
1404669389|38.625
1404669411|38.625
1404669434|38.812
1404669457|38.625
1404669479|38.687
1404669501|39.0
1404669524|38.937
1404669547|38.937
1404669569|38.875
1404669592|38.75
1404669614|38.875
1404669637|39.062
1404669659|39.125
1404669682|38.75
1404669704|38.5
1404669726|38.25
1404669749|37.937
1404669772|37.75
1404669794|38.312
1404669816|38.062
1404669839|37.875
1404669862|37.875
1404669884|37.5
1404669907|37.687
1404669929|37.687
1404669952|37.625
1404669974|37.5
1404669997|37.75
1404670019|37.562
1404670041|37.562
1404670064|37.375
1404670087|37.25
1404670109|37.312
1404670132|37.625
1404670154|37.125
1404670177|37.125
1404670199|37.125
1404670222|36.812
1404670244|36.812
1404670267|37.187
1404670289|37.437
1404670312|37.437
1404670334|37.375
1404670357|37.25
1404670379|37.187
1404670402|37.0
1404670424|36.937
1404670447|37.312
1404670469|37.312
1404670492|37.375
1404670514|37.187
1404670537|37.062
1404670559|37.062
1404670582|36.812
1404670604|36.875
1404670627|36.937
1404670649|36.625
1404670672|36.625
1404670694|36.25
1404670717|36.5
1404670739|36.25
1404670762|36.0
1404670784|36.062
1404670807|35.875
1404670829|35.875
1404670852|36.0
1404670874|35.812
1404670897|35.625
1404670919|35.625
1404670942|35.687
1404670964|35.625
1404670987|35.625
1404671009|35.437
1404671032|35.312
1404671054|35.0
1404671077|35.062
1404671099|34.875
1404671122|35.062
1404671144|35.187
1404671167|35.375
1404671189|35.0
1404671212|35.187
1404671234|35.125
1404671257|35.25
1404671279|35.187
1404671302|34.875
1404671324|35.062
1404671347|34.875
1404671369|35.0
1404671392|34.812
1404671414|34.562
1404671437|34.5
1404671459|34.187
1404671482|34.375
1404671504|34.437
1404671527|34.562
1404671549|34.5
1404671572|34.312
1404671594|34.062
1404671617|33.875
1404671639|33.687
1404671662|33.125
1404671684|32.875
1404671707|32.687
1404671729|32.312
1404671752|32.312
1404671774|32.0
1404671797|31.562
1404671819|31.437
1404671842|31.312
1404671864|31.125
1404671887|30.937
1404671909|30.75
1404671932|30.312
1404671954|29.937
1404671977|29.687
1404671999|29.562
1404672022|29.437
1404672044|29.187
1404672067|29.187
1404672089|29.125
1404672112|29.062
1404672134|29.125
1404672157|29.0
1404672179|29.0
1404672202|29.125
1404672224|29.25
1404672247|29.25
1404672269|29.25
1404672292|29.25
1404672314|29.187
1404672337|29.187
1404672359|29.125
1404672382|29.125
1404672404|29.187
1404672427|29.062
1404672449|28.875
1404672472|28.875
1404672494|29.0
1404672517|28.687
1404672539|28.562
1404672562|28.562
1404672584|28.5
1404672607|28.375
1404672629|28.312
1404672652|28.062
1404672674|28.0
1404672697|27.875
1404672719|27.875
1404672742|27.687
1404672764|27.562
1404672787|27.375
1404672809|27.312
1404672832|27.125
1404672854|27.125
1404672877|27.125
1404672899|27.125
1404672922|27.187
1404672944|27.187
1404672967|27.312
1404672989|27.25
1404673012|27.062
1404673034|27.0
1404673057|27.0
1404673079|27.0
1404673102|26.875
1404673124|26.625
1404673147|26.5
1404673169|26.562
1404673192|26.562
1404673214|26.375
1404673237|26.375
1404673259|26.25
1404673282|26.187
1404673304|26.125
1404673327|26.062
1404673349|25.937
1404673372|25.937
1404673394|25.812
1404673417|25.75
1404673439|25.75
1404673462|25.75
1404673484|25.625
1404673507|25.562
1404673529|25.562
1404673552|25.625
1404673574|25.625
1404673597|25.625
1404673619|25.687
1404673642|25.687
1404673664|25.625
1404673687|25.5
1404673709|25.437
1404673732|25.437
1404673754|25.437
1404673777|25.375
1404673799|25.312
1404673822|25.312
1404673844|25.375
1404673867|25.437
1404673889|25.375
1404673912|25.25
1404673935|25.187
1404673957|25.125
1404673980|25.062
1404674002|25.062
1404674025|24.875
1404674047|24.812
1404674070|24.687
1404674092|24.625
1404674115|24.625
1404674137|24.625
1404674160|24.625
1404674182|24.625
1404674205|24.562
1404674227|24.5
1404674250|24.562
1404674273|24.562
1404674295|24.562
1404674317|24.5
1404674340|24.5
1404674363|24.375
1404674385|24.312
1404674408|24.375
1404674430|24.312
1404674452|24.312
1404674475|24.375
1404674498|24.437
1404674520|24.375
1404674543|24.375
1404674565|24.375
1404674588|24.312
1404674610|24.25
1404674633|24.187
1404674655|24.25
1404674678|24.187
1404674701|24.062
1404674723|23.937
1404674746|23.875
1404674768|23.812
1404674791|23.812
1404674813|23.812
1404674836|23.812
1404674858|23.812
1404674881|23.75
1404674903|23.75
1404674926|23.75
1404674948|23.687
1404674971|23.687
1404674993|23.625
1404675016|23.625
1404675038|23.562
1404675061|23.562
1404675083|23.5
1404675106|23.437
1404675128|23.375
1404675151|23.375
1404675174|23.312
1404675196|23.375
1404675218|23.312
1404675241|23.25
1404675264|23.187
1404675286|23.187
1404675308|23.125
1404675331|23.125
1404675353|23.062
1404675376|23.0
1404675399|23.0
1404675421|23.0
1404675443|23.0
1404675466|22.937
1404675489|23.062
1404675511|23.062
1404675533|23.125
1404675556|23.125
1404675579|23.062
1404675601|23.062
1404675624|23.0
1404675646|23.0
1404675668|22.875
1404675691|22.875
1404675714|22.875
1404675736|22.812
1404675758|22.812
1404675781|22.75
1404675804|22.687
1404675826|22.687
1404675849|22.687
1404675871|22.75
1404675894|22.75
1404675916|22.687
1404675939|22.625
1404675961|22.562
1404675983|22.5
1404676006|22.562
1404676029|22.562
1404676051|22.5
1404676073|22.437
1404676096|22.437
1404676119|22.375
1404676141|22.312
1404676163|22.312
1404676186|22.312
1404676209|22.312
1404676231|22.312
1404676254|22.375
1404676276|22.312
1404676299|22.312
1404676321|22.25
1404676344|22.312
1404676366|22.25
1404676389|22.25
1404676411|22.25
1404676434|22.187
1404676456|22.125
1404676479|22.125
1404676501|22.062
1404676524|22.125
1404676546|22.062
1404676569|22.062
1404676591|22.062
1404676614|22.125
1404676636|22.062
1404676659|22.0
1404676681|22.0
1404676704|22.0
1404676726|22.0
1404676749|21.937
1404676771|21.937
1404676794|21.875
1404676816|21.812
1404676839|21.75
1404676861|21.75
1404676884|21.687
1404676906|21.687
1404676929|21.562
1404676951|21.5
1404676974|21.437
1404676996|21.437
1404677019|21.375
1404677041|21.437
1404677064|21.437
1404677086|21.375
1404677109|21.437
1404677131|21.437
1404677154|21.437
1404677176|21.5
1404677199|21.5
1404677221|21.5
1404677244|21.562
1404677266|21.625
1404677289|21.625
1404677311|21.562
1404677334|21.562
1404677356|21.562
1404677379|21.562
1404677401|21.625
1404677424|21.625
1404677446|21.562
1404677469|21.562
1404677491|21.5
1404677514|21.5
1404677537|21.437
1404677559|21.5
1404677582|21.437
1404677604|21.5
1404677627|21.5
1404677649|21.437
1404677672|21.437
1404677694|21.375
1404677717|21.375
1404677739|21.375
1404677762|21.375
1404677784|21.375
1404677807|21.375
1404677829|21.312
1404677852|21.312
1404677874|21.25
1404677897|21.187
1404677919|21.187
1404677942|21.125
1404677964|21.125
1404677987|21.125
1404678009|21.062
1404678032|21.062
1404678054|20.937
1404678077|20.937
1404678099|20.937
1404678122|21.0
1404678144|20.937
1404678167|20.875
1404678189|20.875
1404678212|20.812
1404678234|20.812
1404678257|20.75
1404678279|20.75
1404678302|20.75
1404678324|20.687
1404678347|20.687
1404678369|20.625
1404678392|20.562
1404678414|20.562
1404678437|20.5
1404678459|20.5
1404678482|20.5
1404678504|20.437
1404678527|20.5
1404678549|20.5
1404678572|20.5
1404678594|20.5
1404678617|20.5
1404678639|20.5
1404678662|20.437
1404678684|20.437
1404678707|20.437
1404678729|20.5
1404678752|20.5
1404678774|20.5
1404678797|20.437
1404678819|20.5
1404678842|20.5
1404678864|20.5
1404678887|20.5
1404678909|20.5
1404678932|20.562
1404678955|20.5
1404678977|20.5
1404678999|20.437
1404679022|20.437
1404679044|20.437
1404679067|20.437
1404679090|20.375
1404679112|20.375
1404679134|20.312
1404679157|20.312
1404679180|20.25
1404679202|20.25
1404679224|20.25
1404679247|20.25
1404679270|20.187
1404679292|20.187
1404679315|20.125
1404679337|20.125
1404679360|20.125
1404679382|20.062
1404679405|20.062
1404679427|20.0
1404679449|20.0
1404679472|20.0
1404679495|19.937
1404679517|19.937
1404679539|19.875
1404679562|19.875
1404679585|19.875
1404679607|19.812
1404679629|19.812
1404679652|19.812
1404679675|19.875
1404679697|19.937
1404679720|20.0
1404679742|20.0
1404679764|20.0
1404679787|20.0
1404679810|20.0
1404679832|20.0
1404679854|20.062
1404679877|20.062
1404679900|20.0
1404679922|19.937
1404679944|19.875
1404679967|19.812
1404679990|19.812
1404680012|19.812
1404680035|19.812
1404680057|19.812
1404680079|19.812
1404680102|19.75
1404680125|19.75
1404680147|19.75
1404680169|19.75
1404680192|19.687
1404680215|19.687
1404680237|19.625
1404680259|19.687
1404680282|19.625
1404680305|19.562
1404680327|19.625
1404680350|19.625
1404680372|19.562
1404680395|19.562
1404680417|19.562
1404680440|19.5
1404680462|19.562
1404680484|19.5
1404680507|19.5
1404680530|19.5
1404680552|19.5
1404680575|19.437
1404680597|19.375
1404680620|19.375
1404680642|19.312
1404680665|19.312
1404680687|19.312
1404680710|19.25
1404680732|19.25
1404680755|19.25
1404680777|19.25
1404680799|19.25
1404680822|19.25
1404680845|19.25
1404680867|19.25
1404680890|19.187
1404680912|19.187
1404680935|19.125
1404680957|19.125
1404680980|19.125
1404681002|19.125
1404681025|19.125
1404681047|19.125
1404681070|19.125
1404681092|19.187
1404681115|19.125
1404681137|19.125
1404681160|19.062
1404681182|19.062
1404681205|19.062
1404681227|19.062
1404681250|19.062
1404681272|19.062
1404681295|19.125
1404681318|19.125
1404681340|19.125
1404681363|19.125
1404681385|19.125
1404681408|19.125
1404681430|19.125
1404681453|19.125
1404681475|19.125
1404681498|19.125
1404681520|19.187
1404681543|19.187
1404681565|19.187
1404681588|19.187
1404681610|19.187
1404681633|19.187
1404681655|19.187
1404681678|19.187
1404681700|19.125
1404681723|19.125
1404681745|19.062
1404681768|19.0
1404681790|19.062
1404681813|19.062
1404681835|18.937
1404681858|18.937
1404681880|18.937
1404681903|18.937
1404681925|18.937
1404681948|18.937
1404681970|18.875
1404681993|18.875
1404682015|18.812
1404682038|18.812
1404682060|18.75
1404682083|18.812
1404682105|18.75
1404682128|18.75
1404682150|18.75
1404682173|18.75
1404682195|18.75
1404682218|18.75
1404682240|18.812
1404682263|18.812
1404682285|18.812
1404682308|18.812
1404682330|18.75
1404682353|18.75
1404682375|18.75
1404682398|18.687
1404682420|18.687
1404682443|18.687
1404682465|18.625
1404682488|18.625
1404682510|18.625
1404682533|18.562
1404682555|18.562
1404682578|18.562
1404682600|18.562
1404682623|18.562
1404682645|18.5
1404682668|18.5
1404682690|18.5
1404682713|18.5
1404682735|18.5
1404682758|18.437
1404682780|18.437
1404682803|18.375
1404682825|18.312
1404682848|18.312
1404682870|18.25
1404682893|18.25
1404682916|18.25
1404682938|18.25
1404682960|18.25
1404682983|18.25
1404683005|18.187
1404683028|18.187
1404683050|18.187
1404683073|18.187
1404683095|18.25
1404683118|18.25
1404683141|18.25
1404683163|18.25
1404683185|18.25
1404683208|18.25
1404683230|18.25
1404683253|18.187
1404683276|18.187
1404683298|18.187
1404683320|18.187
1404683343|18.125
1404683366|18.125
1404683388|18.125
1404683411|18.187
1404683433|18.187
1404683456|18.187
1404683478|18.187
1404683501|18.187
1404683523|18.187
1404683545|18.187
1404683568|18.187
1404683591|18.25
1404683613|18.312
1404683636|18.312
1404683658|18.25
1404683681|18.25
1404683703|18.25
1404683726|18.25
1404683748|18.25
1404683771|18.25
1404683793|18.312
1404683816|18.312
1404683838|18.312
1404683861|18.375
1404683883|18.312
1404683906|18.312
1404683928|18.25
1404683951|18.25
1404683973|18.187
1404683996|18.187
1404684018|18.187
1404684041|18.187
1404684063|18.125
1404684086|18.125
1404684108|18.125
1404684131|18.125
1404684153|18.125
1404684176|18.125
1404684198|18.062
1404684221|18.062
1404684243|18.062
1404684266|18.062
1404684288|18.0
1404684311|18.0
1404684333|18.0
1404684356|17.937
1404684378|17.937
1404684401|17.937
1404684423|17.875
1404684446|17.875
1404684468|17.875
1404684491|17.812
1404684513|17.75
1404684536|17.75
1404684558|17.75
1404684581|17.75
1404684603|17.687
1404684626|17.687
1404684648|17.687
1404684671|17.687
1404684693|17.75
1404684716|17.75
1404684738|17.812
1404684761|17.812
1404684783|17.812
1404684806|17.875
1404684828|17.875
1404684851|17.875
1404684873|17.937
1404684896|17.937
1404684918|17.937
1404684941|17.937
1404684963|17.937
1404684986|17.937
1404685008|18.0
1404685031|17.937
1404685053|17.937
1404685076|17.875
1404685098|17.937
1404685121|17.875
1404685143|17.812
1404685166|17.812
1404685188|17.812
1404685211|17.75
1404685233|17.812
1404685256|17.812
1404685278|17.812
1404685301|17.75
1404685323|17.812
1404685346|17.812
1404685368|17.812
1404685391|17.75
1404685413|17.75
1404685436|17.687
1404685458|17.625
1404685481|17.625
1404685503|17.625
1404685526|17.625
1404685548|17.625
1404685571|17.562
1404685593|17.562
1404685616|17.562
1404685638|17.562
1404685661|17.562
1404685683|17.562
1404685706|17.5
1404685728|17.5
1404685751|17.5
1404685773|17.5
1404685796|17.5
1404685818|17.5
1404685841|17.5
1404685863|17.437
1404685886|17.437
1404685908|17.437
1404685931|17.437
1404685953|17.375
1404685976|17.375
1404685998|17.375
1404686021|17.375
1404686043|17.375
1404686066|17.437
1404686088|17.375
1404686111|17.375
1404686133|17.375
1404686156|17.312
1404686178|17.375
1404686201|17.312
1404686223|17.312
1404686246|17.25
1404686268|17.25
1404686291|17.25
1404686313|17.25
1404686336|17.25
1404686358|17.25
1404686381|17.25
1404686403|17.25
1404686426|17.25
1404686448|17.25
1404686471|17.25
1404686493|17.187
1404686516|17.187
1404686538|17.187
1404686561|17.125
1404686583|17.125
1404686606|17.125
1404686628|17.125
1404686651|17.062
1404686673|17.125
1404686696|17.125
1404686718|17.125
1404686741|17.125
1404686763|17.125
1404686786|17.187
1404686808|17.125
1404686831|17.187
1404686853|17.125
1404686876|17.125
1404686898|17.187
1404686921|17.187
1404686943|17.25
1404686966|17.25
1404686988|17.25
1404687011|17.25
1404687033|17.312
1404687056|17.25
1404687078|17.25
1404687101|17.187
1404687123|17.187
1404687146|17.187
1404687168|17.125
1404687191|17.125
1404687213|17.062
1404687236|17.062
1404687258|17.0
1404687281|17.0
1404687303|17.0
1404687326|17.0
1404687348|16.937
1404687371|17.0
1404687393|16.937
1404687416|16.937
1404687438|16.875
1404687461|16.875
1404687483|16.875
1404687506|16.875
1404687528|16.875
1404687551|16.875
1404687573|16.875
1404687596|16.875
1404687618|16.875
1404687641|16.812
1404687663|16.812
1404687686|16.812
1404687708|16.812
1404687731|16.75
1404687753|16.75
1404687776|16.75
1404687798|16.75
1404687821|16.75
1404687843|16.75
1404687866|16.75
1404687888|16.75
1404687911|16.75
1404687933|16.75
1404687956|16.75
1404687978|16.75
1404688001|16.687
1404688023|16.75
1404688046|16.75
1404688068|16.687
1404688091|16.687
1404688113|16.687
1404688136|16.75
1404688158|16.75
1404688181|16.687
1404688203|16.687
1404688226|16.687
1404688248|16.687
1404688271|16.687
1404688293|16.687
1404688316|16.687
1404688339|16.687
1404688361|16.625
1404688384|16.625
1404688406|16.625
1404688429|16.625
1404688451|16.625
1404688474|16.625
1404688496|16.625
1404688519|16.687
1404688541|16.625
1404688564|16.625
1404688586|16.625
1404688609|16.625
1404688631|16.625
1404688654|16.562
1404688676|16.562
1404688699|16.5
1404688721|16.562
1404688744|16.5
1404688766|16.5
1404688789|16.5
1404688811|16.5
1404688834|16.5
1404688856|16.5
1404688879|16.5
1404688901|16.5
1404688924|16.437
1404688946|16.437
1404688969|16.5
1404688991|16.437
1404689014|16.437
1404689036|16.437
1404689059|16.437
1404689081|16.437
1404689104|16.437
1404689126|16.437
1404689149|16.437
1404689171|16.437
1404689194|16.437
1404689216|16.437
1404689239|16.437
1404689261|16.437
1404689284|16.5
1404689306|16.5
1404689329|16.562
1404689351|16.562
1404689374|16.562
1404689396|16.562
1404689419|16.562
1404689442|16.562
1404689464|16.562
1404689486|16.625
1404689509|16.625
1404689532|16.625
1404689554|16.625
1404689576|16.625
1404689599|16.625
1404689621|16.625
1404689644|16.625
1404689667|16.625
1404689689|16.625
1404689711|16.625
1404689734|16.625
1404689757|16.625
1404689779|16.625
1404689801|16.625
1404689824|16.625
1404689847|16.625
1404689869|16.625
1404689891|16.562
1404689914|16.625
1404689936|16.562
1404689959|16.562
1404689982|16.5
1404690004|16.5
1404690026|16.437
1404690049|16.437
1404690072|16.5
1404690094|16.5
1404690117|16.437
1404690139|16.437
1404690162|16.437
1404690184|16.375
1404690207|16.437
1404690229|16.375
1404690251|16.312
1404690274|16.312
1404690297|16.312
1404690319|16.312
1404690341|16.25
1404690364|16.25
1404690387|16.312
1404690409|16.25
1404690431|16.25
1404690454|16.25
1404690477|16.187
1404690499|16.187
1404690522|16.187
1404690544|16.125
1404690567|16.125
1404690589|16.125
1404690612|16.125
1404690634|16.062
1404690657|16.062
1404690679|16.125
1404690702|16.062
1404690724|16.062
1404690747|16.062
1404690769|16.062
1404690792|16.125
1404690814|16.125
1404690837|16.187
1404690859|16.187
1404690882|16.187
1404690904|16.187
1404690927|16.125
1404690949|16.125
1404690972|16.125
1404690994|16.125
1404691017|16.062
1404691039|16.062
1404691062|16.062
1404691084|16.0
1404691107|16.0
1404691129|16.0
1404691152|16.0
1404691174|15.937
1404691197|16.0
1404691219|15.937
1404691242|15.937
1404691264|15.937
1404691287|15.937
1404691309|15.937
1404691332|15.937
1404691354|15.937
1404691377|15.937
1404691399|15.937
1404691422|15.937
1404691444|15.937
1404691467|15.937
1404691489|16.0
1404691512|15.937
1404691534|15.937
1404691557|15.937
1404691579|15.937
1404691602|15.937
1404691624|15.937
1404691647|15.937
1404691669|15.937
1404691692|15.875
1404691714|15.875
1404691737|15.875
1404691759|15.812
1404691782|15.812
1404691804|15.812
1404691827|15.75
1404691849|15.812
1404691872|15.75
1404691894|15.75
1404691917|15.75
1404691939|15.687
1404691962|15.687
1404691984|15.625
1404692007|15.625
1404692029|15.625
1404692052|15.562
1404692074|15.562
1404692097|15.562
1404692119|15.562
1404692142|15.5
1404692164|15.562
1404692187|15.5
1404692209|15.5
1404692232|15.5
1404692254|15.437
1404692277|15.437
1404692299|15.437
1404692322|15.437
1404692344|15.437
1404692367|15.437
1404692389|15.437
1404692412|15.375
1404692434|15.375
1404692457|15.375
1404692479|15.375
1404692502|15.437
1404692524|15.437
1404692547|15.437
1404692569|15.5
1404692592|15.562
1404692614|15.562
1404692637|15.562
1404692659|15.625
1404692682|15.625
1404692704|15.625
1404692727|15.625
1404692749|15.625
1404692772|15.625
1404692794|15.625
1404692817|15.625
1404692839|15.625
1404692862|15.687
1404692884|15.687
1404692907|15.687
1404692929|15.687
1404692952|15.75
1404692974|15.75
1404692997|15.75
1404693019|15.75
1404693042|15.75
1404693064|15.75
1404693087|15.75
1404693109|15.812
1404693132|15.75
1404693154|15.812
1404693177|15.75
1404693199|15.75
1404693222|15.75
1404693244|15.75
1404693267|15.75
1404693289|15.75
1404693312|15.75
1404693334|15.687
1404693357|15.687
1404693379|15.687
1404693402|15.687
1404693424|15.687
1404693447|15.625
1404693469|15.625
1404693492|15.625
1404693514|15.625
1404693537|15.625
1404693559|15.625
1404693582|15.562
1404693604|15.562
1404693627|15.562
1404693649|15.562
1404693672|15.5
1404693694|15.5
1404693717|15.5
1404693739|15.5
1404693762|15.5
1404693784|15.5
1404693807|15.5
1404693829|15.5
1404693852|15.5
1404693874|15.5
1404693897|15.437
1404693919|15.437
1404693942|15.437
1404693964|15.437
1404693987|15.437
1404694009|15.375
1404694032|15.375
1404694054|15.375
1404694077|15.312
1404694099|15.312
1404694122|15.312
1404694144|15.312
1404694167|15.312
1404694189|15.312
1404694212|15.375
1404694234|15.375
1404694257|15.375
1404694279|15.375
1404694302|15.437
1404694324|15.437
1404694347|15.437
1404694369|15.437
1404694392|15.437
1404694414|15.437
1404694437|15.437
1404694459|15.437
1404694482|15.437
1404694504|15.375
1404694527|15.375
1404694549|15.312
1404694572|15.25
1404694594|15.25
1404694617|15.25
1404694639|15.25
1404694662|15.25
1404694684|15.25
1404694707|15.25
1404694729|15.187
1404694752|15.187
1404694774|15.125
1404694797|15.125
1404694819|15.125
1404694842|15.062
1404694864|15.125
1404694887|15.062
1404694909|15.062
1404694932|15.062
1404694954|15.062
1404694977|15.062
1404694999|15.062
1404695022|15.062
1404695044|15.062
1404695067|15.062
1404695089|15.062
1404695112|15.062
1404695135|15.062
1404695157|15.062
1404695180|15.062
1404695202|15.0
1404695225|15.062
1404695247|15.0
1404695270|15.0
1404695292|15.0
1404695315|14.937
1404695337|14.937
1404695360|14.937
1404695382|14.937
1404695405|14.937
1404695427|14.937
1404695450|15.0
1404695472|15.0
1404695495|15.0
1404695517|15.0
1404695540|15.062
1404695562|15.062
1404695585|15.062
1404695607|15.062
1404695630|15.062
1404695652|15.062
1404695675|15.062
1404695697|15.062
1404695720|15.062
1404695742|15.062
1404695765|15.0
1404695787|15.0
1404695810|15.0
1404695832|15.0
1404695855|14.937
1404695877|14.937
1404695900|14.937
1404695922|14.937
1404695945|14.937
1404695967|14.937
1404695990|14.875
1404696012|14.875
1404696035|14.875
1404696057|14.875
1404696080|14.875
1404696102|14.875
1404696125|14.812
1404696147|14.875
1404696170|14.812
1404696192|14.812
1404696215|14.812
1404696237|14.812
1404696260|14.812
1404696282|14.812
1404696305|14.812
1404696327|14.812
1404696350|14.75
1404696372|14.75
1404696395|14.75
1404696417|14.75
1404696440|14.75
1404696462|14.75
1404696485|14.812
1404696507|14.75
1404696530|14.75
1404696552|14.75
1404696575|14.75
1404696597|14.75
1404696620|14.75
1404696642|14.75
1404696665|14.75
1404696687|14.75
1404696710|14.75
1404696732|14.75
1404696755|14.812
1404696777|14.812
1404696800|14.812
1404696823|14.812
1404696845|14.812
1404696867|14.875
1404696890|14.875
1404696912|14.875
1404696935|14.875
1404696957|14.875
1404696980|14.937
1404697002|14.937
1404697025|14.937
1404697048|14.937
1404697070|14.937
1404697092|14.937
1404697115|14.937
1404697138|14.875
1404697160|14.875
1404697182|14.812
1404697205|14.812
1404697228|14.812
1404697250|14.75
1404697273|14.75
1404697295|14.75
1404697318|14.75
1404697340|14.75
1404697363|14.75
1404697385|14.75
1404697408|14.75
1404697430|14.75
1404697453|14.75
1404697475|14.75
1404697498|14.75
1404697520|14.75
1404697543|14.75
1404697565|14.75
1404697588|14.687
1404697610|14.75
1404697633|14.687
1404697655|14.687
1404697678|14.687
1404697700|14.687
1404697723|14.687
1404697745|14.687
1404697768|14.687
1404697790|14.687
1404697813|14.687
1404697835|14.687
1404697858|14.75
1404697880|14.687
1404697903|14.687
1404697925|14.687
1404697948|14.687
1404697970|14.687
1404697993|14.75
1404698015|14.812
1404698038|14.812
1404698060|14.812
1404698083|14.812
1404698105|14.812
1404698128|14.812
1404698150|14.812
1404698173|14.812
1404698195|14.75
1404698218|14.812
1404698240|14.812
1404698263|14.875
1404698285|14.875
1404698308|14.812
1404698330|14.812
1404698353|14.812
1404698375|14.812
1404698398|14.875
1404698420|14.875
1404698443|14.875
1404698465|14.937
1404698488|14.937
1404698510|14.937
1404698533|14.937
1404698555|14.937
1404698578|14.937
1404698600|14.875
1404698623|14.875
1404698645|14.875
1404698668|14.875
1404698690|14.875
1404698713|14.875
1404698735|14.875
1404698758|14.875
1404698780|14.875
1404698803|14.812
1404698825|14.812
1404698848|14.75
1404698870|14.812
1404698893|14.75
1404698915|14.75
1404698938|14.687
1404698960|14.75
1404698983|14.75
1404699005|14.687
1404699028|14.687
1404699050|14.625
1404699073|14.625
1404699095|14.687
1404699118|14.687
1404699140|14.687
1404699163|14.687
1404699185|14.687
1404699208|14.687
1404699230|14.687
1404699253|14.687
1404699275|14.687
1404699298|14.687
1404699320|14.687
1404699343|14.687
1404699365|14.687
1404699388|14.687
1404699410|14.687
1404699433|14.625
1404699455|14.625
1404699478|14.625
1404699500|14.625
1404699523|14.625
1404699545|14.625
1404699568|14.562
1404699590|14.562
1404699613|14.562
1404699635|14.562
1404699658|14.562
1404699680|14.562
1404699703|14.562
1404699725|14.625
1404699748|14.562
1404699770|14.562
1404699793|14.562
1404699815|14.562
1404699838|14.562
1404699860|14.562
1404699883|14.562
1404699905|14.562
1404699928|14.5
1404699950|14.5
1404699973|14.5
1404699995|14.5
1404700018|14.5
1404700040|14.5
1404700063|14.5
1404700085|14.5
1404700108|14.437
1404700130|14.437
1404700153|14.437
1404700175|14.437
1404700198|14.375
1404700220|14.375
1404700243|14.375
1404700265|14.375
1404700288|14.375
1404700311|14.375
1404700333|14.375
1404700356|14.375
1404700378|14.375
1404700401|14.375
1404700423|14.437
1404700446|14.437
1404700468|14.437
1404700491|14.437
1404700513|14.437
1404700536|14.437
1404700559|14.437
1404700581|14.5
1404700603|14.5
1404700626|14.5
1404700648|14.5
1404700671|14.5
1404700693|14.5
1404700716|14.5
1404700738|14.5
1404700761|14.5
1404700784|14.5
1404700806|14.5
1404700828|14.5
1404700851|14.5
1404700874|14.5
1404700896|14.5
1404700919|14.5
1404700941|14.5
1404700963|14.562
1404700986|14.562
1404701009|14.625
1404701031|14.625
1404701053|14.625
1404701076|14.625
1404701099|14.625
1404701121|14.625
1404701144|14.625
1404701166|14.625
1404701188|14.625
1404701211|14.562
1404701233|14.562
1404701256|14.625
1404701278|14.562
1404701301|14.625
1404701323|14.625
1404701346|14.562
1404701368|14.562
1404701391|14.562
1404701413|14.562
1404701436|14.562
1404701458|14.562
1404701481|14.562
1404701504|14.562
1404701526|14.625
1404701548|14.562
1404701571|14.625
1404701593|14.625
1404701616|14.625
1404701638|14.625
1404701661|14.625
1404701683|14.625
1404701706|14.625
1404701728|14.625
1404701751|14.625
1404701773|14.625
1404701796|14.625
1404701819|14.562
1404701841|14.625
1404701863|14.625
1404701886|14.625
1404701908|14.625
1404701931|14.625
1404701953|14.625
1404701976|14.625
1404701998|14.625
1404702021|14.625
1404702044|14.625
1404702066|14.562
1404702088|14.625
1404702111|14.625
1404702134|14.625
1404702156|14.625
1404702179|14.625
1404702201|14.625
1404702223|14.625
1404702246|14.625
1404702269|14.687
1404702291|14.687
1404702314|14.75
1404702336|14.75
1404702359|14.75
1404702381|14.75
1404702404|14.75
1404702426|14.75
1404702449|14.75
1404702471|14.75
1404702494|14.75
1404702516|14.75
1404702539|14.75
1404702561|14.75
1404702584|14.75
1404702606|14.75
1404702629|14.75
1404702651|14.75
1404702674|14.75
1404702696|14.75
1404702719|14.75
1404702742|14.75
1404702764|14.812
1404702787|14.812
1404702809|14.812
1404702832|14.75
1404702854|14.75
1404702877|14.812
1404702899|14.812
1404702922|14.812
1404702944|14.812
1404702967|14.812
1404702989|14.75
1404703012|14.812
1404703034|14.812
1404703057|14.812
1404703079|14.812
1404703102|14.812
1404703124|14.812
1404703147|14.812
1404703169|14.812
1404703192|14.812
1404703214|14.875
1404703237|14.875
1404703259|14.875
1404703282|14.875
1404703304|14.875
1404703327|14.875
1404703349|14.937
1404703372|14.875
1404703394|14.937
1404703417|14.937
1404703439|14.937
1404703462|14.937
1404703484|15.0
1404703507|15.0
1404703529|15.0
1404703552|15.0
1404703574|15.0
1404703597|15.0
1404703619|15.062
1404703642|15.062
1404703664|15.062
1404703687|15.062
1404703709|15.062
1404703732|15.062
1404703754|15.125
1404703777|15.062
1404703799|15.062
1404703822|15.062
1404703844|15.062
1404703867|15.125
1404703889|15.125
1404703912|15.125
1404703934|15.125
1404703957|15.125
1404703979|15.125
1404704002|15.125
1404704024|15.125
1404704047|15.125
1404704069|15.187
1404704092|15.187
1404704114|15.187
1404704137|15.187
1404704159|15.125
1404704182|15.187
1404704204|15.187
1404704227|15.187
1404704249|15.187
1404704272|15.187
1404704294|15.187
1404704317|15.187
1404704339|15.187
1404704362|15.187
1404704384|15.187
1404704407|15.187
1404704429|15.25
1404704452|15.187
1404704474|15.25
1404704497|15.25
1404704519|15.25
1404704542|15.25
1404704564|15.25
1404704587|15.312
1404704609|15.312
1404704632|15.312
1404704654|15.25
1404704677|15.312
1404704699|15.312
1404704722|15.312
1404704744|15.312
1404704767|15.25
1404704789|15.25
1404704812|15.312
1404704834|15.312
1404704857|15.312
1404704879|15.312
1404704902|15.312
1404704924|15.312
1404704947|15.312
1404704969|15.375
1404704992|15.375
1404705014|15.375
1404705037|15.375
1404705059|15.375
1404705082|15.375
1404705104|15.375
1404705127|15.437
1404705149|15.437
1404705172|15.437
1404705194|15.437
1404705217|15.437
1404705239|15.437
1404705262|15.437
1404705284|15.437
1404705307|15.5
1404705329|15.437
1404705352|15.437
1404705374|15.437
1404705398|15.437
1404705420|15.437
1404705443|15.5
1404705465|15.5
1404705488|15.5
1404705510|15.437
1404705533|15.5
1404705555|15.437
1404705578|15.5
1404705600|15.437
1404705623|15.437
1404705645|15.437
1404705668|15.437
1404705690|15.437
1404705713|15.437
1404705735|15.437
1404705758|15.437
1404705780|15.437
1404705803|15.375
1404705825|15.437
1404705848|15.437
1404705870|15.437
1404705893|15.437
1404705915|15.437
1404705938|15.437
1404705960|15.437
1404705983|15.437
1404706005|15.5
1404706028|15.5
1404706050|15.562
1404706073|15.562
1404706095|15.562
1404706118|15.562
1404706140|15.625
1404706163|15.625
1404706185|15.625
1404706208|15.687
1404706230|15.687
1404706253|15.75
1404706275|15.75
1404706298|15.75
1404706320|15.812
1404706343|15.875
1404706365|15.875
1404706388|15.875
1404706410|15.875
1404706433|15.937
1404706455|15.937
1404706478|15.937
1404706500|15.937
1404706523|15.937
1404706545|16.0
1404706568|16.0
1404706590|16.062
1404706613|16.062
1404706635|16.062
1404706658|16.062
1404706680|16.062
1404706703|16.125
1404706725|16.187
1404706748|16.187
1404706770|16.187
1404706793|16.187
1404706815|16.25
1404706838|16.25
1404706860|16.25
1404706883|16.312
1404706905|16.375
1404706928|16.312
1404706950|16.312
1404706973|16.375
1404706995|16.375
1404707018|16.375
1404707040|16.375
1404707063|16.437
1404707085|16.437
1404707108|16.437
1404707130|16.437
1404707153|16.437
1404707175|16.5
1404707198|16.5
1404707220|16.5
1404707243|16.562
1404707265|16.562
1404707288|16.562
1404707310|16.625
1404707333|16.625
1404707355|16.687
1404707378|16.687
1404707400|16.75
1404707423|16.75
1404707445|16.75
1404707468|16.812
1404707490|16.875
1404707513|16.875
1404707535|16.875
1404707558|16.937
1404707580|16.937
1404707603|17.0
1404707625|17.0
1404707648|17.0
1404707670|17.062
1404707693|17.062
1404707715|17.125
1404707738|17.062
1404707760|17.125
1404707783|17.062
1404707805|17.062
1404707828|17.062
1404707850|17.062
1404707873|17.062
1404707895|17.0
1404707918|17.0
1404707940|17.0
1404707963|16.937
1404707985|16.937
1404708008|17.0
1404708030|16.937
1404708053|17.0
1404708075|17.062
1404708098|17.062
1404708120|17.125
1404708143|17.062
1404708165|17.125
1404708188|17.125
1404708210|17.187
1404708233|17.187
1404708255|17.25
1404708278|17.25
1404708300|17.187
1404708323|17.187
1404708345|17.187
1404708368|17.187
1404708390|17.25
1404708413|17.25
1404708435|17.25
1404708458|17.25
1404708480|17.25
1404708503|17.312
1404708525|17.312
1404708548|17.312
1404708570|17.375
1404708593|17.375
1404708616|17.375
1404708638|17.375
1404708660|17.375
1404708683|17.437
1404708705|17.437
1404708728|17.437
1404708751|17.437
1404708773|17.437
1404708795|17.5
1404708818|17.437
1404708841|17.5
1404708863|17.437
1404708885|17.437
1404708908|17.437
1404708931|17.437
1404708953|17.437
1404708976|17.5
1404708998|17.5
1404709021|17.562
1404709043|17.562
1404709066|17.562
1404709088|17.562
1404709110|17.562
1404709133|17.562
1404709156|17.562
1404709178|17.562
1404709200|17.562
1404709223|17.437
1404709246|17.437
1404709269|17.437
1404709291|17.437
1404709314|17.437
1404709336|17.437
1404709359|17.375
1404709381|17.375
1404709404|17.375
1404709426|17.375
1404709449|17.375
1404709471|17.437
1404709494|17.437
1404709516|17.437
1404709539|17.5
1404709561|17.437
1404709584|17.437
1404709606|17.437
1404709629|17.437
1404709651|17.5
1404709674|17.437
1404709696|17.5
1404709719|17.5
1404709741|17.5
1404709764|17.562
1404709786|17.562
1404709809|17.562
1404709831|17.562
1404709854|17.562
1404709876|17.562
1404709899|17.625
1404709921|17.687
1404709944|17.687
1404709966|17.687
1404709989|17.812
1404710011|17.812
1404710034|17.875
1404710056|17.937
1404710079|18.0
1404710101|18.062
1404710124|18.062
1404710146|18.062
1404710169|18.062
1404710191|18.0
1404710214|18.0
1404710236|18.0
1404710259|18.0
1404710281|18.062
1404710304|18.062
1404710326|18.125
1404710349|18.125
1404710371|18.125
1404710394|18.187
1404710416|18.25
1404710439|18.312
1404710461|18.312
1404710484|18.312
1404710506|18.375
1404710529|18.375
1404710551|18.375
1404710574|18.437
1404710596|18.437
1404710619|18.437
1404710641|18.437
1404710664|18.437
1404710686|18.437
1404710709|18.5
1404710731|18.5
1404710754|18.5
1404710776|18.562
1404710799|18.562
1404710821|18.625
1404710844|18.625
1404710866|18.625
1404710889|18.687
1404710911|18.687
1404710934|18.625
1404710956|18.625
1404710979|18.625
1404711001|18.625
1404711024|18.625
1404711046|18.625
1404711069|18.625
1404711091|18.625
1404711114|18.625
1404711136|18.625
1404711159|18.625
1404711181|18.625
1404711204|18.625
1404711226|18.625
1404711249|18.625
1404711271|18.625
1404711294|18.687
1404711316|18.625
1404711339|18.625
1404711361|18.625
1404711384|18.625
1404711406|18.625
1404711429|18.562
1404711451|18.625
1404711474|18.562
1404711496|18.562
1404711519|18.625
1404711541|18.562
1404711564|18.625
1404711586|18.562
1404711609|18.562
1404711631|18.625
1404711654|18.625
1404711676|18.625
1404711699|18.625
1404711721|18.625
1404711744|18.687
1404711767|18.75
1404711789|18.75
1404711811|18.75
1404711834|18.75
1404711857|18.75
1404711879|18.812
1404711901|18.875
1404711924|18.937
1404711946|18.937
1404711969|19.0
1404711991|18.937
1404712014|19.0
1404712036|19.0
1404712059|19.062
1404712082|19.0
1404712104|19.062
1404712126|19.125
1404712149|19.187
1404712172|19.187
1404712194|19.25
1404712216|19.312
1404712239|19.187
1404712261|19.187
1404712284|19.187
1404712307|19.187
1404712329|19.187
1404712351|19.187
1404712374|19.187
1404712397|19.25
1404712419|19.25
1404712441|19.25
1404712464|19.25
1404712487|19.312
1404712509|19.312
1404712532|19.312
1404712554|19.312
1404712576|19.375
1404712599|19.375
1404712622|19.375
1404712644|19.375
1404712666|19.375
1404712689|19.375
1404712712|19.437
1404712734|19.437
1404712757|19.5
1404712779|19.562
1404712801|19.562
1404712824|19.625
1404712847|19.562
1404712869|19.562
1404712891|19.625
1404712914|19.625
1404712937|19.625
1404712959|19.625
1404712982|19.562
1404713004|19.562
1404713027|19.562
1404713049|19.562
1404713072|19.625
1404713094|19.625
1404713117|19.687
1404713139|19.687
1404713162|19.75
1404713184|19.75
1404713207|19.812
1404713229|19.812
1404713252|19.875
1404713274|19.875
1404713297|19.875
1404713319|19.875
1404713342|19.875
1404713364|19.937
1404713387|19.875
1404713409|19.937
1404713432|20.0
1404713454|19.875
1404713477|19.937
1404713499|20.0
1404713522|20.0
1404713544|20.062
1404713567|20.062
1404713589|20.125
1404713612|20.125
1404713634|20.25
1404713657|20.25
1404713679|20.25
1404713702|20.312
1404713724|20.312
1404713747|20.312
1404713769|20.375
1404713792|20.375
1404713814|20.437
1404713837|20.437
1404713859|20.437
1404713882|20.5
1404713904|20.5
1404713927|20.562
1404713949|20.625
1404713972|20.625
1404713994|20.625
1404714017|20.625
1404714039|20.687
1404714062|20.687
1404714084|20.75
1404714107|20.75
1404714130|20.75
1404714152|20.812
1404714174|20.812
1404714197|20.812
1404714220|20.812
1404714242|20.875
1404714264|20.937
1404714287|20.937
1404714309|20.937
1404714332|20.937
1404714355|21.0
1404714377|21.0
1404714399|21.062
1404714422|21.062
1404714445|21.062
1404714467|21.125
1404714489|21.125
1404714512|21.125
1404714535|21.25
1404714557|21.25
1404714580|21.25
1404714602|21.25
1404714624|21.25
1404714647|21.25
1404714670|21.312
1404714692|21.312
1404714715|21.375
1404714737|21.375
1404714760|21.375
1404714782|21.312
1404714805|21.312
1404714827|21.312
1404714850|21.312
1404714872|21.312
1404714895|21.312
1404714917|21.375
1404714940|21.437
1404714962|21.437
1404714985|21.5
1404715007|21.437
1404715030|21.437
1404715052|21.437
1404715075|21.437
1404715097|21.5
1404715120|21.562
1404715142|21.562
1404715165|21.562
1404715187|21.5
1404715210|21.5
1404715232|21.562
1404715255|21.562
1404715277|21.562
1404715300|21.562
1404715322|21.625
1404715345|21.687
1404715367|21.75
1404715390|21.75
1404715412|21.75
1404715435|21.75
1404715457|21.812
1404715480|21.75
1404715502|21.875
1404715525|21.812
1404715547|21.875
1404715570|21.937
1404715592|21.937
1404715615|22.0
1404715637|21.937
1404715660|22.0
1404715682|22.062
1404715705|22.125
1404715727|22.125
1404715750|22.125
1404715772|22.125
1404715795|22.125
1404715817|22.25
1404715840|22.312
1404715862|22.375
1404715885|22.375
1404715907|22.375
1404715930|22.375
1404715952|22.375
1404715975|22.375
1404715997|22.375
1404716020|22.312
1404716042|22.375
1404716065|22.375
1404716087|22.437
1404716110|22.437
1404716132|22.5
1404716155|22.562
1404716177|22.562
1404716200|22.625
1404716222|22.562
1404716245|22.625
1404716267|22.625
1404716290|22.687
1404716312|22.687
1404716335|22.75
1404716357|22.75
1404716380|22.812
1404716402|22.812
1404716425|22.812
1404716447|22.75
1404716470|22.75
1404716492|22.75
1404716515|22.75
1404716537|22.687
1404716560|22.687
1404716582|22.75
1404716605|22.812
1404716627|22.875
1404716650|22.875
1404716672|22.875
1404716695|22.937
1404716717|22.937
1404716740|22.937
1404716762|22.937
1404716785|23.0
1404716807|23.0
1404716830|23.062
1404716852|23.062
1404716875|23.125
1404716897|23.125
1404716920|23.125
1404716942|23.125
1404716965|23.125
1404716987|23.125
1404717010|23.187
1404717032|23.25
1404717055|23.25
1404717077|23.25
1404717100|23.312
