1407561594|16.937
1407561614|16.937
1407561638|16.937
1407561659|16.937
1407561679|17.0
1407561699|17.0
1407561719|17.0
1407561739|17.125
1407561760|17.125
1407561780|17.187
1407561800|17.25
1407561820|17.25
1407561840|17.25
1407561860|17.312
1407561880|17.312
1407561900|17.312
1407561920|17.312
1407561940|17.312
1407561960|17.312
1407561981|17.312
1407562001|17.312
1407562021|17.312
1407562041|17.312
1407562061|17.312
1407562081|17.312
1407562101|17.312
1407562121|17.375
1407562141|17.375
1407562161|17.437
1407562181|17.437
1407562201|17.5
1407562222|17.5
1407562242|17.562
1407562262|17.562
1407562282|17.625
1407562302|17.687
1407562323|17.687
1407562343|17.75
1407562363|17.75
1407562383|17.812
1407562403|17.812
1407562423|17.875
1407562443|17.875
1407562463|17.875
1407562483|17.937
1407562503|17.937
1407562524|17.937
1407562544|17.937
1407562564|18.0
1407562584|18.0
1407562604|18.0
1407562624|18.062
1407562644|18.062
1407562664|18.062
1407562684|18.0
1407562704|18.062
1407562724|18.062
1407562744|18.062
1407562765|18.062
1407562785|18.125
1407562805|18.125
1407562825|18.125
1407562845|18.187
1407562865|18.187
1407562885|18.187
1407562905|18.25
1407562926|18.25
1407562946|18.312
1407562966|18.312
1407562986|18.312
1407563006|18.312
1407563026|18.375
1407563046|18.375
1407563066|18.437
1407563087|18.437
1407563107|18.5
1407563127|18.5
1407563147|18.5
1407563167|18.562
1407563187|18.562
1407563207|18.625
1407563227|18.625
1407563247|18.687
1407563267|18.687
1407563287|18.687
1407563307|18.687
1407563328|18.687
1407563348|18.75
1407563368|18.75
1407563388|18.75
1407563408|18.75
1407563428|18.75
1407563448|18.75
1407563468|18.75
1407563489|18.75
1407563509|18.75
1407563529|18.75
1407563549|18.75
1407563569|18.812
1407563589|18.812
1407563609|18.875
1407563630|18.875
1407563650|18.875
1407563670|18.875
1407563690|18.875
1407563710|18.937
1407563730|18.937
1407563750|18.937
1407563770|19.0
1407563790|19.062
1407563810|19.062
1407563830|19.125
1407563851|19.125
1407563871|19.125
1407563891|19.125
1407563911|19.187
1407563931|19.187
1407563951|19.187
1407563971|19.25
1407563991|19.25
1407564011|19.25
1407564031|19.312
1407564052|19.312
1407564072|19.375
1407564092|19.375
1407564112|19.437
1407564132|19.437
1407564152|19.437
1407564172|19.5
1407564193|19.5
1407564213|19.562
1407564233|19.562
1407564253|19.562
1407564273|19.625
1407564293|19.625
1407564313|19.687
1407564333|19.687
1407564354|19.75
1407564374|19.75
1407564394|19.812
1407564414|19.875
1407564434|19.875
1407564455|19.937
1407564475|20.0
1407564495|20.062
1407564515|20.125
1407564535|20.187
1407564555|20.25
1407564575|20.312
1407564595|20.312
1407564615|20.437
1407564635|20.5
1407564655|20.5
1407564675|20.562
1407564696|20.625
1407564716|20.687
1407564736|20.75
1407564756|20.812
1407564776|20.812
1407564797|20.875
1407564817|20.875
1407564837|20.937
1407564857|21.0
1407564877|21.0
1407564897|21.062
1407564917|21.062
1407564937|21.125
1407564957|21.187
1407564978|21.25
1407564998|21.25
1407565018|21.312
1407565038|21.312
1407565058|21.312
1407565078|21.375
1407565098|21.437
1407565118|21.437
1407565138|21.5
1407565158|21.5
1407565178|21.562
1407565199|21.562
1407565219|21.625
1407565239|21.625
1407565259|21.625
1407565279|21.625
1407565299|21.687
1407565320|21.75
1407565340|21.75
1407565360|21.812
1407565380|21.812
1407565400|21.812
1407565420|21.875
1407565441|21.875
1407565461|21.875
1407565481|21.875
1407565501|21.937
1407565521|21.937
1407565541|21.937
1407565561|21.937
1407565581|22.0
1407565601|22.062
1407565621|22.062
1407565642|22.125
1407565662|22.125
1407565682|22.187
1407565702|22.25
1407565722|22.312
1407565742|22.312
1407565762|22.375
1407565783|22.5
1407565803|22.5
1407565823|22.562
1407565843|22.625
1407565863|22.625
1407565883|22.687
1407565903|22.75
1407565924|22.75
1407565944|22.75
1407565964|22.812
1407565984|22.812
1407566004|22.875
1407566024|22.875
1407566044|22.875
1407566065|22.937
1407566085|22.937
1407566105|23.0
1407566125|23.0
1407566145|23.062
1407566165|23.062
1407566185|23.125
1407566206|23.125
1407566226|23.187
1407566246|23.25
1407566266|23.25
1407566286|23.312
1407566306|23.312
1407566326|23.312
1407566346|23.375
1407566366|23.437
1407566386|23.437
1407566406|23.437
1407566426|23.5
1407566447|23.5
1407566467|23.562
1407566487|23.562
1407566507|23.562
1407566527|23.562
1407566547|23.562
1407566567|23.625
1407566587|23.687
1407566607|23.687
1407566628|23.75
1407566648|23.812
1407566668|23.812
1407566688|23.875
1407566708|23.937
1407566728|24.0
1407566748|24.062
1407566769|24.125
1407566789|24.187
1407566809|24.25
1407566829|24.25
1407566849|24.312
1407566869|24.375
1407566889|24.375
1407566909|24.437
1407566929|24.5
1407566949|24.5
1407566969|24.562
1407566989|24.562
1407567010|24.625
1407567030|24.625
1407567050|24.687
1407567070|24.75
1407567090|24.812
1407567110|24.875
1407567130|24.875
1407567150|24.875
1407567170|24.937
1407567190|25.0
1407567211|25.0
1407567231|25.0
1407567251|25.062
1407567271|25.125
1407567291|25.187
1407567312|25.187
1407567332|25.25
1407567352|25.312
1407567372|25.375
1407567392|25.375
1407567412|25.437
1407567432|25.437
1407567452|25.5
1407567472|25.5
1407567492|25.562
1407567513|25.562
1407567533|25.562
1407567553|25.625
1407567573|25.625
1407567593|25.625
1407567613|25.625
1407567633|25.687
1407567653|25.687
1407567673|25.687
1407567693|25.687
1407567713|25.75
1407567733|25.75
1407567754|25.75
1407567774|25.812
1407567794|25.812
1407567814|25.812
1407567834|25.812
1407567855|25.875
1407567875|25.875
1407567895|25.937
1407567915|25.937
1407567935|26.0
1407567955|26.0
1407567975|26.062
1407567995|25.937
1407568015|26.0
1407568035|26.0
1407568056|26.0
1407568077|26.0
1407568097|26.062
1407568117|26.0
1407568137|26.062
1407568158|26.125
1407568178|26.125
1407568198|26.187
1407568218|26.187
1407568238|26.25
1407568258|26.312
1407568278|26.375
1407568298|26.375
1407568318|26.437
1407568338|26.5
1407568358|26.562
1407568379|26.562
1407568399|26.625
1407568419|26.687
1407568439|26.75
1407568459|26.812
1407568479|26.812
1407568499|26.812
1407568519|26.812
1407568540|26.812
1407568560|26.812
1407568580|26.812
1407568600|26.812
1407568620|26.812
1407568640|26.812
1407568660|26.812
1407568681|26.812
1407568701|26.812
1407568721|26.875
1407568741|26.875
1407568761|26.875
1407568781|26.937
1407568801|26.937
1407568821|26.937
1407568841|26.875
1407568861|26.937
1407568881|26.937
1407568901|27.0
1407568922|27.0
1407568942|27.062
1407568962|27.187
1407568982|27.187
1407569002|27.25
1407569022|27.312
1407569042|27.312
1407569062|27.375
1407569082|27.437
1407569102|27.437
1407569123|27.5
1407569143|27.5
1407569163|27.5
1407569183|27.625
1407569203|27.625
1407569223|27.687
1407569243|27.687
1407569264|27.687
1407569284|27.687
1407569304|27.75
1407569324|27.75
1407569344|27.812
1407569364|27.812
1407569384|27.875
1407569404|27.875
1407569424|27.937
1407569444|27.937
1407569464|27.937
1407569484|28.0
1407569505|28.062
1407569525|28.062
1407569545|28.125
1407569565|28.125
1407569585|28.187
1407569605|28.25
1407569625|28.312
1407569645|28.312
1407569665|28.375
1407569685|28.437
1407569706|28.437
1407569726|28.5
1407569746|28.5
1407569766|28.562
1407569786|28.562
1407569806|28.562
1407569826|28.562
1407569847|28.562
1407569867|28.562
1407569887|28.562
1407569907|28.562
1407569927|28.5
1407569947|28.5
1407569967|28.5
1407569987|28.5
1407570007|28.5
1407570027|28.437
1407570047|28.437
1407570067|28.5
1407570088|28.5
1407570108|28.5
1407570128|28.5
1407570148|28.5
1407570168|28.562
1407570188|28.562
1407570208|28.562
1407570228|28.562
1407570248|28.625
1407570268|28.625
1407570289|28.687
1407570309|28.687
1407570329|28.687
1407570349|28.75
1407570369|28.687
1407570390|28.687
1407570410|28.687
1407570430|28.75
1407570450|28.75
1407570470|28.75
1407570490|28.812
1407570510|28.812
1407570530|28.875
1407570550|28.937
1407570570|28.937
1407570591|29.0
1407570611|29.062
1407570631|29.062
1407570657|29.062
1407570673|29.125
1407570693|29.125
1407570714|29.187
1407570734|29.187
1407570754|29.187
1407570774|29.25
1407570794|29.25
1407570814|29.312
1407570834|29.312
1407570855|29.312
1407570875|29.375
1407570895|29.375
1407570915|29.375
1407570935|29.437
1407570955|29.437
1407570975|29.437
1407570996|29.562
1407571016|29.625
1407571036|29.687
1407571056|29.687
1407571077|29.75
1407571097|29.75
1407571117|29.75
1407571137|29.75
1407571157|29.75
1407571177|29.75
1407571197|29.75
1407571217|29.812
1407571238|29.812
1407571258|29.812
1407571278|29.875
1407571298|29.875
1407571319|29.937
1407571339|29.875
1407571359|29.937
1407571379|29.937
1407571399|30.0
1407571419|30.0
1407571439|30.0
1407571459|30.0
1407571479|30.125
1407571499|30.125
1407571519|30.125
1407571539|30.125
1407571560|30.125
1407571580|30.187
1407571600|30.187
1407571620|30.25
1407571640|30.312
1407571660|30.312
1407571680|30.375
1407571700|30.375
1407571720|30.437
1407571740|30.5
1407571760|30.5
1407571780|30.562
1407571801|30.562
1407571821|30.562
1407571841|30.562
1407571861|30.625
1407571881|30.625
1407571902|30.625
1407571922|30.5
1407571942|30.312
1407571962|30.187
1407571982|30.187
1407572002|30.125
1407572022|29.937
1407572042|29.875
1407572062|29.875
1407572082|29.875
1407572102|29.937
1407572122|29.875
1407572143|29.812
1407572163|29.687
1407572183|29.625
1407572203|29.625
1407572223|29.687
1407572243|29.75
1407572263|29.75
1407572283|29.75
1407572303|29.812
1407572323|29.875
1407572343|29.937
1407572363|30.062
1407572384|30.062
1407572404|30.062
1407572424|30.0
1407572444|30.062
1407572464|30.062
1407572485|30.125
1407572505|30.187
1407572525|30.187
1407572545|30.187
1407572565|30.312
1407572585|30.437
1407572605|30.5
1407572625|30.562
1407572645|30.562
1407572665|30.687
1407572685|30.812
1407572706|30.875
1407572726|31.0
1407572746|31.0
1407572766|30.875
1407572786|30.75
1407572806|30.75
1407572826|30.75
1407572846|30.562
1407572866|30.562
1407572886|30.562
1407572906|30.625
1407572927|30.687
1407572947|30.75
1407572967|30.812
1407572987|30.812
1407573007|30.812
1407573027|30.75
1407573047|30.625
1407573068|30.562
1407573088|30.437
1407573108|30.375
1407573128|30.187
1407573148|30.0
1407573168|29.937
1407573188|29.75
1407573208|29.75
1407573228|29.75
1407573248|29.812
1407573269|29.875
1407573289|29.875
1407573309|30.062
1407573329|30.187
1407573349|30.25
1407573369|30.312
1407573389|30.375
1407573409|30.375
1407573429|30.375
1407573449|30.375
1407573469|30.25
1407573490|30.062
1407573510|30.0
1407573530|30.062
1407573550|30.187
1407573570|30.125
1407573590|30.125
1407573610|30.062
1407573630|30.125
1407573651|30.125
1407573671|30.062
1407573691|29.875
1407573711|29.75
1407573731|29.625
1407573751|29.687
1407573771|29.75
1407573791|29.812
1407573811|29.875
1407573832|30.0
1407573852|30.062
1407573872|30.125
1407573892|30.187
1407573912|30.25
1407573932|30.375
1407573952|30.5
1407573973|30.562
1407573993|30.5
1407574013|30.375
1407574033|30.312
1407574053|30.25
1407574073|30.187
1407574093|30.187
1407574114|30.25
1407574134|30.25
1407574154|30.25
1407574174|30.5
1407574194|30.562
1407574214|30.687
1407574234|30.75
1407574254|30.75
1407574275|30.75
1407574295|30.75
1407574315|30.687
1407574335|30.562
1407574355|30.375
1407574375|30.312
1407574396|30.375
1407574416|30.437
1407574436|30.5
1407574456|30.562
1407574476|30.687
1407574496|30.812
1407574516|30.812
1407574536|30.75
1407574556|30.687
1407574576|30.687
1407574596|30.687
1407574616|30.75
1407574637|30.812
1407574657|30.875
1407574677|30.75
1407574697|30.5
1407574717|30.375
1407574737|30.437
1407574757|30.5
1407574777|30.562
1407574797|30.562
1407574817|30.75
1407574838|30.812
1407574858|30.937
1407574878|31.062
1407574898|31.125
1407574918|31.187
1407574939|31.187
1407574959|31.187
1407574979|31.25
1407574999|31.312
1407575019|31.312
1407575039|31.375
1407575059|31.312
1407575079|31.187
1407575099|31.125
1407575119|31.0
1407575139|30.937
1407575159|31.0
1407575180|31.062
1407575200|31.062
1407575220|31.0
1407575240|30.875
1407575260|30.75
1407575280|30.75
1407575300|30.812
1407575320|30.875
1407575340|30.937
1407575360|30.937
1407575380|30.937
1407575400|31.062
1407575421|31.062
1407575441|31.312
1407575461|31.375
1407575482|31.437
1407575502|31.375
1407575522|31.25
1407575542|31.25
1407575562|31.375
1407575582|31.375
1407575603|31.5
1407575623|31.625
1407575643|31.687
1407575663|31.812
1407575683|31.875
1407575703|31.937
1407575723|31.875
1407575743|31.812
1407575763|31.75
1407575783|31.812
1407575803|31.875
1407575824|31.875
1407575844|32.0
1407575864|31.937
1407575884|31.875
1407575904|31.937
1407575924|32.0
1407575944|32.062
1407575964|32.062
1407575984|32.0
1407576004|31.812
1407576024|31.812
1407576045|31.687
1407576065|31.687
1407576085|31.562
1407576105|31.437
1407576125|31.187
1407576146|31.0
1407576166|30.937
1407576186|31.0
1407576206|31.0
1407576226|31.062
1407576246|31.125
1407576266|31.125
1407576286|31.0
1407576306|31.0
1407576327|31.0
1407576347|31.062
1407576367|31.062
1407576387|30.937
1407576407|30.812
1407576427|30.812
1407576447|30.875
1407576468|31.0
1407576488|31.062
1407576508|30.937
1407576528|30.687
1407576548|30.625
1407576568|30.625
1407576588|30.562
1407576609|30.437
1407576629|30.437
1407576649|30.5
1407576669|30.562
1407576689|30.687
1407576709|30.75
1407576729|30.875
1407576749|31.0
1407576770|31.062
1407576790|30.937
1407576810|30.875
1407576830|30.625
1407576850|30.5
1407576870|30.375
1407576890|30.375
1407576910|30.375
1407576931|30.5
1407576951|30.687
1407576971|30.875
1407576991|30.937
1407577011|31.0
1407577031|30.812
1407577051|30.75
1407577071|30.875
1407577091|31.0
1407577111|31.0
1407577131|31.0
1407577151|30.875
1407577172|30.812
1407577192|30.687
1407577212|30.625
1407577232|30.625
1407577252|30.625
1407577272|30.625
1407577292|30.562
1407577312|30.562
1407577332|30.562
1407577353|30.625
1407577373|30.75
1407577393|30.812
1407577414|30.937
1407577434|31.062
1407577454|31.312
1407577474|31.5
1407577494|31.625
1407577514|31.812
1407577534|32.0
1407577554|32.125
1407577575|32.25
1407577595|32.437
1407577615|32.5
1407577635|32.625
1407577655|32.75
1407577675|32.875
1407577695|33.0
1407577715|33.125
1407577735|33.25
1407577755|33.312
1407577775|33.312
1407577795|33.375
1407577816|33.375
1407577836|33.437
1407577856|33.437
1407577876|33.5
1407577896|33.562
1407577916|33.625
1407577936|33.687
1407577956|33.75
1407577977|33.75
1407577997|33.812
1407578017|33.875
1407578038|33.937
1407578058|33.937
1407578078|33.875
1407578099|33.875
1407578119|33.937
1407578139|34.062
1407578159|34.062
1407578179|34.125
1407578199|34.187
1407578219|34.25
1407578239|34.375
1407578260|34.375
1407578280|34.437
1407578300|34.5
1407578320|34.375
1407578340|34.187
1407578360|34.062
1407578380|34.0
1407578400|33.812
1407578420|33.812
1407578440|33.625
1407578460|33.562
1407578480|33.562
1407578501|33.625
1407578521|33.625
1407578541|33.687
1407578561|33.687
1407578581|33.812
1407578601|33.812
1407578621|33.875
1407578641|33.937
1407578661|34.062
1407578682|34.125
1407578702|34.187
1407578722|34.312
1407578742|34.375
1407578762|34.437
1407578782|34.5
1407578802|34.562
1407578823|34.625
1407578843|34.687
1407578863|34.75
1407578883|34.812
1407578903|34.875
1407578923|34.937
1407578943|35.062
1407578963|35.125
1407578983|35.187
1407579003|35.125
1407579023|35.062
1407579043|35.062
1407579064|35.125
1407579084|35.187
1407579104|35.25
1407579124|35.25
1407579144|35.25
1407579164|35.312
1407579184|35.25
1407579204|35.187
1407579224|35.187
1407579244|35.0
1407579265|35.0
1407579285|34.875
1407579305|34.625
1407579325|34.5
1407579346|34.5
1407579366|34.437
1407579386|34.125
1407579406|33.937
1407579426|34.0
1407579446|33.875
1407579466|33.875
1407579486|33.937
1407579506|33.937
1407579526|33.937
1407579546|34.0
1407579567|34.125
1407579587|34.25
1407579607|34.375
1407579627|34.5
1407579647|34.562
1407579667|34.687
1407579687|34.75
1407579707|34.625
1407579727|34.625
1407579747|34.687
1407579767|34.687
1407579787|34.812
1407579808|34.812
1407579828|34.75
1407579848|34.75
1407579868|34.687
1407579888|34.562
1407579908|34.312
1407579929|34.312
1407579949|34.312
1407579969|34.375
1407579989|34.375
1407580009|34.125
1407580029|34.062
1407580049|34.0
1407580069|34.062
1407580089|34.187
1407580110|34.187
1407580130|34.25
1407580150|34.312
1407580170|34.375
1407580190|34.437
1407580210|34.437
1407580230|34.437
1407580250|34.312
1407580271|34.375
1407580291|34.437
1407580311|34.562
1407580331|34.625
1407580351|34.812
1407580371|34.937
1407580391|35.0
1407580411|35.062
1407580431|35.125
1407580451|35.125
1407580471|35.25
1407580492|35.312
1407580512|35.437
1407580532|35.562
1407580552|35.687
1407580573|35.75
1407580593|35.812
1407580613|35.937
1407580633|36.062
1407580653|36.125
1407580673|36.187
1407580693|36.187
1407580713|36.0
1407580734|35.875
1407580754|35.875
1407580774|35.812
1407580794|35.75
1407580814|35.562
1407580834|35.5
1407580854|35.5
1407580874|35.437
1407580894|35.375
1407580914|35.375
1407580934|35.312
1407580955|35.312
1407580975|35.312
1407580995|35.437
1407581015|35.437
1407581035|35.437
1407581055|35.5
1407581075|35.5
1407581095|35.5
1407581115|35.562
1407581136|35.625
1407581156|35.75
1407581176|35.812
1407581196|35.937
1407581216|35.937
1407581236|36.062
1407581257|36.062
1407581277|36.062
1407581297|36.125
1407581317|36.187
1407581337|36.25
1407581357|36.25
1407581377|36.25
1407581397|36.187
1407581417|36.187
1407581437|36.25
1407581457|36.312
1407581477|36.312
1407581498|36.312
1407581518|36.312
1407581538|36.375
1407581558|36.375
1407581578|36.312
1407581598|36.312
1407581618|36.375
1407581638|36.437
1407581658|36.437
1407581679|36.5
1407581699|36.5
1407581719|36.437
1407581739|36.437
1407581759|36.562
1407581779|36.562
1407581799|36.625
1407581820|36.625
1407581840|36.5
1407581860|36.562
1407581880|36.687
1407581900|36.625
1407581920|36.5
1407581940|36.5
1407581960|36.437
1407581981|36.5
1407582001|36.437
1407582021|36.312
1407582041|36.312
1407582061|36.312
1407582081|36.375
1407582101|36.375
1407582121|36.437
1407582141|36.5
1407582161|36.5
1407582181|36.125
1407582201|35.875
1407582222|35.75
1407582242|35.625
1407582262|35.5
1407582282|35.5
1407582302|35.562
1407582322|35.687
1407582342|35.75
1407582362|35.812
1407582383|35.812
1407582403|36.062
1407582423|36.187
1407582443|36.25
1407582463|36.125
1407582483|36.187
1407582503|36.25
1407582524|36.375
1407582544|36.5
1407582564|36.562
1407582584|36.625
1407582604|36.625
1407582624|36.625
1407582644|36.687
1407582664|36.687
1407582684|36.75
1407582704|36.812
1407582724|36.875
1407582744|36.937
1407582765|36.875
1407582785|36.937
1407582805|37.0
1407582825|37.062
1407582845|37.125
1407582865|37.125
1407582885|37.062
1407582905|36.937
1407582925|36.625
1407582945|36.5
1407582966|36.437
1407582986|36.25
1407583006|36.125
1407583026|35.937
1407583046|35.937
1407583066|36.062
1407583087|36.125
1407583107|36.187
1407583127|36.312
1407583147|36.375
1407583167|36.5
1407583187|36.562
1407583207|36.687
1407583227|36.75
1407583247|36.875
1407583267|36.875
1407583287|36.937
1407583308|37.0
1407583328|37.062
1407583348|37.187
1407583368|37.25
1407583388|37.312
1407583408|37.375
1407583428|37.5
1407583448|37.562
1407583468|37.625
1407583488|37.687
1407583508|37.687
1407583528|37.687
1407583549|37.75
1407583569|37.75
1407583589|37.437
1407583609|37.312
1407583630|37.25
1407583650|37.187
1407583670|37.062
1407583690|36.937
1407583710|36.875
1407583730|36.875
1407583750|36.875
1407583770|36.875
1407583790|36.937
1407583810|37.0
1407583830|37.062
1407583850|37.062
1407583871|37.187
1407583891|37.312
1407583911|37.312
1407583931|37.375
1407583951|37.437
1407583971|37.5
1407583991|37.5
1407584011|37.625
1407584031|37.687
1407584051|37.75
1407584071|37.687
1407584091|37.75
1407584112|37.75
1407584132|37.812
1407584152|37.875
1407584172|37.937
1407584192|37.812
1407584213|37.812
1407584233|37.812
1407584253|37.812
1407584273|37.75
1407584293|37.687
1407584313|37.687
1407584333|37.687
1407584354|37.625
1407584374|37.625
1407584394|37.625
1407584414|37.687
1407584434|37.562
1407584454|37.562
1407584474|37.562
1407584494|37.5
1407584514|37.375
1407584534|37.312
1407584554|37.25
1407584574|37.312
1407584595|37.187
1407584615|37.187
1407584635|37.25
1407584655|37.25
1407584675|37.25
1407584695|37.25
1407584715|37.312
1407584735|37.375
1407584755|37.437
1407584776|37.5
1407584796|37.562
1407584816|37.562
1407584836|37.625
1407584856|37.75
1407584877|37.812
1407584897|37.875
1407584917|37.875
1407584937|37.875
1407584957|37.937
1407584977|38.0
1407584997|37.937
1407585017|37.875
1407585038|37.75
1407585058|37.687
1407585078|37.75
1407585098|37.687
1407585118|37.562
1407585138|37.562
1407585159|37.625
1407585179|37.5
1407585199|37.5
1407585219|37.312
1407585239|37.187
1407585259|37.187
1407585279|37.187
1407585299|37.187
1407585319|37.312
1407585339|37.375
1407585359|37.312
1407585379|37.187
1407585400|37.187
1407585420|36.812
1407585440|36.625
1407585460|36.562
1407585480|36.5
1407585501|36.625
1407585521|36.75
1407585541|36.75
1407585561|36.562
1407585581|36.562
1407585601|36.75
1407585622|36.75
1407585642|36.75
1407585662|36.937
1407585682|37.062
1407585702|37.187
1407585722|37.25
1407585742|37.25
1407585762|37.187
1407585782|37.125
1407585802|37.125
1407585822|37.125
1407585843|37.187
1407585863|37.187
1407585883|37.187
1407585903|37.062
1407585923|37.062
1407585943|37.0
1407585963|37.062
1407585983|37.0
1407586003|37.0
1407586023|37.0
1407586044|36.937
1407586064|36.875
1407586084|36.562
1407586104|36.562
1407586125|36.562
1407586145|36.5
1407586165|36.5
1407586185|36.5
1407586205|36.5
1407586225|36.562
1407586245|36.75
1407586265|36.75
1407586285|36.875
1407586305|37.0
1407586325|37.125
1407586346|37.0
1407586366|37.062
1407586386|37.062
1407586406|37.0
1407586426|36.875
1407586446|36.875
1407586466|36.875
1407586486|36.875
1407586506|36.812
1407586526|36.75
1407586547|36.812
1407586567|36.875
1407586587|36.937
1407586608|37.0
1407586628|37.125
1407586648|37.125
1407586668|37.25
1407586688|37.312
1407586708|37.437
1407586729|37.437
1407586749|37.312
1407586769|37.312
1407586789|36.75
1407586809|36.75
1407586830|36.375
1407586850|36.187
1407586870|36.062
1407586890|35.937
1407586910|35.937
1407586930|35.937
1407586950|36.0
1407586970|35.812
1407586990|35.562
1407587010|35.25
1407587030|35.187
1407587051|35.312
1407587071|35.437
1407587092|35.5
1407587112|35.562
1407587132|35.75
1407587152|35.937
1407587172|36.062
1407587192|36.125
1407587212|36.25
1407587232|36.375
1407587252|36.437
1407587272|36.437
1407587292|36.562
1407587312|36.687
1407587333|36.75
1407587353|36.875
1407587373|36.75
1407587393|36.687
1407587413|36.687
1407587433|36.687
1407587453|36.312
1407587474|36.187
1407587494|36.187
1407587514|36.25
1407587534|36.437
1407587554|36.562
1407587574|36.687
1407587594|36.687
1407587614|36.812
1407587634|36.937
1407587654|36.937
1407587675|37.125
1407587695|37.25
1407587715|37.375
1407587735|37.437
1407587755|37.562
1407587775|37.562
1407587795|37.625
1407587815|37.625
1407587835|37.625
1407587855|37.687
1407587875|37.75
1407587895|37.812
1407587916|37.875
1407587936|37.937
1407587956|37.937
1407587976|38.0
1407587996|38.0
1407588016|38.0
1407588036|38.0
1407588057|38.062
1407588077|38.125
1407588097|38.187
1407588117|38.312
1407588137|38.312
1407588157|38.375
1407588177|38.437
1407588198|38.562
1407588218|38.687
1407588238|38.812
1407588258|38.812
1407588278|38.812
1407588298|38.875
1407588318|38.937
1407588338|38.875
1407588358|38.937
1407588378|38.937
1407588398|38.937
1407588418|38.875
1407588439|38.875
1407588459|39.0
1407588479|39.062
1407588499|39.125
1407588519|39.187
1407588539|39.187
1407588559|39.25
1407588579|39.187
1407588599|39.125
1407588619|39.062
1407588640|39.0
1407588660|39.0
1407588680|39.0
1407588700|39.0
1407588721|39.125
1407588741|39.062
1407588761|39.125
1407588781|39.187
1407588801|39.187
1407588821|39.125
1407588841|39.25
1407588861|39.25
1407588881|39.312
1407588901|39.312
1407588921|39.312
1407588941|39.312
1407588962|39.312
1407588982|39.375
1407589002|39.375
1407589022|39.375
1407589042|39.375
1407589062|39.375
1407589082|39.25
1407589102|39.25
1407589122|39.25
1407589142|39.25
1407589162|39.312
1407589183|39.375
1407589203|39.375
1407589223|39.375
1407589243|39.375
1407589263|39.437
1407589284|39.437
1407589304|39.5
1407589324|39.5
1407589344|39.625
1407589364|39.562
1407589384|39.625
1407589404|39.687
1407589425|39.75
1407589445|39.812
1407589465|39.875
1407589485|40.0
1407589505|40.0
1407589525|39.937
1407589545|39.875
1407589565|39.875
1407589585|39.812
1407589605|39.75
1407589625|39.75
1407589645|39.75
1407589666|39.687
1407589686|39.687
1407589706|39.687
1407589726|39.625
1407589746|39.687
1407589766|39.687
1407589786|39.75
1407589806|39.75
1407589826|39.75
1407589847|39.687
1407589867|39.625
1407589887|39.562
1407589907|39.562
1407589927|39.562
1407589948|39.625
1407589968|39.625
1407589988|39.625
1407590008|39.5
1407590028|39.5
1407590048|39.5
1407590068|39.625
1407590088|39.75
1407590108|39.75
1407590129|39.75
1407590149|39.687
1407590169|39.625
1407590189|39.625
1407590209|39.625
1407590229|39.625
1407590249|39.562
1407590269|39.562
1407590289|39.625
1407590309|39.625
1407590329|39.687
1407590349|39.75
1407590370|39.687
1407590390|39.625
1407590410|39.625
1407590430|39.625
1407590450|39.562
1407590470|39.437
1407590490|39.312
1407590511|39.312
1407590531|39.375
1407590551|39.437
1407590571|39.437
1407590591|39.562
1407590611|39.625
1407590632|39.687
1407590652|39.687
1407590672|39.687
1407590692|39.687
1407590712|39.75
1407590732|39.812
1407590752|39.812
1407590772|39.937
1407590793|40.0
1407590813|40.125
1407590833|40.125
1407590853|40.187
1407590873|40.187
1407590893|40.25
1407590913|40.125
1407590933|40.125
1407590953|40.0
1407590973|40.0
1407590993|39.875
1407591014|39.875
1407591034|39.75
1407591054|39.687
1407591074|39.625
1407591094|39.625
1407591114|39.5
1407591134|39.437
1407591155|39.437
1407591175|39.437
1407591195|39.437
1407591215|39.437
1407591235|39.437
1407591255|39.375
1407591275|39.375
1407591296|39.375
1407591316|39.437
1407591336|39.5
1407591356|39.562
1407591376|39.625
1407591396|39.687
1407591416|39.687
1407591436|39.75
1407591456|39.75
1407591476|39.75
1407591496|39.812
1407591516|39.812
1407591537|39.812
1407591557|39.812
1407591577|39.875
1407591597|39.937
1407591617|39.937
1407591637|40.0
1407591657|40.0
1407591677|40.062
1407591697|40.125
1407591718|40.187
1407591738|40.187
1407591758|40.187
1407591778|40.25
1407591798|40.312
1407591818|40.312
1407591839|40.375
1407591859|40.375
1407591879|40.375
1407591899|40.437
1407591919|40.437
1407591939|40.5
1407591959|40.562
1407591979|40.625
1407591999|40.75
1407592019|40.75
1407592039|40.75
1407592059|40.75
1407592079|40.812
1407592100|40.875
1407592120|40.812
1407592140|40.875
1407592160|40.875
1407592180|40.875
1407592200|40.937
1407592220|41.0
1407592240|41.0
1407592260|41.062
1407592280|41.125
1407592300|41.187
1407592321|41.187
1407592341|41.25
1407592361|41.25
1407592381|41.25
1407592401|41.312
1407592422|41.312
1407592442|41.312
1407592462|41.312
1407592482|41.312
1407592502|41.375
1407592522|41.437
1407592542|41.437
1407592562|41.437
1407592582|41.437
1407592602|41.437
1407592622|41.5
1407592643|41.5
1407592663|41.5
1407592683|41.5
1407592703|41.562
1407592723|41.562
1407592743|41.625
1407592763|41.625
1407592783|41.562
1407592803|41.562
1407592823|41.625
1407592843|41.687
1407592863|41.75
1407592884|41.875
1407592904|41.812
1407592924|41.875
1407592944|41.687
1407592964|41.687
1407592985|41.75
1407593005|41.687
1407593025|41.75
1407593045|41.812
1407593065|41.812
1407593085|41.812
1407593105|41.875
1407593126|41.875
1407593146|41.875
1407593166|41.937
1407593186|41.937
1407593206|41.937
1407593226|42.062
1407593246|42.062
1407593266|42.187
1407593286|42.25
1407593306|42.25
1407593326|42.125
1407593346|42.062
1407593367|42.0
1407593387|41.937
1407593407|41.875
1407593427|41.875
1407593447|41.812
1407593467|41.812
1407593487|41.875
1407593508|41.937
1407593528|41.937
1407593548|41.937
1407593569|42.0
1407593589|42.0
1407593609|42.062
1407593629|42.125
1407593649|42.187
1407593669|42.187
1407593689|42.125
1407593709|42.187
1407593730|42.25
1407593750|42.25
1407593770|42.25
1407593790|42.312
1407593810|42.312
1407593830|42.312
1407593850|42.375
1407593870|42.437
1407593890|42.437
1407593913|42.375
1407593933|42.312
1407593953|42.312
1407593973|42.25
1407593994|42.25
1407594014|42.25
1407594034|42.25
1407594054|42.25
1407594074|42.312
1407594094|42.312
1407594114|42.312
1407594134|42.25
1407594154|42.25
1407594174|42.187
1407594194|42.187
1407594214|42.187
1407594235|42.187
1407594255|42.25
1407594275|42.375
1407594295|42.375
1407594315|42.375
1407594335|42.375
1407594355|42.375
1407594375|42.5
1407594396|42.5
1407594416|42.437
1407594436|42.437
1407594456|42.437
1407594476|42.312
1407594497|42.25
1407594517|42.25
1407594537|42.25
1407594557|42.312
1407594577|42.437
1407594597|42.437
1407594617|42.5
1407594638|42.5
1407594658|42.5
1407594678|42.5
1407594698|42.5
1407594718|42.5
1407594738|42.5
1407594758|42.625
1407594778|42.625
1407594798|42.625
1407594818|42.625
1407594838|42.625
1407594859|42.625
1407594879|42.625
1407594899|42.625
1407594919|42.625
1407594939|42.625
1407594959|42.625
1407594979|42.687
1407594999|42.75
1407595019|42.75
1407595039|42.812
1407595060|42.812
1407595080|42.75
1407595100|42.687
1407595120|42.625
1407595140|42.625
1407595160|42.625
1407595181|42.625
1407595201|42.625
1407595221|42.562
1407595241|42.562
1407595261|42.437
1407595281|42.375
1407595301|42.437
1407595321|42.437
1407595341|42.437
1407595361|42.312
1407595381|42.375
1407595402|42.375
1407595422|42.437
1407595442|42.5
1407595462|42.625
1407595482|42.625
1407595502|42.687
1407595522|42.75
1407595542|42.687
1407595562|42.625
1407595582|42.625
1407595602|42.5
1407595622|42.437
1407595642|42.437
1407595663|42.437
1407595683|42.375
1407595703|42.312
1407595723|42.312
1407595744|42.312
1407595764|42.375
1407595784|42.312
1407595804|42.25
1407595824|42.25
1407595844|42.25
1407595864|42.25
1407595884|42.312
1407595904|42.375
1407595924|42.437
1407595944|42.437
1407595964|42.5
1407595984|42.5
1407596005|42.437
1407596025|42.312
1407596045|42.375
1407596065|42.375
1407596085|42.375
1407596105|42.375
1407596125|42.375
1407596145|42.375
1407596165|42.375
1407596185|42.312
1407596205|42.312
1407596225|42.25
1407596246|42.187
1407596266|42.25
1407596286|42.25
1407596306|42.187
1407596327|42.25
1407596347|42.25
1407596367|42.25
1407596387|42.312
1407596407|42.312
1407596428|42.312
1407596448|42.25
1407596468|42.25
1407596488|42.25
1407596508|42.125
1407596528|42.125
1407596549|42.187
1407596569|42.25
1407596589|42.25
1407596609|42.187
1407596629|42.187
1407596649|42.25
1407596669|42.312
1407596689|42.375
1407596709|42.375
1407596729|42.437
1407596749|42.437
1407596769|42.375
1407596790|42.375
1407596810|42.437
1407596830|42.5
1407596850|42.562
1407596870|42.625
1407596890|42.75
1407596910|42.75
1407596930|42.75
1407596951|42.625
1407596971|42.437
1407596991|42.375
1407597011|42.437
1407597031|42.437
1407597051|42.437
1407597071|42.375
1407597091|42.375
1407597112|42.312
1407597132|42.312
1407597152|42.25
1407597172|42.25
1407597192|42.312
1407597212|42.25
1407597232|42.25
1407597252|42.312
1407597272|42.312
1407597292|42.437
1407597313|42.5
1407597333|42.562
1407597353|42.625
1407597373|42.625
1407597393|42.625
1407597413|42.625
1407597433|42.562
1407597454|42.562
1407597474|42.562
1407597494|42.5
1407597514|42.437
1407597534|42.437
1407597554|42.437
1407597574|42.437
1407597594|42.312
1407597614|42.187
1407597635|42.062
1407597655|42.062
1407597675|42.0
1407597695|42.0
1407597715|42.0
1407597735|42.0
1407597755|42.0
1407597775|42.0
1407597796|42.062
1407597816|42.062
1407597836|42.125
1407597856|42.125
1407597876|42.187
1407597896|42.25
1407597916|42.312
1407597937|42.375
1407597957|42.312
1407597977|42.312
1407597997|42.312
1407598017|42.25
1407598037|42.125
1407598057|42.187
1407598077|42.187
1407598097|42.187
1407598117|42.187
1407598137|42.125
1407598157|42.062
1407598178|42.0
1407598198|41.937
1407598218|41.875
1407598238|41.875
1407598258|41.875
1407598279|41.875
1407598299|41.937
1407598319|41.937
1407598339|41.937
1407598359|41.937
1407598379|41.875
1407598399|41.875
1407598419|41.875
1407598439|41.875
1407598459|41.812
1407598479|41.75
1407598499|41.687
1407598520|41.687
1407598540|41.687
1407598560|41.75
1407598580|41.75
1407598600|41.875
1407598620|41.875
1407598640|41.812
1407598660|41.812
1407598680|41.75
1407598700|41.75
1407598720|41.75
1407598740|41.75
1407598761|41.812
1407598781|41.812
1407598801|41.812
1407598821|41.875
1407598841|41.875
1407598861|41.812
1407598882|41.687
1407598902|41.687
1407598922|41.75
1407598942|41.75
1407598962|41.812
1407598982|41.812
1407599003|41.937
1407599023|41.937
1407599043|42.0
1407599063|41.937
1407599083|42.0
1407599103|42.0
1407599123|42.0
1407599144|42.062
1407599164|42.062
1407599184|42.187
1407599204|42.187
1407599224|42.125
1407599244|42.187
1407599264|42.187
1407599284|42.187
1407599304|42.187
1407599324|42.187
1407599344|42.125
1407599365|42.062
1407599385|42.062
1407599405|42.125
1407599425|42.062
1407599445|42.125
1407599465|42.125
1407599485|42.125
1407599506|42.0
1407599526|41.937
1407599546|41.875
1407599566|41.875
1407599586|41.875
1407599606|41.875
1407599626|41.875
1407599646|41.875
1407599667|41.75
1407599687|41.812
1407599707|41.625
1407599727|41.562
1407599747|41.625
1407599767|41.75
1407599787|41.812
1407599807|41.875
1407599827|42.0
1407599847|41.937
1407599868|41.937
1407599888|41.812
1407599908|41.75
1407599928|41.687
1407599948|41.687
1407599968|41.687
1407599988|41.75
1407600008|41.625
1407600028|41.625
1407600048|41.625
1407600069|41.687
1407600089|41.75
1407600109|41.75
1407600129|41.812
1407600149|41.812
1407600170|41.75
1407600190|41.75
1407600210|41.625
1407600230|41.625
1407600250|41.625
1407600270|41.562
1407600290|41.562
1407600310|41.5
1407600330|41.5
1407600350|41.437
1407600370|41.5
1407600390|41.5
1407600411|41.625
1407600431|41.687
1407600451|41.812
1407600471|41.937
1407600491|42.062
1407600511|42.125
1407600531|42.25
1407600551|42.25
1407600571|42.5
1407600591|42.562
1407600611|42.5
1407600631|42.437
1407600652|42.375
1407600672|42.375
1407600692|42.375
1407600712|42.25
1407600732|42.125
1407600753|41.937
1407600773|41.812
1407600793|41.75
1407600813|41.625
1407600833|41.625
1407600853|41.437
1407600873|41.437
1407600893|41.437
1407600913|41.437
1407600934|41.437
1407600954|41.187
1407600974|41.062
1407600994|41.0
1407601014|41.0
1407601034|41.0
1407601054|40.812
1407601074|40.562
1407601094|40.562
1407601114|40.5
1407601134|40.5
1407601154|40.5
1407601175|40.5
1407601195|40.437
1407601215|40.437
1407601235|40.375
1407601255|40.375
1407601275|40.375
1407601295|40.375
1407601316|40.187
1407601336|40.187
1407601356|40.125
1407601376|40.062
1407601396|39.937
1407601416|39.937
1407601436|39.5
1407601456|39.437
1407601476|39.312
1407601497|39.125
1407601517|38.937
1407601537|38.812
1407601557|38.812
1407601577|38.812
1407601597|38.812
1407601617|38.875
1407601637|38.937
1407601657|39.062
1407601677|39.125
1407601697|39.312
1407601717|39.437
1407601738|39.5
1407601758|39.562
1407601778|39.625
1407601798|39.625
1407601818|39.562
1407601838|39.437
1407601858|39.375
1407601878|39.312
1407601899|39.187
1407601919|39.187
1407601939|39.125
1407601959|39.0
1407601979|39.0
1407601999|38.937
1407602019|38.937
1407602039|38.812
1407602059|38.812
1407602080|38.812
1407602100|38.812
1407602120|38.812
1407602140|38.75
1407602160|38.75
1407602180|38.625
1407602200|38.562
1407602220|38.437
1407602240|38.375
1407602260|38.25
1407602280|38.187
1407602301|38.125
1407602321|38.0
1407602341|37.75
1407602361|37.625
1407602381|37.437
1407602401|37.25
1407602421|37.125
1407602441|37.062
1407602462|36.937
1407602482|36.75
1407602502|36.625
1407602522|36.625
1407602543|36.625
1407602563|36.687
1407602583|36.687
1407602603|36.687
1407602623|36.687
1407602643|36.687
1407602663|36.562
1407602684|36.562
1407602704|36.562
1407602724|36.562
1407602744|36.562
1407602764|36.437
1407602784|36.312
1407602804|36.312
1407602824|36.25
1407602844|36.25
1407602864|36.25
1407602884|36.187
1407602904|36.125
1407602925|36.125
1407602945|36.125
1407602965|36.125
1407602985|36.125
1407603005|36.062
1407603025|36.062
1407603045|36.062
1407603065|36.0
1407603086|36.0
1407603107|35.937
1407603127|35.875
1407603147|35.812
1407603167|35.75
1407603187|35.625
1407603208|35.562
1407603228|35.5
1407603248|35.5
1407603268|35.437
1407603288|35.437
1407603308|35.437
1407603328|35.375
1407603348|35.312
1407603368|35.25
1407603388|35.25
1407603408|34.937
1407603429|34.875
1407603449|34.812
1407603469|34.687
1407603489|34.625
1407603509|34.687
1407603529|34.687
1407603549|34.625
1407603569|34.625
1407603589|34.625
1407603609|34.562
1407603629|34.562
1407603649|34.562
1407603670|34.562
1407603690|34.562
1407603710|34.5
1407603730|34.5
1407603750|34.437
1407603771|34.437
1407603791|34.312
1407603811|34.312
1407603831|34.25
1407603851|34.187
1407603872|34.187
1407603892|34.0
1407603912|33.937
1407603932|33.937
1407603952|33.937
1407603972|33.937
1407603993|33.937
1407604013|33.875
1407604033|33.75
1407604053|33.75
1407604073|33.687
1407604093|33.687
1407604114|33.625
1407604134|33.625
1407604154|33.625
1407604174|33.562
1407604194|33.562
1407604214|33.562
1407604234|33.562
1407604254|33.562
1407604274|33.375
1407604294|33.375
1407604314|33.187
1407604335|33.187
1407604355|33.125
1407604375|33.062
1407604395|33.062
1407604415|33.062
1407604435|33.0
1407604455|33.0
1407604476|33.0
1407604496|33.0
1407604516|32.937
1407604536|32.875
1407604556|32.937
1407604576|32.875
1407604596|32.875
1407604616|32.812
1407604636|32.812
1407604657|32.812
1407604677|32.75
1407604697|32.75
1407604718|32.75
1407604738|32.687
1407604758|32.687
1407604778|32.687
1407604798|32.75
1407604818|32.687
1407604839|32.687
1407604860|32.625
1407604880|32.562
1407604900|32.625
1407604920|32.562
1407604940|32.5
1407604960|32.5
1407604980|32.5
1407605000|32.437
1407605020|32.375
1407605040|32.375
1407605060|32.312
1407605080|32.312
1407605101|32.312
1407605121|32.312
1407605141|32.312
1407605161|32.25
1407605181|32.187
1407605201|32.187
1407605222|32.125
1407605242|32.062
1407605262|32.0
1407605282|31.937
1407605303|31.937
1407605323|31.875
1407605343|31.875
1407605363|31.812
1407605383|31.812
1407605403|31.812
1407605423|31.812
1407605443|31.812
1407605463|31.75
1407605483|31.687
1407605503|31.687
1407605524|31.687
1407605544|31.687
1407605564|31.625
1407605584|31.625
1407605604|31.562
1407605624|31.562
1407605644|31.562
1407605664|31.5
1407605684|31.375
1407605704|31.312
1407605724|31.312
1407605744|31.187
1407605765|31.187
1407605785|31.187
1407605805|31.187
1407605825|31.062
1407605845|30.937
1407605866|30.875
1407605886|30.812
1407605906|30.812
1407605926|30.812
1407605946|30.812
1407605966|30.812
1407605986|30.812
1407606006|30.812
1407606026|30.812
1407606046|30.625
1407606067|30.625
1407606087|30.625
1407606107|30.5
1407606127|30.5
1407606147|30.5
1407606167|30.5
1407606187|30.5
1407606207|30.5
1407606227|30.5
1407606247|30.5
1407606267|30.5
1407606287|30.5
1407606308|30.437
1407606328|30.437
1407606348|30.437
1407606368|30.437
1407606388|30.437
1407606408|30.375
1407606428|30.437
1407606449|30.437
1407606469|30.437
1407606489|30.375
1407606509|30.375
1407606529|30.312
1407606549|30.312
1407606569|30.312
1407606590|30.312
1407606610|30.312
1407606630|30.312
1407606650|30.25
1407606670|30.25
1407606690|30.187
1407606710|30.187
1407606730|30.187
1407606750|30.187
1407606770|30.187
1407606790|30.125
1407606810|30.125
1407606831|30.062
1407606851|30.062
1407606871|30.0
1407606891|29.937
1407606911|29.875
1407606931|29.875
1407606952|29.875
1407606972|29.812
1407606992|29.812
1407607012|29.812
1407607032|29.812
1407607052|29.812
1407607073|29.812
1407607093|29.812
1407607114|29.812
1407607134|29.812
1407607154|29.812
1407607174|29.812
1407607194|29.812
1407607214|29.75
1407607234|29.75
1407607254|29.75
1407607274|29.75
1407607295|29.75
1407607315|29.75
1407607335|29.75
1407607355|29.75
1407607375|29.75
1407607395|29.687
1407607415|29.687
1407607435|29.687
1407607455|29.687
1407607475|29.625
1407607495|29.562
1407607516|29.562
1407607536|29.5
1407607556|29.437
1407607577|29.437
1407607597|29.437
1407607617|29.375
1407607637|29.375
1407607657|29.312
1407607677|29.25
1407607697|29.25
1407607717|29.187
1407607737|29.125
1407607758|29.125
1407607778|29.0
1407607798|29.0
1407607818|28.937
1407607838|28.875
1407607858|28.875
1407607878|28.812
1407607899|28.812
1407607919|28.75
1407607939|28.75
1407607959|28.75
1407607979|28.687
1407607999|28.687
1407608019|28.75
1407608039|28.687
1407608059|28.687
1407608079|28.625
1407608099|28.625
1407608120|28.625
1407608140|28.625
1407608160|28.625
1407608180|28.625
1407608200|28.625
1407608220|28.562
1407608240|28.562
1407608260|28.562
1407608280|28.562
1407608300|28.5
1407608320|28.5
1407608341|28.5
1407608361|28.5
1407608381|28.437
1407608401|28.437
1407608421|28.375
1407608442|28.375
1407608462|28.312
1407608482|28.25
1407608502|28.187
1407608522|28.125
1407608542|28.062
1407608562|28.0
1407608582|27.937
1407608602|27.937
1407608622|27.875
1407608642|27.875
1407608662|27.875
1407608683|27.875
1407608703|27.812
1407608723|27.812
1407608743|27.812
1407608763|27.812
1407608783|27.812
1407608803|27.812
1407608823|27.812
1407608843|27.875
1407608863|27.812
1407608883|27.812
1407608903|27.812
1407608924|27.812
1407608944|27.75
1407608964|27.75
1407608984|27.562
1407609005|27.562
1407609025|27.5
1407609045|27.5
1407609065|27.5
1407609085|27.5
1407609105|27.5
1407609125|27.5
1407609145|27.5
1407609165|27.5
1407609185|27.5
1407609205|27.5
1407609225|27.5
1407609246|27.5
1407609266|27.437
1407609286|27.437
1407609306|27.437
1407609326|27.437
1407609346|27.437
1407609366|27.437
1407609386|27.437
1407609406|27.375
1407609426|27.375
1407609446|27.375
1407609466|27.375
1407609487|27.312
1407609507|27.25
1407609527|27.25
1407609547|27.25
1407609567|27.25
1407609588|27.187
1407609608|27.187
1407609628|27.062
1407609648|27.0
1407609668|27.0
1407609688|27.0
1407609708|27.0
1407609728|26.937
1407609748|26.937
1407609768|26.875
1407609788|26.875
1407609809|26.875
1407609829|26.875
1407609849|26.937
1407609869|26.937
1407609889|26.937
1407609909|26.937
1407609929|26.937
1407609949|27.0
1407609969|27.0
1407609989|27.0
1407610009|27.0
1407610029|27.062
1407610050|27.062
1407610070|27.125
1407610090|27.125
1407610110|27.125
1407610130|27.125
1407610151|27.125
1407610171|27.125
1407610191|27.125
1407610211|27.125
1407610231|27.125
1407610251|27.125
1407610271|27.125
1407610291|27.125
1407610311|27.062
1407610331|27.062
1407610352|27.062
1407610372|27.062
1407610392|27.062
1407610412|27.062
1407610432|27.062
1407610452|27.062
1407610472|27.062
1407610492|27.0
1407610512|27.0
1407610532|27.0
1407610552|26.937
1407610572|27.0
1407610593|26.937
1407610613|26.937
1407610633|26.937
1407610653|26.875
1407610673|26.875
1407610693|26.875
1407610714|26.875
1407610734|26.875
1407610754|26.812
1407610774|26.812
1407610794|26.75
1407610814|26.75
1407610834|26.687
1407610854|26.687
1407610875|26.625
1407610895|26.562
1407610915|26.562
1407610935|26.562
1407610955|26.562
1407610975|26.5
1407610995|26.5
1407611015|26.437
1407611035|26.437
1407611055|26.437
1407611075|26.375
1407611095|26.312
1407611116|26.312
1407611136|26.25
1407611156|26.25
1407611176|26.25
1407611196|26.25
1407611216|26.187
1407611236|26.187
1407611256|26.187
1407611276|26.187
1407611297|26.125
1407611317|26.125
1407611337|26.062
1407611358|26.062
1407611378|26.062
1407611398|26.0
1407611418|26.0
1407611439|25.937
1407611459|26.0
1407611479|25.937
1407611499|25.875
1407611519|25.875
1407611539|25.875
1407611559|25.812
1407611579|25.812
1407611599|25.812
1407611619|25.75
1407611639|25.75
1407611659|25.75
1407611680|25.75
1407611700|25.687
1407611720|25.687
1407611740|25.625
1407611760|25.625
1407611780|25.625
1407611800|25.562
1407611820|25.562
1407611840|25.625
1407611860|25.562
1407611880|25.562
1407611900|25.562
1407611921|25.5
1407611941|25.5
1407611961|25.5
1407611981|25.5
1407612001|25.437
1407612022|25.5
1407612042|25.5
1407612062|25.437
1407612082|25.437
1407612102|25.437
1407612122|25.5
1407612142|25.437
1407612162|25.437
1407612182|25.437
1407612202|25.437
1407612222|25.437
1407612243|25.437
1407612263|25.375
1407612283|25.375
1407612303|25.375
1407612323|25.312
1407612343|25.375
1407612363|25.375
1407612383|25.375
1407612403|25.312
1407612423|25.312
1407612443|25.25
1407612463|25.187
1407612484|25.125
1407612504|25.062
1407612524|25.0
1407612544|24.937
1407612564|24.812
1407612584|24.625
1407612604|24.562
1407612625|24.437
1407612645|24.375
1407612665|24.25
1407612685|24.125
1407612705|24.062
1407612725|23.937
1407612745|23.812
1407612765|23.562
1407612785|23.312
1407612805|23.125
1407612826|23.0
1407612846|22.75
1407612866|22.625
1407612886|22.437
1407612906|22.312
1407612926|22.25
1407612946|22.187
1407612966|22.0
1407612986|21.937
1407613006|21.875
1407613026|21.75
1407613046|21.75
1407613067|21.625
1407613087|21.5
1407613107|21.437
1407613127|21.437
1407613147|21.375
1407613167|21.312
1407613187|21.25
1407613208|21.187
1407613228|21.125
1407613248|21.125
1407613268|21.125
1407613288|21.125
1407613308|21.125
1407613328|21.187
1407613348|21.187
1407613369|21.187
1407613389|21.187
1407613409|21.062
1407613429|21.062
1407613449|20.937
1407613469|20.812
1407613489|20.625
1407613509|20.5
1407613529|20.437
1407613549|20.375
1407613569|20.375
1407613589|20.312
1407613610|20.312
1407613630|20.375
1407613650|20.437
1407613670|20.562
1407613690|20.625
1407613710|20.687
1407613730|20.812
1407613750|20.937
1407613771|21.0
1407613791|21.062
1407613811|21.125
1407613831|21.25
1407613851|21.25
1407613871|21.312
1407613891|21.375
1407613911|21.437
1407613932|21.437
1407613952|21.5
1407613972|21.562
1407613992|21.625
1407614012|21.687
1407614032|21.75
1407614052|21.75
1407614072|21.875
1407614093|21.937
1407614113|22.0
1407614133|22.062
1407614153|22.187
1407614173|22.187
1407614193|22.25
1407614213|22.312
1407614233|22.25
1407614253|22.312
1407614273|22.375
1407614293|22.437
1407614313|22.5
1407614334|22.562
1407614354|22.562
1407614374|22.562
1407614394|22.562
1407614414|22.625
1407614435|22.687
1407614455|22.687
1407614475|22.75
1407614495|22.75
1407614515|22.75
1407614535|22.75
1407614555|22.75
1407614575|22.75
1407614595|22.687
1407614615|22.687
1407614636|22.625
1407614656|22.625
1407614676|22.625
1407614696|22.625
1407614716|22.625
1407614736|22.625
1407614756|22.625
1407614776|22.687
1407614796|22.687
1407614816|22.687
1407614836|22.687
1407614857|22.625
1407614877|22.625
1407614897|22.625
1407614917|22.625
1407614937|22.625
1407614957|22.625
1407614977|22.625
1407614997|22.687
1407615018|22.687
1407615038|22.687
1407615058|22.75
1407615078|22.75
1407615098|22.75
1407615118|22.75
1407615138|22.812
1407615159|22.75
1407615179|22.75
1407615199|22.687
1407615219|22.687
1407615239|22.687
1407615259|22.687
1407615279|22.625
1407615299|22.625
1407615319|22.562
1407615339|22.562
1407615359|22.5
1407615379|22.5
1407615400|22.5
1407615420|22.437
1407615440|22.437
1407615460|22.375
1407615480|22.312
1407615500|22.312
1407615520|22.312
1407615540|22.25
1407615560|22.25
1407615581|22.25
1407615601|22.187
1407615621|22.125
1407615641|22.125
1407615661|22.062
1407615681|22.062
1407615701|22.0
1407615722|22.0
1407615742|21.937
1407615762|21.875
1407615782|21.875
1407615802|21.812
1407615822|21.812
1407615842|21.75
1407615862|21.687
1407615882|21.687
1407615903|21.625
1407615923|21.625
1407615943|21.625
1407615963|21.562
1407615983|21.562
1407616003|21.5
1407616024|21.5
1407616044|21.5
1407616064|21.437
1407616084|21.437
1407616104|21.375
1407616124|21.375
1407616144|21.375
1407616164|21.375
1407616184|21.375
1407616204|21.375
1407616225|21.375
1407616245|21.375
1407616265|21.375
1407616285|21.375
1407616305|21.375
1407616325|21.375
1407616345|21.375
1407616365|21.375
1407616386|21.375
1407616406|21.375
1407616426|21.375
1407616447|21.312
1407616467|21.312
1407616487|21.25
1407616507|21.25
1407616527|21.25
1407616547|21.187
1407616567|21.187
1407616587|21.125
1407616607|21.125
1407616627|21.062
1407616647|21.062
1407616667|21.062
1407616688|21.062
1407616708|21.062
1407616728|21.062
1407616748|21.062
1407616768|21.062
1407616788|21.125
1407616808|21.125
1407616828|21.125
1407616848|21.062
1407616868|21.062
1407616889|21.062
1407616909|21.062
1407616929|21.062
1407616949|21.062
1407616969|21.062
1407616989|21.0
1407617009|21.0
1407617030|21.0
1407617050|21.062
1407617070|21.062
1407617090|21.062
1407617110|21.062
1407617130|21.0
1407617150|21.0
1407617170|21.0
1407617190|20.937
1407617210|20.937
1407617230|20.937
1407617251|20.937
1407617271|20.937
1407617291|20.937
1407617311|20.937
1407617331|20.937
1407617351|21.0
1407617371|20.937
1407617391|20.937
1407617411|20.937
1407617431|20.875
1407617451|20.875
1407617472|20.875
1407617492|20.875
1407617512|20.875
1407617532|20.875
1407617553|20.875
1407617573|20.875
1407617593|20.875
1407617613|20.875
1407617633|20.812
1407617653|20.812
1407617673|20.812
1407617693|20.75
1407617713|20.75
1407617733|20.75
1407617754|20.812
1407617774|20.812
1407617794|20.875
1407617814|20.875
1407617834|20.875
1407617854|20.875
1407617874|20.812
1407617894|20.875
1407617914|20.875
1407617934|20.75
1407617954|20.75
1407617975|20.687
1407617995|20.687
1407618015|20.687
1407618035|20.687
1407618055|20.625
1407618075|20.625
1407618095|20.562
1407618116|20.562
1407618136|20.5
1407618156|20.5
1407618176|20.5
1407618196|20.437
1407618216|20.437
1407618236|20.375
1407618256|20.375
1407618276|20.312
1407618296|20.312
1407618317|20.25
1407618337|20.25
1407618357|20.25
1407618377|20.25
1407618397|20.187
1407618417|20.125
1407618437|20.125
1407618457|20.062
1407618477|20.0
1407618497|20.0
1407618517|20.0
1407618537|20.0
1407618558|19.937
1407618578|19.937
1407618598|19.875
1407618618|19.875
1407618638|19.812
1407618658|19.875
1407618678|19.875
1407618699|19.75
1407618719|19.75
1407618739|19.687
1407618759|19.687
1407618779|19.687
1407618799|19.687
1407618819|19.687
1407618839|19.687
1407618859|19.687
1407618880|19.625
1407618900|19.625
1407618920|19.562
1407618940|19.562
1407618960|19.562
1407618980|19.562
1407619000|19.5
1407619020|19.5
1407619040|19.5
1407619060|19.437
1407619080|19.437
1407619100|19.375
1407619121|19.375
1407619141|19.375
1407619161|19.312
1407619181|19.312
1407619201|19.312
1407619221|19.312
1407619242|19.25
1407619262|19.25
1407619282|19.25
1407619302|19.25
1407619323|19.187
1407619343|19.187
1407619363|19.187
1407619383|19.25
1407619403|19.187
1407619423|19.187
1407619443|19.187
1407619463|19.187
1407619484|19.187
1407619504|19.125
1407619524|19.125
1407619544|19.125
1407619564|19.125
1407619584|19.062
1407619604|19.062
1407619624|19.062
1407619644|19.0
1407619664|19.0
1407619684|18.937
1407619704|18.937
1407619725|18.937
1407619745|18.875
1407619765|18.875
1407619785|18.875
1407619805|18.875
1407619825|18.875
1407619845|18.875
1407619865|18.937
1407619886|18.937
1407619906|18.937
1407619926|18.937
1407619946|19.0
1407619966|18.937
1407619987|18.937
1407620007|18.937
1407620027|18.937
1407620047|18.937
1407620067|18.875
1407620088|18.875
1407620108|18.875
1407620128|18.937
1407620148|18.937
1407620168|18.937
1407620188|18.937
1407620208|18.937
1407620229|18.937
1407620249|18.937
1407620269|18.875
1407620289|18.875
1407620309|18.812
1407620329|18.812
1407620349|18.75
1407620369|18.75
1407620389|18.75
1407620409|18.687
1407620429|18.687
1407620449|18.687
1407620470|18.625
1407620490|18.625
1407620510|18.562
1407620530|18.562
1407620550|18.562
1407620570|18.562
1407620590|18.562
1407620611|18.5
1407620631|18.562
1407620651|18.562
1407620671|18.562
1407620691|18.562
1407620711|18.5
1407620731|18.562
1407620752|18.5
1407620772|18.5
1407620792|18.5
1407620812|18.5
1407620832|18.5
1407620852|18.5
1407620872|18.5
1407620892|18.5
1407620912|18.5
1407620932|18.5
1407620952|18.5
1407620972|18.5
1407620993|18.5
1407621013|18.5
1407621033|18.5
1407621053|18.437
1407621073|18.437
1407621093|18.437
1407621113|18.437
1407621133|18.5
1407621153|18.437
1407621174|18.437
1407621194|18.437
1407621214|18.375
1407621234|18.375
1407621254|18.375
1407621274|18.375
1407621294|18.312
1407621315|18.312
1407621335|18.312
1407621355|18.312
1407621375|18.312
1407621395|18.25
1407621415|18.25
1407621435|18.25
1407621455|18.25
1407621475|18.25
1407621495|18.187
1407621515|18.187
1407621536|18.187
1407621556|18.187
1407621576|18.187
1407621596|18.125
1407621616|18.125
1407621636|18.125
1407621656|18.125
1407621676|18.125
1407621696|18.125
1407621716|18.125
1407621736|18.125
1407621757|18.125
1407621777|18.125
1407621797|18.125
1407621817|18.125
1407621838|18.062
1407621858|18.062
1407621878|18.062
1407621898|18.062
1407621918|18.062
1407621938|18.062
1407621958|18.062
1407621978|18.062
1407621998|18.062
1407622019|18.062
1407622039|18.062
1407622059|18.062
1407622079|18.0
1407622099|18.0
1407622119|18.0
1407622139|18.0
1407622159|18.0
1407622179|18.0
1407622199|17.937
1407622219|17.937
1407622239|17.937
1407622260|17.937
1407622280|17.937
1407622300|18.0
1407622320|18.0
1407622340|17.937
1407622360|17.937
1407622380|17.937
1407622401|17.875
1407622421|17.875
1407622443|17.937
1407622463|17.875
1407622483|17.875
1407622503|17.875
1407622523|17.875
1407622543|17.875
1407622564|17.875
1407622584|17.875
1407622604|17.875
1407622624|17.875
1407622644|17.875
1407622664|17.875
1407622684|17.875
1407622704|17.875
1407622724|17.875
1407622744|17.812
1407622764|17.812
1407622784|17.812
1407622805|17.812
1407622825|17.875
1407622845|17.812
1407622865|17.812
1407622885|17.812
1407622905|17.812
1407622925|17.812
1407622945|17.812
1407622965|17.812
1407622985|17.812
1407623006|17.812
1407623026|17.812
1407623046|17.812
1407623066|17.75
1407623087|17.812
1407623107|17.75
1407623127|17.75
1407623147|17.75
1407623167|17.75
1407623187|17.687
1407623207|17.687
1407623227|17.687
1407623247|17.687
1407623268|17.687
1407623288|17.687
1407623308|17.625
1407623328|17.625
1407623348|17.625
1407623368|17.625
1407623388|17.625
1407623408|17.562
1407623428|17.562
1407623448|17.562
1407623468|17.562
1407623488|17.562
1407623508|17.562
1407623529|17.562
1407623549|17.562
1407623569|17.625
1407623589|17.562
1407623609|17.625
1407623629|17.625
1407623649|17.625
1407623670|17.625
1407623690|17.625
1407623710|17.625
1407623730|17.625
1407623750|17.625
1407623770|17.625
1407623790|17.625
1407623810|17.562
1407623831|17.562
1407623851|17.562
1407623871|17.562
1407623891|17.562
1407623911|17.562
1407623931|17.562
1407623951|17.562
1407623971|17.562
1407623991|17.562
1407624011|17.625
1407624031|17.562
1407624051|17.562
1407624072|17.562
1407624092|17.562
1407624112|17.562
1407624132|17.5
1407624152|17.562
1407624172|17.5
1407624192|17.5
1407624212|17.437
1407624233|17.437
1407624253|17.437
1407624273|17.437
1407624293|17.437
1407624313|17.437
1407624333|17.375
1407624353|17.375
1407624373|17.375
1407624394|17.375
1407624414|17.312
1407624434|17.312
1407624454|17.312
1407624474|17.312
1407624494|17.312
1407624514|17.25
1407624534|17.25
1407624554|17.25
1407624574|17.25
1407624594|17.25
1407624614|17.25
1407624635|17.25
1407624655|17.187
1407624675|17.187
1407624695|17.187
1407624715|17.187
1407624735|17.187
1407624755|17.187
1407624775|17.25
1407624796|17.25
1407624816|17.25
1407624836|17.25
1407624856|17.25
1407624877|17.187
1407624897|17.187
1407624918|17.187
1407624938|17.187
1407624958|17.187
1407624978|17.187
1407624998|17.187
1407625018|17.187
1407625039|17.187
1407625059|17.187
1407625079|17.187
1407625099|17.187
1407625119|17.187
1407625139|17.187
1407625159|17.187
1407625179|17.187
1407625199|17.187
1407625219|17.187
1407625239|17.187
1407625259|17.125
1407625280|17.125
1407625300|17.125
1407625320|17.125
1407625340|17.125
1407625360|17.125
1407625380|17.125
1407625400|17.125
1407625420|17.125
1407625440|17.125
1407625461|17.125
1407625481|17.062
1407625501|17.125
1407625521|17.125
1407625541|17.062
1407625561|17.062
1407625582|17.125
1407625602|17.062
1407625622|17.062
1407625642|17.062
1407625662|17.0
1407625682|17.0
1407625702|17.0
1407625722|17.0
1407625742|17.0
1407625762|17.0
1407625782|17.0
1407625802|16.937
1407625823|16.937
1407625843|16.937
1407625863|16.937
1407625883|17.0
1407625903|17.0
1407625923|17.0
1407625943|17.0
1407625963|17.0
1407625983|17.0
1407626003|17.0
1407626023|17.0
1407626044|17.062
1407626064|17.062
1407626084|17.062
1407626104|17.062
1407626125|17.062
1407626145|17.062
1407626165|17.062
1407626185|17.062
1407626205|17.062
1407626225|17.062
1407626245|17.062
1407626265|17.062
1407626286|17.0
1407626306|17.0
1407626326|17.0
1407626346|17.0
1407626366|16.937
1407626386|17.0
1407626406|16.937
1407626426|16.937
1407626446|16.937
1407626466|16.937
1407626486|16.937
1407626507|16.937
1407626527|16.937
1407626547|16.937
1407626567|16.937
1407626587|16.937
1407626607|16.937
1407626627|16.937
1407626647|16.937
1407626668|16.937
1407626688|16.875
1407626708|16.875
1407626728|16.875
1407626748|16.875
1407626768|16.875
1407626789|16.875
1407626809|16.875
1407626829|16.812
1407626849|16.812
1407626869|16.812
1407626889|16.75
1407626909|16.75
1407626929|16.75
1407626949|16.75
1407626969|16.687
1407626989|16.687
1407627009|16.687
1407627030|16.687
1407627050|16.687
1407627070|16.687
1407627090|16.625
1407627110|16.625
1407627130|16.562
1407627150|16.562
1407627170|16.562
1407627190|16.562
1407627210|16.562
1407627230|16.5
1407627251|16.5
1407627271|16.5
1407627291|16.5
1407627311|16.5
1407627331|16.5
1407627352|16.562
1407627372|16.5
1407627392|16.5
1407627412|16.5
1407627432|16.5
1407627452|16.5
1407627472|16.5
1407627492|16.5
1407627512|16.5
1407627532|16.5
1407627553|16.437
1407627573|16.437
1407627593|16.437
1407627613|16.437
1407627633|16.437
1407627653|16.437
1407627673|16.437
1407627693|16.437
1407627713|16.437
1407627733|16.437
1407627753|16.437
1407627773|16.437
1407627794|16.437
1407627814|16.437
1407627834|16.437
1407627854|16.437
1407627874|16.437
1407627894|16.437
1407627915|16.437
1407627935|16.437
1407627955|16.437
1407627975|16.375
1407627995|16.375
1407628015|16.375
1407628035|16.375
1407628055|16.375
1407628075|16.312
1407628095|16.312
1407628116|16.312
1407628136|16.312
1407628156|16.312
1407628176|16.312
1407628196|16.25
1407628216|16.312
1407628236|16.25
1407628256|16.25
1407628277|16.25
1407628297|16.25
1407628317|16.25
1407628337|16.25
1407628357|16.187
1407628377|16.187
1407628397|16.187
1407628417|16.187
1407628437|16.187
1407628457|16.187
1407628478|16.187
1407628498|16.187
1407628518|16.187
1407628538|16.187
1407628559|16.187
1407628579|16.125
1407628599|16.187
1407628619|16.187
1407628639|16.125
1407628659|16.125
1407628679|16.125
1407628699|16.125
1407628719|16.125
1407628739|16.125
1407628760|16.125
1407628780|16.125
1407628800|16.125
1407628820|16.125
1407628840|16.125
1407628860|16.125
1407628880|16.125
1407628900|16.125
1407628920|16.062
1407628940|16.062
1407628960|16.062
1407628980|16.062
1407629001|16.0
1407629021|16.0
1407629041|16.0
1407629061|16.0
1407629081|16.0
1407629101|16.0
1407629122|16.0
1407629142|16.0
1407629162|16.0
1407629182|16.0
1407629202|16.0
1407629223|16.0
1407629243|16.0
1407629263|16.0
1407629283|16.0
1407629303|15.937
1407629323|15.937
1407629343|15.937
1407629364|15.937
1407629384|15.937
1407629404|15.937
1407629424|15.937
1407629444|15.937
1407629464|15.937
1407629484|15.937
1407629504|15.937
1407629524|15.937
1407629544|15.937
1407629564|15.875
1407629585|15.937
1407629605|15.875
1407629625|15.875
1407629645|15.875
1407629665|15.875
1407629685|15.875
1407629705|15.875
1407629725|15.812
1407629746|15.875
1407629766|15.812
1407629786|15.812
1407629806|15.812
1407629826|15.812
1407629846|15.812
1407629866|15.812
1407629887|15.812
1407629907|15.812
1407629927|15.812
1407629947|15.812
1407629967|15.812
1407629987|15.812
1407630007|15.812
1407630027|15.875
1407630047|15.812
1407630067|15.812
1407630087|15.875
1407630108|15.875
1407630128|15.875
1407630148|15.875
1407630168|15.875
1407630188|15.875
1407630208|15.875
1407630228|15.875
1407630249|15.875
1407630269|15.875
1407630289|15.875
1407630309|15.812
1407630329|15.875
1407630349|15.812
1407630369|15.812
1407630390|15.812
1407630410|15.812
1407630430|15.812
1407630450|15.812
1407630470|15.812
1407630490|15.812
1407630510|15.812
1407630530|15.812
1407630551|15.812
1407630571|15.812
1407630591|15.812
1407630611|15.812
1407630631|15.812
1407630651|15.812
1407630671|15.75
1407630691|15.75
1407630712|15.75
1407630732|15.75
1407630752|15.75
1407630772|15.75
1407630792|15.75
1407630812|15.75
1407630832|15.75
1407630852|15.75
1407630872|15.75
1407630892|15.687
1407630912|15.687
1407630932|15.687
1407630953|15.687
1407630973|15.687
1407630993|15.687
1407631014|15.687
1407631034|15.687
1407631054|15.687
1407631075|15.687
1407631095|15.625
1407631115|15.625
1407631135|15.625
1407631155|15.625
1407631175|15.625
1407631195|15.625
1407631216|15.625
1407631236|15.562
1407631256|15.562
1407631276|15.562
1407631296|15.562
1407631316|15.562
1407631336|15.562
1407631356|15.562
1407631376|15.562
1407631396|15.562
1407631416|15.562
1407631437|15.562
1407631457|15.562
1407631477|15.562
1407631497|15.5
1407631517|15.562
1407631537|15.562
1407631557|15.5
1407631577|15.5
1407631597|15.5
1407631618|15.5
1407631638|15.5
1407631658|15.5
1407631678|15.5
1407631698|15.5
1407631718|15.437
1407631739|15.437
1407631759|15.437
1407631780|15.437
1407631800|15.437
1407631820|15.437
1407631840|15.437
1407631860|15.437
1407631880|15.437
1407631900|15.437
1407631920|15.437
1407631940|15.437
1407631960|15.437
1407631980|15.437
1407632000|15.375
1407632021|15.375
1407632041|15.375
1407632061|15.375
1407632081|15.375
1407632101|15.375
1407632121|15.375
1407632141|15.375
1407632161|15.375
1407632181|15.312
1407632201|15.312
1407632221|15.312
1407632241|15.312
1407632262|15.312
1407632282|15.312
1407632302|15.312
1407632322|15.312
1407632343|15.312
1407632363|15.312
1407632383|15.312
1407632403|15.312
1407632423|15.25
1407632443|15.312
1407632463|15.312
1407632483|15.312
1407632503|15.25
1407632523|15.312
1407632543|15.25
1407632563|15.312
1407632583|15.25
1407632604|15.25
1407632624|15.25
1407632644|15.25
1407632664|15.25
1407632684|15.25
1407632704|15.25
1407632724|15.25
1407632744|15.25
1407632764|15.25
1407632784|15.25
1407632804|15.25
1407632824|15.25
1407632845|15.25
1407632865|15.25
1407632885|15.25
1407632905|15.25
1407632926|15.25
1407632946|15.25
1407632966|15.25
1407632986|15.25
1407633006|15.25
1407633026|15.25
1407633046|15.25
1407633066|15.25
1407633086|15.187
1407633107|15.187
1407633127|15.25
1407633147|15.187
1407633167|15.187
1407633187|15.187
1407633207|15.25
1407633227|15.187
1407633247|15.187
1407633267|15.187
1407633287|15.187
1407633307|15.187
1407633327|15.187
1407633348|15.187
1407633368|15.187
1407633388|15.187
1407633408|15.187
1407633428|15.187
1407633448|15.187
1407633468|15.187
1407633488|15.187
1407633509|15.187
1407633529|15.125
1407633549|15.125
1407633569|15.187
1407633589|15.125
1407633609|15.125
1407633629|15.125
1407633650|15.125
1407633670|15.125
1407633690|15.187
1407633710|15.125
1407633730|15.125
1407633750|15.125
1407633771|15.125
1407633791|15.125
1407633811|15.125
1407633831|15.125
1407633851|15.125
1407633871|15.125
1407633891|15.125
1407633911|15.125
1407633931|15.062
1407633951|15.062
1407633971|15.062
1407633992|15.062
1407634012|15.062
1407634032|15.125
1407634052|15.062
1407634072|15.062
1407634092|15.062
1407634112|15.062
1407634133|15.062
1407634153|15.0
1407634173|15.0
1407634193|15.062
1407634213|15.062
1407634233|15.062
1407634253|15.062
1407634273|15.0
1407634294|15.0
1407634314|15.0
1407634334|15.0
1407634354|15.0
1407634374|15.0
1407634394|15.0
1407634414|15.0
1407634434|15.0
1407634454|15.0
1407634474|15.0
1407634494|15.0
1407634514|15.0
1407634535|15.0
1407634555|15.0
1407634575|15.0
1407634595|15.0
1407634615|15.0
1407634635|15.0
1407634655|15.0
1407634675|15.0
1407634696|15.0
1407634716|14.937
1407634736|15.0
1407634756|14.937
1407634776|14.937
1407634797|14.937
1407634817|15.0
1407634837|14.937
1407634857|14.937
1407634877|14.937
1407634897|14.937
1407634917|14.937
1407634937|14.937
1407634957|14.937
1407634977|14.937
1407634997|14.937
1407635017|14.937
1407635038|14.937
1407635058|14.937
1407635078|14.937
1407635098|14.937
1407635118|14.875
1407635138|14.937
1407635158|14.937
1407635178|14.875
1407635198|14.937
1407635218|14.937
1407635238|14.937
1407635258|14.937
1407635279|14.937
1407635299|14.937
1407635319|14.937
1407635339|14.937
1407635360|14.937
1407635380|14.937
1407635400|14.937
1407635420|14.937
1407635440|14.937
1407635460|14.937
1407635480|15.0
1407635500|14.937
1407635520|14.937
1407635540|14.937
1407635561|15.0
1407635581|14.937
1407635601|14.937
1407635621|14.937
1407635641|14.937
1407635661|14.937
1407635681|14.937
1407635701|14.937
1407635721|14.937
1407635741|14.937
1407635761|14.937
1407635781|14.937
1407635802|14.937
1407635822|14.875
1407635842|14.875
1407635862|14.937
1407635882|14.875
1407635903|14.937
1407635923|14.875
1407635944|14.937
1407635964|14.875
1407635984|14.875
1407636004|14.875
1407636024|14.875
1407636044|14.875
1407636064|14.875
1407636084|14.875
1407636104|14.875
1407636124|14.812
1407636144|14.875
1407636165|14.875
1407636185|14.875
1407636205|14.875
1407636225|14.875
1407636245|14.875
1407636265|14.812
1407636285|14.812
1407636305|14.875
1407636325|14.812
1407636345|14.875
1407636365|14.875
1407636385|14.875
1407636406|14.875
1407636426|14.875
1407636446|14.875
1407636467|14.875
1407636488|14.812
1407636508|14.812
1407636528|14.812
1407636548|14.812
1407636568|14.812
1407636588|14.812
1407636608|14.812
1407636629|14.812
1407636649|14.812
1407636669|14.812
1407636689|14.812
1407636709|14.812
1407636729|14.812
1407636750|14.812
1407636770|14.812
1407636790|14.812
1407636810|14.75
1407636830|14.75
1407636850|14.75
1407636870|14.75
1407636890|14.75
1407636910|14.75
1407636931|14.687
1407636951|14.75
1407636971|14.75
1407636991|14.75
1407637011|14.75
1407637031|14.75
1407637052|14.75
1407637072|14.75
1407637092|14.75
1407637112|14.75
1407637132|14.75
1407637152|14.75
1407637172|14.75
1407637192|14.75
1407637212|14.812
1407637232|14.75
1407637252|14.75
1407637273|14.75
1407637293|14.75
1407637313|14.812
1407637333|14.812
1407637353|14.75
1407637374|14.75
1407637394|14.75
1407637414|14.812
1407637434|14.75
1407637454|14.75
1407637474|14.75
1407637494|14.75
1407637514|14.75
1407637534|14.687
1407637554|14.687
1407637574|14.687
1407637595|14.687
1407637615|14.75
1407637635|14.75
1407637655|14.75
1407637675|14.75
1407637695|14.75
1407637715|14.812
1407637735|14.812
1407637755|14.812
1407637775|14.812
1407637795|14.812
1407637815|14.812
1407637836|14.875
1407637856|14.875
1407637876|14.875
1407637896|14.875
1407637916|14.875
1407637936|14.937
1407637957|14.875
1407637977|14.875
1407637997|14.875
1407638017|14.937
1407638037|14.937
1407638057|14.937
1407638077|14.937
1407638097|14.937
1407638117|14.937
1407638137|14.875
1407638158|14.875
1407638178|14.937
1407638198|14.875
1407638218|14.875
1407638238|14.875
1407638258|14.937
1407638278|14.875
1407638298|14.937
1407638318|14.875
1407638338|14.937
1407638358|14.875
1407638378|14.937
1407638399|14.937
1407638419|14.875
1407638439|14.875
1407638459|14.937
1407638479|14.937
1407638499|14.875
1407638520|14.937
1407638540|14.937
1407638560|14.937
1407638580|14.937
1407638600|14.937
1407638620|14.937
1407638640|14.937
1407638660|14.937
1407638680|14.937
1407638700|14.937
1407638721|14.937
1407638741|14.937
1407638761|14.937
1407638782|14.937
1407638802|14.937
1407638822|14.875
1407638842|14.875
1407638862|14.875
1407638882|14.875
1407638902|14.875
1407638922|14.875
1407638942|14.875
1407638962|14.875
1407638982|14.875
1407639002|14.875
1407639023|14.875
1407639043|14.875
1407639063|14.875
1407639083|14.812
1407639103|14.875
1407639123|14.812
1407639144|14.812
1407639164|14.812
1407639184|14.812
1407639204|14.812
1407639224|14.75
1407639245|14.75
1407639265|14.75
1407639285|14.75
1407639305|14.75
1407639325|14.75
1407639345|14.75
1407639365|14.75
1407639385|14.75
1407639405|14.687
1407639425|14.75
1407639445|14.75
1407639466|14.75
1407639486|14.75
1407639506|14.687
1407639526|14.687
1407639546|14.687
1407639566|14.687
1407639586|14.687
1407639606|14.687
1407639626|14.687
1407639646|14.687
1407639666|14.687
1407639686|14.625
1407639707|14.625
1407639727|14.625
1407639747|14.625
1407639767|14.625
1407639787|14.625
1407639807|14.625
1407639828|14.625
1407639848|14.625
1407639868|14.625
1407639888|14.625
1407639908|14.625
1407639928|14.625
1407639948|14.625
1407639969|14.625
1407639989|14.625
1407640009|14.625
1407640029|14.625
1407640049|14.625
1407640069|14.625
1407640089|14.625
1407640109|14.625
1407640129|14.625
1407640149|14.625
1407640169|14.625
1407640189|14.562
1407640210|14.562
1407640230|14.562
1407640250|14.562
1407640270|14.562
1407640290|14.562
1407640310|14.562
1407640330|14.562
1407640350|14.562
1407640370|14.5
1407640391|14.5
1407640411|14.5
1407640431|14.5
1407640451|14.5
1407640471|14.5
1407640491|14.5
1407640511|14.5
1407640532|14.5
1407640552|14.5
1407640572|14.5
1407640592|14.5
1407640612|14.5
1407640632|14.5
1407640653|14.5
1407640674|14.437
1407640694|14.5
1407640714|14.437
1407640734|14.437
1407640754|14.437
1407640774|14.437
1407640794|14.437
1407640814|14.437
1407640834|14.437
1407640854|14.375
1407640874|14.437
1407640894|14.375
1407640915|14.375
1407640935|14.375
1407640955|14.375
1407640975|14.375
1407640995|14.375
1407641015|14.375
1407641035|14.375
1407641055|14.375
1407641075|14.375
1407641095|14.312
1407641116|14.312
1407641136|14.312
1407641156|14.312
1407641177|14.312
1407641197|14.312
1407641217|14.312
1407641237|14.312
1407641257|14.312
1407641277|14.312
1407641297|14.312
1407641317|14.312
1407641337|14.312
1407641358|14.312
1407641378|14.312
1407641398|14.312
1407641418|14.25
1407641438|14.312
1407641458|14.25
1407641478|14.25
1407641498|14.25
1407641518|14.25
1407641538|14.25
1407641558|14.25
1407641579|14.25
1407641599|14.25
1407641619|14.187
1407641639|14.187
1407641659|14.187
1407641679|14.125
1407641699|14.187
1407641719|14.187
1407641739|14.187
1407641760|14.187
1407641780|14.187
1407641800|14.187
1407641820|14.187
1407641840|14.187
1407641860|14.187
1407641880|14.187
1407641900|14.25
1407641921|14.25
1407641941|14.25
1407641961|14.25
1407641981|14.312
1407642001|14.312
1407642021|14.312
1407642041|14.312
1407642061|14.312
1407642081|14.375
1407642101|14.312
1407642121|14.312
1407642141|14.312
1407642162|14.312
1407642182|14.312
1407642202|14.375
1407642223|14.375
1407642243|14.312
1407642263|14.375
1407642283|14.312
1407642303|14.312
1407642323|14.375
1407642344|14.375
1407642364|14.312
1407642384|14.375
1407642404|14.375
1407642424|14.312
1407642444|14.312
1407642464|14.312
1407642485|14.312
1407642505|14.312
1407642525|14.312
1407642545|14.312
1407642565|14.312
1407642585|14.312
1407642605|14.312
1407642625|14.312
1407642645|14.312
1407642666|14.312
1407642686|14.312
1407642706|14.312
1407642726|14.25
1407642746|14.312
1407642766|14.312
1407642786|14.25
1407642806|14.312
1407642826|14.25
1407642846|14.312
1407642866|14.25
1407642886|14.25
1407642907|14.312
1407642927|14.312
1407642947|14.25
1407642967|14.25
1407642987|14.25
1407643007|14.25
1407643027|14.25
1407643048|14.25
1407643068|14.25
1407643088|14.25
1407643108|14.25
1407643128|14.25
1407643148|14.25
1407643168|14.25
1407643188|14.25
1407643209|14.187
1407643229|14.187
1407643249|14.187
1407643269|14.187
1407643289|14.187
1407643309|14.187
1407643329|14.187
1407643349|14.187
1407643369|14.187
1407643389|14.187
1407643409|14.187
1407643430|14.187
1407643450|14.187
1407643470|14.187
1407643490|14.187
1407643510|14.187
1407643530|14.187
1407643550|14.187
1407643570|14.187
1407643590|14.187
1407643610|14.187
1407643631|14.187
1407643651|14.187
1407643671|14.187
1407643691|14.187
1407643712|14.25
1407643732|14.25
1407643752|14.25
1407643772|14.25
1407643792|14.25
1407643812|14.25
1407643832|14.25
1407643853|14.312
1407643873|14.312
1407643893|14.312
1407643913|14.312
1407643933|14.312
1407643953|14.312
1407643973|14.312
1407643993|14.312
1407644013|14.375
1407644033|14.312
1407644053|14.312
1407644074|14.312
1407644094|14.312
1407644114|14.312
1407644134|14.312
1407644154|14.375
1407644174|14.312
1407644194|14.312
1407644214|14.312
1407644234|14.312
1407644254|14.312
1407644275|14.312
1407644295|14.312
1407644315|14.312
1407644335|14.312
1407644355|14.312
1407644375|14.312
1407644395|14.375
1407644416|14.375
1407644436|14.312
1407644456|14.312
1407644476|14.375
1407644496|14.312
1407644516|14.375
1407644536|14.375
1407644557|14.312
1407644577|14.375
1407644597|14.375
1407644617|14.375
1407644637|14.375
1407644657|14.375
1407644677|14.375
1407644697|14.375
1407644717|14.375
1407644737|14.375
1407644757|14.375
1407644777|14.375
1407644798|14.375
1407644818|14.375
1407644838|14.375
1407644858|14.375
1407644878|14.375
1407644898|14.375
1407644919|14.375
1407644939|14.437
1407644959|14.375
1407644979|14.437
1407644999|14.437
1407645019|14.437
1407645040|14.437
1407645060|14.437
1407645080|14.437
1407645100|14.437
1407645120|14.437
1407645140|14.437
1407645160|14.437
1407645180|14.437
1407645200|14.437
1407645220|14.437
1407645240|14.437
1407645260|14.437
1407645281|14.437
1407645301|14.437
1407645321|14.5
1407645341|14.437
1407645361|14.5
1407645381|14.5
1407645401|14.5
1407645421|14.5
1407645441|14.5
1407645461|14.5
1407645482|14.5
1407645502|14.5
1407645522|14.5
1407645542|14.562
1407645562|14.562
1407645583|14.562
1407645603|14.562
1407645623|14.562
1407645643|14.562
1407645663|14.562
1407645683|14.562
1407645703|14.562
1407645723|14.562
1407645743|14.562
1407645763|14.562
1407645784|14.625
1407645804|14.625
1407645824|14.562
1407645844|14.625
1407645864|14.625
1407645884|14.625
1407645904|14.625
1407645924|14.625
1407645944|14.625
1407645964|14.625
1407645984|14.687
1407646004|14.687
1407646025|14.687
1407646045|14.687
1407646065|14.687
1407646085|14.687
1407646105|14.687
1407646125|14.75
1407646145|14.75
1407646165|14.75
1407646186|14.75
1407646206|14.812
1407646226|14.812
1407646246|14.812
1407646266|14.812
1407646286|14.812
1407646306|14.812
1407646326|14.812
1407646346|14.812
1407646367|14.812
1407646387|14.875
1407646407|14.875
1407646427|14.875
1407646447|14.875
1407646467|14.875
1407646487|14.875
1407646507|14.875
1407646528|14.937
1407646548|14.937
1407646568|14.937
1407646588|14.937
1407646608|14.937
1407646628|14.937
1407646648|14.937
1407646669|14.937
1407646689|15.0
1407646709|15.0
1407646729|15.0
1407646749|15.0
1407646769|15.0
1407646789|15.0
1407646809|15.062
1407646830|15.062
1407646850|15.062
1407646870|15.062
1407646890|15.062
1407646910|15.062
1407646930|15.125
1407646950|15.125
1407646971|15.125
1407646991|15.125
1407647011|15.125
1407647031|15.125
1407647051|15.187
1407647071|15.187
1407647091|15.25
1407647111|15.187
1407647131|15.187
1407647151|15.25
1407647171|15.25
1407647191|15.25
1407647212|15.312
1407647232|15.312
1407647252|15.312
1407647272|15.312
1407647292|15.375
1407647312|15.375
1407647332|15.375
1407647352|15.375
1407647373|15.437
1407647393|15.437
1407647413|15.437
1407647433|15.5
1407647453|15.5
1407647473|15.5
1407647493|15.5
1407647513|15.562
1407647534|15.562
1407647554|15.562
1407647574|15.562
1407647594|15.562
1407647614|15.562
1407647634|15.562
1407647654|15.562
1407647674|15.625
1407647694|15.625
1407647714|15.625
1407647734|15.625
1407647754|15.625
1407647775|15.687
1407647795|15.687
1407647815|15.687
1407647835|15.687
1407647855|15.75
1407647875|15.75
1407647895|15.75
1407647915|15.75
1407647935|15.75
1407647955|15.812
1407647976|15.812
