1408347755|20.812
1408347778|20.812
1408347798|20.875
1408347819|20.812
1408347840|20.75
1408347860|20.687
1408347880|20.687
1408347900|20.687
1408347920|20.625
1408347940|20.625
1408347960|20.625
1408347981|20.625
1408348001|20.687
1408348021|20.625
1408348041|20.5
1408348061|20.437
1408348081|20.375
1408348101|20.375
1408348121|20.312
1408348141|20.375
1408348161|20.375
1408348182|20.437
1408348202|20.5
1408348222|20.562
1408348242|20.562
1408348262|20.625
1408348282|20.687
1408348303|20.75
1408348323|20.812
1408348343|20.812
1408348363|20.875
1408348383|20.875
1408348403|20.937
1408348423|21.0
1408348443|21.0
1408348464|21.0
1408348484|21.0
1408348504|21.0
1408348524|21.0
1408348544|20.875
1408348564|20.875
1408348584|20.875
1408348604|20.875
1408348624|20.75
1408348644|20.75
1408348665|20.812
1408348685|20.812
1408348705|20.812
1408348725|20.812
1408348745|20.875
1408348765|20.875
1408348785|20.937
1408348806|20.937
1408348826|20.937
1408348846|20.875
1408348866|20.875
1408348886|20.875
1408348906|20.875
1408348926|20.875
1408348947|20.875
1408348967|20.625
1408348987|20.562
1408349007|20.5
1408349027|20.5
1408349047|20.437
1408349067|20.375
1408349088|20.375
1408349108|20.312
1408349128|20.312
1408349148|20.375
1408349168|20.375
1408349188|20.375
1408349208|20.375
1408349228|20.312
1408349248|20.25
1408349268|20.25
1408349288|20.187
1408349309|20.187
1408349329|20.187
1408349349|20.125
1408349369|20.125
1408349389|20.187
1408349409|20.125
1408349429|20.0
1408349449|20.0
1408349469|20.0
1408349489|20.0
1408349509|19.937
1408349530|19.812
1408349550|19.75
1408349570|19.687
1408349590|19.687
1408349611|19.687
1408349631|19.687
1408349651|19.625
1408349671|19.562
1408349691|19.562
1408349711|19.562
1408349731|19.5
1408349751|19.5
1408349771|19.5
1408349792|19.5
1408349812|19.437
1408349832|19.437
1408349852|19.437
1408349874|19.437
1408349894|19.437
1408349914|19.437
1408349934|19.437
1408349954|19.437
1408349974|19.312
1408349994|19.187
1408350014|19.125
1408350034|19.062
1408350054|18.937
1408350075|18.875
1408350095|18.812
1408350115|18.812
1408350135|18.75
1408350155|18.625
1408350175|18.625
1408350195|18.5
1408350215|18.437
1408350236|18.437
1408350256|18.5
1408350276|18.562
1408350297|18.625
1408350317|18.562
1408350337|18.5
1408350357|18.312
1408350377|18.312
1408350397|18.375
1408350417|18.437
1408350437|18.5
1408350458|18.562
1408350478|18.5
1408350498|18.437
1408350518|18.375
1408350538|18.375
1408350558|18.312
1408350578|18.312
1408350599|18.375
1408350619|18.375
1408350639|18.437
1408350659|18.5
1408350679|18.562
1408350699|18.5
1408350719|18.375
1408350739|18.375
1408350759|18.437
1408350779|18.375
1408350799|18.437
1408350820|18.5
1408350840|18.437
1408350860|18.312
1408350880|18.312
1408350900|18.375
1408350920|18.437
1408350940|18.375
1408350960|18.25
1408350980|18.25
1408351000|18.25
1408351020|18.312
1408351041|18.375
1408351061|18.375
1408351081|18.562
1408351101|18.625
1408351121|18.687
1408351142|18.687
1408351162|18.625
1408351182|18.625
1408351202|18.687
1408351222|18.75
1408351242|18.812
1408351262|18.875
1408351283|18.875
1408351303|18.875
1408351323|19.062
1408351343|18.937
1408351363|18.937
1408351383|18.937
1408351403|19.0
1408351423|19.062
1408351443|19.125
1408351463|19.125
1408351483|19.187
1408351504|19.25
1408351524|19.312
1408351544|19.437
1408351564|19.437
1408351584|19.5
1408351604|19.562
1408351624|19.625
1408351644|19.75
1408351664|19.875
1408351685|19.937
1408351705|20.062
1408351725|20.125
1408351745|20.187
1408351765|20.187
1408351786|20.25
1408351806|20.125
1408351826|20.062
1408351846|20.062
1408351866|20.062
1408351886|20.125
1408351906|20.062
1408351926|20.062
1408351946|20.062
1408351966|20.062
1408351987|20.0
1408352007|19.937
1408352027|19.937
1408352047|19.812
1408352067|19.75
1408352087|19.75
1408352107|19.75
1408352127|19.687
1408352147|19.687
1408352167|19.687
1408352187|19.75
1408352208|19.812
1408352228|19.812
1408352248|19.875
1408352268|19.875
1408352288|19.812
1408352308|19.625
1408352328|19.562
1408352349|19.625
1408352369|19.625
1408352389|19.687
1408352409|19.687
1408352429|19.625
1408352449|19.625
1408352470|19.687
1408352490|19.5
1408352510|19.437
1408352530|19.375
1408352550|19.437
1408352570|19.5
1408352590|19.625
1408352610|19.687
1408352630|19.687
1408352651|19.812
1408352671|19.875
1408352691|19.937
1408352711|19.937
1408352731|19.937
1408352751|20.0
1408352771|20.062
1408352791|20.187
1408352811|20.187
1408352831|20.25
1408352851|20.312
1408352872|20.375
1408352892|20.375
1408352912|20.312
1408352932|20.375
1408352952|20.437
1408352972|20.5
1408352993|20.562
1408353013|20.687
1408353033|20.75
1408353053|20.812
1408353073|20.75
1408353093|20.75
1408353113|20.812
1408353135|20.875
1408353155|20.875
1408353175|20.875
1408353195|20.937
1408353215|20.937
1408353235|21.0
1408353255|21.0
1408353275|21.0
1408353295|21.0
1408353316|21.0
1408353336|21.062
1408353356|21.062
1408353376|21.062
1408353396|21.125
1408353416|21.125
1408353436|21.187
1408353456|21.25
1408353476|21.312
1408353496|21.312
1408353516|21.375
1408353537|21.312
1408353557|21.375
1408353577|21.312
1408353597|21.312
1408353617|21.375
1408353637|21.312
1408353657|21.375
1408353678|21.375
1408353698|21.375
1408353718|21.375
1408353738|21.25
1408353758|21.187
1408353778|21.187
1408353799|21.125
1408353819|21.125
1408353839|21.062
1408353859|21.0
1408353879|21.062
1408353899|21.062
1408353919|21.062
1408353939|21.062
1408353960|21.125
1408353981|21.125
1408354001|21.125
1408354021|21.062
1408354041|21.062
1408354061|21.0
1408354081|20.937
1408354101|20.937
1408354121|21.0
1408354141|21.062
1408354161|21.125
1408354181|21.187
1408354202|21.062
1408354222|20.875
1408354242|20.812
1408354262|20.75
1408354282|20.812
1408354302|20.812
1408354322|20.812
1408354342|20.812
1408354362|20.875
1408354383|20.937
1408354403|21.0
1408354423|21.0
1408354443|20.937
1408354464|20.937
1408354484|20.875
1408354504|20.875
1408354524|20.812
1408354544|20.812
1408354564|20.687
1408354584|20.5
1408354604|20.375
1408354625|20.25
1408354646|20.25
1408354666|20.187
1408354686|20.187
1408354706|20.187
1408354727|20.187
1408354747|20.187
1408354767|20.125
1408354787|20.125
1408354807|19.937
1408354827|19.812
1408354847|19.625
1408354867|19.625
1408354887|19.625
1408354907|19.5
1408354927|19.375
1408354948|19.375
1408354968|19.312
1408354988|19.312
1408355008|19.312
1408355028|19.375
1408355048|19.375
1408355068|19.312
1408355088|19.312
1408355108|19.187
1408355128|19.187
1408355148|19.25
1408355169|19.312
1408355189|19.375
1408355209|19.437
1408355229|19.312
1408355250|19.312
1408355270|19.375
1408355290|19.5
1408355310|19.5
1408355330|19.562
1408355350|19.625
1408355370|19.625
1408355391|19.5
1408355411|19.5
1408355431|19.625
1408355451|19.75
1408355471|19.75
1408355491|19.812
1408355511|19.875
1408355531|19.687
1408355551|19.625
1408355571|19.562
1408355591|19.687
1408355612|19.75
1408355632|19.812
1408355652|19.937
1408355672|20.0
1408355692|20.125
1408355712|20.187
1408355732|20.25
1408355752|20.25
1408355772|20.312
1408355792|20.375
1408355813|20.375
1408355833|20.25
1408355853|20.187
1408355873|20.187
1408355893|20.125
1408355914|20.062
1408355934|20.0
1408355954|20.0
1408355974|20.0
1408355994|20.0
1408356014|19.937
1408356034|20.0
1408356054|20.062
1408356074|20.125
1408356096|20.187
1408356116|20.187
1408356136|20.187
1408356156|20.25
1408356176|20.187
1408356196|20.25
1408356216|20.187
1408356236|20.25
1408356256|20.25
1408356277|20.312
1408356297|20.375
1408356317|20.375
1408356337|20.375
1408356357|20.25
1408356377|20.187
1408356397|20.125
1408356417|20.187
1408356437|20.25
1408356457|20.312
1408356477|20.375
1408356498|20.375
1408356518|20.187
1408356538|20.187
1408356558|20.187
1408356578|20.187
1408356598|20.125
1408356619|20.062
1408356639|20.062
1408356659|20.125
1408356679|20.0
1408356699|19.875
1408356719|19.75
1408356740|19.687
1408356760|19.75
1408356780|19.75
1408356801|19.75
1408356821|19.812
1408356841|19.812
1408356861|19.812
1408356881|19.812
1408356901|19.812
1408356921|19.812
1408356941|19.812
1408356961|19.875
1408356981|19.875
1408357002|19.937
1408357022|19.937
1408357042|19.937
1408357062|19.812
1408357082|19.75
1408357102|19.75
1408357122|19.75
1408357142|19.687
1408357162|19.687
1408357182|19.75
1408357202|19.75
1408357223|19.687
1408357243|19.75
1408357263|19.75
1408357283|19.75
1408357303|19.812
1408357323|19.812
1408357344|19.875
1408357364|19.875
1408357384|19.875
1408357404|19.875
1408357424|20.0
1408357445|20.0
1408357466|20.062
1408357486|20.062
1408357506|20.187
1408357526|20.25
1408357546|20.25
1408357566|20.312
1408357587|20.312
1408357607|20.25
1408357627|20.312
1408357647|20.375
1408357667|20.375
1408357687|20.437
1408357707|20.437
1408357727|20.5
1408357747|20.5
1408357767|20.562
1408357788|20.562
1408357808|20.625
1408357828|20.687
1408357848|20.75
1408357868|20.812
1408357888|20.875
1408357908|20.937
1408357928|20.875
1408357948|20.812
1408357968|20.812
1408357989|20.875
1408358009|20.875
1408358029|20.75
1408358049|20.75
1408358069|20.75
1408358090|20.75
1408358110|20.75
1408358130|20.75
1408358150|20.75
1408358170|20.812
1408358190|20.812
1408358210|20.812
1408358230|20.812
1408358250|20.875
1408358270|20.875
1408358290|20.875
1408358311|20.937
1408358331|21.0
1408358351|21.062
1408358371|21.125
1408358391|21.187
1408358411|21.25
1408358431|21.312
1408358451|21.437
1408358471|21.5
1408358491|21.562
1408358511|21.5
1408358532|21.5
1408358552|21.562
1408358572|21.562
1408358592|21.625
1408358612|21.625
1408358632|21.562
1408358653|21.562
1408358673|21.562
1408358693|21.562
1408358713|21.562
1408358733|21.625
1408358753|21.562
1408358773|21.562
1408358793|21.625
1408358814|21.625
1408358834|21.687
1408358854|21.687
1408358874|21.687
1408358894|21.625
1408358914|21.625
1408358934|21.687
1408358954|21.687
1408358974|21.75
1408358994|21.75
1408359014|21.75
1408359035|21.75
1408359055|21.812
1408359075|21.875
1408359095|21.875
1408359115|22.0
1408359135|22.062
1408359155|22.187
1408359175|22.25
1408359195|22.25
1408359216|22.25
1408359236|22.312
1408359256|22.437
1408359276|22.5
1408359296|22.562
1408359316|22.562
1408359337|22.562
1408359357|22.562
1408359377|22.5
1408359397|22.5
1408359417|22.562
1408359437|22.562
1408359457|22.625
1408359477|22.625
1408359497|22.625
1408359517|22.687
1408359537|22.75
1408359558|22.75
1408359578|22.812
1408359598|22.812
1408359618|22.812
1408359638|22.812
1408359658|22.75
1408359678|22.75
1408359698|22.687
1408359718|22.687
1408359738|22.625
1408359759|22.625
1408359779|22.562
1408359799|22.562
1408359819|22.562
1408359839|22.562
1408359860|22.562
1408359881|22.562
1408359901|22.625
1408359921|22.625
1408359941|22.562
1408359961|22.437
1408359981|22.25
1408360001|22.25
1408360021|22.062
1408360041|21.937
1408360062|21.812
1408360082|21.75
1408360102|21.75
1408360122|21.812
1408360142|21.75
1408360162|21.812
1408360182|21.75
1408360202|21.687
1408360222|21.625
1408360242|21.437
1408360262|21.312
1408360283|21.312
1408360303|21.312
1408360323|21.437
1408360343|21.437
1408360363|21.5
1408360383|21.625
1408360403|21.687
1408360423|21.75
1408360443|21.75
1408360464|21.875
1408360484|21.937
1408360504|22.0
1408360524|22.062
1408360544|22.062
1408360564|21.937
1408360585|21.937
1408360605|21.937
1408360625|21.937
1408360646|21.937
1408360666|22.0
1408360686|22.062
1408360706|22.062
1408360726|22.125
1408360746|22.187
1408360767|22.187
1408360787|22.187
1408360807|22.187
1408360827|22.187
1408360847|22.062
1408360867|22.062
1408360887|22.062
1408360907|22.0
1408360927|22.0
1408360947|22.0
1408360967|22.0
1408360988|21.937
1408361008|21.875
1408361028|21.875
1408361048|21.875
1408361068|21.937
1408361088|21.937
1408361108|21.937
1408361128|22.0
1408361148|22.0
1408361168|22.062
1408361189|22.062
1408361209|22.062
1408361229|21.875
1408361249|21.812
1408361270|21.812
1408361290|21.562
1408361310|21.562
1408361330|21.5
1408361350|21.5
1408361370|21.5
1408361390|21.562
1408361410|21.562
1408361430|21.562
1408361451|21.625
1408361471|21.687
1408361491|21.625
1408361511|21.625
1408361531|21.687
1408361551|21.687
1408361571|21.75
1408361591|21.812
1408361611|21.875
1408361631|21.937
1408361652|22.062
1408361672|22.125
1408361692|22.187
1408361712|22.25
1408361732|22.312
1408361752|22.375
1408361772|22.375
1408361792|22.5
1408361812|22.562
1408361832|22.625
1408361853|22.625
1408361873|22.687
1408361893|22.812
1408361913|22.875
1408361934|23.0
1408361954|23.0
1408361974|23.062
1408361994|23.062
1408362014|23.125
1408362034|23.125
1408362054|23.25
1408362074|23.312
1408362094|23.312
1408362114|23.312
1408362135|23.312
1408362156|23.312
1408362176|23.312
1408362196|23.375
1408362216|23.437
1408362236|23.437
1408362256|23.5
1408362277|23.562
1408362297|23.625
1408362317|23.687
1408362337|23.75
1408362357|23.687
1408362377|23.75
1408362397|23.75
1408362417|23.75
1408362437|23.687
1408362457|23.562
1408362478|23.437
1408362498|23.312
1408362518|23.312
1408362538|23.25
1408362558|23.187
1408362578|23.25
1408362598|23.312
1408362619|23.375
1408362639|23.375
1408362659|23.5
1408362679|23.375
1408362699|23.187
1408362719|23.187
1408362739|23.187
1408362759|23.25
1408362780|23.312
1408362800|23.25
1408362820|23.125
1408362840|23.062
1408362860|23.0
1408362880|22.937
1408362900|22.687
1408362920|22.687
1408362940|22.312
1408362960|22.25
1408362980|22.312
1408363001|22.312
1408363021|22.187
1408363041|22.25
1408363061|22.312
1408363081|22.437
1408363101|22.375
1408363121|22.25
1408363141|22.187
1408363161|22.25
1408363181|22.312
1408363202|22.375
1408363222|22.5
1408363242|22.562
1408363262|22.687
1408363282|22.812
1408363303|22.687
1408363323|22.75
1408363343|22.75
1408363363|22.812
1408363383|22.75
1408363403|22.75
1408363423|22.875
1408363443|22.875
1408363463|22.812
1408363484|22.875
1408363504|22.937
1408363524|23.0
1408363544|23.062
1408363564|23.062
1408363584|23.0
1408363605|23.062
1408363625|22.875
1408363645|22.75
1408363665|22.687
1408363685|22.687
1408363705|22.687
1408363725|22.562
1408363745|22.5
1408363765|22.562
1408363785|22.562
1408363806|22.625
1408363826|22.75
1408363846|22.75
1408363866|22.687
1408363886|22.562
1408363906|22.437
1408363926|22.437
1408363947|22.437
1408363967|22.5
1408363987|22.562
1408364007|22.562
1408364027|22.625
1408364047|22.75
1408364067|22.687
1408364088|22.625
1408364108|22.5
1408364128|22.437
1408364148|22.437
1408364168|22.625
1408364188|22.75
1408364208|22.812
1408364228|22.75
1408364248|22.812
1408364268|22.687
1408364288|22.687
1408364309|22.687
1408364329|22.812
1408364349|22.937
1408364369|22.875
1408364389|22.937
1408364409|23.062
1408364429|23.187
1408364449|23.125
1408364470|23.062
1408364490|23.125
1408364510|23.125
1408364530|23.125
1408364550|23.0
1408364571|22.937
1408364591|23.0
1408364611|22.937
1408364631|22.937
1408364651|22.937
1408364671|23.0
1408364692|23.0
1408364712|22.875
1408364732|22.937
1408364752|23.0
1408364772|23.0
1408364793|23.062
1408364813|23.062
1408364833|23.125
1408364853|23.125
1408364873|23.125
1408364893|23.125
1408364913|23.062
1408364933|23.0
1408364953|22.937
1408364974|22.937
1408364994|22.875
1408365014|22.875
1408365034|22.937
1408365054|22.875
1408365074|22.75
1408365094|22.75
1408365114|22.687
1408365134|22.625
1408365154|22.687
1408365175|22.75
1408365195|22.75
1408365215|22.75
1408365235|22.687
1408365255|22.437
1408365275|22.187
1408365295|21.75
1408365315|21.75
1408365336|21.375
1408365356|21.062
1408365376|20.875
1408365396|20.875
1408365416|20.687
1408365437|20.687
1408365457|20.687
1408365477|20.5
1408365497|20.437
1408365517|20.437
1408365537|20.375
1408365557|20.312
1408365577|20.062
1408365597|20.062
1408365617|20.0
1408365637|19.937
1408365658|19.75
1408365678|19.437
1408365698|19.312
1408365718|19.25
1408365738|19.25
1408365758|19.25
1408365778|19.312
1408365798|19.125
1408365818|19.062
1408365838|18.875
1408365859|18.875
1408365879|18.937
1408365899|19.0
1408365919|19.062
1408365939|19.125
1408365960|19.187
1408365980|19.187
1408366000|19.062
1408366020|19.0
1408366040|19.062
1408366060|19.062
1408366080|18.812
1408366100|18.75
1408366120|18.875
1408366141|18.875
1408366161|18.875
1408366181|18.937
1408366201|18.937
1408366221|19.0
1408366241|19.0
1408366261|19.0
1408366282|18.937
1408366302|18.937
1408366322|18.937
1408366342|18.812
1408366362|18.812
1408366382|18.812
1408366402|18.687
1408366422|18.687
1408366442|18.75
1408366462|18.812
1408366483|18.812
1408366503|18.75
1408366523|18.625
1408366543|18.5
1408366563|18.5
1408366583|18.562
1408366604|18.5
1408366624|18.5
1408366644|18.5
1408366664|18.562
1408366684|18.562
1408366704|18.625
1408366724|18.625
1408366744|18.625
1408366765|18.5
1408366785|18.5
1408366805|18.375
1408366825|18.375
1408366845|18.375
1408366865|18.375
1408366885|18.437
1408366905|18.5
1408366925|18.687
1408366945|18.687
1408366965|18.75
1408366986|18.812
1408367006|18.875
1408367026|18.937
1408367046|19.062
1408367066|19.125
1408367086|19.187
1408367106|19.25
1408367126|19.375
1408367146|19.437
1408367166|19.437
1408367187|19.625
1408367207|19.75
1408367227|19.875
1408367247|20.062
1408367268|20.125
1408367288|20.25
1408367308|20.312
1408367328|20.375
1408367348|20.437
1408367369|20.5
1408367389|20.625
1408367409|20.625
1408367430|20.75
1408367450|20.812
1408367470|20.812
1408367490|20.812
1408367510|20.875
1408367530|20.937
1408367551|20.937
1408367571|20.937
1408367591|20.937
1408367611|20.75
1408367631|20.687
1408367651|20.562
1408367671|20.437
1408367691|20.375
1408367711|20.375
1408367731|20.375
1408367752|20.375
1408367772|20.375
1408367792|20.375
1408367812|20.312
1408367832|20.25
1408367852|20.187
1408367872|20.187
1408367892|20.25
1408367912|20.25
1408367932|20.25
1408367953|20.25
1408367973|20.25
1408367993|20.187
1408368013|20.187
1408368034|20.125
1408368054|20.187
1408368074|20.25
1408368094|20.312
1408368114|20.437
1408368134|20.562
1408368154|20.625
1408368174|20.75
1408368194|20.875
1408368214|21.0
1408368234|21.125
1408368255|21.25
1408368275|21.312
1408368295|21.375
1408368315|21.437
1408368335|21.562
1408368355|21.687
1408368375|21.812
1408368395|22.0
1408368415|22.062
1408368435|22.125
1408368455|22.187
1408368476|22.25
1408368496|22.25
1408368516|22.375
1408368536|22.375
1408368556|22.312
1408368576|22.312
1408368596|22.437
1408368617|22.5
1408368637|22.625
1408368657|22.562
1408368677|22.562
1408368697|22.687
1408368717|22.75
1408368737|22.875
1408368758|22.937
1408368778|22.937
1408368798|22.75
1408368818|22.687
1408368838|22.687
1408368858|22.75
1408368878|22.875
1408368898|23.0
1408368918|23.125
1408368938|23.062
1408368959|23.187
1408368979|23.312
1408368999|23.5
1408369019|23.375
1408369039|23.187
1408369059|23.062
1408369079|23.0
1408369099|23.0
1408369119|23.062
1408369139|23.125
1408369160|23.125
1408369180|23.125
1408369200|23.25
1408369220|23.375
1408369240|23.437
1408369260|23.25
1408369281|23.25
1408369301|23.312
1408369321|23.125
1408369341|23.0
1408369361|23.0
1408369381|22.812
1408369401|22.75
1408369422|22.562
1408369442|22.5
1408369462|22.437
1408369482|22.437
1408369502|22.312
1408369522|22.125
1408369542|22.0
1408369562|21.937
1408369582|21.812
1408369602|21.75
1408369623|21.75
1408369643|21.812
1408369663|21.625
1408369683|21.625
1408369703|21.625
1408369723|21.687
1408369743|21.687
1408369763|21.687
1408369783|21.562
1408369803|21.562
1408369824|21.562
1408369844|21.625
1408369864|21.562
1408369884|21.625
1408369904|21.687
1408369925|21.687
1408369945|21.562
1408369965|21.437
1408369985|21.375
1408370005|21.375
1408370025|21.437
1408370045|21.5
1408370065|21.5
1408370085|21.375
1408370106|21.125
1408370126|21.062
1408370146|20.875
1408370166|20.812
1408370186|20.687
1408370206|20.625
1408370226|20.75
1408370246|20.812
1408370266|20.937
1408370286|20.937
1408370307|20.937
1408370327|21.0
1408370347|20.937
1408370367|20.937
1408370387|21.062
1408370407|21.125
1408370427|21.187
1408370447|21.187
1408370468|21.187
1408370488|21.125
1408370508|21.125
1408370528|21.125
1408370548|21.125
1408370568|21.312
1408370589|21.375
1408370609|21.437
1408370629|21.375
1408370649|21.312
1408370669|21.312
1408370689|21.125
1408370709|21.062
1408370729|21.0
1408370749|20.937
1408370769|20.812
1408370790|20.687
1408370810|20.687
1408370830|20.687
1408370851|20.437
1408370871|20.375
1408370891|20.375
1408370911|20.375
1408370931|20.5
1408370951|20.437
1408370971|20.25
1408370991|20.25
1408371011|20.187
1408371031|20.187
1408371052|20.187
1408371072|20.187
1408371092|20.125
1408371112|20.0
1408371132|20.0
1408371152|20.062
1408371172|20.125
1408371192|20.187
1408371213|20.25
1408371233|20.187
1408371253|20.062
1408371274|20.062
1408371294|20.125
1408371314|20.125
1408371334|20.187
1408371354|20.25
1408371374|20.25
1408371394|20.187
1408371414|20.25
1408371434|20.187
1408371454|20.062
1408371474|20.062
1408371495|19.937
1408371515|19.875
1408371535|19.875
1408371555|19.937
1408371575|19.937
1408371595|19.937
1408371615|19.937
1408371635|19.875
1408371655|19.75
1408371675|19.75
1408371695|19.75
1408371716|19.812
1408371736|19.812
1408371756|19.625
1408371776|19.625
1408371796|19.625
1408371816|19.625
1408371837|19.687
1408371857|19.75
1408371877|19.812
1408371897|19.75
1408371917|19.687
1408371937|19.687
1408371957|19.625
1408371978|19.625
1408371998|19.625
1408372018|19.625
1408372038|19.625
1408372058|19.562
1408372078|19.5
1408372098|19.5
1408372118|19.5
1408372138|19.5
1408372158|19.5
1408372179|19.5
1408372199|19.5
1408372219|19.562
1408372239|19.625
1408372259|19.562
1408372279|19.5
1408372299|19.5
1408372319|19.562
1408372339|19.5
1408372359|19.5
1408372379|19.5
1408372400|19.562
1408372420|19.562
1408372440|19.562
1408372460|19.312
1408372481|19.25
1408372501|19.187
1408372522|19.125
1408372542|19.125
1408372562|19.187
1408372582|19.187
1408372602|19.187
1408372622|19.125
1408372642|19.125
1408372662|19.062
1408372682|19.125
1408372703|19.187
1408372723|19.187
1408372743|19.25
1408372763|19.187
1408372783|19.187
1408372803|19.125
1408372823|19.062
1408372843|19.062
1408372863|19.0
1408372883|18.937
1408372903|18.937
1408372924|18.875
1408372944|18.937
1408372964|18.875
1408372984|18.937
1408373004|18.875
1408373024|18.812
1408373044|18.75
1408373064|18.75
1408373085|18.75
1408373105|18.687
1408373125|18.562
1408373145|18.5
1408373165|18.437
1408373185|18.437
1408373206|18.375
1408373226|18.375
1408373246|18.437
1408373266|18.437
1408373286|18.312
1408373306|18.312
1408373326|18.187
1408373346|18.125
1408373366|17.937
1408373386|17.875
1408373407|17.812
1408373427|17.75
1408373447|17.687
1408373467|17.75
1408373487|17.75
1408373507|17.75
1408373527|17.625
1408373547|17.5
1408373567|17.437
1408373587|17.375
1408373608|17.375
1408373628|17.375
1408373648|17.312
1408373668|17.375
1408373688|17.375
1408373708|17.375
1408373728|17.437
1408373749|17.375
1408373769|17.375
1408373789|17.375
1408373809|17.312
1408373829|17.25
1408373849|17.187
1408373869|17.25
1408373890|17.125
1408373910|17.062
1408373930|17.062
1408373950|17.0
1408373970|16.937
1408373990|16.937
1408374011|17.0
1408374031|17.0
1408374051|17.0
1408374071|16.812
1408374091|16.687
1408374111|16.687
1408374131|16.687
1408374151|16.625
1408374171|16.625
1408374192|16.562
1408374212|16.562
1408374232|16.562
1408374252|16.625
1408374272|16.687
1408374292|16.687
1408374312|16.625
1408374332|16.562
1408374352|16.562
1408374373|16.562
1408374393|16.625
1408374413|16.687
1408374433|16.75
1408374453|16.812
1408374474|16.875
1408374494|17.062
1408374514|17.125
1408374534|17.312
1408374554|17.437
1408374574|17.562
1408374594|17.75
1408374614|17.75
1408374634|18.125
1408374655|18.25
1408374675|18.437
1408374695|18.625
1408374715|18.687
1408374735|18.75
1408374755|18.812
1408374775|18.875
1408374795|18.937
1408374815|18.937
1408374835|18.875
1408374856|18.812
1408374876|18.75
1408374896|18.75
1408374916|18.687
1408374936|18.687
1408374956|18.562
1408374976|18.562
1408374997|18.437
1408375017|18.5
1408375037|18.5
1408375057|18.312
1408375078|18.25
1408375098|18.125
1408375118|18.125
1408375138|18.062
1408375159|17.937
1408375179|17.875
1408375199|17.812
1408375219|17.812
1408375239|17.812
1408375259|17.75
1408375279|17.75
1408375300|17.687
1408375320|17.562
1408375340|17.5
1408375360|17.437
1408375380|17.375
1408375400|17.375
1408375420|17.375
1408375440|17.375
1408375460|17.437
1408375480|17.437
1408375500|17.5
1408375521|17.562
1408375541|17.5
1408375561|17.5
1408375581|17.5
1408375601|17.562
1408375621|17.5
1408375643|17.562
1408375664|17.562
1408375684|17.562
1408375704|17.625
1408375724|17.687
1408375744|17.75
1408375764|17.75
1408375784|17.812
1408375804|17.937
1408375824|18.0
1408375844|18.0
1408375864|18.0
1408375885|18.187
1408375905|18.187
1408375925|18.187
1408375945|18.25
1408375965|18.25
1408375986|18.25
1408376006|18.25
1408376026|18.25
1408376046|18.312
1408376067|18.312
1408376087|18.375
1408376109|18.437
1408376129|18.5
1408376150|18.562
1408376170|18.5
1408376190|18.5
1408376210|18.5
1408376230|18.5
1408376250|18.5
1408376270|18.562
1408376290|18.562
1408376310|18.625
1408376330|18.625
1408376350|18.625
1408376371|18.687
1408376391|18.687
1408376411|18.687
1408376431|18.75
1408376451|18.75
1408376471|18.812
1408376491|18.812
1408376511|18.812
1408376531|18.812
1408376552|18.875
1408376572|18.875
1408376593|18.875
1408376613|18.812
1408376633|18.812
1408376653|18.812
1408376673|18.875
1408376693|19.0
1408376713|19.0
1408376733|19.062
1408376753|19.125
1408376774|19.187
1408376794|19.312
1408376814|19.437
1408376834|19.562
1408376854|19.625
1408376875|19.687
1408376895|19.75
1408376915|19.75
1408376935|19.75
1408376955|19.75
1408376975|19.812
1408376995|19.812
1408377015|19.75
1408377035|19.75
1408377056|19.75
1408377076|19.562
1408377096|19.562
1408377116|19.562
1408377136|19.5
1408377156|19.5
1408377176|19.5
1408377196|19.5
1408377216|19.5
1408377236|19.5
1408377257|19.5
1408377277|19.437
1408377297|19.437
1408377317|19.437
1408377337|19.437
1408377357|19.375
1408377377|19.375
1408377397|19.312
1408377417|19.25
1408377438|19.25
1408377458|19.187
1408377478|19.187
1408377498|19.187
1408377518|19.125
1408377538|19.125
1408377559|19.062
1408377579|19.125
1408377599|19.062
1408377619|19.062
1408377639|19.062
1408377659|19.062
1408377679|19.0
1408377699|18.875
1408377719|18.812
1408377739|18.75
1408377759|18.75
1408377780|18.625
1408377800|18.562
1408377820|18.5
1408377840|18.437
1408377860|18.375
1408377880|18.375
1408377900|18.312
1408377920|18.312
1408377940|18.312
1408377960|18.312
1408377981|18.312
1408378001|18.312
1408378021|18.25
1408378041|18.187
1408378061|18.187
1408378081|18.187
1408378102|18.125
1408378122|18.125
1408378142|18.0
1408378162|17.937
1408378182|17.875
1408378202|17.812
1408378222|17.812
1408378242|17.75
1408378263|17.75
1408378283|17.75
1408378303|17.75
1408378323|17.687
1408378343|17.687
1408378363|17.687
1408378383|17.625
1408378403|17.625
1408378423|17.625
1408378443|17.625
1408378464|17.625
1408378484|17.687
1408378504|17.687
1408378524|17.687
1408378544|17.687
1408378564|17.75
1408378584|17.75
1408378604|17.75
1408378624|17.75
1408378644|17.75
1408378665|17.812
1408378685|17.812
1408378705|17.75
1408378725|17.75
1408378746|17.75
1408378766|17.75
1408378786|17.687
1408378806|17.625
1408378826|17.625
1408378846|17.625
1408378866|17.625
1408378886|17.625
1408378906|17.687
1408378926|17.687
1408378947|17.687
1408378967|17.75
1408378987|17.75
1408379007|17.812
1408379027|17.812
1408379047|17.812
1408379067|17.812
1408379087|17.937
1408379107|18.0
1408379127|18.062
1408379148|18.125
1408379168|18.125
1408379188|18.187
1408379208|18.312
1408379228|18.375
1408379248|18.5
1408379268|18.562
1408379289|18.687
1408379309|18.75
1408379329|18.812
1408379349|18.875
1408379369|19.0
1408379390|19.062
1408379410|19.125
1408379430|19.062
1408379450|19.062
1408379470|19.125
1408379490|19.187
1408379510|19.187
1408379530|19.25
1408379550|19.25
