1408639448|22.812
1408639472|22.812
1408639492|22.812
1408639512|22.812
1408639532|22.875
1408639552|22.937
1408639572|22.937
1408639592|23.0
1408639612|23.0
1408639633|22.812
1408639653|22.75
1408639673|22.75
1408639693|22.687
1408639714|22.687
1408639734|22.562
1408639754|22.5
1408639774|22.312
1408639794|22.187
1408639814|22.125
1408639834|22.125
1408639855|22.062
1408639875|22.062
1408639895|22.125
1408639915|22.125
1408639935|22.187
1408639955|22.25
1408639975|22.312
1408639995|22.375
1408640016|22.312
1408640036|22.25
1408640056|22.25
1408640076|22.25
1408640096|22.187
1408640117|22.187
1408640137|22.187
1408640157|22.187
1408640177|22.125
1408640197|22.125
1408640217|22.187
1408640237|22.25
1408640257|22.25
1408640277|22.25
1408640297|22.25
1408640318|22.25
1408640338|22.25
1408640358|22.25
1408640378|22.125
1408640399|22.125
1408640419|22.0
1408640439|22.0
1408640459|21.812
1408640479|21.75
1408640499|21.75
1408640519|21.687
1408640539|21.687
1408640559|21.687
1408640579|21.625
1408640600|21.625
1408640620|21.625
1408640640|21.625
1408640660|21.625
1408640680|21.687
1408640700|21.75
1408640721|21.687
1408640741|21.687
1408640761|21.687
1408640781|21.75
1408640801|21.75
1408640821|21.75
1408640841|21.75
1408640862|21.75
1408640882|21.75
1408640902|21.75
1408640922|21.812
1408640942|21.812
1408640962|21.75
1408640982|21.75
1408641002|21.75
1408641022|21.687
1408641042|21.625
1408641063|21.5
1408641083|21.5
1408641103|21.437
1408641123|21.437
1408641143|21.375
1408641163|21.437
1408641183|21.437
1408641203|21.437
1408641223|21.437
1408641243|21.437
1408641263|21.437
1408641284|21.375
1408641304|21.312
1408641324|21.312
1408641344|21.312
1408641365|21.312
1408641385|21.312
1408641405|21.312
1408641425|21.25
1408641446|21.25
1408641466|21.187
1408641486|21.125
1408641506|21.187
1408641526|21.125
1408641546|21.187
1408641566|21.187
1408641586|21.125
1408641607|21.187
1408641627|21.125
1408641647|21.125
1408641667|21.062
1408641687|20.937
1408641707|20.875
1408641727|20.812
1408641747|20.812
1408641767|20.75
1408641787|20.75
1408641808|20.75
1408641828|20.75
1408641848|20.75
1408641868|20.75
1408641888|20.625
1408641908|20.562
1408641928|20.5
1408641948|20.437
1408641968|20.375
1408641989|20.25
1408642009|20.187
1408642029|20.062
1408642049|20.062
1408642069|20.062
1408642090|20.0
1408642110|19.875
1408642130|19.812
1408642150|19.75
1408642170|19.75
1408642190|19.687
1408642210|19.687
1408642230|19.687
1408642251|19.625
1408642271|19.562
1408642291|19.5
1408642311|19.5
1408642331|19.375
1408642351|19.437
1408642371|19.375
1408642391|19.375
1408642411|19.312
1408642431|19.312
1408642452|19.25
1408642472|19.187
1408642492|19.125
1408642512|19.125
1408642532|19.125
1408642552|19.125
1408642572|19.125
1408642592|19.125
1408642612|19.125
1408642633|19.125
1408642654|19.125
1408642674|19.187
1408642694|19.187
1408642714|19.187
1408642735|19.125
1408642755|19.125
1408642775|19.125
1408642795|19.125
1408642815|19.062
1408642835|19.062
1408642855|19.062
1408642875|19.125
1408642896|19.062
1408642916|19.062
1408642936|19.062
1408642956|19.0
1408642976|18.937
1408642996|18.937
1408643016|18.875
1408643036|18.875
1408643056|18.812
1408643076|18.75
1408643097|18.75
1408643117|18.812
1408643137|18.75
1408643157|18.75
1408643177|18.625
1408643197|18.562
1408643217|18.5
1408643237|18.5
1408643257|18.5
1408643278|18.5
1408643298|18.437
1408643319|18.437
1408643339|18.437
1408643359|18.375
1408643380|18.312
1408643400|18.312
1408643420|18.25
1408643440|18.187
1408643460|18.187
1408643480|18.25
1408643500|18.187
1408643520|18.125
1408643540|18.062
1408643561|18.0
1408643581|17.937
1408643601|17.812
1408643621|17.75
1408643641|17.687
1408643661|17.687
1408643681|17.625
1408643701|17.562
1408643721|17.562
1408643741|17.5
1408643761|17.5
1408643782|17.437
1408643802|17.375
1408643822|17.312
1408643842|17.312
1408643862|17.312
1408643882|17.25
1408643902|17.25
1408643922|17.187
1408643943|17.125
1408643964|17.062
1408643984|17.062
1408644004|17.062
1408644024|17.062
1408644044|17.0
1408644064|17.0
1408644084|16.937
1408644105|16.937
1408644125|16.937
1408644145|16.937
1408644165|17.0
1408644185|17.0
1408644205|17.0
1408644225|17.0
1408644245|17.0
1408644265|17.062
1408644285|17.062
1408644306|17.062
1408644326|17.062
1408644346|17.062
1408644366|17.062
1408644386|17.062
1408644406|17.062
1408644426|17.062
1408644446|17.0
1408644466|17.0
1408644486|17.0
1408644506|16.937
1408644527|16.937
1408644547|16.937
1408644567|16.937
1408644587|16.937
1408644607|16.937
1408644628|16.875
1408644648|16.875
1408644668|16.875
1408644688|16.812
1408644708|16.812
1408644728|16.75
1408644748|16.75
1408644769|16.687
1408644789|16.687
1408644809|16.625
1408644829|16.625
1408644849|16.562
1408644869|16.562
1408644889|16.562
1408644909|16.5
1408644929|16.437
1408644949|16.437
1408644970|16.437
1408644990|16.375
1408645010|16.312
1408645030|16.25
1408645050|16.25
1408645070|16.25
1408645090|16.25
1408645110|16.187
1408645130|16.125
1408645150|16.125
1408645171|16.125
1408645191|16.062
1408645211|16.062
1408645231|16.062
1408645251|16.062
1408645272|16.062
1408645292|16.062
1408645312|16.062
1408645332|16.062
1408645352|16.062
1408645372|16.0
1408645393|16.062
1408645414|16.062
1408645434|16.062
1408645454|16.062
1408645474|16.062
1408645494|16.062
1408645514|16.062
1408645535|16.062
1408645555|16.062
1408645575|16.0
1408645595|16.0
1408645615|15.937
1408645635|15.937
1408645655|15.937
1408645675|15.937
1408645695|15.937
1408645715|15.875
1408645735|15.875
1408645756|15.812
1408645776|15.812
1408645796|15.75
1408645816|15.75
1408645836|15.75
1408645856|15.75
1408645876|15.687
1408645896|15.687
1408645917|15.625
1408645937|15.625
1408645957|15.625
1408645977|15.562
1408645997|15.562
1408646019|15.562
1408646039|15.562
1408646059|15.562
1408646079|15.5
1408646100|15.5
1408646120|15.5
1408646140|15.5
1408646160|15.5
1408646180|15.437
1408646200|15.437
1408646220|15.437
1408646241|15.375
1408646261|15.375
1408646281|15.375
1408646301|15.375
1408646321|15.375
1408646341|15.312
1408646361|15.312
1408646381|15.312
1408646401|15.312
1408646423|15.25
1408646443|15.25
1408646463|15.25
1408646483|15.25
1408646503|15.25
1408646523|15.25
1408646543|15.25
1408646564|15.25
1408646584|15.25
1408646604|15.25
1408646625|15.187
1408646646|15.25
1408646666|15.187
1408646686|15.125
1408646706|15.125
1408646726|15.125
1408646746|15.062
1408646766|15.062
1408646786|15.0
1408646806|15.0
1408646826|14.937
1408646846|14.937
1408646868|14.875
1408646888|14.875
1408646908|14.875
1408646928|14.812
1408646948|14.812
1408646969|14.812
1408646989|14.812
1408647009|14.75
1408647029|14.75
1408647049|14.75
1408647069|14.75
1408647089|14.75
1408647110|14.687
1408647130|14.687
1408647150|14.687
1408647170|14.687
1408647190|14.687
1408647210|14.687
1408647230|14.75
1408647250|14.75
1408647271|14.75
1408647291|14.75
1408647311|14.687
1408647331|14.687
1408647351|14.687
1408647371|14.687
1408647391|14.625
1408647411|14.625
1408647431|14.625
1408647451|14.562
1408647472|14.562
1408647492|14.562
1408647512|14.5
1408647532|14.5
1408647552|14.5
1408647572|14.437
1408647592|14.375
1408647612|14.375
1408647632|14.375
1408647652|14.375
1408647673|14.375
1408647693|14.312
1408647713|14.312
1408647733|14.312
1408647753|14.312
1408647774|14.312
1408647794|14.25
1408647814|14.25
1408647834|14.25
1408647854|14.25
1408647875|14.312
1408647895|14.312
1408647915|14.25
1408647935|14.25
1408647955|14.25
1408647975|14.25
1408647995|14.25
1408648015|14.25
1408648036|14.25
1408648056|14.25
1408648076|14.187
1408648096|14.187
1408648116|14.187
1408648136|14.187
1408648156|14.125
1408648176|14.125
1408648196|14.125
1408648216|14.125
1408648236|14.062
1408648257|14.062
1408648277|14.0
1408648297|14.0
1408648317|14.0
1408648337|14.0
1408648357|14.0
1408648377|14.0
1408648398|14.0
1408648418|14.0
1408648438|14.0
1408648458|14.0
1408648478|14.062
1408648499|14.062
1408648519|14.062
1408648539|14.062
1408648559|14.062
1408648579|14.125
1408648599|14.062
1408648619|14.125
1408648639|14.125
1408648659|14.125
1408648679|14.125
1408648699|14.187
1408648720|14.125
1408648740|14.125
1408648760|14.187
1408648780|14.187
1408648800|14.187
1408648820|14.187
1408648840|14.187
1408648860|14.25
1408648880|14.187
1408648900|14.25
1408648921|14.25
1408648941|14.25
1408648961|14.187
1408648981|14.187
1408649001|14.187
1408649021|14.187
1408649041|14.187
1408649062|14.187
1408649082|14.125
1408649102|14.125
1408649123|14.062
1408649143|14.062
1408649163|14.062
1408649183|14.0
1408649204|14.0
1408649224|14.0
1408649244|13.937
1408649264|13.937
1408649284|13.875
1408649304|13.875
1408649324|13.875
1408649344|13.812
1408649364|13.75
1408649384|13.75
1408649405|13.75
1408649425|13.75
1408649445|13.687
1408649465|13.687
1408649485|13.687
1408649505|13.687
1408649525|13.625
1408649545|13.625
1408649565|13.625
1408649585|13.562
1408649605|13.562
1408649626|13.562
1408649646|13.562
1408649666|13.562
1408649686|13.5
1408649706|13.562
1408649727|13.562
1408649747|13.562
1408649767|13.562
1408649787|13.562
1408649807|13.562
1408649827|13.562
1408649847|13.5
1408649868|13.5
1408649888|13.562
1408649908|13.562
1408649929|13.5
1408649949|13.5
1408649969|13.5
1408649989|13.5
1408650009|13.437
1408650029|13.437
1408650049|13.437
1408650069|13.437
1408650090|13.437
1408650110|13.375
1408650130|13.375
1408650150|13.375
1408650170|13.375
1408650190|13.375
1408650210|13.375
1408650230|13.375
1408650250|13.375
1408650270|13.375
1408650291|13.375
1408650311|13.437
1408650331|13.375
1408650351|13.375
1408650371|13.375
1408650391|13.312
1408650412|13.312
1408650432|13.312
1408650452|13.25
1408650472|13.25
1408650492|13.187
1408650512|13.187
1408650533|13.125
1408650553|13.125
1408650573|13.125
1408650593|13.125
1408650613|13.125
1408650633|13.062
1408650653|13.125
1408650674|13.062
1408650694|13.062
1408650714|13.062
1408650734|13.062
1408650754|13.0
1408650774|13.0
1408650794|13.0
1408650814|13.0
1408650834|13.0
1408650854|13.062
1408650874|13.0
1408650895|13.0
1408650915|13.0
1408650935|12.937
1408650955|13.0
1408650975|12.937
1408650995|12.937
1408651015|12.937
1408651036|12.937
1408651056|12.937
1408651076|12.937
1408651096|12.937
1408651116|12.937
1408651136|12.937
1408651156|12.937
1408651177|12.875
1408651197|12.875
1408651217|12.875
1408651237|12.875
1408651257|12.875
1408651277|12.875
1408651297|12.875
1408651317|12.875
1408651338|12.812
1408651358|12.812
1408651378|12.812
1408651398|12.812
1408651418|12.812
1408651439|12.812
1408651459|12.75
1408651479|12.75
1408651499|12.75
1408651519|12.75
1408651539|12.687
1408651559|12.687
1408651579|12.687
1408651599|12.625
1408651620|12.625
1408651640|12.625
1408651660|12.625
1408651680|12.562
1408651700|12.562
1408651720|12.562
1408651741|12.562
1408651761|12.562
1408651781|12.562
1408651801|12.562
1408651821|12.562
1408651841|12.562
1408651861|12.5
1408651882|12.562
1408651902|12.5
1408651922|12.5
1408651942|12.5
1408651962|12.5
1408651982|12.5
1408652002|12.5
1408652022|12.5
1408652042|12.5
1408652062|12.5
1408652082|12.5
1408652104|12.5
1408652124|12.5
1408652144|12.5
1408652164|12.5
1408652184|12.5
1408652204|12.5
1408652224|12.5
1408652245|12.5
1408652265|12.5
1408652285|12.5
1408652305|12.5
1408652325|12.5
1408652345|12.5
1408652365|12.437
1408652385|12.5
1408652405|12.5
1408652426|12.5
1408652446|12.5
1408652466|12.437
1408652486|12.437
1408652507|12.437
1408652527|12.437
1408652547|12.437
1408652567|12.437
1408652587|12.437
1408652607|12.437
1408652628|12.437
1408652649|12.437
1408652669|12.375
1408652689|12.437
1408652709|12.437
1408652729|12.375
1408652749|12.375
1408652769|12.437
1408652789|12.375
1408652809|12.375
1408652829|12.375
1408652850|12.312
1408652870|12.312
1408652890|12.312
1408652910|12.25
1408652930|12.25
1408652950|12.25
1408652970|12.25
1408652990|12.25
1408653010|12.25
1408653030|12.187
1408653051|12.187
1408653071|12.187
1408653091|12.187
1408653111|12.187
1408653131|12.187
1408653152|12.187
1408653172|12.187
1408653192|12.125
1408653212|12.125
1408653232|12.125
1408653253|12.125
1408653273|12.125
1408653294|12.125
1408653314|12.187
1408653334|12.187
1408653354|12.187
1408653374|12.125
1408653394|12.187
1408653414|12.125
1408653434|12.187
1408653455|12.187
1408653475|12.125
1408653495|12.125
1408653515|12.125
1408653535|12.125
1408653555|12.062
1408653575|12.062
1408653595|12.062
1408653615|12.062
1408653635|12.062
1408653656|12.062
1408653676|12.062
1408653696|12.0
1408653716|12.0
1408653736|12.062
1408653756|12.0
1408653776|12.0
1408653796|12.0
1408653817|12.0
1408653837|12.0
1408653857|12.0
1408653878|12.0
1408653898|12.0
1408653919|12.0
1408653939|12.0
1408653959|12.0
1408653979|12.0
1408653999|11.937
1408654019|11.937
1408654039|11.937
1408654059|11.937
1408654079|11.937
1408654099|11.937
1408654119|11.937
1408654140|11.937
1408654160|11.875
1408654180|11.875
1408654200|11.875
1408654220|11.875
1408654240|11.875
1408654260|11.875
1408654280|11.875
1408654300|11.875
1408654320|11.875
1408654341|11.875
1408654361|11.875
1408654381|11.875
1408654401|11.875
1408654421|11.875
1408654441|11.875
1408654461|11.812
1408654482|11.812
1408654502|11.812
1408654522|11.75
1408654542|11.75
1408654562|11.75
1408654582|11.75
1408654602|11.75
1408654623|11.75
1408654643|11.75
1408654663|11.75
1408654683|11.687
1408654703|11.75
1408654723|11.75
1408654743|11.687
1408654763|11.687
1408654784|11.687
1408654804|11.687
1408654824|11.687
1408654844|11.687
1408654864|11.687
1408654885|11.687
1408654905|11.687
1408654925|11.687
1408654945|11.687
1408654965|11.687
1408654985|11.687
1408655005|11.687
1408655025|11.687
1408655045|11.687
1408655065|11.75
1408655085|11.75
1408655106|11.75
1408655126|11.75
1408655146|11.75
1408655166|11.75
1408655186|11.75
1408655207|11.75
1408655227|11.75
1408655247|11.75
1408655267|11.75
1408655287|11.75
1408655307|11.75
1408655327|11.75
1408655347|11.75
1408655367|11.75
1408655388|11.75
1408655408|11.75
1408655428|11.75
1408655448|11.812
1408655468|11.812
1408655488|11.812
1408655508|11.812
1408655528|11.75
1408655548|11.75
1408655568|11.812
1408655589|11.812
1408655609|11.812
1408655629|11.812
1408655649|11.812
1408655669|11.812
1408655689|11.812
1408655709|11.875
1408655729|11.875
1408655750|11.875
1408655770|11.875
1408655790|11.875
1408655810|11.875
1408655831|11.875
1408655851|11.875
1408655871|11.875
1408655891|11.937
1408655911|11.875
1408655931|11.875
1408655951|11.875
1408655971|11.875
1408655991|11.875
1408656012|11.875
1408656032|11.875
1408656052|11.875
1408656072|11.875
1408656092|11.812
1408656112|11.812
1408656132|11.812
1408656153|11.812
1408656173|11.812
1408656193|11.812
1408656213|11.812
1408656234|11.812
1408656254|11.75
1408656274|11.75
1408656294|11.75
1408656314|11.75
1408656334|11.75
1408656354|11.75
1408656374|11.75
1408656395|11.75
1408656415|11.75
1408656435|11.75
1408656455|11.75
1408656475|11.75
1408656495|11.75
1408656516|11.687
1408656536|11.687
1408656556|11.687
1408656576|11.687
1408656596|11.687
1408656616|11.687
1408656636|11.687
1408656657|11.75
1408656677|11.75
1408656697|11.75
1408656717|11.75
1408656737|11.75
1408656757|11.687
1408656777|11.75
1408656797|11.75
1408656817|11.687
1408656837|11.687
1408656858|11.687
1408656878|11.687
1408656898|11.687
1408656918|11.687
1408656938|11.687
1408656958|11.687
1408656978|11.687
1408656998|11.687
1408657018|11.687
1408657038|11.687
1408657058|11.687
1408657079|11.687
1408657099|11.687
1408657119|11.687
1408657140|11.687
1408657160|11.687
1408657180|11.687
1408657200|11.687
1408657220|11.687
1408657241|11.687
1408657261|11.687
1408657281|11.75
1408657301|11.75
1408657321|11.75
1408657341|11.75
1408657361|11.75
1408657381|11.75
1408657401|11.75
1408657422|11.75
1408657442|11.75
1408657462|11.75
1408657482|11.687
1408657502|11.687
1408657522|11.687
1408657542|11.687
1408657562|11.75
1408657582|11.687
1408657602|11.687
1408657622|11.75
1408657643|11.687
1408657663|11.687
1408657683|11.687
1408657703|11.687
1408657723|11.687
1408657743|11.687
1408657763|11.687
1408657783|11.687
1408657804|11.687
1408657824|11.687
1408657844|11.625
1408657864|11.625
1408657884|11.625
1408657904|11.625
1408657925|11.625
1408657945|11.625
1408657965|11.625
1408657985|11.625
1408658005|11.562
1408658025|11.562
1408658045|11.562
1408658065|11.562
1408658085|11.5
1408658105|11.562
1408658126|11.5
1408658146|11.5
1408658166|11.5
1408658186|11.5
1408658206|11.437
1408658226|11.5
1408658246|11.437
1408658266|11.437
1408658286|11.437
1408658306|11.437
1408658327|11.437
1408658347|11.437
1408658367|11.437
1408658387|11.437
1408658407|11.437
1408658428|11.437
1408658448|11.437
1408658468|11.437
1408658488|11.437
1408658508|11.437
1408658529|11.437
1408658549|11.375
1408658569|11.375
1408658589|11.375
1408658609|11.375
1408658629|11.312
1408658649|11.312
1408658669|11.312
1408658689|11.312
1408658709|11.312
1408658729|11.312
1408658750|11.312
1408658770|11.312
1408658790|11.312
1408658810|11.25
1408658830|11.312
1408658850|11.25
1408658870|11.312
1408658890|11.312
1408658910|11.312
1408658930|11.312
1408658951|11.312
1408658971|11.312
1408658991|11.312
1408659011|11.312
1408659031|11.312
1408659051|11.312
1408659072|11.312
1408659092|11.312
1408659112|11.312
1408659132|11.25
1408659152|11.25
1408659173|11.25
1408659193|11.25
1408659213|11.25
1408659233|11.25
1408659253|11.25
1408659273|11.25
1408659293|11.25
1408659313|11.25
1408659333|11.25
1408659353|11.25
1408659374|11.25
1408659394|11.25
1408659414|11.25
1408659434|11.25
1408659454|11.25
1408659474|11.25
1408659495|11.25
1408659515|11.25
1408659535|11.25
1408659555|11.25
1408659575|11.25
1408659595|11.25
1408659615|11.187
1408659635|11.25
1408659655|11.187
1408659676|11.187
1408659696|11.187
1408659716|11.187
1408659736|11.187
1408659757|11.187
1408659777|11.187
1408659797|11.187
1408659817|11.187
1408659837|11.187
1408659857|11.187
1408659877|11.187
1408659898|11.125
1408659918|11.125
1408659938|11.125
1408659958|11.125
1408659978|11.125
1408659998|11.062
1408660019|11.125
1408660039|11.062
1408660059|11.062
1408660079|11.062
1408660099|11.062
1408660119|11.062
1408660139|11.062
1408660159|11.062
1408660179|11.062
1408660199|11.062
1408660220|11.062
1408660240|11.062
1408660260|11.062
1408660280|11.062
1408660300|11.0
1408660320|11.0
1408660340|11.0
1408660360|11.0
1408660381|11.0
1408660401|11.0
1408660421|11.0
1408660441|11.0
1408660461|11.0
1408660482|11.0
1408660502|11.0
1408660522|11.0
1408660542|11.0
1408660562|10.937
1408660582|10.937
1408660602|10.937
1408660623|10.937
1408660643|10.937
1408660663|10.937
1408660683|10.937
1408660703|10.937
1408660723|10.937
1408660743|10.937
1408660764|10.937
1408660784|10.937
1408660804|10.937
1408660824|10.937
1408660844|10.937
1408660864|10.937
1408660884|10.937
1408660904|10.937
1408660924|10.937
1408660944|10.937
1408660965|10.937
1408660985|10.937
1408661005|10.937
1408661025|10.937
1408661045|10.937
1408661065|10.937
1408661086|10.937
1408661106|10.937
1408661126|10.937
1408661146|10.937
1408661166|10.875
1408661186|10.875
1408661206|10.937
1408661227|10.875
1408661247|10.875
1408661267|10.875
1408661287|10.875
1408661307|10.875
1408661327|10.875
1408661347|10.875
1408661367|10.875
1408661387|10.875
1408661407|10.875
1408661428|10.875
1408661448|10.875
1408661468|10.875
1408661488|10.875
1408661508|10.937
1408661528|10.875
1408661548|10.875
1408661568|10.875
1408661589|10.875
1408661609|10.875
1408661629|10.875
1408661649|10.875
1408661669|10.812
1408661689|10.812
1408661710|10.812
1408661730|10.812
1408661750|10.812
1408661770|10.812
1408661790|10.812
1408661811|10.812
1408661831|10.812
1408661851|10.812
1408661871|10.812
1408661891|10.812
1408661911|10.75
1408661931|10.812
1408661951|10.75
1408661971|10.75
1408661992|10.75
1408662012|10.75
1408662032|10.75
1408662052|10.75
1408662072|10.687
1408662092|10.687
1408662112|10.687
1408662132|10.687
1408662152|10.687
1408662172|10.687
1408662193|10.687
1408662213|10.687
1408662233|10.687
1408662253|10.687
1408662273|10.687
1408662293|10.687
1408662313|10.687
1408662333|10.687
1408662353|10.687
1408662374|10.687
1408662394|10.687
1408662414|10.687
1408662434|10.687
1408662454|10.687
1408662475|10.687
1408662495|10.687
1408662515|10.687
1408662535|10.687
1408662555|10.687
1408662575|10.687
1408662595|10.687
1408662615|10.687
1408662635|10.687
1408662655|10.687
1408662676|10.687
1408662696|10.687
1408662716|10.687
1408662736|10.687
1408662756|10.687
1408662776|10.687
1408662796|10.687
1408662816|10.687
1408662836|10.625
1408662856|10.625
1408662877|10.625
1408662897|10.625
1408662917|10.625
1408662937|10.625
1408662957|10.625
1408662977|10.625
1408662997|10.625
1408663018|10.625
1408663038|10.625
1408663060|10.625
1408663080|10.625
1408663100|10.625
1408663120|10.625
1408663140|10.625
1408663161|10.625
1408663181|10.625
1408663201|10.625
1408663221|10.625
1408663241|10.625
1408663261|10.562
1408663281|10.625
1408663301|10.625
1408663321|10.562
1408663341|10.625
1408663362|10.562
1408663382|10.625
1408663402|10.625
1408663422|10.625
1408663442|10.562
1408663462|10.562
1408663482|10.562
1408663502|10.562
1408663522|10.562
1408663543|10.562
1408663563|10.562
1408663583|10.562
1408663603|10.562
1408663623|10.5
1408663643|10.5
1408663663|10.562
1408663683|10.5
1408663704|10.5
1408663724|10.5
1408663744|10.5
1408663764|10.562
1408663784|10.562
1408663805|10.562
1408663825|10.5
1408663845|10.562
1408663865|10.562
1408663885|10.562
1408663905|10.562
1408663925|10.562
1408663945|10.5
1408663965|10.5
1408663985|10.562
1408664005|10.562
1408664026|10.562
1408664046|10.5
1408664066|10.5
1408664086|10.5
1408664106|10.5
1408664126|10.5
1408664146|10.5
1408664166|10.5
1408664186|10.5
1408664206|10.5
1408664227|10.5
1408664247|10.5
1408664267|10.5
1408664287|10.5
1408664307|10.5
1408664327|10.5
1408664348|10.5
1408664369|10.5
1408664389|10.5
1408664409|10.437
1408664429|10.437
1408664449|10.437
1408664469|10.437
1408664489|10.437
1408664509|10.5
1408664530|10.437
1408664550|10.437
1408664570|10.437
1408664590|10.437
1408664610|10.437
1408664630|10.437
1408664650|10.437
1408664670|10.437
1408664690|10.437
1408664710|10.437
1408664731|10.437
1408664751|10.437
1408664771|10.437
1408664791|10.437
1408664811|10.437
1408664831|10.437
1408664851|10.437
1408664871|10.437
1408664891|10.437
1408664912|10.437
1408664932|10.437
1408664952|10.375
1408664972|10.375
1408664992|10.375
1408665013|10.375
1408665033|10.375
1408665053|10.375
1408665073|10.375
1408665093|10.375
1408665114|10.375
1408665134|10.375
1408665154|10.375
1408665174|10.312
1408665194|10.312
1408665214|10.312
1408665234|10.312
1408665255|10.375
1408665275|10.375
1408665295|10.375
1408665315|10.312
1408665335|10.375
1408665355|10.375
1408665375|10.375
1408665395|10.375
1408665415|10.375
1408665435|10.375
1408665456|10.375
1408665476|10.375
1408665496|10.375
1408665516|10.375
1408665536|10.375
1408665556|10.312
1408665576|10.375
1408665596|10.375
1408665616|10.375
1408665637|10.375
1408665657|10.375
1408665677|10.375
1408665697|10.375
1408665717|10.375
1408665737|10.375
1408665758|10.375
1408665778|10.375
1408665798|10.375
1408665818|10.375
1408665839|10.375
1408665859|10.375
1408665879|10.375
1408665899|10.437
1408665919|10.437
1408665940|10.375
1408665960|10.375
1408665980|10.375
1408666000|10.375
1408666020|10.375
1408666041|10.375
1408666061|10.375
1408666081|10.375
1408666101|10.375
1408666122|10.375
1408666142|10.375
1408666162|10.375
1408666182|10.375
1408666202|10.375
1408666222|10.375
1408666242|10.375
1408666262|10.375
1408666284|10.375
1408666304|10.375
1408666324|10.375
1408666344|10.375
1408666364|10.437
1408666384|10.437
1408666404|10.437
1408666425|10.437
1408666445|10.437
1408666465|10.437
1408666485|10.437
1408666505|10.437
1408666525|10.437
1408666545|10.437
1408666565|10.437
1408666586|10.437
1408666606|10.5
1408666626|10.5
1408666647|10.5
1408666667|10.5
1408666688|10.5
1408666708|10.5
1408666728|10.5
1408666748|10.5
1408666768|10.5
1408666789|10.5
1408666809|10.5
1408666829|10.5
1408666849|10.5
1408666869|10.437
1408666889|10.5
1408666909|10.437
1408666929|10.437
1408666949|10.437
1408666969|10.437
1408666990|10.437
1408667010|10.5
1408667030|10.437
1408667050|10.437
1408667070|10.437
1408667090|10.437
1408667110|10.437
1408667130|10.437
1408667150|10.437
1408667170|10.437
1408667191|10.437
1408667211|10.437
1408667231|10.5
1408667251|10.5
1408667271|10.437
1408667291|10.5
1408667312|10.437
1408667332|10.437
1408667352|10.437
1408667372|10.437
1408667392|10.5
1408667413|10.5
1408667433|10.437
1408667454|10.5
1408667474|10.437
1408667494|10.437
1408667514|10.437
1408667534|10.437
1408667554|10.437
1408667574|10.437
1408667595|10.437
1408667615|10.437
1408667635|10.437
1408667655|10.437
1408667675|10.437
1408667695|10.437
1408667715|10.437
1408667735|10.437
1408667755|10.437
1408667775|10.437
1408667796|10.437
1408667816|10.437
1408667836|10.437
1408667856|10.437
1408667876|10.375
1408667896|10.375
1408667916|10.375
1408667936|10.375
1408667956|10.375
1408667977|10.375
1408667997|10.375
1408668017|10.375
1408668037|10.375
1408668057|10.375
1408668078|10.375
1408668098|10.375
1408668118|10.375
1408668138|10.375
1408668158|10.375
1408668178|10.375
1408668199|10.375
1408668219|10.375
1408668239|10.375
1408668259|10.375
1408668280|10.375
1408668300|10.375
1408668320|10.375
1408668340|10.375
1408668360|10.375
1408668381|10.375
1408668401|10.375
1408668421|10.437
1408668441|10.437
1408668461|10.437
1408668481|10.437
1408668501|10.437
1408668521|10.375
1408668541|10.375
1408668561|10.375
1408668582|10.375
1408668602|10.375
1408668622|10.375
1408668642|10.437
1408668662|10.375
1408668682|10.375
1408668702|10.375
1408668722|10.375
1408668742|10.375
1408668765|10.375
1408668785|10.375
1408668805|10.375
1408668825|10.375
1408668845|10.375
1408668865|10.375
1408668885|10.375
1408668905|10.375
1408668925|10.375
1408668946|10.375
1408668966|10.375
1408668986|10.375
1408669006|10.375
1408669027|10.375
1408669047|10.375
1408669067|10.375
1408669087|10.375
1408669107|10.375
1408669127|10.375
1408669147|10.375
1408669167|10.375
1408669187|10.312
1408669208|10.375
1408669228|10.375
1408669248|10.375
1408669268|10.375
1408669288|10.375
1408669308|10.375
1408669328|10.375
1408669348|10.375
1408669368|10.375
1408669388|10.375
1408669409|10.375
1408669429|10.375
1408669449|10.375
1408669469|10.375
1408669489|10.375
1408669509|10.437
1408669529|10.437
1408669549|10.437
1408669569|10.437
1408669590|10.375
1408669610|10.375
1408669630|10.375
1408669650|10.437
1408669671|10.375
1408669691|10.375
1408669711|10.437
1408669731|10.437
1408669751|10.375
1408669771|10.375
1408669791|10.375
1408669811|10.437
1408669831|10.375
1408669851|10.375
1408669872|10.375
1408669892|10.375
1408669912|10.375
1408669932|10.375
1408669952|10.375
1408669972|10.375
1408669992|10.375
1408670012|10.375
1408670032|10.375
1408670053|10.375
1408670073|10.375
1408670093|10.375
1408670113|10.375
1408670133|10.375
1408670154|10.375
1408670174|10.375
1408670194|10.375
1408670214|10.375
1408670234|10.375
1408670254|10.375
1408670274|10.375
1408670295|10.375
1408670315|10.375
1408670335|10.375
1408670355|10.375
1408670376|10.375
1408670396|10.375
1408670416|10.375
1408670436|10.375
1408670456|10.375
1408670477|10.375
1408670497|10.375
1408670517|10.375
1408670537|10.375
1408670557|10.375
1408670577|10.312
1408670597|10.312
1408670617|10.375
1408670637|10.375
1408670657|10.312
1408670678|10.312
1408670698|10.375
1408670718|10.375
1408670738|10.375
1408670758|10.375
1408670778|10.375
1408670798|10.375
1408670818|10.375
1408670838|10.375
1408670858|10.375
1408670878|10.375
1408670899|10.375
1408670919|10.375
1408670939|10.375
1408670959|10.375
1408670979|10.375
1408671000|10.375
1408671020|10.375
1408671040|10.375
1408671060|10.375
1408671080|10.375
1408671100|10.375
1408671120|10.375
1408671141|10.375
1408671161|10.375
1408671181|10.437
1408671201|10.437
1408671221|10.437
1408671241|10.437
1408671261|10.437
1408671281|10.437
1408671301|10.437
1408671321|10.437
1408671341|10.437
1408671362|10.437
1408671382|10.437
1408671402|10.437
1408671422|10.437
1408671442|10.437
1408671462|10.437
1408671482|10.437
1408671503|10.437
1408671523|10.437
1408671543|10.437
1408671563|10.437
1408671583|10.437
1408671603|10.437
1408671623|10.437
1408671644|10.437
1408671664|10.437
1408671686|10.437
1408671706|10.437
1408671726|10.437
1408671746|10.437
1408671767|10.437
1408671787|10.437
1408671807|10.437
1408671827|10.5
1408671847|10.437
1408671867|10.437
1408671887|10.437
1408671907|10.437
1408671927|10.437
1408671947|10.437
1408671968|10.437
1408671988|10.437
1408672008|10.5
1408672028|10.437
1408672048|10.437
1408672068|10.437
1408672088|10.437
1408672108|10.5
1408672128|10.5
1408672148|10.437
1408672169|10.5
1408672189|10.437
1408672209|10.437
1408672229|10.437
1408672249|10.437
1408672269|10.437
1408672290|10.437
1408672310|10.437
1408672330|10.437
1408672350|10.437
1408672370|10.437
1408672391|10.437
1408672411|10.437
1408672431|10.437
1408672451|10.437
1408672471|10.5
1408672491|10.437
1408672511|10.437
1408672531|10.437
1408672551|10.5
1408672572|10.437
1408672592|10.437
1408672612|10.437
1408672632|10.375
1408672652|10.437
1408672672|10.437
1408672692|10.437
1408672712|10.437
1408672732|10.437
1408672752|10.437
1408672773|10.437
1408672793|10.437
1408672813|10.5
1408672833|10.5
1408672853|10.5
1408672873|10.5
1408672893|10.5
1408672913|10.5
1408672933|10.5
1408672954|10.5
1408672974|10.5
1408672994|10.5
1408673015|10.5
1408673035|10.5
1408673056|10.5
1408673076|10.5
1408673096|10.5
1408673116|10.5
1408673136|10.5
1408673156|10.562
1408673176|10.562
1408673196|10.5
1408673216|10.5
1408673236|10.562
1408673256|10.5
1408673277|10.5
1408673298|10.5
1408673318|10.562
1408673338|10.562
1408673358|10.562
1408673378|10.562
1408673398|10.562
1408673418|10.562
1408673438|10.562
1408673459|10.625
1408673479|10.562
1408673499|10.562
1408673519|10.562
1408673540|10.625
1408673560|10.562
1408673580|10.562
1408673600|10.625
1408673622|10.562
1408673642|10.562
1408673662|10.562
1408673682|10.625
1408673703|10.625
1408673723|10.625
1408673743|10.562
1408673764|10.625
1408673784|10.625
1408673804|10.625
1408673824|10.562
1408673844|10.625
1408673864|10.625
1408673884|10.562
1408673904|10.625
1408673924|10.625
1408673945|10.625
1408673965|10.625
1408673985|10.562
1408674005|10.625
1408674025|10.625
1408674045|10.625
1408674066|10.562
1408674086|10.625
1408674106|10.625
1408674126|10.625
1408674146|10.625
1408674166|10.625
1408674186|10.625
1408674207|10.625
1408674227|10.625
1408674247|10.625
1408674267|10.625
1408674287|10.625
1408674307|10.625
1408674327|10.625
1408674347|10.625
1408674367|10.625
1408674387|10.625
1408674408|10.625
1408674428|10.625
1408674448|10.625
1408674468|10.625
1408674488|10.625
1408674508|10.625
1408674528|10.625
1408674549|10.625
1408674569|10.625
1408674589|10.625
1408674609|10.625
1408674629|10.625
1408674649|10.625
1408674669|10.625
1408674690|10.625
1408674710|10.625
1408674730|10.625
1408674750|10.625
1408674770|10.625
1408674791|10.625
1408674811|10.625
1408674831|10.625
1408674851|10.625
1408674871|10.625
1408674891|10.625
1408674911|10.562
1408674931|10.625
1408674951|10.625
1408674972|10.562
1408674992|10.625
1408675012|10.625
1408675032|10.625
1408675052|10.562
1408675072|10.562
1408675092|10.562
1408675112|10.562
1408675132|10.562
1408675152|10.562
1408675173|10.562
1408675193|10.562
1408675213|10.562
1408675233|10.562
1408675253|10.562
1408675273|10.562
1408675293|10.562
1408675313|10.562
1408675334|10.562
1408675354|10.562
1408675374|10.625
1408675394|10.562
1408675414|10.562
1408675434|10.562
1408675455|10.562
1408675475|10.562
1408675495|10.562
1408675515|10.562
1408675535|10.562
1408675555|10.562
1408675575|10.562
1408675595|10.562
1408675615|10.562
1408675635|10.562
1408675656|10.562
1408675676|10.562
1408675696|10.562
1408675716|10.562
1408675736|10.562
1408675756|10.562
1408675776|10.562
1408675796|10.562
1408675816|10.562
1408675836|10.562
1408675857|10.562
1408675877|10.562
1408675897|10.562
1408675917|10.562
1408675937|10.562
1408675958|10.562
1408675978|10.562
1408675998|10.562
1408676018|10.562
1408676038|10.562
1408676058|10.562
1408676079|10.562
1408676099|10.5
1408676119|10.562
1408676139|10.5
1408676159|10.562
1408676179|10.562
1408676199|10.562
1408676219|10.5
1408676239|10.562
1408676259|10.562
1408676280|10.5
1408676300|10.562
1408676320|10.562
1408676340|10.562
1408676360|10.562
1408676380|10.562
1408676400|10.562
1408676420|10.5
1408676440|10.5
1408676460|10.562
1408676481|10.562
1408676501|10.562
1408676521|10.562
1408676541|10.562
1408676561|10.562
1408676581|10.562
1408676601|10.562
1408676622|10.562
1408676642|10.562
1408676662|10.562
1408676682|10.562
1408676702|10.562
1408676723|10.562
1408676743|10.562
1408676763|10.562
1408676783|10.562
1408676803|10.562
1408676823|10.562
1408676843|10.562
1408676863|10.562
1408676883|10.562
1408676903|10.562
1408676924|10.625
1408676944|10.625
1408676964|10.625
1408676984|10.625
1408677004|10.625
1408677024|10.625
1408677044|10.625
1408677064|10.562
1408677084|10.562
1408677104|10.562
1408677125|10.562
1408677145|10.562
1408677165|10.625
1408677185|10.625
1408677205|10.625
1408677225|10.625
1408677245|10.625
1408677266|10.625
1408677286|10.625
1408677306|10.625
1408677326|10.625
1408677346|10.625
1408677366|10.562
1408677386|10.625
1408677407|10.625
1408677427|10.625
1408677447|10.625
1408677467|10.625
1408677487|10.625
1408677508|10.625
1408677528|10.625
1408677549|10.625
1408677569|10.625
1408677589|10.625
1408677609|10.625
1408677629|10.625
1408677649|10.625
1408677669|10.625
1408677689|10.625
1408677709|10.625
1408677730|10.687
1408677750|10.625
1408677770|10.687
1408677790|10.687
1408677810|10.687
1408677830|10.687
1408677850|10.625
1408677870|10.687
1408677890|10.687
1408677910|10.687
1408677931|10.687
1408677951|10.687
1408677971|10.687
1408677991|10.687
1408678011|10.687
1408678031|10.687
1408678052|10.687
1408678072|10.687
1408678092|10.687
1408678112|10.687
1408678132|10.687
1408678152|10.687
1408678172|10.687
1408678192|10.687
1408678213|10.687
1408678234|10.687
1408678254|10.687
1408678274|10.687
1408678294|10.75
1408678314|10.75
1408678334|10.75
1408678354|10.75
1408678374|10.75
1408678395|10.75
1408678415|10.687
1408678435|10.75
1408678455|10.687
1408678475|10.687
1408678495|10.75
1408678515|10.75
1408678535|10.687
1408678555|10.75
1408678575|10.75
1408678595|10.75
1408678616|10.687
1408678636|10.75
1408678656|10.75
1408678676|10.75
1408678696|10.75
1408678716|10.75
1408678737|10.75
1408678757|10.75
1408678777|10.75
1408678797|10.75
1408678817|10.75
1408678837|10.812
1408678857|10.812
1408678878|10.812
1408678898|10.812
1408678919|10.812
1408678939|10.812
1408678959|10.812
1408678979|10.812
1408678999|10.812
1408679019|10.812
1408679039|10.812
1408679059|10.812
1408679079|10.812
1408679100|10.812
1408679120|10.812
1408679140|10.812
1408679160|10.875
1408679180|10.812
1408679200|10.875
1408679220|10.875
1408679240|10.875
1408679260|10.875
1408679280|10.875
1408679300|10.875
1408679321|10.875
1408679341|10.875
1408679361|10.875
1408679381|10.875
1408679401|10.937
1408679421|10.937
1408679442|10.937
1408679462|10.937
1408679482|10.937
1408679502|10.937
1408679522|10.875
1408679542|10.937
1408679562|10.937
1408679583|10.937
1408679603|10.937
1408679623|10.937
1408679643|10.937
1408679663|10.937
1408679683|11.0
1408679703|11.0
1408679723|11.0
1408679743|11.0
1408679763|11.0
1408679783|11.062
1408679804|11.0
1408679824|11.062
1408679844|11.062
1408679864|11.062
1408679884|11.062
1408679904|11.062
1408679924|11.062
1408679944|11.062
1408679964|11.062
1408679985|11.062
1408680005|11.125
1408680025|11.125
1408680045|11.125
1408680065|11.125
1408680086|11.187
1408680106|11.187
1408680126|11.187
1408680146|11.187
1408680166|11.187
1408680186|11.187
1408680206|11.187
1408680226|11.187
1408680246|11.25
1408680267|11.25
1408680287|11.25
1408680307|11.25
1408680327|11.25
1408680347|11.25
1408680367|11.25
1408680387|11.25
1408680407|11.25
1408680427|11.25
1408680447|11.25
1408680467|11.312
1408680488|11.312
1408680508|11.312
1408680528|11.312
1408680548|11.312
1408680569|11.312
1408680589|11.312
1408680609|11.312
1408680629|11.312
1408680649|11.312
1408680669|11.375
1408680689|11.375
1408680710|11.375
1408680730|11.375
1408680750|11.375
1408680770|11.375
1408680791|11.375
1408680811|11.375
1408680831|11.375
1408680851|11.375
1408680871|11.375
1408680891|11.375
1408680911|11.375
1408680931|11.375
1408680951|11.375
1408680971|11.375
1408680992|11.375
1408681012|11.437
1408681032|11.437
1408681052|11.437
1408681072|11.437
1408681092|11.437
1408681112|11.437
1408681133|11.437
1408681153|11.437
1408681173|11.437
1408681193|11.437
1408681213|11.437
1408681233|11.437
1408681253|11.437
1408681273|11.5
1408681294|11.5
1408681314|11.5
1408681334|11.5
1408681354|11.5
1408681374|11.5
1408681394|11.5
1408681415|11.5
1408681435|11.5
1408681455|11.5
1408681475|11.5
1408681495|11.5
1408681515|11.562
1408681535|11.562
1408681556|11.562
1408681576|11.562
1408681596|11.562
1408681616|11.562
1408681636|11.562
1408681656|11.562
1408681676|11.562
1408681696|11.562
1408681716|11.562
1408681736|11.562
1408681756|11.562
1408681777|11.562
1408681797|11.562
1408681817|11.562
1408681837|11.562
1408681857|11.562
1408681877|11.562
1408681897|11.562
1408681917|11.562
1408681937|11.562
1408681957|11.562
1408681978|11.625
1408681999|11.625
1408682019|11.562
1408682040|11.562
1408682061|11.625
1408682081|11.562
1408682101|11.562
1408682121|11.625
1408682141|11.625
1408682161|11.625
1408682181|11.625
1408682201|11.625
1408682221|11.625
1408682242|11.625
1408682262|11.687
1408682282|11.625
1408682302|11.687
1408682322|11.687
1408682342|11.687
1408682363|11.687
1408682383|11.687
1408682403|11.687
1408682423|11.687
1408682443|11.687
1408682463|11.687
1408682483|11.687
1408682503|11.687
1408682523|11.687
1408682543|11.687
1408682564|11.75
1408682584|11.687
1408682604|11.75
1408682624|11.75
1408682644|11.75
1408682664|11.75
1408682685|11.75
1408682705|11.75
1408682726|11.75
1408682746|11.75
1408682766|11.75
1408682786|11.75
1408682806|11.75
1408682826|11.75
1408682846|11.75
1408682866|11.75
1408682887|11.75
1408682907|11.75
1408682927|11.75
1408682947|11.75
1408682967|11.75
1408682988|11.75
1408683008|11.75
1408683028|11.812
1408683048|11.812
1408683068|11.812
1408683088|11.812
1408683109|11.812
1408683129|11.812
1408683149|11.812
1408683169|11.812
1408683189|11.812
1408683209|11.812
1408683229|11.875
1408683249|11.875
1408683269|11.875
1408683289|11.875
1408683309|11.875
1408683330|11.875
1408683350|11.875
1408683370|11.875
1408683390|11.875
1408683410|11.875
1408683430|11.875
1408683450|11.875
1408683470|11.875
1408683490|11.875
1408683510|11.875
1408683531|11.875
1408683551|11.875
1408683571|11.875
1408683591|11.875
1408683611|11.875
1408683631|11.937
1408683652|11.875
1408683672|11.937
1408683692|11.875
1408683712|11.937
1408683732|11.937
1408683752|11.937
1408683773|11.937
1408683793|11.937
1408683813|11.937
1408683833|12.0
1408683853|12.0
1408683873|12.0
1408683893|12.0
1408683913|12.0
1408683933|12.062
1408683953|12.062
1408683974|12.062
1408683994|12.062
1408684014|12.062
1408684034|12.062
1408684054|12.125
1408684074|12.125
1408684094|12.125
1408684114|12.125
1408684134|12.187
1408684154|12.187
1408684174|12.187
1408684195|12.187
1408684215|12.187
1408684235|12.187
1408684255|12.25
1408684275|12.25
1408684295|12.25
1408684316|12.25
1408684336|12.312
1408684356|12.312
1408684376|12.312
1408684397|12.312
1408684417|12.312
1408684437|12.375
1408684457|12.375
1408684477|12.437
1408684497|12.375
1408684517|12.375
1408684537|12.375
1408684558|12.375
1408684578|12.375
1408684598|12.375
1408684618|12.375
1408684638|12.437
1408684658|12.437
1408684678|12.437
1408684698|12.5
1408684718|12.437
1408684738|12.437
1408684759|12.5
1408684780|12.5
1408684800|12.562
1408684820|12.5
1408684840|12.5
1408684861|12.562
1408684881|12.562
1408684901|12.562
1408684921|12.562
1408684941|12.562
1408684961|12.625
1408684981|12.562
1408685001|12.625
1408685021|12.625
1408685041|12.625
1408685062|12.625
1408685082|12.625
1408685102|12.687
1408685122|12.687
1408685143|12.687
1408685163|12.687
1408685184|12.687
1408685204|12.687
1408685224|12.687
1408685244|12.75
1408685264|12.75
1408685284|12.75
1408685304|12.75
1408685324|12.75
1408685345|12.75
1408685365|12.75
1408685385|12.75
1408685405|12.75
1408685425|12.75
1408685445|12.75
1408685465|12.75
1408685485|12.812
1408685505|12.812
1408685525|12.812
1408685545|12.812
1408685566|12.875
1408685586|12.875
1408685606|12.875
1408685626|12.875
1408685646|12.937
1408685666|12.937
1408685686|12.937
1408685706|12.937
1408685727|12.937
1408685747|12.937
1408685767|12.937
1408685787|12.937
1408685807|13.0
1408685827|13.0
1408685847|13.0
1408685868|13.062
1408685888|13.062
1408685908|13.062
1408685928|13.125
1408685948|13.062
1408685968|13.125
1408685988|13.125
1408686008|13.125
1408686028|13.125
1408686048|13.125
1408686069|13.187
1408686089|13.187
1408686109|13.187
1408686129|13.187
1408686149|13.187
1408686169|13.25
1408686189|13.25
1408686209|13.25
1408686229|13.312
1408686249|13.25
1408686270|13.312
1408686290|13.312
1408686310|13.375
1408686330|13.375
1408686351|13.375
1408686371|13.375
1408686391|13.375
1408686411|13.437
1408686431|13.437
1408686451|13.437
1408686471|13.437
1408686492|13.437
1408686512|13.437
1408686532|13.437
1408686552|13.437
1408686572|13.437
1408686592|13.5
1408686612|13.5
1408686633|13.5
1408686653|13.5
1408686673|13.5
1408686693|13.562
1408686713|13.562
1408686733|13.562
1408686753|13.562
1408686774|13.562
1408686794|13.562
1408686814|13.562
1408686834|13.625
1408686854|13.562
1408686874|13.562
1408686894|13.625
1408686914|13.562
1408686934|13.625
1408686954|13.562
1408686974|13.562
1408686995|13.562
1408687015|13.562
1408687035|13.562
1408687055|13.562
1408687076|13.562
1408687096|13.562
1408687117|13.562
1408687137|13.562
1408687157|13.562
1408687177|13.562
1408687197|13.562
1408687217|13.562
1408687237|13.562
1408687257|13.562
1408687277|13.562
1408687298|13.562
1408687318|13.562
1408687338|13.562
1408687358|13.562
1408687378|13.562
1408687398|13.562
1408687418|13.562
1408687438|13.562
1408687458|13.562
1408687478|13.562
1408687499|13.562
1408687519|13.562
1408687539|13.625
1408687559|13.625
1408687579|13.625
1408687599|13.625
1408687619|13.625
1408687639|13.625
1408687660|13.625
1408687680|13.625
1408687700|13.625
1408687720|13.625
1408687740|13.625
1408687761|13.625
1408687781|13.625
1408687801|13.625
1408687821|13.625
1408687841|13.625
1408687861|13.625
1408687881|13.687
1408687902|13.687
1408687922|13.687
1408687942|13.687
1408687962|13.75
1408687982|13.75
1408688002|13.812
1408688023|13.875
1408688043|13.875
1408688063|13.937
1408688083|13.937
1408688103|14.0
1408688123|14.0
1408688143|14.0
1408688163|14.125
1408688183|14.25
1408688203|14.25
1408688224|14.312
1408688244|14.375
1408688264|14.375
1408688284|14.437
1408688304|14.5
1408688324|14.562
1408688345|14.562
1408688365|14.625
1408688385|14.687
1408688405|14.687
1408688425|14.75
1408688445|14.75
1408688465|14.812
1408688486|14.875
1408688506|14.937
1408688526|14.937
1408688546|14.937
1408688566|15.0
1408688586|15.0
1408688606|15.062
1408688626|15.062
1408688646|15.125
1408688667|15.187
1408688687|15.25
1408688707|15.312
1408688727|15.312
1408688750|15.312
1408688770|15.312
1408688790|15.312
1408688810|15.375
1408688830|15.375
1408688850|15.437
1408688870|15.5
1408688890|15.562
1408688910|15.562
1408688931|15.625
1408688951|15.625
1408688971|15.687
1408688991|15.687
1408689011|15.687
1408689031|15.75
1408689051|15.812
1408689071|15.812
1408689091|15.875
1408689111|15.937
1408689131|15.937
1408689152|15.937
1408689172|16.0
1408689192|16.0
1408689213|16.062
1408689233|16.125
1408689253|16.187
1408689273|16.312
1408689293|16.312
1408689313|16.375
1408689334|16.437
1408689354|16.437
1408689374|16.437
1408689394|16.5
1408689414|16.5
1408689434|16.5
1408689454|16.562
1408689474|16.562
1408689494|16.625
1408689515|16.625
1408689535|16.687
1408689555|16.687
1408689575|16.75
1408689595|16.875
1408689615|16.937
1408689635|17.0
1408689655|17.062
1408689675|17.125
1408689695|17.25
1408689716|17.25
1408689736|17.187
1408689756|17.125
1408689776|17.125
1408689796|17.125
1408689816|17.25
1408689836|17.25
1408689856|17.312
1408689877|17.312
1408689897|17.25
1408689917|17.312
1408689937|17.375
1408689957|17.437
1408689978|17.5
1408689998|17.562
1408690018|17.625
1408690039|17.625
1408690059|17.687
1408690079|17.625
1408690099|17.562
1408690119|17.562
1408690139|17.625
1408690159|17.687
1408690179|17.75
1408690199|17.875
1408690219|17.875
1408690240|17.875
1408690260|17.875
1408690280|17.875
1408690300|18.0
1408690320|18.0
1408690340|18.0
1408690360|18.062
1408690380|18.125
1408690400|18.125
1408690420|18.25
1408690441|18.375
1408690461|18.437
1408690481|18.562
1408690501|18.625
1408690521|18.687
1408690541|18.687
1408690561|18.625
1408690582|18.625
1408690602|18.562
1408690622|18.562
1408690642|18.5
1408690662|18.562
1408690682|18.562
1408690702|18.562
1408690723|18.562
1408690743|18.5
1408690763|18.5
1408690783|18.562
1408690803|18.687
1408690823|18.75
1408690844|18.687
1408690864|18.75
1408690884|18.812
1408690904|18.812
1408690925|18.937
1408690945|19.0
1408690966|19.0
1408690986|19.0
1408691006|19.062
1408691026|19.0
1408691046|19.0
1408691066|18.937
1408691086|19.0
1408691106|19.0
1408691127|19.0
1408691147|19.062
1408691167|19.062
1408691187|19.125
1408691207|19.062
1408691228|19.062
1408691248|19.0
1408691268|18.937
1408691288|18.937
1408691308|18.875
1408691328|18.875
1408691348|18.875
1408691369|18.937
1408691389|18.875
1408691409|18.875
1408691429|18.937
1408691449|18.937
1408691470|19.062
1408691490|19.187
1408691510|19.312
1408691530|19.375
1408691550|19.437
1408691570|19.562
1408691590|19.625
1408691610|19.625
1408691630|19.562
1408691651|19.625
1408691671|19.625
1408691691|19.687
1408691711|19.687
1408691731|19.625
1408691751|19.687
1408691771|19.75
1408691791|19.75
1408691811|19.875
1408691831|20.0
1408691851|20.062
1408691872|20.125
1408691892|20.187
1408691912|20.25
1408691932|20.312
1408691952|20.375
1408691972|20.375
1408691992|20.375
1408692013|20.312
1408692033|20.25
1408692053|20.25
1408692073|20.187
1408692094|20.25
1408692114|20.312
1408692134|20.375
1408692154|20.437
1408692174|20.5
1408692194|20.562
1408692214|20.687
1408692235|20.75
1408692255|20.812
1408692275|20.812
1408692295|20.812
1408692315|20.937
1408692335|21.0
1408692355|21.062
1408692375|21.125
1408692395|21.187
1408692415|21.25
1408692435|21.187
1408692456|21.125
1408692476|21.125
1408692496|21.187
1408692516|21.25
1408692536|21.312
1408692556|21.437
1408692576|21.5
1408692596|21.562
1408692616|21.687
1408692636|21.687
1408692657|21.75
1408692677|21.812
1408692697|21.812
1408692717|21.812
1408692738|21.937
1408692758|21.937
1408692778|22.0
1408692798|22.062
1408692818|22.125
1408692838|22.187
1408692858|22.25
1408692878|22.25
1408692898|22.25
1408692919|22.312
1408692939|22.25
1408692959|22.312
1408692979|22.312
1408692999|22.187
1408693019|22.125
1408693039|22.125
1408693059|22.062
1408693079|22.0
1408693099|21.937
1408693119|21.812
1408693140|21.812
1408693160|21.75
1408693180|21.812
1408693200|21.812
1408693220|21.875
1408693240|21.812
1408693260|21.75
1408693280|21.75
1408693301|21.812
1408693321|21.812
1408693341|21.875
1408693361|21.937
1408693381|22.0
1408693402|21.937
1408693422|21.937
1408693442|21.937
1408693462|21.937
1408693482|21.937
1408693502|21.937
1408693522|22.062
1408693542|22.125
1408693562|22.125
1408693584|22.125
1408693604|22.125
1408693624|22.125
1408693644|22.062
1408693664|22.125
1408693684|22.187
1408693704|22.187
1408693724|22.125
1408693744|22.187
1408693765|22.187
1408693785|22.187
1408693805|22.125
1408693825|22.0
1408693845|21.937
1408693865|21.875
1408693885|21.875
1408693905|21.937
1408693925|22.0
1408693945|22.062
1408693965|22.187
1408693986|22.25
1408694006|22.312
1408694026|22.437
1408694046|22.5
1408694067|22.625
1408694087|22.75
1408694107|22.812
1408694127|22.937
1408694147|23.0
1408694167|23.062
1408694188|23.062
1408694208|23.125
1408694228|23.187
1408694248|23.187
1408694268|23.187
1408694288|23.25
1408694308|23.25
1408694329|23.375
1408694349|23.375
1408694369|23.5
1408694389|23.562
1408694409|23.437
1408694429|23.437
1408694449|23.5
1408694469|23.562
1408694489|23.562
1408694509|23.562
1408694529|23.562
1408694550|23.562
1408694570|23.562
1408694590|23.562
1408694610|23.625
1408694630|23.625
1408694650|23.687
1408694670|23.687
1408694691|23.687
1408694711|23.625
1408694731|23.687
1408694751|23.75
1408694771|23.812
1408694791|23.75
1408694812|23.812
1408694832|23.812
1408694852|23.875
1408694872|23.875
1408694892|23.937
1408694912|23.875
1408694932|23.875
1408694954|23.687
1408694975|23.625
1408694995|23.687
1408695015|23.687
1408695035|23.687
1408695055|23.687
1408695075|23.812
1408695095|23.812
1408695115|23.875
1408695135|23.937
1408695155|23.937
1408695176|24.062
1408695196|24.125
1408695216|24.187
1408695236|24.25
1408695256|24.25
1408695276|24.312
1408695296|24.375
1408695316|24.437
1408695336|24.5
1408695356|24.5
1408695377|24.562
1408695397|24.562
1408695417|24.625
1408695437|24.625
1408695457|24.625
1408695477|24.437
1408695497|24.25
1408695518|24.25
1408695539|24.25
1408695559|24.25
1408695579|24.312
1408695599|24.187
1408695619|24.187
1408695639|24.187
1408695660|24.25
1408695680|24.25
1408695700|24.312
1408695720|24.375
1408695740|24.437
1408695760|24.437
1408695780|24.5
1408695800|24.5
1408695820|24.5
1408695840|24.312
1408695861|24.25
1408695881|24.25
1408695901|24.25
1408695921|24.25
1408695941|24.25
1408695961|24.312
1408695981|24.375
1408696001|24.375
1408696021|24.187
1408696041|24.187
1408696062|24.125
1408696082|24.125
1408696102|24.062
1408696122|24.0
1408696142|23.875
1408696162|23.875
1408696183|23.875
1408696203|23.625
1408696223|23.625
1408696243|23.187
1408696263|23.062
1408696284|22.812
1408696304|22.687
1408696324|22.687
1408696344|22.625
1408696365|22.625
1408696385|22.687
1408696405|22.75
1408696425|22.75
1408696446|22.812
1408696466|23.0
1408696486|23.0
1408696506|22.812
1408696526|22.687
1408696547|22.5
1408696567|22.562
1408696587|22.625
1408696607|22.5
1408696627|22.375
1408696647|22.375
1408696667|22.562
1408696687|22.625
1408696707|22.625
1408696727|22.812
1408696747|22.812
1408696768|22.937
1408696788|22.875
1408696808|22.875
1408696828|22.937
1408696848|23.0
1408696868|23.125
1408696888|23.125
1408696909|23.25
1408696929|23.312
1408696949|23.375
1408696969|23.25
1408696989|23.187
1408697011|23.062
1408697031|23.0
1408697051|23.062
1408697071|22.875
1408697092|22.875
1408697112|22.875
1408697132|22.812
1408697152|22.812
1408697172|22.75
1408697192|22.562
1408697212|22.562
1408697233|22.437
1408697253|22.375
1408697273|22.437
1408697293|22.375
1408697313|22.312
1408697333|22.125
1408697353|22.125
1408697373|22.125
1408697393|21.875
1408697413|21.875
1408697434|22.0
1408697454|22.062
1408697474|22.0
1408697494|22.0
1408697514|22.062
1408697534|22.25
1408697554|22.312
1408697574|22.437
1408697594|22.562
1408697615|22.5
1408697635|22.562
1408697655|22.687
1408697675|22.812
1408697695|22.875
1408697716|22.812
1408697736|22.812
1408697756|22.875
1408697776|23.0
1408697796|23.125
1408697816|23.187
1408697836|23.187
1408697857|23.062
1408697877|23.0
1408697897|22.875
1408697917|22.875
1408697937|22.875
1408697957|22.937
1408697977|23.0
1408697997|23.0
1408698017|23.25
1408698037|23.375
1408698057|23.375
1408698078|23.437
1408698098|23.562
1408698118|23.562
1408698138|23.687
1408698158|23.812
1408698178|23.937
1408698198|24.062
1408698218|24.125
1408698238|24.25
1408698259|24.312
1408698279|24.375
1408698299|24.437
1408698319|24.375
1408698339|24.375
1408698360|24.375
1408698380|24.437
1408698400|24.5
1408698420|24.562
1408698440|24.562
1408698460|24.625
1408698481|24.75
1408698501|24.75
1408698521|24.812
1408698542|24.875
1408698562|24.937
1408698582|25.0
1408698602|25.062
1408698622|25.125
1408698642|25.125
1408698662|25.187
1408698682|25.25
1408698702|25.312
1408698723|25.375
1408698743|25.375
1408698763|25.5
1408698783|25.562
1408698803|25.625
1408698823|25.562
1408698843|25.562
1408698863|25.562
1408698883|25.562
1408698903|25.562
1408698924|25.562
1408698944|25.562
1408698964|25.562
1408698984|25.562
1408699004|25.562
1408699024|25.625
1408699045|25.687
1408699065|25.75
1408699086|25.687
1408699106|25.687
1408699126|25.625
1408699146|25.562
1408699167|25.562
1408699187|25.562
1408699207|25.437
1408699227|25.5
1408699247|25.5
1408699267|25.562
1408699287|25.625
1408699307|25.687
1408699327|25.75
1408699347|25.75
1408699368|25.687
1408699388|25.562
1408699408|25.5
1408699428|25.5
1408699448|25.5
1408699468|25.5
1408699488|25.562
1408699508|25.625
1408699528|25.687
1408699548|25.812
1408699569|25.875
1408699589|25.937
1408699609|26.0
1408699629|26.0
1408699649|26.062
1408699669|26.062
1408699689|26.062
1408699709|26.125
1408699730|26.125
1408699750|26.187
1408699770|26.187
1408699790|26.187
1408699810|26.187
1408699830|26.25
1408699850|26.25
1408699872|26.25
1408699893|26.312
1408699913|26.312
1408699933|26.375
1408699953|26.375
1408699973|26.375
1408699993|26.375
1408700013|26.437
1408700033|26.5
1408700053|26.562
1408700073|26.625
1408700094|26.625
1408700114|26.625
1408700134|26.687
1408700154|26.687
1408700174|26.687
1408700194|26.75
1408700214|26.75
1408700234|26.812
1408700254|26.875
1408700274|26.875
1408700295|26.875
1408700315|26.875
1408700335|26.937
1408700355|26.937
1408700375|26.937
1408700395|26.875
1408700416|26.875
1408700436|26.875
1408700456|26.812
1408700476|26.812
1408700496|26.75
1408700516|26.687
1408700537|26.687
1408700557|26.625
1408700577|26.625
1408700597|26.562
1408700617|26.5
1408700637|26.5
1408700657|26.437
1408700677|26.375
1408700697|26.312
1408700717|26.312
1408700737|26.312
1408700758|26.25
1408700778|26.25
1408700798|26.25
1408700818|26.187
1408700838|26.125
1408700858|26.187
1408700878|26.187
1408700898|26.187
1408700918|26.187
1408700938|26.187
1408700959|26.25
1408700979|26.25
1408700999|26.312
1408701019|26.375
1408701040|26.375
1408701060|26.437
1408701080|26.437
1408701100|26.5
1408701120|26.5
1408701140|26.562
1408701160|26.5
1408701180|26.5
1408701201|26.5
1408701221|26.437
1408701241|26.375
1408701261|26.312
1408701281|26.312
1408701301|26.25
1408701321|26.125
1408701341|26.062
1408701361|26.0
1408701381|25.937
1408701401|25.812
1408701422|25.75
1408701442|25.75
1408701462|25.75
1408701482|25.687
1408701502|25.75
1408701522|25.812
1408701542|25.812
1408701562|25.812
1408701582|25.812
1408701603|25.875
1408701623|25.937
1408701643|25.875
1408701663|25.75
1408701684|25.75
1408701704|25.75
1408701724|25.75
1408701744|25.812
1408701764|25.75
1408701784|25.687
1408701804|25.687
1408701824|25.687
1408701844|25.625
1408701864|25.625
1408701885|25.562
1408701905|25.437
1408701925|25.437
1408701945|25.25
1408701965|25.062
1408701985|24.937
1408702005|24.937
1408702025|24.875
1408702045|24.875
1408702065|24.812
1408702085|24.75
1408702106|24.75
1408702126|24.625
1408702146|24.625
1408702166|24.625
1408702186|24.625
1408702206|24.562
1408702226|24.625
1408702247|24.625
1408702267|24.687
1408702287|24.687
1408702307|24.687
1408702327|24.625
1408702347|24.625
1408702367|24.5
1408702388|24.312
1408702408|24.062
1408702428|23.812
1408702448|23.75
1408702468|23.687
1408702488|23.625
1408702508|23.625
1408702528|23.625
1408702548|23.687
1408702568|23.625
1408702589|23.562
1408702609|23.5
1408702629|23.437
1408702649|23.437
1408702669|23.437
1408702689|23.5
1408702710|23.625
1408702730|23.687
1408702750|23.687
1408702770|23.812
1408702790|23.875
1408702810|23.937
1408702830|24.0
1408702850|24.0
1408702871|24.0
1408702891|24.0
1408702911|24.0
1408702931|24.062
1408702951|24.062
1408702972|24.0
1408702992|24.0
1408703012|24.0
1408703032|24.0
1408703052|24.0
1408703072|24.0
1408703092|24.0
1408703112|24.0
1408703132|24.0
1408703153|24.062
1408703173|24.062
1408703193|24.125
1408703213|24.125
1408703233|24.187
1408703253|24.125
1408703273|24.187
1408703293|24.25
1408703313|24.25
1408703333|24.25
1408703354|24.312
1408703374|24.312
1408703394|24.312
1408703414|24.375
1408703434|24.375
1408703454|24.375
1408703474|24.375
1408703494|24.375
1408703514|24.375
1408703535|24.375
1408703555|24.375
1408703575|24.375
1408703595|24.375
1408703616|24.375
1408703636|24.375
1408703656|24.375
1408703676|24.312
1408703696|24.375
1408703716|24.375
1408703736|24.25
1408703756|24.25
1408703776|24.25
1408703797|24.25
1408703817|24.312
1408703837|24.25
1408703857|24.25
1408703877|24.312
1408703897|24.312
1408703917|24.312
1408703937|24.312
1408703957|24.312
1408703977|24.312
1408703998|24.312
1408704018|24.312
1408704038|24.312
1408704058|24.312
1408704078|24.312
1408704098|24.375
1408704118|24.375
1408704138|24.375
1408704159|24.375
1408704179|24.375
1408704199|24.375
1408704219|24.375
1408704239|24.375
1408704259|24.375
1408704280|24.312
1408704300|23.937
1408704320|23.75
1408704340|23.687
1408704360|23.562
1408704380|23.562
1408704400|23.5
1408704420|23.5
1408704440|23.437
1408704460|23.437
1408704481|23.437
1408704501|23.375
1408704521|23.312
1408704541|23.312
1408704561|23.375
1408704581|23.187
1408704601|23.125
1408704621|23.125
1408704641|23.125
1408704661|23.187
1408704681|23.187
1408704702|23.187
1408704722|23.25
1408704742|23.312
1408704762|23.312
1408704782|23.375
1408704802|23.375
1408704823|23.437
1408704843|23.437
1408704863|23.5
1408704883|23.5
1408704903|23.5
1408704923|23.437
1408704943|23.437
1408704964|23.437
1408704984|23.5
1408705004|23.5
1408705024|23.5
1408705044|23.5
1408705064|23.5
1408705084|23.5
1408705104|23.562
1408705124|23.562
1408705144|23.562
1408705164|23.625
1408705185|23.562
1408705205|23.562
1408705225|23.562
1408705245|23.562
1408705265|23.625
1408705285|23.625
1408705305|23.625
1408705325|23.687
1408705345|23.687
1408705365|23.687
1408705386|23.687
1408705406|23.687
1408705426|23.562
1408705446|23.5
1408705467|23.437
1408705487|23.375
1408705507|23.375
1408705527|23.375
1408705547|23.437
1408705567|23.437
1408705587|23.5
1408705608|23.562
1408705628|23.562
1408705648|23.625
1408705668|23.625
1408705688|23.687
1408705708|23.75
1408705728|23.812
1408705748|23.812
1408705768|23.875
1408705788|23.937
1408705808|23.937
1408705829|23.937
1408705849|24.0
1408705869|23.937
1408705889|23.937
1408705909|23.937
1408705929|24.0
1408705949|24.062
1408705969|24.062
1408705989|24.187
1408706009|24.187
1408706030|24.25
1408706050|24.25
1408706070|24.312
1408706091|24.375
1408706111|24.437
1408706131|24.5
1408706151|24.5
1408706171|24.5
1408706192|24.5
1408706212|24.562
1408706232|24.562
1408706252|24.625
1408706274|24.625
1408706294|24.687
1408706314|24.687
1408706334|24.687
1408706354|24.625
1408706374|24.687
1408706394|24.687
1408706414|24.75
1408706435|24.75
1408706455|24.75
1408706475|24.75
1408706495|24.75
1408706515|24.75
1408706535|24.75
1408706555|24.75
1408706575|24.812
1408706595|24.875
1408706615|24.875
1408706635|24.937
1408706656|25.0
1408706676|25.062
1408706696|25.125
1408706716|25.187
1408706736|25.25
1408706756|25.312
1408706776|25.312
1408706798|25.375
1408706818|25.437
1408706838|25.5
1408706858|25.5
1408706878|25.562
1408706898|25.625
1408706918|25.625
1408706938|25.75
1408706959|25.687
1408706979|25.687
1408706999|25.687
1408707019|25.75
1408707040|25.75
1408707060|25.75
1408707080|25.812
1408707100|25.75
1408707120|25.75
1408707140|25.75
1408707160|25.75
1408707180|25.75
1408707200|25.75
1408707220|25.75
1408707240|25.75
1408707261|25.687
1408707281|25.75
1408707301|25.75
1408707321|25.812
1408707341|25.75
1408707361|25.75
1408707381|25.687
1408707402|25.625
1408707422|25.625
1408707442|25.687
1408707462|25.75
1408707482|25.75
1408707502|25.75
1408707522|25.812
1408707542|25.812
1408707563|25.812
1408707584|25.812
1408707604|25.812
1408707624|25.812
1408707644|25.812
1408707664|25.75
1408707684|25.687
1408707704|25.687
1408707725|25.687
1408707745|25.687
1408707765|25.687
1408707785|25.625
1408707805|25.562
1408707825|25.562
1408707846|25.562
1408707866|25.562
1408707886|25.562
1408707906|25.5
1408707927|25.5
1408707947|25.437
1408707967|25.437
1408707987|25.437
1408708007|25.437
1408708027|25.437
1408708048|25.437
1408708068|25.375
1408708088|25.375
1408708108|25.375
1408708128|25.437
1408708148|25.437
1408708168|25.437
1408708188|25.5
1408708208|25.5
1408708229|25.5
1408708249|25.562
1408708269|25.562
1408708289|25.5
1408708309|25.562
1408708329|25.625
1408708349|25.625
1408708369|25.562
1408708389|25.625
1408708410|25.625
1408708430|25.625
1408708450|25.562
1408708470|25.562
1408708490|25.375
1408708510|25.375
1408708531|25.312
1408708551|25.375
1408708571|25.375
1408708591|25.312
1408708611|25.375
1408708631|25.312
1408708651|25.187
1408708671|25.125
1408708691|25.125
1408708711|25.125
1408708731|25.187
1408708752|25.187
1408708772|25.187
1408708792|25.25
1408708812|25.312
1408708832|25.312
1408708852|25.25
1408708872|25.25
1408708892|25.312
1408708912|25.375
1408708932|25.375
1408708953|25.375
1408708973|25.437
1408708993|25.437
1408709013|25.375
1408709033|25.375
1408709053|25.375
1408709074|25.312
1408709094|25.375
1408709114|25.375
1408709134|25.375
1408709154|25.312
1408709174|25.312
1408709194|25.25
1408709214|25.187
1408709235|25.125
1408709255|25.125
1408709275|25.125
1408709295|25.125
1408709315|25.125
1408709335|25.187
1408709355|25.187
1408709375|25.187
1408709395|25.187
1408709415|25.187
1408709435|25.125
1408709456|25.062
1408709476|24.937
1408709496|24.937
1408709517|24.937
1408709537|24.937
1408709557|25.0
1408709577|25.0
1408709597|25.0
1408709617|25.0
1408709637|25.0
1408709657|25.0
1408709678|25.0
1408709698|24.937
1408709718|24.875
1408709738|24.875
1408709760|24.875
1408709780|24.875
1408709802|24.875
1408709822|24.875
1408709845|24.875
1408709866|24.875
1408709886|24.812
1408709906|24.812
1408709926|24.875
1408709946|24.875
1408709967|24.937
1408709987|24.937
1408710007|24.937
1408710027|24.875
1408710047|24.812
1408710067|24.812
1408710087|24.812
1408710107|24.812
1408710128|24.812
1408710148|24.812
1408710168|24.812
1408710188|24.875
1408710208|24.875
1408710228|24.875
1408710248|24.875
1408710268|24.875
1408710288|24.875
1408710308|24.937
1408710329|24.875
1408710349|24.875
1408710369|24.875
1408710389|24.875
1408710409|24.875
1408710429|24.937
1408710449|24.875
1408710469|24.937
1408710489|25.0
1408710509|25.0
1408710529|25.0
1408710550|25.062
1408710570|25.062
1408710590|25.0
1408710610|25.062
1408710631|25.062
1408710651|25.062
1408710671|25.062
1408710691|25.125
1408710713|25.125
1408710733|25.125
1408710753|25.125
1408710773|25.187
1408710793|25.125
1408710813|25.062
1408710833|25.0
1408710853|25.0
1408710873|24.937
1408710894|24.875
1408710914|24.875
1408710934|24.812
1408710954|24.75
1408710974|24.75
1408710994|24.562
1408711014|24.5
1408711034|24.5
1408711054|24.5
1408711074|24.437
1408711094|24.312
1408711115|24.25
1408711135|24.25
1408711155|24.187
1408711175|24.187
1408711195|24.125
1408711215|24.125
1408711235|24.125
1408711256|24.062
1408711276|24.0
1408711296|24.0
1408711316|23.937
1408711336|23.937
1408711356|23.875
1408711376|23.812
1408711397|23.75
1408711417|23.625
1408711437|23.5
1408711457|23.375
1408711478|23.312
1408711499|23.375
1408711519|23.375
1408711539|23.375
1408711559|23.437
1408711579|23.5
1408711600|23.562
1408711620|23.562
1408711640|23.625
1408711660|23.687
1408711680|23.687
1408711700|23.687
1408711720|23.75
1408711740|23.75
1408711760|23.687
1408711780|23.687
1408711800|23.75
1408711821|23.687
1408711841|23.625
1408711861|23.687
1408711881|23.687
1408711901|23.75
1408711921|23.75
1408711941|23.75
1408711961|23.812
1408711981|23.875
1408712001|23.875
1408712022|23.875
1408712042|23.937
1408712063|23.937
1408712083|23.937
1408712103|24.0
1408712123|24.0
1408712144|24.062
1408712164|24.125
1408712184|24.062
1408712204|24.125
1408712224|24.125
1408712244|24.062
1408712264|24.062
1408712284|24.062
1408712304|24.0
1408712324|24.062
1408712345|24.062
1408712365|24.0
1408712385|24.0
1408712405|24.0
1408712425|24.062
1408712445|24.062
1408712465|24.125
1408712485|24.187
1408712505|24.187
1408712525|24.25
1408712546|24.187
1408712566|24.25
1408712586|24.312
1408712606|24.312
1408712626|24.312
1408712646|24.375
1408712666|24.437
1408712687|24.5
1408712707|24.562
1408712727|24.562
1408712747|24.625
1408712767|24.687
1408712787|24.687
1408712808|24.75
1408712828|24.75
1408712848|24.687
1408712868|24.687
1408712888|24.687
1408712908|24.687
1408712928|24.687
1408712948|24.75
1408712968|24.75
1408712988|24.75
1408713009|24.75
1408713029|24.812
1408713049|24.812
1408713069|24.812
1408713089|24.875
1408713109|24.875
1408713129|24.937
1408713149|24.937
1408713169|24.937
1408713189|24.937
1408713209|24.937
1408713230|24.937
1408713250|24.937
1408713270|24.937
1408713290|24.937
1408713310|25.0
1408713331|25.0
1408713351|25.0
1408713371|25.062
1408713391|25.062
1408713411|25.0
1408713431|25.0
1408713451|25.0
1408713473|25.0
1408713494|25.062
1408713514|25.125
1408713534|25.187
1408713554|25.187
1408713574|25.187
1408713594|25.187
1408713614|25.187
1408713634|25.187
1408713655|25.25
1408713675|25.25
1408713695|25.312
1408713715|25.375
1408713735|25.375
1408713755|25.375
1408713775|25.375
1408713796|25.375
1408713816|25.375
1408713836|25.375
1408713856|25.437
1408713876|25.437
1408713896|25.375
1408713917|25.375
1408713937|25.375
1408713957|25.312
1408713977|25.312
1408713997|25.312
1408714017|25.25
1408714037|25.25
1408714057|25.25
1408714078|25.25
1408714098|25.25
1408714118|25.312
1408714138|25.312
1408714158|25.375
1408714179|25.375
1408714199|25.375
1408714219|25.437
1408714239|25.437
1408714259|25.375
1408714279|25.375
1408714299|25.375
1408714319|25.437
1408714339|25.437
1408714359|25.437
1408714380|25.187
1408714400|25.187
1408714420|25.25
1408714440|25.187
1408714460|25.187
1408714480|25.25
1408714500|25.187
1408714520|25.187
1408714540|25.187
1408714560|25.25
1408714581|25.25
1408714601|25.25
1408714621|25.25
1408714641|25.25
1408714661|25.25
1408714681|25.25
1408714701|25.25
1408714724|25.25
1408714744|25.312
1408714764|25.375
1408714784|25.312
1408714804|25.375
1408714824|25.375
1408714844|25.375
1408714865|25.375
1408714885|25.375
1408714905|25.375
1408714925|25.375
1408714945|25.375
1408714965|25.437
1408714985|25.5
1408715006|25.437
1408715026|25.5
1408715046|25.5
1408715066|25.5
1408715086|25.5
1408715106|25.562
1408715126|25.5
1408715146|25.5
1408715166|25.5
1408715186|25.5
1408715207|25.562
1408715227|25.5
1408715247|25.5
1408715267|25.437
1408715288|25.437
1408715308|25.375
1408715328|25.375
1408715348|25.375
1408715368|25.312
1408715388|25.25
1408715408|25.312
1408715428|25.312
1408715448|25.312
1408715468|25.187
1408715489|25.187
1408715509|25.187
1408715529|25.187
1408715549|25.25
1408715570|25.25
1408715590|25.25
1408715610|25.25
1408715630|25.25
1408715650|25.312
1408715670|25.312
1408715690|25.312
1408715710|25.375
1408715730|25.437
1408715751|25.437
1408715771|25.5
1408715791|25.562
1408715811|25.562
1408715831|25.562
1408715851|25.562
1408715871|25.5
1408715891|25.5
1408715911|25.5
1408715931|25.437
1408715951|25.437
1408715972|25.375
1408715992|25.312
1408716012|25.312
1408716033|25.312
1408716053|25.312
1408716073|25.375
1408716093|25.375
1408716113|25.5
1408716133|25.5
1408716153|25.562
1408716173|25.562
1408716194|25.562
1408716214|25.687
1408716234|25.687
1408716254|25.687
1408716274|25.687
1408716294|25.75
1408716315|25.812
1408716335|25.875
1408716355|25.812
1408716375|25.812
1408716395|25.75
1408716415|25.75
1408716435|25.75
1408716455|25.75
1408716475|25.812
1408716495|25.875
1408716515|25.937
1408716536|25.937
1408716556|25.875
1408716576|25.937
1408716596|25.937
1408716616|26.0
1408716636|26.125
1408716656|26.125
1408716676|26.125
1408716696|26.062
1408716716|26.062
1408716737|26.062
1408716757|26.125
1408716778|26.125
1408716798|26.125
1408716818|26.125
1408716838|26.187
1408716858|26.0
1408716879|26.062
1408716899|26.0
1408716919|26.062
1408716939|26.062
1408716959|26.062
1408716980|26.125
1408717000|25.875
1408717020|25.875
1408717040|25.937
1408717060|26.0
1408717080|26.0
1408717100|26.0
1408717121|25.937
1408717141|25.875
1408717161|25.875
1408717181|25.625
1408717201|25.625
1408717221|25.625
1408717241|25.625
1408717261|25.687
1408717281|25.687
1408717301|25.75
1408717322|25.812
1408717342|25.812
1408717362|25.812
1408717382|25.812
1408717402|25.812
1408717423|25.812
1408717443|25.812
1408717463|25.812
1408717483|25.875
1408717503|25.875
1408717523|25.812
1408717543|25.75
1408717563|25.687
1408717584|25.687
1408717604|25.687
1408717624|25.625
1408717644|25.562
1408717665|25.5
1408717685|25.437
1408717705|25.5
1408717725|25.5
1408717745|25.5
1408717765|25.562
1408717785|25.625
1408717805|25.625
1408717825|25.625
1408717845|25.625
1408717866|25.625
1408717886|25.625
1408717906|25.625
1408717926|25.687
1408717946|25.75
1408717966|25.75
1408717987|25.875
1408718007|25.937
1408718027|26.0
1408718047|25.875
1408718067|25.875
1408718087|25.875
1408718108|25.875
1408718128|25.875
1408718149|25.937
1408718169|26.0
1408718189|26.0
1408718209|26.062
1408718229|26.062
1408718249|26.062
1408718269|26.187
1408718289|26.25
1408718309|26.312
1408718330|26.25
1408718350|26.187
1408718370|26.187
1408718390|26.187
1408718410|26.187
1408718431|26.125
1408718451|26.125
1408718471|25.937
1408718491|25.937
1408718511|25.875
1408718531|25.875
1408718552|25.687
1408718572|25.687
1408718592|25.562
1408718612|25.5
1408718633|25.5
1408718653|25.5
1408718674|25.437
1408718694|25.375
1408718714|25.312
1408718734|25.25
1408718754|25.187
1408718774|25.187
1408718794|25.125
1408718814|25.0
1408718834|25.0
1408718854|24.937
1408718875|24.875
1408718895|24.937
1408718915|24.937
1408718935|24.937
1408718955|25.0
1408718975|25.0
1408718995|25.0
1408719015|25.062
1408719035|25.062
1408719056|25.187
1408719076|25.25
1408719096|25.187
1408719117|25.187
1408719137|25.062
1408719158|25.062
1408719178|25.062
1408719198|25.062
1408719218|25.125
1408719238|25.125
1408719258|25.187
1408719278|25.25
1408719299|25.25
1408719319|25.312
1408719339|25.375
1408719359|25.437
1408719380|25.437
1408719400|25.5
1408719420|25.5
1408719440|25.5
1408719460|25.5
1408719480|25.5
1408719500|25.5
1408719520|25.437
1408719540|25.437
1408719561|25.375
1408719581|25.375
1408719601|25.375
1408719621|25.375
1408719641|25.312
1408719661|25.312
1408719681|25.25
1408719701|25.25
1408719721|25.187
1408719741|25.062
1408719761|24.937
1408719782|24.875
1408719802|24.812
1408719822|24.75
1408719842|24.75
1408719862|24.687
1408719882|24.625
1408719902|24.562
1408719922|24.562
1408719943|24.562
1408719963|24.562
1408719983|24.562
1408720003|24.5
1408720023|24.5
1408720043|24.5
1408720064|24.5
1408720084|24.5
1408720104|24.5
1408720124|24.562
1408720144|24.562
1408720164|24.5
1408720184|24.562
1408720204|24.5
1408720224|24.5
1408720245|24.5
1408720265|24.5
1408720285|24.5
1408720305|24.5
1408720325|24.5
1408720345|24.562
1408720365|24.562
1408720385|24.625
1408720405|24.687
1408720425|24.812
1408720445|24.937
1408720466|25.0
1408720486|25.0
1408720506|25.125
1408720526|25.125
1408720546|25.25
1408720567|25.312
1408720587|25.375
1408720607|25.437
1408720627|25.5
1408720647|25.562
1408720667|25.625
1408720687|25.687
1408720708|25.75
1408720728|25.812
1408720748|25.937
1408720769|26.0
1408720789|26.062
1408720809|26.187
1408720829|26.312
1408720849|26.375
1408720869|26.437
1408720889|26.437
1408720909|26.5
1408720929|26.5
1408720949|26.5
1408720969|26.562
1408720990|26.625
1408721010|26.625
1408721030|26.75
1408721050|26.812
1408721070|26.812
1408721090|26.812
1408721110|26.875
1408721130|26.875
1408721150|26.875
1408721171|26.875
1408721191|26.875
1408721212|26.875
1408721232|26.875
1408721252|26.937
1408721272|27.0
1408721292|27.062
1408721312|27.125
1408721333|27.187
1408721353|27.25
1408721373|27.25
1408721393|27.25
1408721414|27.25
1408721434|27.25
1408721454|27.25
1408721474|27.25
1408721494|27.187
1408721514|27.25
1408721534|27.125
1408721554|27.062
1408721574|27.062
1408721595|27.062
1408721615|27.125
1408721635|27.125
1408721655|27.125
1408721675|27.125
1408721695|27.062
1408721715|27.125
1408721735|27.125
1408721755|27.125
1408721775|27.187
1408721796|27.25
1408721816|27.25
1408721836|27.25
1408721856|27.187
1408721876|27.125
1408721896|27.125
1408721916|27.062
1408721936|27.0
1408721957|26.937
1408721977|26.812
1408721997|26.75
1408722017|26.75
1408722037|26.812
1408722057|26.812
1408722077|26.812
1408722098|26.812
1408722118|26.812
1408722138|26.812
1408722159|26.687
1408722179|26.687
1408722199|26.625
1408722219|26.5
1408722239|26.5
1408722259|26.437
1408722279|26.312
1408722299|26.25
1408722319|26.25
1408722339|26.25
1408722359|26.312
1408722380|26.312
1408722400|26.25
1408722420|26.25
1408722440|26.125
1408722460|25.937
1408722480|25.625
1408722500|25.562
1408722520|25.562
1408722540|25.625
1408722560|25.562
1408722581|25.625
1408722601|25.687
1408722621|25.75
1408722641|25.75
1408722661|25.75
1408722681|25.75
1408722702|25.687
1408722722|25.625
1408722742|25.562
1408722762|25.562
1408722782|25.562
1408722802|25.437
1408722822|25.312
1408722842|25.25
1408722863|25.25
1408722883|25.062
1408722903|25.125
1408722923|25.125
1408722944|25.0
1408722964|24.875
1408722984|24.812
1408723004|24.687
1408723024|24.562
1408723044|24.437
1408723064|24.312
1408723084|24.125
1408723104|24.125
1408723124|23.875
1408723145|23.687
1408723165|23.625
1408723185|23.5
1408723205|23.375
1408723225|23.375
1408723245|23.437
1408723265|23.437
1408723285|23.437
1408723305|23.5
1408723326|23.5
1408723346|23.437
1408723366|23.437
1408723386|23.437
1408723406|23.375
1408723426|23.312
1408723447|23.25
1408723467|23.25
1408723487|23.125
1408723507|23.125
1408723527|23.125
1408723547|23.125
1408723567|23.125
1408723587|23.187
1408723607|23.187
1408723627|23.062
1408723648|23.0
1408723668|22.937
1408723688|22.937
1408723708|22.937
1408723729|22.937
1408723749|23.0
1408723769|23.062
1408723789|23.062
1408723809|23.0
1408723829|22.812
1408723849|22.562
1408723869|22.5
1408723889|22.5
1408723909|22.437
1408723930|22.437
1408723950|22.5
1408723970|22.562
1408723990|22.562
1408724010|22.5
1408724031|22.375
1408724051|22.25
1408724071|22.125
1408724091|22.125
1408724111|22.187
1408724131|22.062
1408724151|22.062
1408724171|21.937
1408724191|21.875
1408724212|21.875
1408724232|21.875
1408724252|21.937
1408724272|21.875
1408724292|21.812
1408724312|21.875
1408724332|21.875
1408724352|21.937
1408724372|21.937
1408724392|22.062
1408724413|22.125
1408724433|22.187
1408724453|22.312
1408724473|22.312
1408724493|22.437
1408724513|22.5
1408724533|22.5
1408724553|22.5
1408724573|22.5
1408724595|22.5
1408724615|22.437
1408724635|22.437
1408724655|22.5
1408724676|22.5
1408724696|22.562
1408724716|22.562
1408724736|22.625
1408724756|22.562
1408724776|22.437
1408724796|22.375
1408724816|22.375
1408724836|22.25
1408724856|22.187
1408724877|22.125
1408724897|22.062
1408724917|22.062
1408724937|21.875
1408724957|21.875
1408724977|21.875
1408724997|21.937
1408725017|21.875
1408725037|21.875
1408725057|21.937
1408725077|21.937
1408725099|22.0
1408725119|22.0
1408725139|22.0
1408725159|22.0
1408725180|22.062
1408725200|22.062
1408725220|22.062
1408725240|22.125
1408725260|22.125
1408725280|22.062
1408725300|21.875
1408725320|21.875
1408725340|21.812
1408725361|21.812
1408725381|21.812
1408725401|21.875
1408725421|21.812
1408725441|21.687
1408725462|21.687
1408725482|21.375
1408725502|21.375
1408725522|21.375
1408725542|21.187
1408725562|21.125
1408725582|21.125
1408725602|21.187
1408725623|21.187
1408725643|21.25
1408725663|21.25
1408725684|21.312
1408725704|21.312
1408725724|21.375
1408725744|21.312
1408725764|21.25
1408725784|21.187
1408725804|21.187
1408725824|21.187
1408725844|21.187
