1389007600|0.0
1389007622|0.0
1389007645|0.0
1389007667|0.0
1389007690|0.0
1389007712|0.0
1389007735|0.0
1389007757|0.0
1389007780|0.0
1389007802|0.0
1389007825|0.0
1389007847|0.0
1389007870|0.0
1389007892|0.0
1389007915|0.0
1389007937|0.0
1389007960|0.0
1389007982|0.0
1389008005|0.0
1389008027|0.0
1389008050|0.0
1389008072|0.0
1389008095|0.0
1389008117|0.0
1389008140|0.0
1389008162|0.0
1389008185|0.0
1389008207|0.0
1389008229|0.0
1389008252|0.0
1389008274|0.0
1389008297|0.0
1389008319|0.0
1389008342|0.0
1389008364|0.0
1389008387|0.0
1389008409|0.0
1389008432|0.0
1389008454|0.0
1389008477|0.0
1389008499|0.0
1389008522|0.0
1389008544|0.0
1389008567|0.0
1389008589|0.0
1389008612|0.0
1389008634|0.0
1389008656|0.0
1389008679|0.0
1389008701|0.0
1389008724|0.0
1389008746|0.0
1389008769|0.0
1389008791|0.0
1389008814|0.0
1389008836|0.0
1389008859|0.0
1389008881|0.0
1389008904|0.0
1389008926|0.0
1389008949|0.0
1389008971|0.0
1389008993|0.0
1389009016|0.0
1389009038|0.0
1389009061|0.0
1389009083|0.0
1389009106|0.0
1389009128|0.0
1389009151|0.0
1389009173|0.0
1389009196|0.0
1389009218|0.0
1389009241|0.0
1389009263|0.0
1389009286|0.0
1389009308|0.0
1389009331|0.0
1389009353|0.0
1389009375|0.0
1389009398|0.0
1389009420|0.0
1389009443|0.0
1389009465|0.0
1389009488|0.0
1389009510|0.0
1389009533|0.0
1389009555|0.0
1389009578|0.0
1389009600|0.0
1389009623|0.0
1389009645|0.0
1389009668|0.0
1389009690|0.0
1389009712|0.0
1389009735|0.0
1389009758|0.0
1389009780|0.0
1389009802|0.0
1389009825|0.0
1389009847|0.0
1389009870|0.0
1389009892|0.0
1389009915|0.0
1389009937|0.0
1389009960|0.0
1389009982|0.0
1389010005|0.0
1389010027|0.0
1389010050|0.0
1389010072|0.0
1389010095|0.0
1389010117|0.0
1389010140|0.0
1389010162|0.0
1389010185|0.0
1389010207|0.0
1389010229|0.0
1389010252|0.0
1389010274|0.0
1389010297|0.0
1389010319|0.0
1389010342|0.0
1389010364|0.0
1389010387|0.0
1389010409|0.0
1389010432|0.0
1389010454|0.0
1389010477|0.0
1389010499|0.0
1389010522|0.0
1389010544|0.0
1389010567|0.0
1389010589|0.0
1389010611|0.0
1389010634|0.0
1389010656|0.0
1389010679|0.0
1389010701|0.0
1389010724|0.0
1389010746|0.0
1389010769|0.0
1389010791|0.0
1389010814|0.0
1389010836|0.0
1389010859|0.0
1389010881|0.0
1389010904|0.0
1389010926|0.0
1389010948|0.0
1389010971|0.0
1389010993|0.0
1389011016|0.0
1389011038|0.0
1389011061|0.0
1389011083|0.0
1389011106|0.0
1389011128|0.0
1389011151|0.0
1389011173|0.0
1389011196|0.0
1389011218|0.0
1389011241|0.0
1389011263|0.0
1389011286|0.0
1389011308|0.0
1389011331|0.0
1389011353|0.0
1389011375|0.0
1389011398|0.0
1389011420|0.0
1389011443|0.0
1389011465|0.0
1389011488|0.0
1389011510|0.0
1389011533|0.0
1389011555|0.0
1389011578|0.0
1389011600|0.0
1389011623|0.0
1389011645|0.0
1389011668|0.0
1389011690|0.0
1389011712|0.0
1389011735|0.0
1389011757|0.0
1389011780|0.0
1389011802|0.0
1389011825|0.0
1389011847|0.0
1389011870|0.0
1389011892|0.0
1389011915|0.0
1389011937|0.0
1389011960|0.0
1389011982|0.0
1389012005|0.0
1389012027|0.0
1389012049|0.0
1389012072|0.0
1389012094|0.0
1389012117|0.0
1389012139|0.0
1389012162|0.0
1389012184|0.0
1389012207|0.0
1389012229|0.0
1389012252|0.0
1389012274|0.0
1389012297|0.0
1389012319|0.0
1389012342|0.0
1389012364|0.0
1389012387|0.0
1389012409|0.0
1389012432|0.0
1389012454|0.0
1389012476|0.0
1389012499|0.0
1389012521|0.0
1389012544|0.0
1389012566|0.0
1389012589|0.0
1389012611|0.0
1389012634|0.0
1389012656|0.0
1389012679|0.0
1389012701|0.0
1389012724|0.0
1389012746|0.0
1389012769|0.0
1389012791|0.0
1389012814|0.0
1389012836|0.0
1389012858|0.0
1389012881|0.0
1389012903|0.0
1389012926|0.0
1389012948|0.0
1389012971|0.0
1389012993|0.0
1389013017|0.0
1389013039|0.0
1389013061|0.0
1389013084|0.0
1389013106|0.0
1389013129|0.0
1389013151|0.0
1389013174|0.0
1389013196|0.0
1389013219|0.0
