1389013258|22.0
1389013280|21.937
1389013303|21.937
1389013325|22.0
1389013348|22.0
1389013370|22.0
1389013393|21.937
1389013415|21.937
1389013438|22.0
1389013460|21.937
1389013483|21.937
1389013505|21.937
1389013528|21.937
1389013550|21.937
1389013573|21.937
1389013595|21.937
1389013618|21.937
1389013640|21.875
1389013662|21.875
1389013685|21.875
1389013707|21.875
1389013730|21.812
1389013752|21.875
1389013775|21.812
1389013797|21.875
1389013820|21.812
1389013842|21.812
1389013865|21.812
1389013887|21.812
1389013910|21.75
1389013932|21.75
1389013955|21.75
1389013977|21.75
1389013999|21.75
1389014022|21.687
1389014044|21.687
1389014067|21.687
1389014089|21.687
1389014112|21.687
1389014134|21.687
1389014157|21.687
1389014179|21.687
1389014202|21.687
1389014224|21.625
1389014247|21.625
1389014269|21.625
1389014292|21.625
1389014314|21.625
1389014336|21.625
1389014359|21.625
1389014381|21.625
1389014404|21.625
1389014426|21.625
1389014449|21.562
1389014471|21.562
1389014494|21.562
1389014516|21.562
1389014539|21.562
1389014561|21.562
1389014584|21.5
1389014606|21.5
1389014629|21.5
1389014651|21.5
1389014674|21.5
1389014696|21.5
1389014719|21.5
1389014741|21.5
1389014763|21.5
1389014786|21.5
1389014808|21.437
1389014831|21.437
1389014853|21.437
1389014876|21.437
1389014898|21.437
1389014921|21.437
1389014943|21.437
1389014966|21.437
1389014988|21.437
1389015011|21.375
1389015033|21.375
1389015056|21.375
1389015078|21.375
1389015100|21.375
1389015123|21.375
1389015145|21.375
1389015168|21.375
1389015190|21.375
1389015213|21.375
1389015235|21.375
1389015258|21.375
1389015280|21.312
1389015303|21.375
1389015325|21.312
1389015348|21.312
1389015370|21.312
1389015393|21.312
1389015415|21.312
1389015437|21.312
1389015460|21.312
1389015482|21.375
1389015505|21.375
1389015527|21.437
1389015550|21.5
1389015572|21.562
1389015595|21.625
1389015617|21.687
1389015640|21.75
1389015662|21.812
1389015685|21.875
1389015707|21.937
1389015730|22.062
1389015752|22.187
1389015775|22.312
1389015797|22.437
1389015820|22.625
1389015842|22.75
1389015864|22.937
1389015887|23.062
1389015909|23.25
1389015932|23.437
1389015954|23.562
1389015977|23.75
1389015999|23.937
1389016022|24.125
1389016044|24.312
1389016067|24.5
1389016089|24.75
1389016112|24.937
1389016134|25.125
1389016157|25.312
1389016179|25.5
1389016201|25.5
1389016224|25.875
1389016246|26.0
1389016269|26.187
1389016291|26.375
1389016314|26.562
1389016336|26.687
1389016359|26.875
1389016381|27.0
1389016404|27.125
1389016426|27.312
1389016449|27.437
1389016471|27.5
1389016494|27.625
1389016516|27.75
1389016539|27.875
1389016561|27.937
1389016583|28.062
1389016606|28.062
1389016628|28.25
1389016651|28.312
1389016673|28.375
1389016696|28.5
1389016718|28.5
1389016741|28.562
1389016763|28.625
1389016786|28.75
1389016808|28.812
1389016831|28.812
1389016853|28.937
1389016876|29.0
1389016898|29.062
1389016920|29.125
1389016943|29.187
1389016965|29.187
1389016988|29.312
1389017010|29.312
1389017033|29.437
1389017055|29.437
1389017078|29.5
1389017100|29.562
1389017123|29.562
1389017145|29.562
1389017168|29.625
1389017190|29.687
1389017213|29.687
1389017235|29.687
1389017258|29.75
1389017280|29.75
1389017303|29.812
1389017325|29.812
1389017347|29.875
1389017370|29.875
1389017392|29.937
1389017415|30.0
1389017437|30.0
1389017460|30.0
1389017482|30.062
1389017505|30.125
1389017527|30.125
1389017550|30.187
1389017572|30.25
1389017595|30.312
1389017617|30.375
1389017640|30.437
1389017662|30.5
1389017684|30.5
1389017707|30.562
1389017729|30.625
1389017752|30.687
1389017774|30.687
1389017797|30.75
1389017819|30.75
1389017842|30.812
1389017864|30.812
1389017887|30.812
1389017909|30.812
1389017932|30.812
1389017954|30.875
1389017977|30.812
1389017999|30.812
1389018021|30.812
1389018044|30.812
1389018067|30.812
1389018089|30.812
1389018111|30.75
1389018134|30.75
1389018156|30.75
1389018179|30.687
1389018201|30.687
1389018224|30.625
1389018246|30.625
1389018269|30.562
1389018291|30.562
1389018314|30.5
1389018336|30.5
1389018359|30.437
1389018381|30.375
1389018404|30.375
1389018426|30.312
1389018448|30.312
1389018471|30.25
1389018493|30.25
1389018516|30.187
1389018538|30.125
1389018561|30.125
1389018583|30.125
1389018606|30.062
1389018628|30.0
1389018651|30.0
1389018673|29.937
1389018696|29.937
1389018718|29.875
1389018741|29.812
1389018763|29.812
1389018786|29.75
1389018808|29.75
1389018830|29.687
1389018853|29.687
1389018875|29.625
1389018898|29.625
1389018920|29.562
1389018943|29.562
1389018965|29.5
1389018988|29.5
1389019010|29.437
1389019033|29.375
1389019055|29.375
1389019078|29.312
1389019100|29.312
1389019123|29.25
1389019145|29.187
1389019167|29.187
1389019190|29.125
1389019212|29.125
1389019235|29.062
1389019257|29.062
1389019280|29.0
1389019302|29.0
1389019325|29.0
1389019347|28.937
1389019370|28.937
1389019392|28.937
1389019415|28.937
1389019437|28.875
1389019460|28.875
1389019482|28.937
1389019504|28.875
1389019527|28.875
1389019549|28.875
1389019572|28.875
1389019594|28.937
1389019617|28.937
1389019639|28.937
1389019662|28.937
1389019684|29.0
1389019707|29.0
1389019729|29.0
1389019752|29.062
1389019774|29.062
1389019797|29.062
1389019819|29.125
1389019842|29.125
1389019864|29.125
1389019887|29.125
1389019909|29.187
1389019931|29.25
1389019954|29.25
1389019976|29.25
1389019999|29.312
1389020021|29.312
1389020044|29.312
1389020066|29.312
1389020089|29.375
1389020111|29.375
1389020134|29.375
1389020156|29.375
1389020179|29.375
1389020201|29.437
1389020224|29.437
1389020246|29.437
1389020269|29.437
1389020291|29.437
1389020314|29.437
1389020336|29.5
1389020358|29.5
1389020381|29.5
1389020403|29.5
1389020426|29.5
1389020448|29.5
1389020471|29.5
1389020493|29.562
1389020516|29.5
1389020538|29.5
1389020561|29.562
1389020583|29.562
1389020606|29.5
1389020628|29.5
1389020651|29.562
1389020673|29.562
1389020695|29.562
1389020718|29.562
1389020740|29.562
1389020763|29.562
1389020785|29.562
1389020808|29.562
1389020830|29.562
1389020853|29.562
1389020875|29.562
1389020898|29.562
1389020920|29.562
1389020943|29.5
1389020965|29.5
1389020988|29.562
1389021010|29.5
1389021033|29.562
1389021055|29.5
1389021077|29.5
1389021100|29.5
1389021122|29.5
1389021145|29.5
1389021167|29.5
1389021190|29.5
1389021212|29.437
1389021235|29.437
1389021257|29.437
1389021280|29.437
1389021302|29.437
1389021325|29.375
1389021347|29.375
1389021370|29.375
1389021392|29.375
1389021415|29.375
1389021437|29.375
1389021460|29.375
1389021482|29.312
1389021504|29.312
1389021527|29.312
1389021549|29.312
1389021572|29.312
1389021594|29.312
1389021617|29.312
1389021639|29.312
1389021662|29.312
1389021684|29.312
1389021707|29.312
1389021729|29.312
1389021752|29.312
1389021774|29.312
1389021797|29.312
1389021819|29.375
1389021841|29.375
1389021864|29.375
1389021886|29.375
1389021909|29.375
1389021931|29.375
1389021954|29.375
1389021976|29.375
1389021999|29.375
1389022021|29.375
1389022044|29.437
1389022066|29.437
1389022089|29.437
1389022111|29.437
1389022134|29.437
1389022156|29.437
1389022179|29.437
1389022201|29.437
1389022224|29.437
1389022246|29.437
1389022268|29.437
1389022291|29.437
1389022313|29.437
1389022336|29.437
1389022358|29.437
1389022381|29.437
1389022403|29.437
1389022426|29.437
1389022448|29.437
1389022471|29.437
1389022493|29.437
1389022516|29.437
1389022538|29.437
1389022561|29.437
1389022583|29.437
1389022606|29.437
1389022628|29.437
1389022650|29.437
1389022673|29.437
1389022695|29.437
1389022718|29.437
1389022740|29.437
1389022763|29.437
1389022785|29.437
1389022808|29.437
1389022830|29.437
1389022853|29.437
1389022875|29.437
1389022898|29.437
1389022920|29.437
1389022943|29.437
1389022965|29.437
1389022988|29.437
1389023010|29.437
1389023033|29.5
1389023055|29.437
1389023077|29.437
1389023100|29.437
1389023122|29.437
1389023145|29.5
1389023167|29.437
1389023190|29.437
1389023212|29.437
1389023235|29.437
1389023257|29.437
1389023280|29.437
1389023302|29.437
1389023325|29.5
1389023347|29.437
1389023370|29.437
1389023392|29.437
1389023415|29.437
1389023437|29.437
1389023460|29.5
1389023482|29.5
1389023504|29.5
1389023527|29.437
1389023549|29.5
1389023572|29.5
1389023594|29.5
1389023617|29.5
1389023639|29.5
1389023662|29.437
1389023684|29.5
1389023707|29.5
1389023729|29.5
1389023752|29.437
1389023774|29.437
1389023797|29.5
1389023819|29.5
1389023841|29.437
1389023864|29.5
1389023886|29.5
1389023909|29.437
1389023931|29.5
1389023954|29.437
1389023976|29.5
1389023999|29.5
1389024021|29.5
1389024044|29.5
1389024066|29.5
1389024089|29.5
1389024111|29.437
1389024134|29.5
1389024156|29.437
1389024179|29.5
1389024201|29.437
1389024223|29.5
1389024246|29.437
1389024268|29.5
1389024291|29.437
1389024313|29.437
1389024336|29.437
1389024358|29.437
1389024381|29.437
1389024403|29.437
1389024426|29.437
1389024448|29.437
1389024471|29.437
1389024493|29.437
1389024516|29.5
1389024538|29.437
1389024560|29.437
1389024583|29.437
1389024605|29.437
1389024628|29.437
1389024650|29.437
1389024673|29.437
1389024695|29.437
1389024718|29.437
1389024740|29.5
1389024763|29.437
1389024785|29.437
1389024808|29.437
1389024830|29.437
1389024853|29.437
1389024875|29.437
1389024898|29.437
1389024920|29.437
1389024943|29.437
1389024965|29.437
1389024987|29.437
1389025010|29.437
1389025032|29.437
1389025055|29.375
1389025077|29.437
1389025100|29.437
1389025122|29.375
1389025145|29.375
1389025167|29.375
1389025190|29.375
1389025212|29.375
1389025235|29.375
1389025257|29.375
1389025280|29.375
1389025302|29.375
1389025325|29.312
1389025347|29.312
1389025370|29.375
1389025392|29.312
1389025414|29.312
1389025437|29.312
1389025459|29.312
1389025482|29.312
1389025504|29.312
1389025527|29.312
1389025549|29.312
1389025572|29.25
1389025594|29.25
1389025617|29.25
1389025639|29.25
1389025662|29.25
1389025684|29.25
1389025707|29.25
1389025729|29.25
1389025751|29.25
1389025774|29.25
1389025796|29.25
1389025819|29.187
1389025841|29.25
1389025864|29.25
1389025886|29.25
1389025909|29.187
1389025931|29.187
1389025954|29.187
1389025976|29.187
1389025999|29.187
1389026021|29.187
1389026044|29.187
1389026066|29.187
1389026089|29.187
1389026111|29.187
1389026133|29.187
1389026156|29.187
1389026178|29.125
1389026201|29.187
1389026223|29.187
1389026246|29.187
1389026268|29.187
1389026291|29.187
1389026313|29.187
1389026336|29.187
1389026358|29.187
1389026381|29.187
1389026403|29.125
1389026426|29.125
1389026448|29.125
1389026470|29.125
1389026493|29.187
1389026515|29.187
1389026538|29.125
1389026560|29.187
1389026583|29.187
1389026605|29.125
1389026628|29.187
1389026650|29.187
1389026673|29.187
1389026695|29.187
1389026718|29.187
1389026740|29.187
1389026763|29.187
1389026785|29.187
1389026808|29.187
1389026830|29.187
1389026853|29.187
1389026875|29.187
1389026897|29.187
1389026920|29.187
1389026942|29.25
1389026965|29.25
1389026987|29.25
1389027010|29.312
1389027032|29.312
1389027055|29.312
1389027077|29.312
1389027100|29.375
1389027122|29.375
1389027145|29.375
1389027167|29.437
1389027190|29.437
1389027212|29.437
1389027234|29.5
1389027257|29.562
1389027279|29.562
1389027302|29.687
1389027324|29.687
1389027347|29.75
1389027369|29.812
1389027392|29.875
1389027414|29.937
1389027437|29.937
1389027459|30.0
1389027482|30.062
1389027504|30.125
1389027527|30.187
1389027549|30.187
1389027572|30.25
1389027594|30.312
1389027617|30.375
1389027639|30.437
1389027661|30.5
1389027684|30.5
1389027706|30.562
1389027729|30.687
1389027751|30.687
1389027774|30.812
1389027796|30.875
1389027819|30.937
1389027841|30.937
1389027864|31.0
1389027886|31.062
1389027909|31.062
1389027931|31.125
1389027954|31.187
1389027976|31.187
1389027998|31.25
1389028021|31.25
1389028043|31.312
1389028066|31.312
1389028088|31.312
1389028111|31.375
1389028133|31.375
1389028156|31.375
1389028178|31.437
1389028201|31.437
1389028223|31.437
1389028246|31.437
1389028268|31.437
1389028291|31.375
1389028313|31.437
1389028336|31.375
1389028358|31.375
1389028380|31.375
1389028403|31.375
1389028425|31.375
1389028448|31.375
1389028470|31.312
1389028493|31.312
1389028515|31.312
1389028538|31.312
1389028560|31.25
1389028583|31.25
1389028605|31.25
1389028628|31.187
1389028650|31.187
1389028673|31.125
1389028695|31.125
1389028717|31.062
1389028740|31.062
1389028762|31.062
1389028785|31.0
1389028807|31.0
1389028830|30.937
1389028852|30.937
1389028875|30.875
1389028897|30.812
1389028920|30.812
1389028942|30.75
1389028965|30.687
1389028987|30.687
1389029010|30.562
1389029032|30.562
1389029055|30.437
1389029077|30.437
1389029100|30.375
1389029122|30.375
1389029144|30.312
1389029167|30.312
1389029189|30.25
1389029212|30.25
1389029234|30.187
1389029257|30.125
1389029279|30.125
1389029302|30.062
1389029324|30.062
1389029347|30.0
1389029369|29.937
1389029392|29.937
1389029414|29.937
1389029437|29.937
1389029459|29.875
1389029481|29.875
1389029504|29.812
1389029526|29.812
1389029549|29.75
1389029571|29.75
1389029594|29.687
1389029616|29.687
1389029639|29.687
1389029661|29.687
1389029684|29.625
1389029706|29.625
1389029729|29.625
1389029751|29.625
1389029774|29.625
1389029796|29.562
1389029819|29.625
1389029841|29.562
1389029864|29.562
1389029886|29.5
1389029908|29.562
1389029931|29.5
1389029953|29.5
1389029976|29.5
1389029998|29.5
1389030021|29.5
1389030043|29.437
1389030066|29.437
1389030088|29.437
1389030111|29.437
1389030133|29.437
1389030156|29.437
1389030178|29.437
1389030201|29.375
1389030223|29.375
1389030246|29.375
1389030268|29.375
1389030290|29.375
1389030313|29.312
1389030335|29.375
1389030358|29.312
1389030380|29.312
1389030403|29.312
1389030425|29.312
1389030448|29.25
1389030470|29.25
1389030493|29.25
1389030515|29.25
1389030538|29.25
1389030560|29.187
1389030583|29.187
1389030605|29.187
1389030627|29.125
1389030650|29.125
1389030672|29.125
1389030695|29.125
1389030717|29.062
1389030740|29.062
1389030762|29.062
1389030785|29.0
1389030807|29.0
1389030830|29.0
1389030852|28.937
1389030875|28.937
1389030897|28.937
1389030920|28.937
1389030942|28.937
1389030965|28.875
1389030987|28.937
1389031010|28.937
1389031032|28.937
1389031054|28.937
1389031077|28.937
1389031099|28.937
1389031122|28.937
1389031144|28.937
1389031167|28.937
1389031189|28.937
1389031212|29.0
1389031234|29.0
1389031257|29.062
1389031279|29.062
1389031302|29.062
1389031324|29.062
1389031347|29.062
1389031369|29.125
1389031391|29.125
1389031414|29.125
1389031436|29.125
1389031459|29.187
1389031481|29.187
1389031504|29.187
1389031526|29.187
1389031549|29.25
1389031571|29.25
1389031594|29.25
1389031616|29.25
1389031639|29.25
1389031661|29.25
1389031684|29.312
1389031706|29.312
1389031729|29.312
1389031751|29.312
1389031774|29.312
1389031796|29.375
1389031818|29.375
1389031841|29.375
1389031863|29.375
1389031886|29.375
1389031908|29.375
1389031931|29.375
1389031953|29.312
1389031976|29.375
1389031998|29.375
1389032021|29.375
1389032043|29.375
