1389013258|22.0
1389013280|21.937
1389013303|21.937
1389013325|22.0
1389013348|22.0
1389013370|22.0
1389013393|21.937
1389013415|21.937
1389013438|22.0
1389013460|21.937
1389013483|21.937
1389013505|21.937
1389013528|21.937
1389013550|21.937
1389013573|21.937
1389013595|21.937
1389013618|21.937
1389013640|21.875
1389013662|21.875
1389013685|21.875
1389013707|21.875
1389013730|21.812
1389013752|21.875
1389013775|21.812
1389013797|21.875
1389013820|21.812
1389013842|21.812
1389013865|21.812
1389013887|21.812
1389013910|21.75
1389013932|21.75
1389013955|21.75
1389013977|21.75
1389013999|21.75
1389014022|21.687
1389014044|21.687
1389014067|21.687
1389014089|21.687
1389014112|21.687
1389014134|21.687
1389014157|21.687
1389014179|21.687
1389014202|21.687
1389014224|21.625
1389014247|21.625
1389014269|21.625
1389014292|21.625
1389014314|21.625
1389014336|21.625
1389014359|21.625
1389014381|21.625
1389014404|21.625
1389014426|21.625
1389014449|21.562
1389014471|21.562
1389014494|21.562
1389014516|21.562
1389014539|21.562
1389014561|21.562
1389014584|21.5
1389014606|21.5
1389014629|21.5
1389014651|21.5
1389014674|21.5
1389014696|21.5
1389014719|21.5
1389014741|21.5
1389014763|21.5
1389014786|21.5
1389014808|21.437
1389014831|21.437
1389014853|21.437
1389014876|21.437
1389014898|21.437
1389014921|21.437
1389014943|21.437
1389014966|21.437
1389014988|21.437
1389015011|21.375
1389015033|21.375
1389015056|21.375
1389015078|21.375
1389015100|21.375
1389015123|21.375
1389015145|21.375
1389015168|21.375
1389015190|21.375
1389015213|21.375
1389015235|21.375
1389015258|21.375
1389015280|21.312
1389015303|21.375
1389015325|21.312
1389015348|21.312
1389015370|21.312
1389015393|21.312
1389015415|21.312
1389015437|21.312
1389015460|21.312
1389015482|21.375
1389015505|21.375
1389015527|21.437
1389015550|21.5
1389015572|21.562
1389015595|21.625
1389015617|21.687
1389015640|21.75
1389015662|21.812
1389015685|21.875
1389015707|21.937
1389015730|22.062
1389015752|22.187
1389015775|22.312
1389015797|22.437
1389015820|22.625
1389015842|22.75
1389015864|22.937
1389015887|23.062
1389015909|23.25
1389015932|23.437
1389015954|23.562
1389015977|23.75
1389015999|23.937
1389016022|24.125
1389016044|24.312
1389016067|24.5
1389016089|24.75
1389016112|24.937
1389016134|25.125
1389016157|25.312
1389016179|25.5
1389016201|25.5
1389016224|25.875
1389016246|26.0
1389016269|26.187
1389016291|26.375
1389016314|26.562
1389016336|26.687
1389016359|26.875
1389016381|27.0
1389016404|27.125
1389016426|27.312
1389016449|27.437
1389016471|27.5
1389016494|27.625
1389016516|27.75
1389016539|27.875
1389016561|27.937
1389016583|28.062
1389016606|28.062
1389016628|28.25
1389016651|28.312
1389016673|28.375
1389016696|28.5
1389016718|28.5
1389016741|28.562
1389016763|28.625
1389016786|28.75
1389016808|28.812
1389016831|28.812
1389016853|28.937
1389016876|29.0
1389016898|29.062
1389016920|29.125
1389016943|29.187
1389016965|29.187
1389016988|29.312
1389017010|29.312
1389017033|29.437
1389017055|29.437
1389017078|29.5
1389017100|29.562
1389017123|29.562
1389017145|29.562
1389017168|29.625
1389017190|29.687
1389017213|29.687
1389017235|29.687
1389017258|29.75
1389017280|29.75
1389017303|29.812
1389017325|29.812
1389017347|29.875
1389017370|29.875
1389017392|29.937
1389017415|30.0
1389017437|30.0
1389017460|30.0
1389017482|30.062
1389017505|30.125
1389017527|30.125
1389017550|30.187
1389017572|30.25
1389017595|30.312
1389017617|30.375
1389017640|30.437
1389017662|30.5
1389017684|30.5
1389017707|30.562
1389017729|30.625
1389017752|30.687
1389017774|30.687
1389017797|30.75
1389017819|30.75
1389017842|30.812
1389017864|30.812
1389017887|30.812
1389017909|30.812
1389017932|30.812
1389017954|30.875
1389017977|30.812
1389017999|30.812
1389018021|30.812
1389018044|30.812
1389018067|30.812
1389018089|30.812
1389018111|30.75
1389018134|30.75
1389018156|30.75
1389018179|30.687
1389018201|30.687
1389018224|30.625
1389018246|30.625
1389018269|30.562
1389018291|30.562
1389018314|30.5
1389018336|30.5
1389018359|30.437
1389018381|30.375
1389018404|30.375
1389018426|30.312
1389018448|30.312
1389018471|30.25
1389018493|30.25
1389018516|30.187
1389018538|30.125
1389018561|30.125
1389018583|30.125
1389018606|30.062
1389018628|30.0
1389018651|30.0
1389018673|29.937
1389018696|29.937
1389018718|29.875
1389018741|29.812
1389018763|29.812
1389018786|29.75
1389018808|29.75
1389018830|29.687
1389018853|29.687
1389018875|29.625
1389018898|29.625
1389018920|29.562
1389018943|29.562
1389018965|29.5
1389018988|29.5
1389019010|29.437
1389019033|29.375
1389019055|29.375
1389019078|29.312
1389019100|29.312
1389019123|29.25
1389019145|29.187
1389019167|29.187
1389019190|29.125
1389019212|29.125
1389019235|29.062
1389019257|29.062
1389019280|29.0
1389019302|29.0
1389019325|29.0
1389019347|28.937
1389019370|28.937
1389019392|28.937
1389019415|28.937
1389019437|28.875
1389019460|28.875
1389019482|28.937
1389019504|28.875
1389019527|28.875
1389019549|28.875
1389019572|28.875
1389019594|28.937
1389019617|28.937
1389019639|28.937
1389019662|28.937
1389019684|29.0
1389019707|29.0
1389019729|29.0
1389019752|29.062
1389019774|29.062
1389019797|29.062
1389019819|29.125
1389019842|29.125
1389019864|29.125
1389019887|29.125
1389019909|29.187
1389019931|29.25
1389019954|29.25
1389019976|29.25
1389019999|29.312
1389020021|29.312
1389020044|29.312
1389020066|29.312
1389020089|29.375
1389020111|29.375
1389020134|29.375
1389020156|29.375
1389020179|29.375
1389020201|29.437
1389020224|29.437
1389020246|29.437
1389020269|29.437
1389020291|29.437
1389020314|29.437
1389020336|29.5
1389020358|29.5
1389020381|29.5
1389020403|29.5
1389020426|29.5
1389020448|29.5
1389020471|29.5
1389020493|29.562
1389020516|29.5
1389020538|29.5
1389020561|29.562
1389020583|29.562
1389020606|29.5
1389020628|29.5
1389020651|29.562
1389020673|29.562
1389020695|29.562
1389020718|29.562
1389020740|29.562
1389020763|29.562
1389020785|29.562
1389020808|29.562
1389020830|29.562
1389020853|29.562
1389020875|29.562
1389020898|29.562
1389020920|29.562
1389020943|29.5
1389020965|29.5
1389020988|29.562
1389021010|29.5
1389021033|29.562
1389021055|29.5
1389021077|29.5
1389021100|29.5
1389021122|29.5
1389021145|29.5
1389021167|29.5
1389021190|29.5
1389021212|29.437
1389021235|29.437
1389021257|29.437
1389021280|29.437
1389021302|29.437
1389021325|29.375
1389021347|29.375
1389021370|29.375
1389021392|29.375
1389021415|29.375
1389021437|29.375
1389021460|29.375
1389021482|29.312
1389021504|29.312
1389021527|29.312
1389021549|29.312
1389021572|29.312
1389021594|29.312
1389021617|29.312
1389021639|29.312
1389021662|29.312
1389021684|29.312
1389021707|29.312
1389021729|29.312
1389021752|29.312
1389021774|29.312
1389021797|29.312
1389021819|29.375
1389021841|29.375
1389021864|29.375
1389021886|29.375
1389021909|29.375
1389021931|29.375
1389021954|29.375
1389021976|29.375
1389021999|29.375
1389022021|29.375
1389022044|29.437
1389022066|29.437
1389022089|29.437
1389022111|29.437
1389022134|29.437
1389022156|29.437
1389022179|29.437
1389022201|29.437
1389022224|29.437
1389022246|29.437
1389022268|29.437
1389022291|29.437
1389022313|29.437
1389022336|29.437
1389022358|29.437
1389022381|29.437
1389022403|29.437
1389022426|29.437
1389022448|29.437
1389022471|29.437
1389022493|29.437
1389022516|29.437
1389022538|29.437
1389022561|29.437
1389022583|29.437
1389022606|29.437
1389022628|29.437
1389022650|29.437
1389022673|29.437
1389022695|29.437
1389022718|29.437
1389022740|29.437
1389022763|29.437
1389022785|29.437
1389022808|29.437
1389022830|29.437
1389022853|29.437
1389022875|29.437
1389022898|29.437
1389022920|29.437
1389022943|29.437
1389022965|29.437
1389022988|29.437
1389023010|29.437
1389023033|29.5
1389023055|29.437
1389023077|29.437
1389023100|29.437
1389023122|29.437
1389023145|29.5
1389023167|29.437
1389023190|29.437
1389023212|29.437
1389023235|29.437
1389023257|29.437
1389023280|29.437
1389023302|29.437
1389023325|29.5
1389023347|29.437
1389023370|29.437
1389023392|29.437
1389023415|29.437
1389023437|29.437
1389023460|29.5
1389023482|29.5
1389023504|29.5
1389023527|29.437
1389023549|29.5
1389023572|29.5
1389023594|29.5
1389023617|29.5
1389023639|29.5
1389023662|29.437
1389023684|29.5
1389023707|29.5
1389023729|29.5
1389023752|29.437
1389023774|29.437
1389023797|29.5
1389023819|29.5
1389023841|29.437
1389023864|29.5
1389023886|29.5
1389023909|29.437
1389023931|29.5
1389023954|29.437
1389023976|29.5
1389023999|29.5
1389024021|29.5
1389024044|29.5
1389024066|29.5
1389024089|29.5
1389024111|29.437
1389024134|29.5
1389024156|29.437
1389024179|29.5
1389024201|29.437
1389024223|29.5
1389024246|29.437
1389024268|29.5
1389024291|29.437
1389024313|29.437
1389024336|29.437
1389024358|29.437
1389024381|29.437
1389024403|29.437
1389024426|29.437
1389024448|29.437
1389024471|29.437
1389024493|29.437
1389024516|29.5
1389024538|29.437
1389024560|29.437
1389024583|29.437
1389024605|29.437
1389024628|29.437
1389024650|29.437
1389024673|29.437
1389024695|29.437
1389024718|29.437
1389024740|29.5
1389024763|29.437
1389024785|29.437
1389024808|29.437
1389024830|29.437
1389024853|29.437
1389024875|29.437
1389024898|29.437
1389024920|29.437
1389024943|29.437
1389024965|29.437
1389024987|29.437
1389025010|29.437
1389025032|29.437
1389025055|29.375
1389025077|29.437
1389025100|29.437
1389025122|29.375
1389025145|29.375
1389025167|29.375
1389025190|29.375
1389025212|29.375
1389025235|29.375
1389025257|29.375
1389025280|29.375
1389025302|29.375
1389025325|29.312
1389025347|29.312
1389025370|29.375
1389025392|29.312
1389025414|29.312
1389025437|29.312
1389025459|29.312
1389025482|29.312
1389025504|29.312
1389025527|29.312
1389025549|29.312
1389025572|29.25
1389025594|29.25
1389025617|29.25
1389025639|29.25
1389025662|29.25
1389025684|29.25
1389025707|29.25
1389025729|29.25
1389025751|29.25
1389025774|29.25
1389025796|29.25
1389025819|29.187
1389025841|29.25
1389025864|29.25
1389025886|29.25
1389025909|29.187
1389025931|29.187
1389025954|29.187
1389025976|29.187
1389025999|29.187
1389026021|29.187
1389026044|29.187
1389026066|29.187
1389026089|29.187
1389026111|29.187
1389026133|29.187
1389026156|29.187
1389026178|29.125
1389026201|29.187
1389026223|29.187
1389026246|29.187
1389026268|29.187
1389026291|29.187
1389026313|29.187
1389026336|29.187
1389026358|29.187
1389026381|29.187
1389026403|29.125
1389026426|29.125
1389026448|29.125
1389026470|29.125
1389026493|29.187
1389026515|29.187
1389026538|29.125
1389026560|29.187
1389026583|29.187
1389026605|29.125
1389026628|29.187
1389026650|29.187
1389026673|29.187
1389026695|29.187
1389026718|29.187
1389026740|29.187
1389026763|29.187
1389026785|29.187
1389026808|29.187
1389026830|29.187
1389026853|29.187
1389026875|29.187
1389026897|29.187
1389026920|29.187
1389026942|29.25
1389026965|29.25
1389026987|29.25
1389027010|29.312
1389027032|29.312
1389027055|29.312
1389027077|29.312
1389027100|29.375
1389027122|29.375
1389027145|29.375
1389027167|29.437
1389027190|29.437
1389027212|29.437
1389027234|29.5
1389027257|29.562
1389027279|29.562
1389027302|29.687
1389027324|29.687
1389027347|29.75
1389027369|29.812
1389027392|29.875
1389027414|29.937
1389027437|29.937
1389027459|30.0
1389027482|30.062
1389027504|30.125
1389027527|30.187
1389027549|30.187
1389027572|30.25
1389027594|30.312
1389027617|30.375
1389027639|30.437
1389027661|30.5
1389027684|30.5
1389027706|30.562
1389027729|30.687
1389027751|30.687
1389027774|30.812
1389027796|30.875
1389027819|30.937
1389027841|30.937
1389027864|31.0
1389027886|31.062
1389027909|31.062
1389027931|31.125
1389027954|31.187
1389027976|31.187
1389027998|31.25
1389028021|31.25
1389028043|31.312
1389028066|31.312
1389028088|31.312
1389028111|31.375
1389028133|31.375
1389028156|31.375
1389028178|31.437
1389028201|31.437
1389028223|31.437
1389028246|31.437
1389028268|31.437
1389028291|31.375
1389028313|31.437
1389028336|31.375
1389028358|31.375
1389028380|31.375
1389028403|31.375
1389028425|31.375
1389028448|31.375
1389028470|31.312
1389028493|31.312
1389028515|31.312
1389028538|31.312
1389028560|31.25
1389028583|31.25
1389028605|31.25
1389028628|31.187
1389028650|31.187
1389028673|31.125
1389028695|31.125
1389028717|31.062
1389028740|31.062
1389028762|31.062
1389028785|31.0
1389028807|31.0
1389028830|30.937
1389028852|30.937
1389028875|30.875
1389028897|30.812
1389028920|30.812
1389028942|30.75
1389028965|30.687
1389028987|30.687
1389029010|30.562
1389029032|30.562
1389029055|30.437
1389029077|30.437
1389029100|30.375
1389029122|30.375
1389029144|30.312
1389029167|30.312
1389029189|30.25
1389029212|30.25
1389029234|30.187
1389029257|30.125
1389029279|30.125
1389029302|30.062
1389029324|30.062
1389029347|30.0
1389029369|29.937
1389029392|29.937
1389029414|29.937
1389029437|29.937
1389029459|29.875
1389029481|29.875
1389029504|29.812
1389029526|29.812
1389029549|29.75
1389029571|29.75
1389029594|29.687
1389029616|29.687
1389029639|29.687
1389029661|29.687
1389029684|29.625
1389029706|29.625
1389029729|29.625
1389029751|29.625
1389029774|29.625
1389029796|29.562
1389029819|29.625
1389029841|29.562
1389029864|29.562
1389029886|29.5
1389029908|29.562
1389029931|29.5
1389029953|29.5
1389029976|29.5
1389029998|29.5
1389030021|29.5
1389030043|29.437
1389030066|29.437
1389030088|29.437
1389030111|29.437
1389030133|29.437
1389030156|29.437
1389030178|29.437
1389030201|29.375
1389030223|29.375
1389030246|29.375
1389030268|29.375
1389030290|29.375
1389030313|29.312
1389030335|29.375
1389030358|29.312
1389030380|29.312
1389030403|29.312
1389030425|29.312
1389030448|29.25
1389030470|29.25
1389030493|29.25
1389030515|29.25
1389030538|29.25
1389030560|29.187
1389030583|29.187
1389030605|29.187
1389030627|29.125
1389030650|29.125
1389030672|29.125
1389030695|29.125
1389030717|29.062
1389030740|29.062
1389030762|29.062
1389030785|29.0
1389030807|29.0
1389030830|29.0
1389030852|28.937
1389030875|28.937
1389030897|28.937
1389030920|28.937
1389030942|28.937
1389030965|28.875
1389030987|28.937
1389031010|28.937
1389031032|28.937
1389031054|28.937
1389031077|28.937
1389031099|28.937
1389031122|28.937
1389031144|28.937
1389031167|28.937
1389031189|28.937
1389031212|29.0
1389031234|29.0
1389031257|29.062
1389031279|29.062
1389031302|29.062
1389031324|29.062
1389031347|29.062
1389031369|29.125
1389031391|29.125
1389031414|29.125
1389031436|29.125
1389031459|29.187
1389031481|29.187
1389031504|29.187
1389031526|29.187
1389031549|29.25
1389031571|29.25
1389031594|29.25
1389031616|29.25
1389031639|29.25
1389031661|29.25
1389031684|29.312
1389031706|29.312
1389031729|29.312
1389031751|29.312
1389031774|29.312
1389031796|29.375
1389031818|29.375
1389031841|29.375
1389031863|29.375
1389031886|29.375
1389031908|29.375
1389031931|29.375
1389031953|29.312
1389031976|29.375
1389031998|29.375
1389032021|29.375
1389032043|29.375
1389032066|29.375
1389032088|29.437
1389032111|29.375
1389032133|29.437
1389032155|29.437
1389032178|29.437
1389032200|29.437
1389032223|29.437
1389032245|29.437
1389032268|29.437
1389032290|29.437
1389032313|29.437
1389032335|29.5
1389032358|29.437
1389032380|29.437
1389032403|29.5
1389032425|29.5
1389032448|29.5
1389032470|29.5
1389032493|29.5
1389032515|29.5
1389032537|29.5
1389032560|29.5
1389032582|29.5
1389032605|29.5
1389032627|29.5
1389032650|29.5
1389032672|29.5
1389032695|29.5
1389032717|29.5
1389032740|29.5
1389032762|29.5
1389032785|29.5
1389032807|29.5
1389032830|29.5
1389032852|29.5
1389032874|29.5
1389032897|29.5
1389032919|29.5
1389032942|29.5
1389032964|29.5
1389032987|29.5
1389033009|29.5
1389033032|29.562
1389033054|29.562
1389033077|29.562
1389033099|29.5
1389033122|29.562
1389033144|29.562
1389033167|29.562
1389033189|29.5
1389033212|29.562
1389033234|29.562
1389033257|29.5
1389033279|29.562
1389033301|29.562
1389033324|29.562
1389033346|29.562
1389033369|29.562
1389033391|29.562
1389033414|29.562
1389033436|29.562
1389033459|29.562
1389033481|29.562
1389033504|29.562
1389033526|29.562
1389033549|29.562
1389033571|29.562
1389033594|29.562
1389033616|29.562
1389033638|29.562
1389033661|29.562
1389033683|29.562
1389033706|29.562
1389033728|29.562
1389033751|29.562
1389033773|29.562
1389033796|29.562
1389033818|29.562
1389033841|29.562
1389033863|29.562
1389033886|29.562
1389033908|29.562
1389033931|29.562
1389033953|29.562
1389033976|29.562
1389033998|29.562
1389034021|29.562
1389034043|29.562
1389034065|29.562
1389034088|29.562
1389034110|29.562
1389034133|29.562
1389034155|29.562
1389034178|29.562
1389034200|29.562
1389034223|29.562
1389034245|29.562
1389034268|29.562
1389034290|29.562
1389034313|29.562
1389034335|29.562
1389034358|29.562
1389034380|29.562
1389034402|29.562
1389034425|29.562
1389034447|29.562
1389034470|29.562
1389034492|29.562
1389034515|29.562
1389034537|29.562
1389034560|29.562
1389034582|29.562
1389034605|29.562
1389034627|29.562
1389034650|29.562
1389034672|29.562
1389034695|29.562
1389034717|29.562
1389034740|29.562
1389034762|29.562
1389034784|29.562
1389034807|29.562
1389034829|29.562
1389034852|29.562
1389034874|29.562
1389034897|29.562
1389034919|29.562
1389034942|29.562
1389034964|29.562
1389034987|29.562
1389035009|29.562
1389035032|29.562
1389035054|29.562
1389035077|29.562
1389035099|29.562
1389035122|29.562
1389035144|29.562
1389035167|29.562
1389035189|29.562
1389035211|29.562
1389035234|29.562
1389035256|29.562
1389035279|29.562
1389035301|29.562
1389035324|29.562
1389035346|29.5
1389035369|29.562
1389035391|29.562
1389035414|29.5
1389035436|29.562
1389035459|29.562
1389035481|29.562
1389035504|29.562
1389035526|29.562
1389035549|29.562
1389035571|29.5
1389035594|29.562
1389035616|29.5
1389035638|29.5
1389035661|29.5
1389035683|29.5
1389035706|29.5
1389035728|29.5
1389035751|29.562
1389035773|29.5
1389035796|29.5
1389035818|29.5
1389035841|29.5
1389035863|29.5
1389035886|29.5
1389035908|29.5
1389035931|29.5
1389035953|29.5
1389035975|29.5
1389035998|29.5
1389036020|29.5
1389036043|29.5
1389036065|29.5
1389036088|29.5
1389036110|29.5
1389036133|29.5
1389036155|29.5
1389036178|29.5
1389036200|29.5
1389036223|29.5
1389036245|29.437
1389036268|29.437
1389036290|29.5
1389036313|29.437
1389036335|29.437
1389036357|29.437
1389036380|29.5
1389036402|29.437
1389036425|29.5
1389036447|29.437
1389036470|29.437
1389036492|29.437
1389036515|29.437
1389036537|29.437
1389036560|29.437
1389036582|29.437
1389036605|29.375
1389036628|29.312
1389036650|29.25
1389036673|29.25
1389036695|29.125
1389036718|29.062
1389036740|29.0
1389036763|28.937
1389036785|28.875
1389036808|28.75
1389036830|28.687
1389036853|28.625
1389036875|28.562
1389036898|28.437
1389036920|28.375
1389036943|28.312
1389036965|28.25
1389036987|28.125
1389037010|28.062
1389037032|28.0
1389037055|27.937
1389037077|27.812
1389037100|27.812
1389037122|27.687
1389037145|27.625
1389037167|27.562
1389037190|27.5
1389037212|27.437
1389037235|27.375
1389037257|27.312
1389037280|27.25
1389037302|27.187
1389037324|27.125
1389037347|27.062
1389037369|27.0
1389037392|26.937
1389037414|26.875
1389037437|26.812
1389037459|26.75
1389037482|26.687
1389037504|26.687
1389037527|26.625
1389037549|26.562
1389037572|26.5
1389037594|26.5
1389037617|26.437
1389037639|26.375
1389037661|26.312
1389037684|26.25
1389037707|26.25
1389037729|26.187
1389037751|26.125
1389037774|26.062
1389037796|26.062
1389037819|26.0
1389037841|25.937
1389037864|25.937
1389037886|25.875
1389037909|25.812
1389037931|25.812
1389037954|25.75
1389037976|25.687
1389037999|25.687
1389038021|25.625
1389038044|25.562
1389038066|25.5
1389038088|25.5
1389038111|25.437
1389038133|25.375
1389038156|25.375
1389038178|25.312
1389038201|25.312
1389038223|25.25
1389038246|25.25
1389038268|25.187
1389038291|25.125
1389038313|25.125
1389038336|25.062
1389038358|25.062
1389038381|25.062
1389038403|25.0
1389038426|24.937
1389038448|24.937
1389038470|24.875
1389038493|24.875
1389038515|24.812
1389038538|24.812
1389038560|24.75
1389038583|24.75
1389038605|24.687
1389038628|24.687
1389038650|24.687
1389038673|24.625
1389038695|24.625
1389038718|24.562
1389038740|24.562
1389038763|24.562
1389038785|24.5
1389038807|24.5
1389038830|24.437
1389038852|24.437
1389038875|24.375
1389038897|24.375
1389038920|24.375
1389038942|24.312
1389038965|24.312
1389038987|24.25
1389039010|24.25
1389039032|24.25
1389039055|24.187
1389039077|24.187
1389039100|24.125
1389039122|24.125
1389039145|24.125
1389039167|24.062
1389039190|24.062
1389039212|24.062
1389039234|24.062
1389039257|24.0
1389039279|24.0
1389039302|23.937
1389039324|23.937
1389039347|23.937
1389039369|23.875
1389039392|23.875
1389039414|23.875
1389039437|23.812
1389039459|23.812
1389039482|23.812
1389039504|23.75
1389039527|23.812
1389039549|23.75
1389039572|23.75
1389039594|23.687
1389039617|23.687
1389039639|23.687
1389039661|23.687
1389039684|23.625
1389039706|23.625
1389039729|23.625
1389039751|23.625
1389039774|23.562
1389039796|23.562
1389039819|23.562
1389039841|23.5
1389039864|23.5
1389039886|23.5
1389039909|23.437
1389039931|23.437
1389039954|23.437
1389039976|23.437
1389039998|23.375
1389040021|23.375
1389040043|23.375
1389040066|23.312
1389040088|23.312
1389040111|23.312
1389040133|23.312
1389040156|23.312
1389040178|23.25
1389040201|23.25
1389040223|23.25
1389040246|23.187
1389040268|23.187
1389040291|23.187
1389040313|23.187
1389040336|23.187
1389040358|23.125
1389040380|23.125
1389040403|23.125
1389040425|23.125
1389040448|23.062
1389040470|23.062
1389040493|23.062
1389040515|23.062
1389040538|23.062
1389040560|23.0
1389040583|23.0
1389040605|23.0
1389040628|23.0
1389040650|23.0
1389040673|22.937
1389040695|22.937
1389040717|22.937
1389040740|22.937
1389040762|22.875
1389040785|22.875
1389040807|22.875
1389040830|22.875
1389040852|22.812
1389040875|22.812
1389040897|22.75
1389040920|22.812
1389040942|22.75
1389040965|22.75
1389040987|22.75
1389041010|22.75
1389041032|22.75
1389041055|22.75
1389041077|22.75
1389041100|22.687
1389041122|22.687
1389041144|22.687
1389041167|22.687
1389041189|22.625
1389041212|22.625
1389041234|22.625
1389041257|22.562
1389041279|22.562
1389041302|22.562
1389041324|22.562
1389041347|22.562
1389041369|22.5
1389041392|22.5
1389041414|22.5
1389041437|22.437
1389041459|22.437
1389041481|22.437
1389041504|22.437
1389041527|22.375
1389041549|22.375
1389041571|22.375
1389041594|22.375
1389041616|22.375
1389041639|22.312
1389041662|22.375
1389041685|22.312
1389041707|22.312
1389041729|22.312
1389041752|22.25
1389041774|22.25
1389041797|22.25
1389041819|22.25
1389041842|22.25
1389041864|22.187
1389041887|22.187
1389041909|22.187
1389041932|22.125
1389041954|22.125
1389041977|22.125
1389041999|22.125
1389042022|22.125
1389042044|22.125
1389042067|22.125
1389042089|22.062
1389042111|22.062
1389042134|22.062
1389042156|22.062
1389042179|22.062
1389042201|22.0
1389042224|22.0
1389042246|22.0
1389042269|22.0
1389042291|22.0
1389042314|22.0
1389042336|22.0
1389042359|22.0
1389042381|21.937
1389042404|21.937
1389042426|21.937
1389042449|21.937
1389042471|21.937
1389042493|21.937
1389042516|21.875
1389042538|21.875
1389042561|21.875
1389042583|21.875
1389042606|21.875
1389042628|21.812
1389042651|21.875
1389042673|21.812
1389042696|21.812
1389042718|21.812
1389042741|21.812
1389042763|21.812
1389042786|21.812
1389042808|21.75
1389042830|21.75
1389042853|21.75
1389042875|21.75
1389042898|21.75
1389042920|21.75
1389042943|21.75
1389042965|21.687
1389042988|21.687
1389043010|21.687
1389043033|21.687
1389043055|21.687
1389043078|21.687
1389043100|21.687
1389043123|21.687
1389043145|21.625
1389043168|21.625
1389043190|21.687
1389043213|21.625
1389043235|21.625
1389043257|21.625
1389043280|21.625
1389043302|21.625
1389043325|21.562
1389043347|21.562
1389043370|21.562
1389043392|21.562
1389043415|21.562
1389043437|21.562
1389043460|21.562
1389043482|21.5
1389043505|21.562
1389043527|21.5
1389043550|21.5
1389043572|21.5
1389043595|21.5
1389043617|21.5
1389043640|21.5
1389043662|21.5
1389043684|21.437
1389043707|21.437
1389043729|21.437
1389043752|21.437
1389043774|21.437
1389043797|21.437
1389043819|21.437
1389043842|21.437
1389043864|21.375
1389043887|21.375
1389043909|21.375
1389043932|21.375
1389043954|21.375
1389043977|21.375
1389043999|21.375
1389044021|21.375
1389044044|21.312
1389044066|21.312
1389044089|21.312
1389044111|21.312
1389044134|21.312
1389044156|21.312
1389044179|21.312
1389044202|21.25
1389044224|21.25
1389044247|21.25
1389044269|21.25
1389044292|21.25
1389044314|21.25
1389044336|21.25
1389044359|21.25
1389044381|21.25
1389044404|21.25
1389044426|21.25
1389044449|21.187
1389044471|21.25
1389044494|21.187
1389044516|21.187
1389044539|21.187
1389044561|21.187
1389044584|21.187
1389044606|21.187
1389044629|21.187
1389044651|21.187
1389044674|21.187
1389044696|21.187
1389044718|21.125
1389044741|21.125
1389044763|21.125
1389044786|21.125
1389044808|21.125
1389044831|21.125
1389044853|21.125
1389044876|21.125
1389044898|21.125
1389044921|21.125
1389044943|21.125
1389044966|21.125
1389044988|21.062
1389045011|21.125
1389045033|21.062
1389045055|21.062
1389045078|21.062
1389045100|21.062
1389045123|21.062
1389045145|21.062
1389045168|21.062
1389045190|21.0
1389045213|21.0
1389045235|21.0
1389045258|21.0
1389045280|21.0
1389045303|21.0
1389045325|21.0
1389045348|21.0
1389045370|21.0
1389045393|21.062
1389045415|21.062
1389045438|21.062
1389045460|21.062
1389045482|21.062
1389045505|21.125
1389045527|21.125
1389045550|21.187
1389045572|21.187
1389045595|21.187
1389045617|21.187
1389045640|21.25
1389045662|21.25
1389045685|21.312
1389045707|21.312
1389045730|21.375
1389045752|21.375
1389045775|21.375
1389045797|21.375
1389045820|21.437
1389045842|21.437
1389045865|21.437
1389045887|21.5
1389045909|21.5
1389045932|21.5
1389045954|21.562
1389045977|21.562
1389045999|21.562
1389046022|21.562
1389046044|21.625
1389046067|21.625
1389046089|21.625
1389046112|21.687
1389046134|21.687
1389046157|21.687
1389046179|21.687
1389046202|21.75
1389046224|21.75
1389046247|21.75
1389046269|21.75
1389046291|21.812
1389046314|21.812
1389046336|21.812
1389046359|21.812
1389046381|21.875
1389046404|21.812
1389046426|21.875
1389046449|21.875
1389046471|21.875
1389046494|21.875
1389046516|21.937
1389046539|21.937
1389046561|21.937
1389046584|21.937
1389046606|21.937
1389046628|22.0
1389046651|21.937
1389046673|22.0
1389046696|22.0
1389046718|22.0
1389046741|22.0
1389046763|22.0
1389046786|22.0
1389046808|22.0
1389046831|22.0
1389046853|22.062
1389046876|22.062
1389046898|22.062
1389046921|22.062
1389046943|22.062
1389046965|22.125
1389046988|22.062
1389047010|22.062
1389047033|22.125
1389047055|22.125
1389047078|22.125
1389047100|22.125
1389047123|22.125
1389047145|22.125
1389047168|22.125
1389047190|22.125
1389047213|22.125
1389047235|22.187
1389047258|22.187
1389047280|22.187
1389047303|22.187
1389047325|22.187
1389047348|22.187
1389047370|22.187
1389047392|22.187
1389047415|22.187
1389047437|22.187
1389047460|22.25
1389047482|22.25
1389047505|22.25
1389047527|22.25
1389047550|22.25
1389047572|22.187
1389047595|22.25
1389047617|22.25
1389047640|22.25
1389047662|22.25
1389047685|22.25
1389047707|22.25
1389047730|22.312
1389047752|22.25
1389047775|22.312
1389047797|22.312
1389047819|22.312
1389047842|22.312
1389047864|22.312
1389047887|22.312
1389047909|22.312
1389047932|22.312
1389047954|22.312
1389047977|22.312
1389047999|22.312
1389048022|22.312
1389048044|22.312
1389048067|22.312
1389048089|22.312
1389048112|22.375
1389048134|22.375
1389048156|22.312
1389048179|22.375
1389048201|22.312
1389048224|22.312
1389048246|22.375
1389048269|22.375
1389048291|22.375
1389048314|22.375
1389048336|22.375
1389048359|22.375
1389048381|22.375
1389048404|22.375
1389048426|22.375
1389048449|22.375
1389048471|22.375
1389048494|22.375
1389048516|22.375
1389048538|22.375
1389048561|22.375
1389048583|22.375
1389048606|22.375
1389048628|22.375
1389048651|22.375
1389048673|22.375
1389048696|22.375
1389048718|22.437
1389048741|22.375
1389048763|22.375
1389048786|22.437
1389048808|22.375
1389048831|22.375
1389048853|22.437
1389048875|22.375
1389048898|22.437
1389048920|22.375
1389048943|22.437
1389048965|22.375
1389048988|22.437
1389049010|22.437
1389049033|22.375
1389049055|22.375
1389049078|22.437
1389049100|22.437
1389049123|22.375
1389049145|22.375
1389049168|22.375
1389049190|22.437
1389049213|22.437
1389049235|22.437
1389049258|22.437
1389049280|22.437
1389049302|22.437
1389049325|22.437
1389049347|22.437
1389049370|22.437
1389049392|22.437
1389049415|22.437
1389049437|22.437
1389049460|22.437
1389049482|22.437
1389049505|22.437
1389049527|22.437
1389049550|22.437
1389049572|22.437
1389049595|22.437
1389049617|22.437
1389049639|22.437
1389049662|22.437
1389049684|22.437
1389049707|22.437
1389049729|22.437
1389049752|22.437
1389049774|22.437
1389049797|22.437
1389049819|22.437
1389049842|22.437
1389049864|22.437
1389049887|22.437
1389049909|22.437
1389049932|22.437
1389049954|22.437
1389049977|22.437
1389049999|22.437
1389050022|22.437
1389050044|22.437
1389050066|22.437
1389050089|22.437
1389050111|22.437
1389050134|22.437
1389050156|22.437
1389050179|22.437
1389050201|22.437
1389050224|22.437
1389050246|22.437
1389050269|22.375
1389050291|22.437
1389050314|22.437
1389050336|22.437
1389050359|22.437
1389050381|22.437
1389050403|22.375
1389050426|22.437
1389050448|22.437
1389050471|22.437
1389050493|22.437
1389050516|22.437
1389050538|22.437
1389050561|22.437
1389050583|22.437
1389050606|22.437
1389050628|22.437
1389050651|22.437
1389050673|22.437
1389050696|22.437
1389050718|22.437
1389050741|22.437
1389050763|22.437
1389050785|22.437
1389050808|22.437
1389050830|22.437
1389050853|22.375
1389050875|22.437
1389050898|22.437
1389050920|22.375
1389050943|22.375
1389050965|22.437
1389050988|22.375
1389051010|22.375
1389051033|22.375
1389051055|22.375
1389051078|22.375
1389051100|22.375
1389051123|22.375
1389051145|22.375
1389051168|22.375
1389051190|22.375
1389051212|22.375
1389051235|22.375
1389051257|22.375
1389051280|22.375
1389051302|22.375
1389051325|22.375
1389051347|22.375
1389051370|22.375
1389051392|22.375
1389051415|22.375
1389051437|22.375
1389051460|22.375
1389051482|22.375
1389051505|22.375
1389051527|22.375
1389051549|22.375
1389051572|22.375
1389051594|22.375
1389051617|22.312
1389051639|22.375
1389051662|22.375
1389051684|22.375
1389051707|22.375
1389051729|22.312
1389051752|22.375
1389051774|22.312
1389051797|22.312
1389051819|22.312
1389051842|22.312
1389051864|22.312
1389051887|22.312
1389051909|22.312
1389051932|22.312
1389051954|22.312
1389051976|22.312
1389051999|22.312
1389052021|22.312
1389052044|22.312
1389052066|22.312
1389052089|22.312
1389052111|22.312
1389052134|22.312
1389052156|22.312
1389052179|22.312
1389052201|22.312
1389052224|22.312
1389052246|22.312
1389052269|22.312
1389052291|22.312
1389052314|22.312
1389052336|22.312
1389052358|22.312
1389052381|22.312
1389052403|22.312
1389052426|22.25
1389052448|22.312
1389052471|22.312
1389052493|22.312
1389052516|22.25
1389052538|22.312
1389052561|22.312
1389052583|22.25
1389052606|22.25
1389052628|22.25
1389052651|22.312
1389052673|22.25
1389052695|22.25
1389052718|22.25
1389052740|22.312
1389052763|22.25
1389052785|22.25
1389052808|22.25
1389052830|22.25
1389052853|22.25
1389052875|22.25
1389052898|22.25
1389052920|22.25
1389052943|22.25
1389052965|22.25
1389052988|22.25
1389053010|22.25
1389053033|22.25
1389053055|22.25
1389053078|22.25
1389053100|22.25
1389053122|22.25
1389053145|22.25
1389053167|22.25
1389053190|22.25
1389053212|22.25
1389053235|22.187
1389053257|22.187
1389053280|22.187
1389053302|22.25
1389053325|22.187
1389053347|22.187
1389053370|22.187
1389053392|22.187
1389053415|22.187
1389053437|22.187
1389053459|22.187
1389053482|22.187
1389053505|22.187
1389053527|22.187
1389053549|22.187
1389053572|22.187
1389053594|22.187
1389053617|22.187
1389053639|22.187
1389053662|22.187
1389053684|22.187
1389053707|22.187
1389053729|22.187
1389053752|22.187
1389053774|22.187
1389053797|22.187
1389053819|22.187
1389053842|22.187
1389053864|22.187
1389053886|22.187
1389053909|22.187
1389053931|22.187
1389053954|22.125
1389053976|22.187
1389053999|22.125
1389054021|22.125
1389054044|22.125
1389054066|22.187
1389054089|22.125
1389054111|22.125
1389054134|22.125
1389054156|22.125
1389054179|22.125
1389054201|22.125
1389054224|22.125
1389054246|22.125
1389054268|22.125
1389054291|22.125
1389054313|22.125
1389054336|22.125
1389054358|22.125
1389054381|22.125
1389054403|22.125
1389054426|22.062
1389054448|22.125
1389054471|22.125
1389054493|22.125
1389054516|22.062
1389054538|22.125
1389054561|22.125
1389054583|22.062
1389054605|22.062
1389054628|22.062
1389054651|22.062
1389054673|22.062
1389054695|22.062
1389054718|22.062
1389054740|22.062
1389054763|22.062
1389054785|22.062
1389054808|22.062
1389054830|22.062
1389054853|22.062
1389054875|22.062
1389054898|22.062
1389054920|22.062
1389054943|22.062
1389054965|22.062
1389054988|22.062
1389055010|22.062
1389055032|22.062
1389055055|22.062
1389055078|22.062
1389055100|22.0
1389055122|22.062
1389055145|22.062
1389055167|22.0
1389055190|22.0
1389055212|22.0
1389055235|22.062
1389055257|22.0
1389055280|22.0
1389055302|22.0
1389055325|22.0
1389055347|22.0
1389055370|22.0
1389055392|22.0
1389055415|22.0
1389055437|22.0
1389055459|22.0
1389055482|22.0
1389055504|22.0
1389055527|22.0
1389055549|22.0
1389055572|22.0
1389055594|22.0
1389055617|21.937
1389055639|22.0
1389055662|21.937
1389055684|22.0
1389055707|21.937
1389055729|21.937
1389055752|22.0
1389055774|21.937
1389055797|22.0
1389055819|21.937
1389055841|21.937
1389055864|21.937
1389055886|21.937
1389055909|21.937
1389055931|21.937
1389055954|21.937
1389055976|21.937
1389055999|21.937
1389056021|21.937
1389056044|21.937
1389056066|21.937
1389056089|21.937
1389056111|21.937
1389056134|21.875
1389056156|21.937
1389056178|21.937
1389056201|21.937
1389056224|21.937
1389056246|21.937
1389056268|21.937
1389056291|21.875
1389056313|21.875
1389056336|21.875
1389056358|21.875
1389056381|21.937
1389056403|21.875
1389056426|21.875
1389056448|21.875
1389056471|21.875
1389056493|21.875
1389056516|21.875
1389056538|21.875
1389056561|21.875
1389056583|21.875
1389056606|21.875
1389056628|21.875
1389056651|21.812
1389056673|21.875
1389056695|21.875
1389056718|21.875
1389056740|21.875
1389056763|21.875
1389056785|21.875
1389056808|21.875
1389056830|21.875
1389056853|21.875
1389056875|21.875
1389056898|21.875
1389056920|21.812
1389056943|21.875
1389056965|21.812
1389056988|21.812
1389057010|21.812
1389057032|21.875
1389057055|21.812
1389057077|21.812
1389057100|21.812
1389057122|21.812
1389057145|21.812
1389057167|21.812
1389057190|21.812
1389057212|21.812
1389057235|21.812
1389057257|21.812
1389057280|21.812
1389057302|21.812
1389057325|21.812
1389057347|21.75
1389057370|21.75
1389057392|21.75
1389057414|21.75
1389057437|21.812
1389057459|21.75
1389057482|21.75
1389057504|21.812
1389057527|21.75
1389057549|21.75
1389057572|21.75
1389057594|21.75
1389057617|21.75
1389057639|21.75
1389057662|21.75
1389057684|21.75
1389057707|21.75
1389057729|21.75
1389057751|21.75
1389057774|21.75
1389057797|21.75
1389057819|21.75
1389057841|21.75
1389057864|21.75
1389057886|21.75
1389057909|21.75
1389057931|21.75
1389057954|21.75
1389057976|21.75
1389057999|21.687
1389058021|21.75
1389058044|21.75
1389058066|21.75
1389058089|21.687
1389058111|21.687
1389058134|21.687
1389058156|21.687
1389058178|21.687
1389058201|21.687
1389058223|21.687
1389058246|21.687
1389058268|21.687
1389058291|21.687
1389058313|21.687
1389058336|21.687
1389058358|21.687
1389058381|21.687
1389058403|21.687
1389058426|21.687
1389058448|21.687
1389058471|21.687
1389058493|21.687
1389058515|21.687
1389058538|21.687
1389058560|21.687
1389058583|21.625
1389058605|21.625
1389058628|21.625
1389058650|21.687
1389058673|21.687
1389058695|21.625
1389058718|21.625
1389058740|21.625
1389058763|21.625
1389058785|21.625
1389058808|21.687
1389058830|21.625
1389058853|21.625
1389058875|21.625
1389058898|21.625
1389058920|21.625
1389058942|21.625
1389058965|21.625
1389058987|21.625
1389059010|21.625
1389059032|21.625
1389059055|21.625
1389059077|21.625
1389059100|21.625
1389059122|21.625
1389059145|21.625
1389059167|21.562
1389059190|21.562
1389059212|21.625
1389059235|21.562
1389059257|21.625
1389059279|21.562
1389059302|21.562
1389059324|21.562
1389059347|21.562
1389059369|21.562
1389059392|21.562
1389059414|21.562
1389059437|21.562
1389059459|21.562
1389059482|21.562
1389059504|21.562
1389059527|21.562
1389059549|21.562
1389059572|21.562
1389059594|21.562
1389059617|21.562
1389059639|21.562
1389059661|21.562
1389059684|21.562
1389059706|21.5
1389059729|21.562
1389059751|21.5
1389059774|21.562
1389059796|21.5
1389059819|21.5
1389059841|21.562
1389059864|21.5
1389059886|21.5
1389059909|21.5
1389059931|21.5
1389059954|21.5
1389059976|21.5
1389059998|21.5
1389060021|21.5
1389060043|21.5
1389060066|21.5
1389060088|21.5
1389060111|21.5
1389060133|21.5
1389060156|21.5
1389060178|21.5
1389060201|21.5
1389060223|21.5
1389060246|21.5
1389060268|21.5
1389060291|21.5
1389060313|21.437
1389060336|21.437
1389060358|21.437
1389060381|21.437
1389060403|21.437
1389060425|21.437
1389060448|21.437
1389060470|21.5
1389060493|21.5
1389060515|21.437
1389060538|21.437
1389060560|21.437
1389060583|21.437
1389060605|21.437
1389060628|21.437
1389060650|21.437
1389060673|21.437
1389060695|21.437
1389060718|21.437
1389060740|21.437
1389060762|21.437
1389060785|21.437
1389060807|21.437
1389060830|21.437
1389060852|21.437
1389060875|21.437
1389060897|21.375
1389060920|21.375
1389060942|21.375
1389060965|21.375
1389060987|21.375
1389061010|21.437
1389061032|21.375
1389061055|21.375
1389061077|21.375
1389061100|21.375
1389061122|21.375
1389061145|21.375
1389061167|21.375
1389061189|21.375
1389061212|21.375
1389061234|21.375
1389061257|21.375
1389061279|21.375
1389061302|21.375
1389061324|21.375
1389061347|21.375
1389061369|21.375
1389061392|21.375
1389061414|21.375
1389061437|21.375
1389061459|21.375
1389061482|21.375
1389061504|21.375
1389061527|21.312
1389061549|21.312
1389061571|21.375
1389061594|21.375
1389061616|21.312
1389061639|21.312
1389061661|21.312
1389061684|21.312
1389061706|21.312
1389061729|21.312
1389061751|21.312
1389061774|21.312
1389061796|21.312
1389061819|21.312
1389061841|21.312
1389061864|21.312
1389061886|21.312
1389061909|21.312
1389061931|21.312
1389061954|21.312
1389061976|21.312
1389061999|21.312
1389062021|21.312
1389062044|21.312
1389062066|21.312
1389062089|21.312
1389062111|21.312
1389062134|21.25
1389062156|21.312
1389062179|21.312
1389062201|21.25
1389062223|21.312
1389062246|21.25
1389062268|21.25
1389062291|21.312
1389062313|21.25
1389062336|21.25
1389062358|21.25
1389062381|21.25
1389062403|21.25
1389062426|21.25
1389062448|21.25
1389062471|21.25
1389062493|21.25
1389062516|21.25
1389062538|21.25
1389062561|21.25
1389062583|21.25
1389062606|21.25
1389062628|21.25
1389062650|21.25
1389062673|21.25
1389062695|21.25
1389062718|21.25
1389062740|21.25
1389062763|21.25
1389062785|21.187
1389062808|21.187
1389062830|21.187
1389062853|21.187
1389062875|21.187
1389062898|21.25
1389062920|21.187
1389062943|21.187
1389062965|21.187
1389062987|21.187
1389063010|21.187
1389063032|21.187
1389063055|21.187
1389063077|21.187
1389063100|21.187
1389063122|21.187
1389063145|21.187
1389063167|21.187
1389063190|21.187
1389063212|21.187
1389063235|21.187
1389063257|21.187
1389063280|21.187
1389063302|21.187
1389063325|21.187
1389063347|21.187
1389063370|21.187
1389063392|21.187
1389063414|21.187
1389063437|21.187
1389063459|21.187
1389063482|21.187
1389063504|21.187
1389063527|21.187
1389063549|21.125
1389063572|21.125
1389063594|21.187
1389063617|21.125
1389063639|21.125
1389063662|21.125
1389063684|21.125
1389063707|21.125
1389063729|21.125
1389063751|21.125
1389063774|21.125
1389063796|21.125
1389063819|21.125
1389063841|21.125
1389063864|21.125
1389063886|21.125
1389063909|21.125
1389063931|21.125
1389063954|21.125
1389063976|21.125
1389063999|21.125
1389064021|21.125
1389064044|21.125
1389064066|21.125
1389064089|21.125
1389064111|21.062
1389064133|21.062
1389064156|21.125
1389064178|21.062
1389064201|21.125
1389064223|21.062
1389064246|21.062
1389064268|21.062
1389064291|21.062
1389064313|21.062
1389064336|21.062
1389064358|21.062
1389064381|21.062
1389064403|21.062
1389064426|21.062
1389064448|21.062
1389064470|21.062
1389064493|21.062
1389064515|21.062
1389064538|21.062
1389064560|21.062
1389064583|21.062
1389064605|21.062
1389064628|21.062
1389064650|21.062
1389064673|21.062
1389064695|21.062
1389064718|21.0
1389064740|21.062
1389064763|21.062
1389064785|21.062
1389064808|21.062
1389064830|21.0
1389064853|21.0
1389064875|21.0
1389064897|21.0
1389064920|21.0
1389064942|21.0
1389064965|21.0
1389064987|21.0
1389065010|21.0
1389065032|21.0
1389065055|21.0
1389065077|21.0
1389065100|21.0
1389065122|21.0
1389065145|21.0
1389065167|21.0
1389065190|21.0
1389065212|21.0
1389065234|21.0
1389065257|21.0
1389065279|21.0
1389065302|21.0
1389065324|21.0
1389065347|21.0
1389065369|21.0
1389065392|21.0
1389065414|21.062
1389065437|21.125
1389065459|21.187
1389065482|21.25
1389065504|21.312
1389065527|21.375
1389065549|21.437
1389065572|21.562
1389065594|21.625
1389065617|21.687
1389065639|21.812
1389065661|21.937
1389065684|22.062
1389065706|22.187
1389065729|22.375
1389065751|22.5
1389065774|22.687
1389065796|22.812
1389065819|23.0
1389065841|23.187
1389065864|23.375
1389065886|23.5
1389065909|23.687
1389065931|23.875
1389065954|24.062
1389065976|24.25
1389065998|24.437
1389066021|24.625
1389066043|24.812
1389066066|25.0
1389066088|25.187
1389066111|25.437
1389066133|25.562
1389066156|25.75
1389066178|25.937
1389066201|26.125
1389066223|26.312
1389066246|26.437
1389066268|26.625
1389066291|26.75
1389066313|26.875
1389066336|27.062
1389066358|27.187
1389066380|27.312
1389066403|27.375
1389066425|27.5
1389066448|27.625
1389066470|27.625
1389066493|27.812
1389066515|27.875
1389066538|27.937
1389066560|28.062
1389066583|28.125
1389066605|28.187
1389066628|28.312
1389066650|28.312
1389066673|28.437
1389066695|28.5
1389066717|28.562
1389066740|28.562
1389066762|28.687
1389066785|28.687
1389066807|28.75
1389066830|28.812
1389066852|28.875
1389066875|28.937
1389066897|28.937
1389066920|29.0
1389066942|29.0
1389066965|29.062
1389066987|29.062
1389067010|29.062
1389067032|29.125
1389067055|29.187
1389067077|29.187
1389067100|29.187
1389067122|29.187
1389067144|29.187
1389067167|29.25
1389067189|29.187
1389067212|29.25
1389067234|29.187
1389067257|29.25
1389067279|29.187
1389067302|29.187
1389067324|29.25
1389067347|29.187
1389067369|29.187
1389067392|29.187
1389067414|29.187
1389067437|29.187
1389067459|29.25
1389067481|29.25
1389067504|29.25
1389067526|29.25
1389067549|29.25
1389067571|29.25
1389067594|29.25
1389067616|29.25
1389067639|29.25
1389067661|29.25
1389067684|29.25
1389067706|29.25
1389067729|29.312
1389067751|29.25
1389067774|29.312
1389067796|29.312
1389067819|29.312
1389067841|29.312
1389067864|29.375
1389067886|29.375
1389067908|29.375
1389067931|29.375
1389067953|29.375
1389067976|29.375
1389067998|29.437
1389068021|29.437
1389068043|29.437
1389068066|29.437
1389068088|29.437
1389068111|29.437
1389068133|29.437
1389068156|29.5
1389068178|29.5
1389068201|29.5
1389068223|29.5
1389068245|29.5
1389068268|29.5
1389068290|29.562
1389068313|29.562
1389068335|29.562
1389068358|29.562
1389068380|29.562
1389068403|29.562
1389068425|29.625
1389068448|29.625
1389068470|29.625
1389068493|29.625
1389068515|29.625
1389068538|29.625
1389068560|29.625
1389068583|29.625
1389068605|29.687
1389068627|29.687
1389068650|29.687
1389068672|29.687
1389068695|29.687
1389068717|29.687
1389068740|29.687
1389068762|29.687
1389068785|29.687
1389068807|29.687
1389068830|29.687
1389068852|29.687
1389068875|29.75
1389068897|29.75
1389068920|29.75
1389068942|29.75
1389068965|29.75
1389068987|29.75
1389069010|29.812
1389069032|29.812
1389069054|29.812
1389069077|29.812
1389069099|29.875
1389069122|29.875
1389069144|29.937
1389069167|29.937
1389069189|29.937
1389069212|30.0
1389069234|30.0
1389069257|30.0
1389069279|30.062
1389069302|30.062
1389069324|30.062
1389069347|30.062
1389069369|30.062
1389069391|30.062
1389069414|30.062
1389069436|30.062
1389069459|30.062
1389069481|30.0
1389069504|30.0
1389069526|29.937
1389069549|29.937
1389069571|29.937
1389069594|29.875
1389069616|29.875
1389069639|29.875
1389069661|29.875
1389069684|29.812
1389069706|29.812
1389069729|29.812
1389069751|29.812
1389069774|29.812
1389069796|29.75
1389069818|29.75
1389069841|29.75
1389069863|29.687
1389069886|29.687
1389069908|29.687
1389069931|29.687
1389069953|29.687
1389069976|29.625
1389069998|29.625
1389070021|29.625
1389070043|29.625
1389070066|29.625
1389070088|29.625
1389070111|29.625
1389070133|29.562
1389070156|29.625
1389070178|29.625
1389070200|29.625
1389070223|29.687
1389070245|29.687
1389070268|29.687
1389070290|29.75
1389070313|29.75
1389070335|29.75
1389070358|29.875
1389070380|29.875
1389070403|29.937
1389070425|30.0
1389070448|30.0
1389070470|30.062
1389070493|30.062
1389070515|30.125
1389070537|30.187
1389070560|30.187
1389070582|30.25
1389070605|30.25
1389070627|30.25
1389070650|30.25
1389070672|30.312
1389070695|30.25
1389070717|30.25
1389070740|30.25
1389070762|30.25
1389070785|30.25
1389070807|30.25
1389070830|30.187
1389070852|30.187
1389070875|30.187
1389070897|30.187
1389070920|30.125
1389070942|30.125
1389070964|30.125
1389070987|30.125
1389071009|30.062
1389071032|30.0
1389071054|30.0
1389071077|30.0
1389071099|29.937
1389071122|29.937
1389071144|29.875
1389071167|29.875
1389071189|29.875
1389071212|29.812
1389071234|29.812
1389071257|29.75
1389071279|29.75
1389071301|29.687
1389071324|29.687
1389071346|29.625
1389071369|29.625
1389071391|29.625
1389071414|29.562
1389071436|29.5
1389071459|29.5
1389071481|29.437
1389071504|29.437
1389071526|29.375
1389071549|29.375
1389071571|29.312
1389071594|29.312
1389071616|29.312
1389071639|29.25
1389071661|29.25
1389071684|29.187
1389071706|29.187
1389071728|29.187
1389071751|29.187
1389071773|29.125
1389071796|29.125
1389071818|29.062
1389071841|29.062
1389071863|29.062
1389071886|29.062
1389071908|29.0
1389071931|29.0
1389071953|29.0
1389071976|28.937
1389071998|28.937
1389072021|28.937
1389072043|28.937
1389072066|28.937
1389072088|28.937
1389072110|28.875
1389072133|28.812
1389072155|28.875
1389072178|28.875
1389072200|28.812
1389072223|28.812
1389072245|28.75
1389072268|28.75
1389072290|28.75
1389072313|28.75
1389072335|28.75
1389072358|28.687
1389072380|28.687
1389072403|28.687
1389072425|28.687
1389072447|28.625
1389072470|28.625
1389072492|28.625
1389072515|28.625
1389072537|28.562
1389072560|28.562
1389072582|28.562
1389072605|28.562
1389072627|28.5
1389072650|28.5
1389072672|28.5
1389072695|28.5
1389072717|28.562
1389072740|28.562
1389072762|28.562
1389072785|28.562
1389072807|28.562
1389072830|28.562
1389072852|28.562
1389072874|28.562
1389072897|28.625
1389072919|28.625
1389072942|28.625
1389072964|28.625
1389072987|28.625
1389073009|28.687
1389073032|28.687
1389073054|28.687
1389073077|28.687
1389073099|28.687
1389073122|28.687
1389073144|28.687
1389073167|28.75
1389073189|28.75
1389073211|28.75
1389073234|28.75
1389073256|28.75
1389073279|28.75
1389073301|28.812
1389073324|28.75
1389073346|28.75
1389073369|28.812
1389073391|28.812
1389073414|28.812
1389073436|28.812
1389073459|28.812
1389073481|28.812
1389073504|28.812
1389073526|28.812
1389073549|28.812
1389073571|28.812
1389073594|28.812
1389073616|28.812
1389073638|28.812
1389073661|28.812
1389073683|28.812
1389073706|28.812
1389073728|28.812
1389073751|28.812
1389073773|28.812
1389073796|28.812
1389073818|28.812
1389073841|28.875
1389073863|28.812
1389073886|28.875
1389073908|28.875
1389073931|28.875
1389073953|28.875
1389073975|28.937
1389073998|28.937
1389074020|28.937
1389074043|28.937
1389074065|29.0
1389074088|29.0
1389074110|29.0
1389074133|29.062
1389074155|29.062
1389074178|29.125
1389074200|29.125
1389074223|29.125
1389074245|29.125
1389074268|29.187
1389074290|29.187
1389074312|29.187
1389074335|29.187
1389074357|29.25
1389074380|29.25
1389074402|29.25
1389074425|29.25
1389074447|29.25
1389074470|29.25
1389074492|29.25
1389074515|29.25
1389074537|29.25
1389074560|29.25
1389074582|29.25
1389074605|29.187
1389074627|29.187
1389074650|29.187
1389074672|29.187
1389074694|29.125
1389074717|29.125
1389074739|29.125
1389074762|29.125
1389074784|29.125
1389074807|29.125
1389074829|29.125
1389074852|29.125
1389074874|29.125
1389074897|29.125
1389074919|29.125
1389074942|29.187
1389074964|29.187
1389074987|29.187
1389075009|29.25
1389075031|29.25
1389075054|29.25
1389075076|29.312
1389075099|29.312
1389075121|29.312
1389075144|29.312
1389075166|29.312
1389075189|29.375
1389075211|29.375
1389075234|29.375
1389075256|29.375
1389075279|29.375
1389075301|29.437
1389075324|29.437
1389075346|29.437
1389075369|29.437
1389075391|29.437
1389075414|29.437
1389075436|29.437
1389075458|29.437
1389075481|29.437
1389075503|29.5
1389075526|29.5
1389075548|29.437
1389075571|29.5
1389075593|29.5
1389075616|29.5
1389075638|29.5
1389075661|29.5
1389075683|29.5
1389075706|29.5
1389075728|29.5
1389075751|29.5
1389075773|29.5
1389075796|29.5
1389075818|29.5
1389075841|29.5
1389075863|29.5
1389075885|29.5
1389075908|29.562
1389075930|29.562
1389075953|29.562
1389075975|29.562
1389075998|29.562
1389076020|29.562
1389076043|29.562
1389076065|29.562
1389076088|29.625
1389076110|29.625
1389076133|29.625
1389076155|29.625
1389076178|29.625
1389076200|29.562
1389076223|29.625
1389076245|29.625
1389076267|29.625
1389076290|29.625
1389076312|29.625
1389076335|29.625
1389076357|29.625
1389076380|29.625
1389076402|29.625
1389076425|29.687
1389076447|29.625
1389076470|29.687
1389076492|29.687
1389076515|29.687
1389076537|29.687
1389076560|29.687
1389076582|29.687
1389076604|29.687
1389076627|29.687
1389076649|29.687
1389076672|29.687
1389076694|29.687
1389076717|29.687
1389076739|29.687
1389076762|29.687
1389076784|29.687
1389076807|29.687
1389076829|29.687
1389076852|29.687
1389076874|29.75
1389076897|29.75
1389076919|29.687
1389076942|29.687
1389076964|29.75
1389076987|29.75
1389077009|29.75
1389077031|29.687
1389077054|29.75
1389077076|29.75
1389077099|29.75
1389077121|29.75
1389077144|29.75
1389077166|29.75
1389077189|29.75
1389077211|29.75
1389077234|29.75
1389077256|29.75
1389077279|29.75
1389077301|29.75
1389077324|29.75
1389077346|29.75
1389077368|29.75
1389077391|29.75
1389077413|29.75
1389077436|29.75
1389077458|29.75
1389077481|29.812
1389077503|29.75
1389077526|29.75
1389077548|29.75
1389077571|29.75
1389077593|29.75
1389077616|29.75
1389077638|29.75
1389077661|29.75
1389077683|29.75
1389077706|29.75
1389077728|29.75
1389077751|29.75
1389077773|29.75
1389077795|29.812
1389077818|29.75
1389077840|29.75
1389077863|29.75
1389077885|29.75
1389077908|29.812
1389077930|29.75
1389077953|29.812
1389077975|29.75
1389077998|29.812
1389078020|29.75
1389078043|29.75
1389078065|29.812
1389078088|29.812
1389078110|29.812
1389078132|29.75
1389078155|29.75
1389078177|29.75
1389078200|29.812
1389078222|29.75
1389078245|29.75
1389078267|29.75
1389078290|29.812
1389078312|29.75
1389078335|29.75
1389078357|29.75
1389078380|29.75
1389078402|29.75
1389078425|29.75
1389078447|29.75
1389078470|29.75
1389078492|29.75
1389078514|29.75
1389078537|29.75
1389078559|29.75
1389078582|29.75
1389078604|29.75
1389078627|29.75
1389078649|29.75
1389078672|29.75
1389078694|29.75
1389078717|29.75
1389078739|29.75
1389078762|29.75
1389078784|29.75
1389078807|29.75
1389078829|29.75
1389078851|29.75
1389078874|29.75
1389078896|29.75
1389078919|29.75
1389078941|29.75
1389078964|29.75
1389078986|29.75
1389079009|29.75
1389079031|29.75
1389079054|29.75
1389079076|29.75
1389079099|29.75
1389079121|29.75
1389079144|29.75
1389079166|29.75
1389079189|29.75
1389079211|29.75
1389079234|29.75
1389079256|29.75
1389079278|29.75
1389079301|29.75
1389079323|29.75
1389079346|29.75
1389079368|29.75
1389079391|29.75
1389079413|29.75
1389079436|29.75
1389079458|29.75
1389079481|29.75
1389079503|29.75
1389079526|29.75
1389079548|29.75
1389079571|29.812
1389079593|29.75
1389079616|29.75
1389079638|29.812
1389079661|29.812
1389079683|29.812
1389079705|29.812
1389079728|29.812
1389079750|29.875
1389079773|29.875
1389079795|29.875
1389079818|29.875
1389079840|29.937
1389079863|29.937
1389079885|30.0
1389079908|30.0
1389079930|30.0
1389079953|30.0
1389079975|30.062
1389079998|30.125
1389080020|30.125
1389080042|30.125
1389080065|30.187
1389080087|30.187
1389080110|30.25
1389080132|30.312
1389080155|30.375
1389080177|30.375
1389080200|30.437
1389080222|30.5
1389080245|30.562
1389080267|30.625
1389080290|30.687
1389080312|30.687
1389080335|30.75
1389080357|30.75
1389080379|30.812
1389080402|30.812
1389080424|30.875
1389080447|30.875
1389080469|30.937
1389080492|30.937
1389080514|30.937
1389080537|30.937
1389080559|31.0
1389080582|31.0
1389080604|31.0
1389080627|31.0
1389080649|31.0
1389080672|31.0
1389080694|31.0
1389080717|31.0
1389080739|31.0
1389080761|31.0
1389080784|31.0
1389080806|31.0
1389080829|31.0
1389080851|30.937
1389080874|30.937
1389080896|30.937
1389080919|30.937
1389080941|30.937
1389080964|30.875
1389080986|30.875
1389081009|30.875
1389081031|30.812
1389081054|30.812
1389081076|30.812
1389081099|30.75
1389081121|30.75
1389081144|30.75
1389081166|30.687
1389081188|30.687
1389081211|30.687
1389081233|30.687
1389081256|30.625
1389081278|30.625
1389081301|30.562
1389081323|30.562
1389081346|30.562
1389081368|30.5
1389081391|30.5
1389081413|30.437
1389081436|30.437
1389081458|30.437
1389081481|30.375
1389081503|30.375
1389081525|30.312
1389081548|30.312
1389081570|30.25
1389081593|30.25
1389081615|30.187
1389081638|30.187
1389081660|30.187
1389081683|30.125
1389081705|30.062
1389081728|30.062
1389081750|30.062
1389081773|30.0
1389081795|30.0
1389081818|29.937
1389081840|29.937
1389081863|29.875
1389081885|29.875
1389081908|29.812
1389081930|29.812
1389081952|29.75
1389081975|29.75
1389081997|29.687
1389082020|29.687
1389082042|29.625
1389082065|29.625
1389082087|29.562
1389082110|29.562
1389082132|29.562
1389082155|29.5
1389082177|29.5
1389082200|29.5
1389082222|29.5
1389082245|29.437
1389082267|29.437
1389082289|29.437
1389082312|29.375
1389082334|29.375
1389082357|29.375
1389082379|29.375
1389082402|29.375
1389082424|29.312
1389082447|29.312
1389082469|29.312
1389082492|29.312
1389082514|29.312
1389082537|29.312
1389082559|29.312
1389082582|29.312
1389082604|29.312
1389082627|29.312
1389082649|29.25
1389082672|29.25
1389082694|29.25
1389082717|29.25
1389082739|29.25
1389082762|29.25
1389082784|29.25
1389082807|29.25
1389082829|29.25
1389082852|29.25
1389082874|29.25
1389082897|29.25
1389082919|29.25
1389082942|29.25
1389082964|29.187
1389082986|29.187
1389083009|29.187
1389083031|29.187
1389083054|29.187
1389083076|29.187
1389083099|29.187
1389083121|29.187
1389083144|29.187
1389083166|29.187
1389083189|29.187
1389083211|29.187
1389083234|29.125
1389083256|29.125
1389083279|29.125
1389083301|29.125
1389083324|29.125
1389083346|29.125
1389083369|29.125
1389083391|29.125
1389083413|29.062
1389083436|29.062
1389083458|29.062
1389083481|29.062
1389083503|29.062
1389083526|29.062
1389083548|29.0
1389083571|29.0
1389083593|29.0
1389083616|29.0
1389083638|29.0
1389083661|28.937
1389083683|28.937
1389083706|28.937
1389083728|28.937
1389083750|28.875
1389083773|28.875
1389083795|28.875
1389083818|28.812
1389083840|28.812
1389083863|28.75
1389083885|28.75
1389083908|28.687
1389083930|28.75
1389083953|28.687
1389083975|28.687
1389083998|28.625
1389084020|28.625
1389084043|28.625
1389084065|28.562
1389084088|28.562
1389084110|28.562
1389084133|28.562
1389084155|28.5
1389084177|28.5
1389084200|28.5
1389084222|28.5
1389084245|28.5
1389084267|28.5
1389084290|28.562
1389084312|28.5
1389084335|28.562
1389084357|28.562
1389084380|28.562
1389084402|28.562
1389084425|28.625
1389084447|28.625
1389084470|28.625
1389084492|28.687
1389084514|28.687
1389084537|28.687
1389084559|28.75
1389084582|28.75
1389084604|28.75
1389084627|28.812
1389084649|28.812
1389084672|28.812
1389084694|28.812
1389084717|28.875
1389084739|28.875
1389084762|28.875
1389084784|28.875
1389084807|28.875
1389084829|28.937
1389084852|28.937
1389084874|28.937
1389084896|28.937
1389084919|28.937
1389084941|28.937
1389084964|29.0
1389084986|29.0
1389085009|29.0
1389085031|29.0
1389085054|29.0
1389085076|29.0
1389085099|29.0
1389085121|29.0
1389085144|29.062
1389085166|29.0
1389085189|29.062
1389085211|29.062
1389085233|29.062
1389085256|29.062
1389085278|29.062
1389085301|29.062
1389085323|29.062
1389085346|29.062
1389085368|29.062
1389085391|29.062
1389085413|29.062
1389085436|29.062
1389085458|29.062
1389085481|29.062
1389085503|29.062
1389085526|29.062
1389085548|29.062
1389085571|29.062
1389085593|29.062
1389085616|29.062
1389085638|29.062
1389085660|29.062
1389085683|29.062
1389085705|29.062
1389085728|29.062
1389085750|29.062
1389085773|29.062
1389085795|29.062
1389085818|29.062
1389085840|29.062
1389085863|29.062
1389085885|29.062
1389085908|29.062
1389085930|29.062
1389085953|29.062
1389085975|29.062
1389085998|29.062
1389086020|29.062
1389086043|29.062
1389086065|29.062
1389086087|29.062
1389086110|29.062
1389086132|29.062
1389086155|29.062
1389086177|29.062
1389086200|29.062
1389086222|29.062
1389086245|29.062
1389086267|29.062
1389086290|29.062
1389086312|29.062
1389086335|29.062
1389086357|29.062
1389086380|29.062
1389086402|29.0
1389086424|29.0
1389086447|28.937
1389086469|28.937
1389086492|28.875
1389086514|28.812
1389086537|28.75
1389086559|28.687
1389086582|28.625
1389086604|28.562
1389086627|28.5
1389086649|28.375
1389086672|28.312
1389086694|28.25
1389086717|28.187
1389086739|28.062
1389086762|28.0
1389086784|27.937
1389086806|27.812
1389086829|27.75
1389086851|27.687
1389086874|27.625
1389086896|27.562
1389086919|27.437
1389086941|27.375
1389086964|27.312
1389086986|27.25
1389087009|27.187
1389087031|27.187
1389087054|27.062
1389087076|27.0
1389087099|26.937
1389087121|26.875
1389087143|26.812
1389087166|26.75
1389087188|26.75
1389087211|26.625
1389087233|26.562
1389087256|26.5
1389087278|26.5
1389087301|26.437
1389087323|26.375
1389087346|26.312
1389087368|26.312
1389087391|26.25
1389087413|26.187
1389087436|26.125
1389087458|26.062
1389087481|26.062
1389087503|26.0
1389087526|25.937
1389087548|25.875
1389087570|25.875
1389087593|25.812
1389087615|25.75
1389087638|25.75
1389087660|25.687
1389087683|25.625
1389087705|25.562
1389087728|25.562
1389087750|25.5
1389087773|25.5
1389087795|25.437
1389087818|25.375
1389087840|25.375
1389087863|25.312
1389087885|25.25
1389087907|25.25
1389087930|25.187
1389087952|25.125
1389087975|25.062
1389087997|25.062
1389088020|25.0
1389088042|25.0
1389088065|25.0
1389088087|24.875
1389088110|24.812
1389088132|24.812
1389088155|24.75
1389088177|24.687
1389088200|24.625
1389088222|24.625
1389088245|24.562
1389088267|24.562
1389088290|24.5
1389088312|24.437
1389088334|24.437
1389088357|24.375
1389088379|24.312
1389088402|24.312
1389088424|24.25
1389088447|24.25
1389088469|24.187
1389088492|24.187
1389088514|24.187
1389088537|24.125
1389088559|24.062
1389088582|24.062
1389088604|24.062
1389088627|24.0
1389088649|24.0
1389088672|24.0
1389088694|24.0
1389088716|23.937
1389088739|23.875
1389088761|23.875
1389088784|23.875
1389088806|23.875
1389088829|23.812
1389088851|23.75
1389088874|23.75
1389088896|23.75
1389088919|23.687
1389088941|23.687
1389088964|23.625
1389088986|23.625
1389089009|23.562
1389089031|23.562
1389089053|23.5
1389089076|23.5
1389089098|23.437
1389089121|23.437
1389089143|23.437
1389089166|23.437
1389089188|23.375
1389089211|23.375
1389089233|23.312
1389089256|23.312
1389089278|23.312
1389089301|23.312
1389089323|23.312
1389089346|23.25
1389089368|23.25
1389089390|23.25
1389089413|23.187
1389089435|23.187
1389089458|23.187
1389089480|23.187
1389089503|23.125
1389089525|23.125
1389089548|23.125
1389089570|23.062
1389089593|23.062
1389089615|23.062
1389089638|23.062
1389089660|23.0
1389089683|23.0
1389089705|22.937
1389089728|22.937
1389089750|22.937
1389089773|22.937
1389089795|22.875
1389089817|22.875
1389089840|22.875
1389089862|22.875
1389089885|22.812
1389089907|22.812
1389089930|22.812
1389089952|22.75
1389089975|22.75
1389089997|22.75
1389090020|22.75
1389090042|22.75
1389090065|22.687
1389090087|22.687
1389090110|22.625
1389090132|22.687
1389090154|22.625
1389090177|22.625
1389090199|22.625
1389090222|22.562
1389090244|22.562
1389090267|22.562
1389090289|22.562
1389090312|22.5
1389090334|22.5
1389090357|22.5
1389090379|22.437
1389090402|22.437
1389090424|22.437
1389090447|22.437
1389090469|22.437
1389090492|22.375
1389090514|22.375
1389090537|22.375
1389090559|22.375
1389090581|22.312
1389090604|22.312
1389090626|22.312
1389090649|22.25
1389090671|22.25
1389090694|22.25
1389090716|22.187
1389090739|22.187
1389090761|22.187
1389090784|22.187
1389090806|22.187
1389090829|22.125
1389090851|22.125
1389090874|22.125
1389090896|22.125
1389090918|22.125
1389090941|22.062
1389090963|22.062
1389090986|22.062
1389091008|22.062
1389091031|22.062
1389091053|22.0
1389091076|22.0
1389091098|22.0
1389091121|22.0
1389091143|21.937
1389091166|21.937
1389091188|21.937
1389091211|21.875
1389091233|21.937
1389091255|21.875
1389091278|21.875
1389091300|21.875
1389091323|21.875
1389091345|21.812
1389091368|21.812
1389091390|21.812
1389091413|21.812
1389091435|21.75
1389091458|21.75
1389091480|21.75
1389091503|21.687
1389091525|21.75
1389091548|21.687
1389091570|21.687
1389091593|21.687
1389091615|21.625
1389091637|21.625
1389091660|21.625
1389091682|21.562
1389091705|21.562
1389091727|21.562
1389091750|21.562
1389091772|21.5
1389091795|21.5
1389091817|21.437
1389091840|21.5
1389091862|21.437
1389091885|21.437
1389091907|21.437
1389091930|21.375
1389091952|21.375
1389091974|21.375
1389091997|21.375
1389092019|21.375
1389092042|21.375
1389092064|21.312
1389092087|21.312
1389092109|21.312
1389092132|21.312
1389092154|21.312
1389092177|21.25
1389092199|21.312
1389092222|21.312
1389092244|21.25
1389092267|21.25
1389092289|21.25
1389092311|21.187
1389092334|21.187
1389092356|21.187
1389092379|21.125
1389092401|21.125
1389092424|21.125
1389092446|21.062
1389092469|21.062
1389092491|21.062
1389092514|21.062
1389092536|21.062
1389092559|21.0
1389092581|21.0
1389092604|20.937
1389092626|20.937
1389092649|20.937
1389092671|20.937
1389092694|20.875
1389092716|20.875
1389092738|20.875
1389092761|20.875
1389092783|20.875
1389092806|20.875
1389092828|20.875
1389092851|20.875
1389092873|20.875
1389092896|20.875
1389092918|20.875
1389092941|20.812
1389092963|20.812
1389092986|20.875
1389093008|20.812
1389093031|20.812
1389093053|20.812
1389093076|20.812
1389093098|20.812
1389093121|20.812
1389093143|20.812
1389093165|20.812
1389093188|20.812
1389093210|20.812
1389093233|20.812
1389093255|20.75
1389093278|20.75
1389093300|20.75
1389093323|20.75
1389093345|20.75
1389093368|20.75
1389093390|20.75
1389093413|20.75
1389093435|20.687
1389093458|20.687
1389093480|20.687
1389093502|20.687
1389093525|20.687
1389093547|20.687
1389093570|20.687
1389093592|20.687
1389093615|20.687
1389093637|20.687
1389093660|20.687
1389093682|20.687
1389093705|20.625
1389093727|20.625
1389093750|20.625
1389093772|20.625
1389093795|20.625
1389093817|20.625
1389093840|20.625
1389093862|20.625
1389093884|20.625
1389093907|20.625
1389093929|20.625
1389093952|20.562
1389093974|20.562
1389093997|20.562
1389094019|20.562
1389094042|20.562
1389094064|20.562
1389094087|20.562
1389094109|20.562
1389094132|20.562
1389094154|20.5
1389094177|20.5
1389094199|20.5
1389094221|20.5
1389094244|20.5
1389094267|20.437
1389094289|20.437
1389094311|20.437
1389094334|20.437
1389094356|20.437
1389094379|20.375
1389094401|20.437
1389094424|20.375
1389094446|20.375
1389094469|20.375
1389094491|20.375
1389094514|20.375
1389094536|20.312
1389094559|20.375
1389094581|20.312
1389094604|20.312
1389094626|20.312
1389094648|20.312
1389094671|20.312
1389094693|20.312
1389094716|20.312
1389094738|20.312
1389094761|20.312
1389094783|20.312
1389094806|20.312
1389094828|20.312
1389094851|20.312
1389094873|20.312
1389094896|20.312
1389094918|20.25
1389094941|20.25
1389094963|20.25
1389094986|20.25
1389095008|20.25
1389095031|20.25
1389095053|20.187
1389095075|20.25
1389095098|20.187
1389095120|20.187
1389095143|20.187
1389095165|20.187
1389095188|20.187
1389095210|20.187
1389095233|20.125
1389095255|20.125
1389095278|20.125
1389095300|20.125
1389095323|20.125
1389095345|20.062
1389095368|20.125
1389095390|20.125
1389095412|20.062
1389095435|20.062
1389095457|20.062
1389095480|20.062
1389095502|20.062
1389095525|20.062
1389095547|20.062
1389095570|20.062
1389095592|20.0
1389095615|20.0
1389095637|20.0
1389095660|20.0
1389095682|20.0
1389095705|20.0
1389095727|20.0
1389095750|20.0
1389095772|20.0
1389095794|19.937
1389095817|19.937
1389095839|19.937
1389095862|19.937
1389095884|19.937
1389095907|19.937
1389095929|19.875
1389095952|19.875
1389095974|19.875
1389095997|19.937
1389096019|19.875
1389096042|19.875
1389096064|19.875
1389096087|19.875
1389096109|19.875
1389096131|19.875
1389096154|19.875
1389096176|19.875
1389096199|19.875
1389096221|19.812
1389096244|19.812
1389096266|19.812
1389096289|19.812
1389096311|19.812
1389096334|19.812
1389096356|19.812
1389096379|19.812
1389096401|19.812
1389096424|19.812
1389096446|19.812
1389096469|19.812
1389096491|19.812
1389096514|19.812
1389096536|19.75
1389096558|19.812
1389096581|19.812
1389096603|19.812
1389096626|19.812
1389096648|19.812
1389096671|19.75
1389096693|19.812
1389096716|19.812
1389096738|19.75
1389096761|19.75
1389096783|19.75
1389096806|19.812
1389096828|19.812
1389096851|19.75
1389096873|19.812
1389096896|19.75
1389096918|19.75
1389096941|19.812
1389096963|19.75
1389096985|19.812
1389097008|19.75
1389097030|19.75
1389097053|19.75
1389097075|19.75
1389097098|19.75
1389097120|19.75
1389097143|19.75
1389097165|19.75
1389097188|19.75
1389097210|19.75
1389097233|19.75
1389097255|19.75
1389097278|19.75
1389097300|19.75
1389097322|19.75
1389097345|19.75
1389097367|19.75
1389097390|19.812
1389097412|19.75
1389097435|19.75
1389097457|19.75
1389097480|19.75
1389097502|19.75
1389097525|19.75
1389097547|19.75
1389097570|19.75
1389097592|19.75
1389097615|19.75
1389097637|19.75
1389097659|19.75
1389097682|19.75
1389097704|19.75
1389097727|19.687
1389097749|19.687
1389097772|19.75
1389097794|19.687
1389097817|19.687
1389097839|19.75
1389097862|19.687
1389097884|19.75
1389097907|19.687
1389097929|19.687
1389097952|19.687
1389097974|19.687
1389097997|19.687
1389098019|19.687
1389098041|19.687
1389098064|19.687
1389098087|19.687
1389098109|19.687
1389098131|19.687
1389098154|19.687
1389098176|19.687
1389098199|19.687
1389098221|19.625
1389098244|19.625
1389098266|19.687
1389098289|19.687
1389098311|19.687
1389098334|19.687
1389098356|19.625
1389098379|19.625
1389098401|19.687
1389098424|19.625
1389098446|19.625
1389098468|19.625
1389098491|19.625
1389098513|19.687
1389098536|19.625
1389098558|19.625
1389098581|19.625
1389098603|19.625
1389098626|19.625
1389098648|19.625
1389098671|19.625
1389098693|19.625
1389098716|19.625
1389098738|19.625
1389098761|19.625
1389098783|19.625
1389098806|19.625
1389098828|19.625
1389098851|19.625
1389098873|19.562
1389098895|19.562
1389098918|19.625
1389098940|19.562
1389098963|19.562
1389098985|19.562
1389099008|19.562
1389099030|19.562
1389099053|19.562
1389099075|19.562
1389099098|19.625
1389099120|19.562
1389099143|19.562
1389099165|19.562
1389099188|19.562
1389099210|19.562
1389099232|19.562
1389099255|19.562
1389099277|19.562
1389099300|19.562
1389099322|19.562
1389099345|19.562
1389099367|19.562
1389099390|19.562
1389099412|19.562
1389099435|19.562
1389099457|19.562
1389099480|19.5
1389099502|19.5
1389099525|19.5
1389099547|19.562
1389099570|19.5
1389099592|19.5
1389099614|19.562
