1389358861|21.562
1389358884|21.562
1389358907|21.625
1389358929|21.562
1389358952|21.562
1389358974|21.562
1389358997|21.562
1389359019|21.562
1389359042|21.562
1389359064|21.562
1389359087|21.562
1389359109|21.562
1389359131|21.562
1389359154|21.562
1389359176|21.562
1389359199|21.625
1389359221|21.562
1389359244|21.562
1389359266|21.562
1389359289|21.562
1389359311|21.562
1389359334|21.562
1389359356|21.562
1389359379|21.562
1389359401|21.562
1389359424|21.562
1389359446|21.562
1389359469|21.562
1389359491|21.562
1389359513|21.562
1389359536|21.562
1389359558|21.562
1389359581|21.562
1389359603|21.562
1389359626|21.562
1389359648|21.562
1389359671|21.562
1389359693|21.562
1389359716|21.562
1389359738|21.562
1389359761|21.562
1389359783|21.562
1389359806|21.562
1389359828|21.562
1389359851|21.562
1389359874|21.562
1389359896|21.562
1389359919|21.5
1389359941|21.562
1389359964|21.562
1389359986|21.562
1389360009|21.562
1389360031|21.562
1389360054|21.562
1389360076|21.5
1389360099|21.562
1389360121|21.562
1389360143|21.562
1389360166|21.562
1389360188|21.5
1389360211|21.562
1389360233|21.5
1389360256|21.5
1389360278|21.5
1389360301|21.5
1389360323|21.5
1389360346|21.5
1389360368|21.5
1389360391|21.5
1389360413|21.5
1389360436|21.5
1389360458|21.5
1389360480|21.5
1389360503|21.5
1389360525|21.5
1389360548|21.5
1389360570|21.562
1389360593|21.562
1389360615|21.5
1389360638|21.5
1389360660|21.562
1389360683|21.562
1389360705|21.562
1389360728|21.562
1389360750|21.562
1389360773|21.562
1389360795|21.562
1389360818|21.562
1389360840|21.562
1389360863|21.562
1389360885|21.562
1389360907|21.562
1389360930|21.562
1389360952|21.562
1389360975|21.562
1389360997|21.625
1389361020|21.625
1389361042|21.625
1389361065|21.625
1389361087|21.625
1389361110|21.687
1389361132|21.687
1389361155|21.75
1389361177|21.812
1389361200|21.875
1389361222|21.937
1389361244|21.937
1389361267|22.062
1389361289|22.125
1389361312|22.25
1389361334|22.375
1389361357|22.375
1389361379|22.562
1389361402|22.687
1389361424|22.875
1389361447|23.0
1389361469|23.0
1389361492|23.375
1389361514|23.562
1389361537|23.812
1389361559|24.0
1389361582|24.0
1389361604|24.437
1389361626|24.625
1389361649|24.875
1389361672|25.125
1389361694|25.312
1389361716|25.562
1389361739|25.812
1389361761|26.0
1389361784|26.187
1389361806|26.437
1389361829|26.562
1389361851|26.75
1389361874|26.937
1389361896|27.125
1389361919|27.25
1389361941|27.437
1389361964|27.562
1389361986|27.687
1389362009|27.687
1389362031|27.937
1389362053|28.062
1389362076|28.187
1389362098|28.312
1389362121|28.437
1389362143|28.5
1389362166|28.625
1389362188|28.687
1389362211|28.75
1389362233|28.875
1389362256|28.937
1389362278|29.0
1389362301|29.062
1389362323|29.125
1389362346|29.125
1389362368|29.25
1389362391|29.312
1389362413|29.312
1389362436|29.375
1389362458|29.375
1389362480|29.5
1389362503|29.562
1389362525|29.562
1389362548|29.625
1389362570|29.687
1389362593|29.687
1389362615|29.75
1389362638|29.812
1389362660|29.812
1389362683|29.875
1389362705|29.875
1389362728|29.937
1389362750|29.937
1389362773|30.0
1389362795|30.0
1389362817|30.0
1389362840|30.062
1389362862|30.062
1389362885|30.062
1389362907|30.062
1389362930|30.062
1389362952|30.062
1389362975|30.062
1389362997|30.125
1389363020|30.125
1389363042|30.125
1389363065|30.125
1389363087|30.125
1389363110|30.187
1389363132|30.187
1389363155|30.187
1389363177|30.25
1389363199|30.25
1389363222|30.25
1389363244|30.25
1389363267|30.25
1389363289|30.25
1389363312|30.312
1389363334|30.312
1389363357|30.312
1389363379|30.312
1389363402|30.312
1389363424|30.312
1389363447|30.312
1389363469|30.375
1389363492|30.375
1389363514|30.375
1389363537|30.375
1389363559|30.375
1389363582|30.437
1389363604|30.437
1389363626|30.437
1389363649|30.437
1389363671|30.437
1389363694|30.5
1389363716|30.5
1389363739|30.5
1389363761|30.5
1389363784|30.562
1389363806|30.562
1389363829|30.562
1389363851|30.562
1389363874|30.562
1389363896|30.625
1389363919|30.625
1389363941|30.625
1389363963|30.625
1389363986|30.625
1389364008|30.687
1389364031|30.687
1389364053|30.75
1389364076|30.75
1389364098|30.75
1389364121|30.812
1389364143|30.812
1389364166|30.875
1389364188|30.875
1389364211|30.937
1389364233|31.0
1389364256|31.062
1389364278|31.062
1389364301|31.125
1389364323|31.187
1389364346|31.187
1389364368|31.25
1389364390|31.312
1389364413|31.312
1389364435|31.375
1389364458|31.437
1389364480|31.437
1389364503|31.5
1389364525|31.5
1389364548|31.5
1389364570|31.5
1389364593|31.562
1389364615|31.625
1389364638|31.562
1389364660|31.625
1389364683|31.625
1389364705|31.625
1389364727|31.625
1389364750|31.625
1389364772|31.625
1389364795|31.625
1389364817|31.625
1389364840|31.625
1389364862|31.625
1389364885|31.625
1389364907|31.625
1389364930|31.562
1389364952|31.562
1389364975|31.562
1389364997|31.5
1389365020|31.5
1389365042|31.437
1389365065|31.437
1389365087|31.375
1389365109|31.375
1389365132|31.312
1389365154|31.312
1389365177|31.25
1389365199|31.187
1389365222|31.187
1389365244|31.125
1389365267|31.062
1389365289|31.062
1389365312|31.0
1389365334|30.937
1389365357|30.875
1389365379|30.875
1389365402|30.875
1389365424|30.812
1389365447|30.75
1389365469|30.687
1389365492|30.687
1389365514|30.625
1389365536|30.562
1389365559|30.562
1389365581|30.5
1389365604|30.437
1389365626|30.375
1389365649|30.375
1389365671|30.312
1389365694|30.312
1389365716|30.25
1389365739|30.25
1389365761|30.187
1389365784|30.187
1389365806|30.125
1389365829|30.125
1389365851|30.062
1389365874|30.062
1389365896|30.062
1389365919|30.0
1389365941|30.0
1389365963|30.0
1389365986|30.0
1389366008|29.937
1389366031|29.937
1389366053|29.937
1389366076|29.875
1389366098|29.875
1389366121|29.875
1389366143|29.812
1389366166|29.812
1389366188|29.812
1389366211|29.75
1389366233|29.75
1389366256|29.75
1389366278|29.75
1389366301|29.687
1389366323|29.687
1389366345|29.687
1389366368|29.625
1389366390|29.625
1389366413|29.625
1389366435|29.625
1389366458|29.625
1389366480|29.562
1389366503|29.562
1389366525|29.5
1389366548|29.5
1389366570|29.5
1389366593|29.437
1389366615|29.437
1389366638|29.437
1389366660|29.437
1389366682|29.437
1389366705|29.437
1389366727|29.375
1389366750|29.375
1389366772|29.375
1389366795|29.437
1389366817|29.375
1389366840|29.437
1389366862|29.437
1389366885|29.437
1389366907|29.437
1389366930|29.5
1389366952|29.5
1389366975|29.5
1389366997|29.5
1389367020|29.562
1389367042|29.562
1389367065|29.625
1389367087|29.625
1389367110|29.625
1389367132|29.687
1389367155|29.687
1389367177|29.687
1389367199|29.75
1389367222|29.75
1389367244|29.75
1389367268|29.812
1389367290|29.875
1389367313|29.875
1389367335|29.937
1389367357|29.937
1389367380|29.937
1389367402|30.0
1389367425|30.0
1389367447|30.062
1389367470|30.125
1389367492|30.062
1389367515|30.125
1389367537|30.125
1389367560|30.187
1389367582|30.187
1389367605|30.187
1389367627|30.25
1389367650|30.25
1389367672|30.25
1389367695|30.312
1389367717|30.312
1389367740|30.312
1389367762|30.312
1389367784|30.312
1389367807|30.312
1389367829|30.375
1389367852|30.375
1389367874|30.375
1389367897|30.375
1389367919|30.437
1389367942|30.437
1389367964|30.437
1389367987|30.437
1389368009|30.437
1389368032|30.5
1389368054|30.5
1389368077|30.5
1389368099|30.5
1389368121|30.5
1389368144|30.5
1389368166|30.5
1389368189|30.562
1389368211|30.562
1389368234|30.562
1389368256|30.562
1389368279|30.562
1389368301|30.562
1389368324|30.5
1389368346|30.5
1389368369|30.5
1389368391|30.562
1389368414|30.562
1389368436|30.562
1389368459|30.562
1389368481|30.562
1389368504|30.562
1389368526|30.562
1389368548|30.562
1389368571|30.562
1389368593|30.562
1389368616|30.562
1389368638|30.562
1389368661|30.562
1389368683|30.562
1389368706|30.562
1389368728|30.562
1389368751|30.625
1389368773|30.625
1389368796|30.625
1389368818|30.625
1389368841|30.625
1389368863|30.562
1389368885|30.625
1389368908|30.625
1389368930|30.625
1389368953|30.625
1389368975|30.687
1389368998|30.625
1389369020|30.625
1389369043|30.625
1389369065|30.625
1389369088|30.687
1389369110|30.687
1389369133|30.625
1389369155|30.687
1389369178|30.687
1389369200|30.687
1389369223|30.687
1389369245|30.687
1389369267|30.687
1389369290|30.687
1389369312|30.687
1389369335|30.687
1389369357|30.687
1389369380|30.687
1389369402|30.687
1389369425|30.687
1389369447|30.687
1389369470|30.687
1389369492|30.687
1389369515|30.687
1389369537|30.687
1389369560|30.687
1389369582|30.687
1389369604|30.687
1389369627|30.75
1389369649|30.687
1389369672|30.687
1389369694|30.687
1389369717|30.75
1389369739|30.687
1389369762|30.687
1389369784|30.687
1389369807|30.687
1389369829|30.687
1389369852|30.687
1389369874|30.687
1389369897|30.687
1389369919|30.687
1389369942|30.687
1389369964|30.687
1389369987|30.687
1389370009|30.687
1389370031|30.687
1389370054|30.687
1389370076|30.687
1389370099|30.687
1389370121|30.687
1389370144|30.75
1389370166|30.687
1389370189|30.687
1389370212|30.75
1389370234|30.75
1389370257|30.75
1389370279|30.75
1389370302|30.75
1389370324|30.75
1389370347|30.75
1389370369|30.75
1389370392|30.75
1389370414|30.75
1389370437|30.75
1389370459|30.75
1389370482|30.75
1389370504|30.75
1389370527|30.75
1389370549|30.75
1389370572|30.75
1389370594|30.75
1389370617|30.75
1389370639|30.75
1389370661|30.75
1389370684|30.75
1389370706|30.75
1389370729|30.75
1389370751|30.75
1389370774|30.75
1389370796|30.75
1389370819|30.687
1389370841|30.687
1389370864|30.75
1389370886|30.75
1389370909|30.75
1389370931|30.687
1389370954|30.75
1389370976|30.75
1389370999|30.687
1389371021|30.687
1389371043|30.687
1389371066|30.75
1389371088|30.687
1389371111|30.75
1389371133|30.687
1389371156|30.75
1389371178|30.687
1389371201|30.687
1389371223|30.687
1389371246|30.687
1389371268|30.687
1389371291|30.687
1389371313|30.687
1389371336|30.687
1389371358|30.687
1389371381|30.687
1389371403|30.687
1389371426|30.687
1389371448|30.687
1389371470|30.687
1389371493|30.687
1389371515|30.687
1389371538|30.687
1389371560|30.687
1389371583|30.687
1389371605|30.625
1389371628|30.687
1389371650|30.687
1389371673|30.625
1389371695|30.625
1389371718|30.625
1389371740|30.625
1389371763|30.625
1389371785|30.625
1389371807|30.625
1389371830|30.625
1389371853|30.625
1389371875|30.625
1389371897|30.625
1389371920|30.625
1389371942|30.625
1389371965|30.562
1389371987|30.625
1389372010|30.625
1389372032|30.625
1389372055|30.625
1389372077|30.562
1389372100|30.625
1389372122|30.562
1389372145|30.562
1389372167|30.562
1389372190|30.562
1389372212|30.562
1389372234|30.562
1389372257|30.625
1389372279|30.625
1389372302|30.562
1389372324|30.562
1389372347|30.625
1389372369|30.625
1389372392|30.625
1389372414|30.625
1389372437|30.625
1389372459|30.625
1389372482|30.625
1389372504|30.687
1389372527|30.625
1389372549|30.625
1389372572|30.687
1389372594|30.687
1389372616|30.687
1389372639|30.687
1389372661|30.75
1389372684|30.75
1389372706|30.75
1389372729|30.812
1389372751|30.812
1389372774|30.812
1389372796|30.875
1389372819|30.937
1389372841|31.0
1389372864|31.0
1389372886|31.062
1389372909|31.125
1389372931|31.187
1389372953|31.25
1389372976|31.312
1389372998|31.375
1389373021|31.375
1389373043|31.437
1389373066|31.5
1389373088|31.562
1389373111|31.625
1389373133|31.625
1389373156|31.687
1389373178|31.687
1389373201|31.75
1389373223|31.812
1389373246|31.812
1389373268|31.875
1389373291|31.875
1389373313|31.937
1389373336|31.937
1389373358|32.0
1389373380|32.0
1389373403|32.062
1389373425|32.062
1389373448|32.125
1389373470|32.125
1389373493|32.187
1389373515|32.25
1389373538|32.25
1389373560|32.312
1389373583|32.375
1389373605|32.375
1389373628|32.437
1389373650|32.5
1389373673|32.5
1389373695|32.562
1389373718|32.625
1389373740|32.625
1389373763|32.687
1389373785|32.687
1389373807|32.687
1389373830|32.687
1389373852|32.687
1389373875|32.75
1389373897|32.75
1389373920|32.75
1389373942|32.75
1389373965|32.75
1389373988|32.75
1389374011|32.812
1389374033|32.75
1389374055|32.75
1389374078|32.75
1389374100|32.75
1389374123|32.687
1389374145|32.687
1389374168|32.687
1389374190|32.625
1389374213|32.625
1389374235|32.625
1389374258|32.625
1389374280|32.5
1389374303|32.5
1389374325|32.437
1389374348|32.437
1389374370|32.375
1389374392|32.375
1389374415|32.312
1389374437|32.25
1389374460|32.25
1389374482|32.187
1389374505|32.125
1389374527|32.125
1389374550|32.062
1389374572|32.062
1389374595|32.0
1389374617|32.0
1389374640|31.937
1389374662|31.937
1389374685|31.812
1389374707|31.75
1389374729|31.75
1389374752|31.687
1389374775|31.687
1389374797|31.625
1389374819|31.625
1389374842|31.625
1389374864|31.562
1389374887|31.5
1389374909|31.5
1389374932|31.437
1389374954|31.437
1389374977|31.437
1389374999|31.375
1389375022|31.375
1389375044|31.312
1389375067|31.312
1389375089|31.312
1389375112|31.312
1389375134|31.25
1389375156|31.187
1389375179|31.187
1389375201|31.187
1389375224|31.125
1389375246|31.125
1389375269|31.125
1389375291|31.062
1389375314|31.062
1389375336|31.062
1389375359|31.0
1389375381|31.0
1389375404|31.0
1389375426|30.937
1389375449|30.937
1389375471|30.937
1389375493|30.937
1389375516|30.875
1389375538|30.875
1389375561|30.875
1389375583|30.875
1389375606|30.812
1389375628|30.875
1389375651|30.875
1389375673|30.875
1389375696|30.812
1389375718|30.875
1389375741|30.812
1389375763|30.875
1389375786|30.875
1389375808|30.875
1389375831|30.875
1389375853|30.875
1389375875|30.875
1389375898|30.937
1389375920|30.937
1389375943|31.0
1389375965|31.0
1389375988|31.0
1389376010|31.0
1389376033|31.0
1389376055|31.0
1389376078|31.062
1389376100|31.062
1389376123|31.062
1389376145|31.062
1389376168|31.062
1389376190|31.062
1389376212|31.062
1389376235|31.125
1389376257|31.125
1389376280|31.062
1389376302|31.125
1389376325|31.125
1389376347|31.125
1389376370|31.125
1389376392|31.125
1389376415|31.125
1389376437|31.125
1389376460|31.125
1389376482|31.125
1389376505|31.125
1389376527|31.125
1389376550|31.125
1389376572|31.125
1389376595|31.125
1389376617|31.125
1389376640|31.125
1389376662|31.062
1389376685|31.125
1389376707|31.125
1389376729|31.125
1389376752|31.062
1389376774|31.062
1389376797|31.062
1389376819|31.062
1389376842|31.062
1389376864|31.062
1389376887|31.062
1389376909|31.062
1389376932|31.062
1389376954|31.062
1389376977|31.125
1389376999|31.062
1389377022|31.125
1389377044|31.125
1389377066|31.125
1389377089|31.125
1389377111|31.125
1389377134|31.187
1389377156|31.187
1389377179|31.187
1389377201|31.187
1389377224|31.25
1389377246|31.25
1389377269|31.25
1389377291|31.312
1389377314|31.312
1389377336|31.312
1389377359|31.312
1389377381|31.312
1389377403|31.312
1389377426|31.375
1389377448|31.375
1389377471|31.375
1389377493|31.437
1389377516|31.437
1389377538|31.437
1389377561|31.437
1389377583|31.437
1389377606|31.5
1389377628|31.437
1389377651|31.5
1389377673|31.5
1389377696|31.5
1389377718|31.5
1389377741|31.5
1389377763|31.5
1389377785|31.5
1389377808|31.562
1389377830|31.562
1389377853|31.562
1389377875|31.562
1389377898|31.562
1389377920|31.562
1389377943|31.562
1389377965|31.562
1389377988|31.625
1389378010|31.562
1389378033|31.625
1389378055|31.562
1389378078|31.562
1389378100|31.625
1389378123|31.625
1389378145|31.625
1389378168|31.625
1389378190|31.625
1389378212|31.625
1389378235|31.625
1389378257|31.625
1389378280|31.625
1389378302|31.625
1389378325|31.625
1389378347|31.687
1389378370|31.687
1389378392|31.625
1389378415|31.625
1389378437|31.625
1389378460|31.625
1389378482|31.687
1389378505|31.687
1389378527|31.687
1389378549|31.687
1389378572|31.625
1389378594|31.687
1389378617|31.687
1389378639|31.625
1389378662|31.687
1389378684|31.687
1389378707|31.687
1389378729|31.687
1389378752|31.687
1389378774|31.687
1389378797|31.687
1389378819|31.687
1389378842|31.687
1389378864|31.75
1389378887|31.687
1389378909|31.687
1389378932|31.687
1389378954|31.687
1389378976|31.687
1389378999|31.687
1389379021|31.687
1389379044|31.687
1389379066|31.687
1389379089|31.687
1389379111|31.687
1389379134|31.687
1389379156|31.687
1389379179|31.75
1389379201|31.75
1389379224|31.75
1389379246|31.75
1389379269|31.75
1389379291|31.75
1389379314|31.75
1389379336|31.75
1389379358|31.75
1389379381|31.75
1389379403|31.75
1389379426|31.75
1389379448|31.75
1389379471|31.75
1389379493|31.75
1389379516|31.75
1389379538|31.75
1389379561|31.75
1389379583|31.75
1389379606|31.75
1389379628|31.75
1389379651|31.75
1389379673|31.75
1389379695|31.75
1389379718|31.75
1389379740|31.75
1389379763|31.75
1389379785|31.75
1389379808|31.75
1389379830|31.75
1389379853|31.75
1389379875|31.75
1389379898|31.75
1389379920|31.75
1389379943|31.75
1389379965|31.75
1389379988|31.75
1389380010|31.75
1389380032|31.75
1389380055|31.75
1389380077|31.75
1389380100|31.75
1389380122|31.75
1389380145|31.75
1389380167|31.75
1389380190|31.75
1389380212|31.75
1389380235|31.75
1389380257|31.75
1389380280|31.687
1389380302|31.687
1389380325|31.75
1389380347|31.687
1389380370|31.687
1389380392|31.687
1389380415|31.687
1389380437|31.687
1389380459|31.687
1389380482|31.687
1389380504|31.687
1389380527|31.687
1389380549|31.687
1389380572|31.687
1389380594|31.687
1389380617|31.687
1389380639|31.687
1389380662|31.687
1389380684|31.687
1389380707|31.625
1389380729|31.687
1389380752|31.687
1389380774|31.687
1389380796|31.625
1389380819|31.687
1389380841|31.625
1389380864|31.687
1389380886|31.687
1389380909|31.625
1389380931|31.625
1389380954|31.625
1389380976|31.625
1389380999|31.625
1389381021|31.625
1389381044|31.625
1389381066|31.625
1389381089|31.625
1389381111|31.625
1389381133|31.625
1389381156|31.625
1389381179|31.625
1389381201|31.625
1389381223|31.625
1389381246|31.625
1389381268|31.562
1389381291|31.625
1389381313|31.625
1389381336|31.562
1389381358|31.562
1389381381|31.562
1389381403|31.625
1389381426|31.562
1389381448|31.562
1389381471|31.562
1389381493|31.562
1389381516|31.562
1389381538|31.562
1389381561|31.562
1389381583|31.562
1389381605|31.562
1389381628|31.562
1389381650|31.562
1389381673|31.562
1389381695|31.562
1389381718|31.562
1389381740|31.562
1389381763|31.562
1389381785|31.562
1389381808|31.562
1389381830|31.562
1389381853|31.562
1389381875|31.562
1389381898|31.562
1389381920|31.562
1389381942|31.562
1389381965|31.625
1389381987|31.625
1389382010|31.625
1389382032|31.625
1389382055|31.625
1389382077|31.625
1389382100|31.687
1389382122|31.75
1389382145|31.75
1389382167|31.812
1389382190|31.875
1389382212|31.875
1389382235|31.875
1389382257|31.875
1389382280|31.875
1389382302|31.812
1389382325|31.812
1389382347|31.687
1389382369|31.625
1389382392|31.562
1389382414|31.5
1389382437|31.375
1389382459|31.312
1389382482|31.187
1389382504|31.062
1389382527|30.937
1389382549|30.875
1389382572|30.75
1389382594|30.75
1389382617|30.562
1389382639|30.5
1389382662|30.375
1389382684|30.312
1389382706|30.187
1389382729|30.125
1389382752|30.0
1389382774|29.937
1389382796|29.812
1389382819|29.75
1389382841|29.687
1389382864|29.625
1389382886|29.5
1389382909|29.437
1389382931|29.375
1389382954|29.312
1389382976|29.187
1389382999|29.125
1389383021|29.062
1389383044|29.0
1389383066|28.937
1389383089|28.875
1389383111|28.812
1389383133|28.75
1389383156|28.687
1389383179|28.625
1389383201|28.562
1389383224|28.5
1389383246|28.437
1389383269|28.375
1389383291|28.312
1389383314|28.25
1389383336|28.187
1389383359|28.125
1389383381|28.062
1389383404|28.062
1389383426|27.937
1389383448|27.937
1389383471|27.875
1389383493|27.812
1389383516|27.75
1389383538|27.75
1389383561|27.687
1389383583|27.625
1389383606|27.625
1389383628|27.5
1389383651|27.437
1389383673|27.375
1389383696|27.375
1389383718|27.312
1389383741|27.25
1389383763|27.25
1389383786|27.187
1389383808|27.125
1389383830|27.062
1389383853|27.0
1389383875|27.0
1389383898|26.937
1389383920|26.875
1389383943|26.875
1389383965|26.812
1389383988|26.75
1389384010|26.75
1389384033|26.687
1389384055|26.625
1389384078|26.625
1389384100|26.562
1389384123|26.5
1389384145|26.437
1389384167|26.437
1389384190|26.375
1389384212|26.375
1389384235|26.312
1389384258|26.25
1389384281|26.25
1389384303|26.187
1389384326|26.125
1389384348|26.125
1389384371|26.062
1389384393|26.0
1389384416|26.0
1389384438|25.937
1389384460|25.937
1389384483|25.875
1389384505|25.875
1389384528|25.812
1389384550|25.812
1389384573|25.75
1389384595|25.687
1389384619|25.687
1389384641|25.625
1389384663|25.625
1389384686|25.562
1389384708|25.562
1389384731|25.5
1389384753|25.437
1389384776|25.437
1389384798|25.375
1389384821|25.375
1389384843|25.312
1389384866|25.312
1389384888|25.187
1389384911|25.25
1389384933|25.187
1389384956|25.125
1389384978|25.125
1389385000|25.062
1389385023|25.062
1389385045|25.0
1389385068|25.0
1389385090|24.937
1389385113|24.937
1389385135|24.875
1389385158|24.875
1389385180|24.875
1389385203|24.812
1389385225|24.812
1389385248|24.75
1389385270|24.75
1389385293|24.687
1389385315|24.687
1389385338|24.625
1389385360|24.625
1389385383|24.562
1389385405|24.562
1389385428|24.562
1389385450|24.5
1389385472|24.437
1389385495|24.437
1389385517|24.375
1389385540|24.375
1389385562|24.312
1389385585|24.312
1389385607|24.312
1389385630|24.25
1389385652|24.25
1389385675|24.25
1389385697|24.25
1389385720|24.187
1389385742|24.187
1389385765|24.125
1389385787|24.125
1389385809|24.062
1389385832|24.062
1389385854|24.0
1389385877|24.0
1389385899|23.937
1389385922|23.937
1389385944|23.937
1389385967|23.937
1389385989|23.875
1389386012|23.812
1389386034|23.812
1389386057|23.812
1389386079|23.812
1389386102|23.75
1389386124|23.75
1389386146|23.75
1389386169|23.687
1389386191|23.687
1389386214|23.625
1389386236|23.625
1389386259|23.625
1389386281|23.625
1389386304|23.562
1389386326|23.562
1389386349|23.5
1389386371|23.5
1389386394|23.5
1389386416|23.5
1389386439|23.437
1389386461|23.437
1389386484|23.437
1389386506|23.375
1389386529|23.375
1389386551|23.312
1389386573|23.312
1389386596|23.312
1389386618|23.312
1389386641|23.25
1389386663|23.25
1389386686|23.25
1389386708|23.25
1389386731|23.187
1389386753|23.187
1389386776|23.187
1389386798|23.187
1389386821|23.187
1389386843|23.125
1389386866|23.125
1389386888|23.125
1389386911|23.125
1389386933|23.062
1389386956|23.0
1389386978|23.062
1389387000|23.0
1389387023|23.0
1389387045|23.0
1389387068|22.937
1389387090|22.937
1389387113|22.937
1389387135|22.937
1389387158|22.937
1389387180|22.875
1389387203|22.875
1389387225|22.875
1389387248|22.812
1389387270|22.812
1389387293|22.812
1389387315|22.812
1389387337|22.812
1389387360|22.75
1389387382|22.812
1389387405|22.812
1389387427|22.812
1389387450|22.812
1389387472|22.812
1389387495|22.812
1389387517|22.875
1389387540|22.875
1389387562|22.875
1389387585|22.875
1389387607|22.937
1389387630|22.937
1389387652|23.0
1389387675|22.937
1389387697|23.0
1389387719|23.0
1389387742|23.0
1389387764|23.062
1389387787|23.062
1389387809|23.062
1389387832|23.062
1389387854|23.062
1389387877|23.125
1389387899|23.125
1389387922|23.125
1389387944|23.125
1389387967|23.125
1389387989|23.125
1389388012|23.125
1389388034|23.125
1389388057|23.125
1389388079|23.125
1389388102|23.125
1389388124|23.187
1389388146|23.187
1389388169|23.187
1389388191|23.187
1389388214|23.187
1389388236|23.187
1389388259|23.187
1389388281|23.187
1389388304|23.187
1389388326|23.187
1389388349|23.187
1389388371|23.187
1389388394|23.187
1389388416|23.187
1389388439|23.187
1389388461|23.25
1389388484|23.25
1389388506|23.187
1389388529|23.187
1389388551|23.25
1389388573|23.187
1389388596|23.187
1389388618|23.187
1389388641|23.187
1389388663|23.25
1389388686|23.25
1389388708|23.187
1389388731|23.25
1389388753|23.25
1389388776|23.25
1389388798|23.25
1389388821|23.25
1389388843|23.25
1389388866|23.25
1389388888|23.25
1389388911|23.25
1389388933|23.25
1389388955|23.312
1389388978|23.312
1389389000|23.312
1389389023|23.312
1389389045|23.312
1389389068|23.312
1389389090|23.312
1389389113|23.312
1389389135|23.375
1389389158|23.375
1389389180|23.375
1389389203|23.375
1389389225|23.375
1389389248|23.375
1389389270|23.375
1389389292|23.375
1389389315|23.375
1389389337|23.375
1389389360|23.375
1389389382|23.437
1389389405|23.437
1389389427|23.437
1389389450|23.375
1389389472|23.437
1389389495|23.437
1389389517|23.437
1389389540|23.437
1389389562|23.437
1389389585|23.437
1389389607|23.437
1389389630|23.437
1389389652|23.437
1389389675|23.5
1389389697|23.437
1389389719|23.5
1389389742|23.5
1389389764|23.5
1389389787|23.5
1389389809|23.5
1389389832|23.5
1389389854|23.5
1389389877|23.562
1389389899|23.5
1389389922|23.562
1389389944|23.562
1389389967|23.562
1389389989|23.562
1389390012|23.562
1389390034|23.562
1389390057|23.562
1389390079|23.562
1389390102|23.562
1389390124|23.562
1389390146|23.562
1389390169|23.562
1389390191|23.562
1389390214|23.562
1389390236|23.625
1389390259|23.562
1389390281|23.562
1389390304|23.625
1389390326|23.562
1389390349|23.625
1389390371|23.562
1389390394|23.625
1389390416|23.625
1389390439|23.625
1389390461|23.625
1389390484|23.625
1389390506|23.625
1389390528|23.625
1389390551|23.625
1389390573|23.625
1389390596|23.625
1389390618|23.625
1389390641|23.625
1389390663|23.625
1389390686|23.625
1389390708|23.625
1389390731|23.625
1389390753|23.625
1389390776|23.625
1389390798|23.625
1389390821|23.625
1389390843|23.625
1389390865|23.625
1389390888|23.625
1389390910|23.625
1389390933|23.625
1389390955|23.625
1389390978|23.687
1389391000|23.625
1389391023|23.625
1389391045|23.687
1389391068|23.625
1389391090|23.687
1389391113|23.687
1389391135|23.625
1389391158|23.687
1389391180|23.625
1389391202|23.625
1389391225|23.687
1389391247|23.625
1389391270|23.687
1389391292|23.687
1389391315|23.625
1389391337|23.687
1389391360|23.687
1389391382|23.625
1389391405|23.625
1389391427|23.625
1389391450|23.625
1389391472|23.625
1389391495|23.625
1389391517|23.625
1389391540|23.625
1389391562|23.625
1389391585|23.625
1389391607|23.625
1389391629|23.625
1389391652|23.625
1389391674|23.625
1389391697|23.625
1389391719|23.625
1389391742|23.625
1389391764|23.625
1389391787|23.625
1389391809|23.625
1389391832|23.625
1389391854|23.625
1389391877|23.625
1389391899|23.562
1389391922|23.625
1389391944|23.625
1389391966|23.625
1389391989|23.625
1389392011|23.625
1389392034|23.562
1389392056|23.625
1389392079|23.562
1389392101|23.625
1389392124|23.562
1389392146|23.562
1389392169|23.562
1389392191|23.562
1389392214|23.562
1389392236|23.562
1389392259|23.5
1389392281|23.5
1389392304|23.5
1389392326|23.5
1389392349|23.5
1389392371|23.5
1389392393|23.5
1389392416|23.5
1389392438|23.5
1389392461|23.437
1389392483|23.437
1389392506|23.437
1389392528|23.437
1389392551|23.5
1389392573|23.437
1389392596|23.437
1389392618|23.437
1389392641|23.437
1389392663|23.437
1389392686|23.437
1389392709|23.437
1389392731|23.437
1389392754|23.437
1389392776|23.437
1389392799|23.437
1389392821|23.437
1389392844|23.5
1389392866|23.5
1389392889|23.5
1389392911|23.5
1389392934|23.5
1389392956|23.5
1389392978|23.5
1389393001|23.5
1389393023|23.5
1389393046|23.5
1389393068|23.5
1389393091|23.5
1389393113|23.5
1389393136|23.5
1389393158|23.5
1389393181|23.5
1389393203|23.5
1389393226|23.5
1389393248|23.5
1389393271|23.5
1389393293|23.5
1389393315|23.5
1389393338|23.5
1389393360|23.5
1389393383|23.5
1389393405|23.5
1389393428|23.5
1389393450|23.5
1389393473|23.5
1389393495|23.5
1389393518|23.437
1389393540|23.437
1389393563|23.5
1389393585|23.5
1389393608|23.437
1389393630|23.437
1389393653|23.437
1389393675|23.437
1389393698|23.437
1389393720|23.437
1389393742|23.437
1389393765|23.437
1389393787|23.437
1389393810|23.437
1389393832|23.437
1389393855|23.437
1389393877|23.437
1389393900|23.437
1389393922|23.437
1389393945|23.437
1389393967|23.437
1389393990|23.437
1389394012|23.437
1389394035|23.437
1389394057|23.437
1389394079|23.437
1389394102|23.437
1389394124|23.375
1389394147|23.437
1389394169|23.437
1389394192|23.437
1389394214|23.375
1389394237|23.375
1389394259|23.437
1389394282|23.375
1389394304|23.375
1389394327|23.375
1389394349|23.375
1389394372|23.375
1389394394|23.375
1389394417|23.375
1389394439|23.375
1389394461|23.375
1389394484|23.375
1389394506|23.375
1389394529|23.375
1389394551|23.375
1389394574|23.375
1389394596|23.375
1389394619|23.375
1389394641|23.312
1389394664|23.375
1389394686|23.312
1389394709|23.312
1389394731|23.312
1389394754|23.312
1389394776|23.312
1389394798|23.312
1389394821|23.312
1389394844|23.312
1389394866|23.312
1389394888|23.312
1389394911|23.312
1389394933|23.312
1389394956|23.312
1389394978|23.312
1389395001|23.312
1389395023|23.312
1389395046|23.312
1389395068|23.312
1389395091|23.312
1389395113|23.25
1389395136|23.312
1389395158|23.312
1389395181|23.25
1389395203|23.25
1389395226|23.25
1389395248|23.25
1389395271|23.25
1389395293|23.25
1389395315|23.25
1389395338|23.312
1389395360|23.25
1389395383|23.25
1389395405|23.25
1389395428|23.25
1389395450|23.25
1389395473|23.25
1389395495|23.25
1389395518|23.187
1389395540|23.25
1389395563|23.25
1389395585|23.25
1389395608|23.187
1389395630|23.25
1389395652|23.187
1389395675|23.187
1389395697|23.187
1389395720|23.187
1389395742|23.187
1389395765|23.187
1389395787|23.187
1389395810|23.187
1389395832|23.187
1389395855|23.187
1389395877|23.187
1389395900|23.187
1389395922|23.187
1389395945|23.187
1389395967|23.187
1389395990|23.125
1389396012|23.187
1389396034|23.125
1389396057|23.125
1389396079|23.125
1389396102|23.125
1389396124|23.125
1389396147|23.125
1389396169|23.125
1389396192|23.125
1389396214|23.125
1389396237|23.125
1389396259|23.125
1389396282|23.125
1389396304|23.125
1389396327|23.125
1389396349|23.062
1389396371|23.125
1389396394|23.062
1389396416|23.062
1389396439|23.062
1389396461|23.062
1389396484|23.062
1389396506|23.062
1389396529|23.062
1389396551|23.062
1389396574|23.062
1389396596|23.062
1389396619|23.062
1389396641|23.062
1389396664|23.062
1389396686|23.062
1389396708|23.062
1389396731|23.062
1389396754|23.062
1389396776|23.0
1389396798|23.0
1389396821|23.0
1389396843|23.0
1389396866|23.0
1389396888|23.0
1389396911|23.0
1389396933|23.0
1389396956|23.0
1389396978|23.0
1389397001|22.937
1389397023|23.0
1389397046|22.937
1389397068|22.937
1389397091|22.937
1389397113|23.0
1389397136|23.0
1389397158|22.937
1389397181|22.937
1389397203|22.937
1389397225|22.937
1389397248|22.937
1389397270|22.937
1389397293|22.937
1389397315|22.937
1389397338|22.937
1389397360|22.937
1389397383|22.937
1389397405|22.937
1389397428|22.937
1389397450|22.937
1389397473|22.875
1389397495|22.875
1389397518|22.875
1389397540|22.875
1389397562|22.875
1389397585|22.875
1389397607|22.875
1389397630|22.875
1389397652|22.875
1389397675|22.875
1389397697|22.875
1389397720|22.875
1389397742|22.875
1389397765|22.875
1389397787|22.875
1389397810|22.875
1389397832|22.812
1389397855|22.812
1389397877|22.875
1389397900|22.812
1389397922|22.812
1389397944|22.812
1389397967|22.812
1389397989|22.812
1389398012|22.812
1389398034|22.812
1389398057|22.812
1389398079|22.812
1389398102|22.812
1389398124|22.875
1389398147|22.812
1389398169|22.812
1389398192|22.812
1389398214|22.875
1389398237|22.875
1389398259|22.875
1389398281|22.875
1389398304|22.875
1389398326|22.875
1389398349|22.875
1389398371|22.875
1389398394|22.937
1389398416|22.937
1389398439|22.937
1389398461|22.937
1389398484|22.937
1389398506|22.937
1389398529|23.0
1389398551|23.0
1389398574|23.0
1389398596|23.0
1389398619|23.0
1389398641|23.0
1389398664|23.0
1389398686|23.0
1389398708|23.0
1389398731|23.0
1389398754|23.0
1389398776|23.062
1389398798|23.062
1389398821|23.062
1389398844|23.062
1389398867|23.062
1389398889|23.062
1389398912|23.062
1389398934|23.062
1389398957|23.062
1389398979|23.062
1389399001|23.062
1389399024|23.062
1389399046|23.062
1389399069|23.062
1389399091|23.062
1389399114|23.125
1389399136|23.062
1389399159|23.125
1389399181|23.125
1389399204|23.125
1389399226|23.125
1389399249|23.125
1389399271|23.125
1389399294|23.125
1389399316|23.125
1389399338|23.125
1389399361|23.125
1389399383|23.125
1389399406|23.125
1389399428|23.125
1389399451|23.125
1389399473|23.125
1389399496|23.125
1389399518|23.125
1389399541|23.125
1389399563|23.125
1389399586|23.125
1389399608|23.125
1389399631|23.125
1389399653|23.125
1389399676|23.125
1389399698|23.125
1389399721|23.125
1389399743|23.125
1389399766|23.125
1389399788|23.125
1389399810|23.187
1389399833|23.125
1389399855|23.125
1389399878|23.187
1389399900|23.187
1389399923|23.125
1389399945|23.125
1389399968|23.125
1389399990|23.187
1389400013|23.125
1389400035|23.125
1389400058|23.125
1389400080|23.125
1389400103|23.125
1389400125|23.125
1389400148|23.125
1389400170|23.125
1389400193|23.125
1389400215|23.125
1389400238|23.125
1389400260|23.125
1389400282|23.125
1389400305|23.125
1389400327|23.125
1389400350|23.125
1389400372|23.125
1389400395|23.125
1389400417|23.125
1389400440|23.125
1389400462|23.125
1389400485|23.125
1389400507|23.125
1389400530|23.125
1389400552|23.125
1389400575|23.125
1389400597|23.125
1389400619|23.125
1389400642|23.125
1389400664|23.125
1389400687|23.125
1389400709|23.125
1389400732|23.125
1389400754|23.125
1389400777|23.125
1389400799|23.125
1389400822|23.125
1389400844|23.125
1389400867|23.125
1389400889|23.062
1389400912|23.062
1389400934|23.062
1389400957|23.125
1389400979|23.062
1389401002|23.062
1389401024|23.125
1389401046|23.062
1389401069|23.062
1389401091|23.062
1389401114|23.062
1389401136|23.062
1389401159|23.062
1389401181|23.062
1389401204|23.062
1389401226|23.062
1389401249|23.062
1389401271|23.062
1389401294|23.062
1389401316|23.062
1389401339|23.062
1389401361|23.062
1389401384|23.062
1389401406|23.062
1389401429|23.062
1389401451|23.062
1389401473|23.0
1389401496|23.0
1389401518|23.062
1389401541|23.062
1389401563|23.062
1389401586|23.062
1389401608|23.0
1389401631|23.062
1389401653|23.062
1389401676|23.0
1389401698|23.0
1389401721|23.062
1389401743|23.0
1389401766|23.0
1389401788|23.0
1389401810|23.0
1389401833|23.0
1389401855|23.0
1389401878|23.0
1389401900|23.0
1389401923|23.0
1389401945|23.0
1389401968|23.0
1389401990|23.0
1389402013|23.0
1389402035|23.0
1389402058|22.937
1389402080|23.0
1389402103|23.0
1389402125|22.937
1389402148|22.937
1389402170|22.937
1389402192|23.0
1389402215|23.0
1389402237|22.937
1389402260|22.937
1389402282|22.937
1389402305|22.937
1389402327|22.937
1389402350|22.937
1389402372|22.937
1389402395|22.937
1389402418|22.875
1389402440|22.937
1389402463|22.937
1389402485|22.937
1389402508|22.937
1389402530|22.875
1389402553|22.875
1389402575|22.875
1389402598|22.875
1389402620|22.875
1389402643|22.875
1389402665|22.875
1389402688|22.875
1389402710|22.875
1389402732|22.875
1389402755|22.875
1389402777|22.875
1389402800|22.875
1389402822|22.875
1389402845|22.875
1389402867|22.875
1389402890|22.812
1389402912|22.875
1389402935|22.812
1389402957|22.812
1389402980|22.812
1389403002|22.812
1389403025|22.812
1389403047|22.812
1389403070|22.812
1389403092|22.812
1389403115|22.812
1389403137|22.812
1389403159|22.812
1389403182|22.812
1389403204|22.75
1389403227|22.812
1389403249|22.812
1389403272|22.75
1389403294|22.75
1389403317|22.75
1389403339|22.75
1389403362|22.75
1389403384|22.75
1389403407|22.75
1389403429|22.75
1389403452|22.75
1389403474|22.75
1389403497|22.75
1389403519|22.75
1389403542|22.75
1389403564|22.75
1389403586|22.75
1389403609|22.75
1389403631|22.687
1389403654|22.687
1389403676|22.687
1389403699|22.687
1389403721|22.687
1389403744|22.687
1389403766|22.687
1389403789|22.687
1389403811|22.687
1389403834|22.687
1389403856|22.687
1389403879|22.687
1389403901|22.75
1389403923|22.687
1389403946|22.687
1389403968|22.687
1389403991|22.687
1389404013|22.75
1389404036|22.75
1389404058|22.75
1389404081|22.75
1389404103|22.75
1389404126|22.75
1389404148|22.75
1389404171|22.75
1389404193|22.75
1389404216|22.75
1389404238|22.75
1389404261|22.812
1389404283|22.75
1389404305|22.812
1389404328|22.75
1389404350|22.812
1389404373|22.75
1389404395|22.75
1389404418|22.812
1389404440|22.75
1389404463|22.812
1389404485|22.75
1389404508|22.812
1389404530|22.812
1389404553|22.812
1389404575|22.812
1389404598|22.812
1389404620|22.812
1389404642|22.812
1389404665|22.75
1389404687|22.75
1389404710|22.812
1389404732|22.812
1389404755|22.812
1389404777|22.812
1389404800|22.812
1389404822|22.812
1389404845|22.812
1389404867|22.812
1389404890|22.812
1389404912|22.812
1389404935|22.812
1389404957|22.812
1389404980|22.812
1389405002|22.812
1389405025|22.75
1389405047|22.812
1389405069|22.75
1389405092|22.812
1389405114|22.75
1389405137|22.75
1389405159|22.812
1389405182|22.812
1389405204|22.75
1389405227|22.75
1389405249|22.75
1389405272|22.812
1389405294|22.75
1389405317|22.75
1389405339|22.75
1389405362|22.75
1389405384|22.75
1389405406|22.75
1389405429|22.75
1389405452|22.75
1389405474|22.75
1389405496|22.75
1389405519|22.75
1389405541|22.75
1389405564|22.75
1389405586|22.75
1389405609|22.75
1389405631|22.75
1389405654|22.75
1389405676|22.75
1389405699|22.75
1389405721|22.75
1389405744|22.75
1389405766|22.75
1389405789|22.75
1389405811|22.75
1389405833|22.687
1389405856|22.687
1389405878|22.75
1389405901|22.687
1389405923|22.687
1389405946|22.687
1389405968|22.687
1389405991|22.687
1389406013|22.687
1389406036|22.687
1389406058|22.687
1389406081|22.687
1389406103|22.687
1389406126|22.687
1389406148|22.687
1389406171|22.687
1389406193|22.687
1389406215|22.687
1389406238|22.625
1389406260|22.687
1389406283|22.625
1389406305|22.687
1389406328|22.625
1389406350|22.625
1389406373|22.625
1389406395|22.687
1389406418|22.687
1389406440|22.625
1389406463|22.625
1389406485|22.625
1389406508|22.625
1389406530|22.625
1389406553|22.625
1389406575|22.625
1389406598|22.625
1389406620|22.625
1389406642|22.562
1389406665|22.625
1389406687|22.625
1389406710|22.625
1389406732|22.562
1389406755|22.562
1389406777|22.562
1389406800|22.562
1389406822|22.562
1389406845|22.562
1389406867|22.562
1389406890|22.562
1389406912|22.562
1389406935|22.562
1389406957|22.562
1389406979|22.562
1389407002|22.5
1389407024|22.5
1389407047|22.562
1389407069|22.562
1389407092|22.5
1389407114|22.562
1389407137|22.562
1389407159|22.5
1389407182|22.5
1389407204|22.5
1389407227|22.5
1389407249|22.5
1389407272|22.5
1389407294|22.5
1389407317|22.5
1389407339|22.5
1389407362|22.5
1389407384|22.437
1389407407|22.5
1389407429|22.5
1389407452|22.437
1389407474|22.437
1389407497|22.437
1389407519|22.5
1389407542|22.437
1389407564|22.437
1389407587|22.437
1389407609|22.437
1389407632|22.437
1389407654|22.437
1389407677|22.437
1389407699|22.437
1389407721|22.437
1389407744|22.437
1389407766|22.375
1389407789|22.437
1389407811|22.375
1389407834|22.437
1389407856|22.375
1389407879|22.375
1389407901|22.437
1389407924|22.375
1389407946|22.375
1389407969|22.375
1389407991|22.375
1389408014|22.375
1389408036|22.375
1389408058|22.375
1389408081|22.375
1389408103|22.312
1389408126|22.375
1389408148|22.312
1389408171|22.312
1389408193|22.312
1389408216|22.375
1389408238|22.312
1389408261|22.312
1389408283|22.312
1389408306|22.312
1389408328|22.312
1389408351|22.312
1389408373|22.312
1389408396|22.312
1389408418|22.312
1389408440|22.312
1389408463|22.25
1389408485|22.312
1389408508|22.312
1389408530|22.312
1389408553|22.25
1389408575|22.312
1389408598|22.25
1389408620|22.25
1389408643|22.25
1389408665|22.25
1389408688|22.25
1389408710|22.25
1389408733|22.25
1389408755|22.25
1389408778|22.25
1389408800|22.25
1389408823|22.25
1389408845|22.25
1389408867|22.25
1389408890|22.25
1389408912|22.25
1389408935|22.187
1389408957|22.25
1389408980|22.25
1389409002|22.25
1389409025|22.187
1389409047|22.187
1389409070|22.187
1389409092|22.187
1389409115|22.187
1389409137|22.187
1389409160|22.187
1389409182|22.187
1389409204|22.187
1389409227|22.187
1389409249|22.187
1389409272|22.187
1389409294|22.187
1389409317|22.187
1389409339|22.187
1389409362|22.187
1389409384|22.187
1389409407|22.125
1389409429|22.125
1389409452|22.187
1389409474|22.125
1389409497|22.125
1389409519|22.187
1389409542|22.125
1389409564|22.125
1389409587|22.125
1389409609|22.125
1389409631|22.125
1389409654|22.125
1389409676|22.125
1389409699|22.187
1389409721|22.187
1389409744|22.125
1389409766|22.125
1389409789|22.125
1389409811|22.125
1389409834|22.125
1389409856|22.125
1389409879|22.187
1389409901|22.187
1389409924|22.125
1389409946|22.125
1389409968|22.187
1389409991|22.187
1389410013|22.187
1389410036|22.125
1389410058|22.187
1389410081|22.125
1389410103|22.187
1389410126|22.187
1389410148|22.187
1389410171|22.187
1389410193|22.187
1389410216|22.125
1389410238|22.125
1389410261|22.125
1389410283|22.187
1389410306|22.187
1389410328|22.125
1389410350|22.125
1389410373|22.125
1389410395|22.125
1389410418|22.125
1389410440|22.125
1389410463|22.125
1389410485|22.187
1389410508|22.125
1389410530|22.187
1389410553|22.187
1389410575|22.187
1389410598|22.187
1389410620|22.187
1389410643|22.187
1389410665|22.187
1389410688|22.187
1389410710|22.187
1389410733|22.187
1389410755|22.187
1389410777|22.187
1389410800|22.187
1389410822|22.187
1389410845|22.187
1389410867|22.187
1389410890|22.187
1389410912|22.187
1389410935|22.187
1389410957|22.187
1389410980|22.187
1389411002|22.187
1389411025|22.25
1389411047|22.25
1389411070|22.25
1389411092|22.312
1389411114|22.312
1389411137|22.375
1389411159|22.437
1389411182|22.5
1389411204|22.562
1389411227|22.625
1389411249|22.75
1389411272|22.812
1389411294|22.937
1389411317|23.062
1389411339|23.187
1389411362|23.375
1389411384|23.5
1389411407|23.687
1389411429|23.875
1389411452|24.125
1389411474|24.312
1389411497|24.562
1389411519|24.812
1389411541|25.062
1389411564|25.312
1389411586|25.562
1389411609|25.812
1389411631|26.0
1389411654|26.187
1389411676|26.375
1389411699|26.562
1389411721|26.75
1389411744|27.0
1389411766|27.187
1389411789|27.375
1389411811|27.562
1389411834|27.75
1389411856|27.937
1389411879|28.187
1389411901|28.375
1389411923|28.562
1389411946|28.687
1389411968|28.875
1389411991|29.0
1389412013|29.187
1389412036|29.312
1389412058|29.375
1389412081|29.5
1389412103|29.625
1389412126|29.687
1389412148|29.812
1389412171|29.875
1389412193|29.875
1389412216|29.875
1389412238|30.062
1389412260|30.125
1389412283|30.187
1389412305|30.25
1389412328|30.312
1389412350|30.312
1389412373|30.375
1389412395|30.437
1389412418|30.437
1389412440|30.437
1389412463|30.5
1389412485|30.5
1389412508|30.5
1389412530|30.562
1389412553|30.562
1389412575|30.562
1389412597|30.562
1389412620|30.562
1389412642|30.625
1389412665|30.562
1389412687|30.562
1389412710|30.625
1389412732|30.625
1389412755|30.625
1389412777|30.625
1389412800|30.625
1389412822|30.625
1389412845|30.625
1389412867|30.625
1389412890|30.625
1389412912|30.625
1389412935|30.625
1389412957|30.625
1389412980|30.625
1389413002|30.625
1389413025|30.625
1389413047|30.687
1389413070|30.687
1389413092|30.687
1389413114|30.687
1389413137|30.687
1389413159|30.687
1389413182|30.687
1389413204|30.687
1389413227|30.75
1389413249|30.75
1389413272|30.75
1389413294|30.75
1389413317|30.812
1389413339|30.812
1389413362|30.812
1389413384|30.812
1389413407|30.812
1389413429|30.812
1389413451|30.812
1389413474|30.875
1389413496|30.875
1389413519|30.812
1389413541|30.812
1389413564|30.875
1389413586|30.875
1389413609|30.875
1389413631|30.875
1389413654|30.875
1389413676|30.937
1389413699|30.937
1389413721|30.937
1389413744|30.937
1389413766|30.937
1389413789|30.937
1389413811|30.937
1389413833|30.937
1389413856|31.0
1389413878|31.0
1389413901|31.0
1389413923|31.0
1389413946|31.062
1389413968|31.062
1389413991|31.062
1389414013|31.062
1389414036|31.062
1389414058|31.125
1389414081|31.125
1389414103|31.125
1389414126|31.125
1389414148|31.187
1389414170|31.187
1389414193|31.25
1389414215|31.25
1389414238|31.312
1389414260|31.312
1389414283|31.312
1389414305|31.312
1389414328|31.375
1389414350|31.375
1389414373|31.437
1389414395|31.437
1389414418|31.5
1389414440|31.562
1389414463|31.625
1389414485|31.625
1389414508|31.687
1389414530|31.687
1389414553|31.75
1389414575|31.75
1389414597|31.812
1389414620|31.812
1389414642|31.875
1389414665|31.875
1389414687|31.937
1389414710|31.937
1389414732|31.937
1389414755|32.0
1389414777|32.0
1389414800|32.0
1389414822|32.0
1389414845|32.062
1389414867|32.062
1389414890|32.062
1389414912|32.062
1389414934|32.062
1389414957|32.062
1389414979|32.062
1389415002|32.062
1389415024|32.062
1389415047|32.062
1389415069|32.0
1389415092|32.0
1389415114|32.0
1389415137|32.0
1389415159|32.0
1389415182|31.937
1389415204|31.937
1389415227|31.875
1389415249|31.875
1389415272|31.875
1389415294|31.812
1389415317|31.75
1389415339|31.75
1389415361|31.75
1389415384|31.687
1389415406|31.625
1389415429|31.625
1389415451|31.562
1389415474|31.5
1389415496|31.5
1389415519|31.437
1389415541|31.375
1389415564|31.375
1389415586|31.312
1389415609|31.25
1389415631|31.25
1389415654|31.187
1389415676|31.125
1389415699|31.125
1389415721|31.062
1389415743|31.0
1389415766|31.0
1389415788|30.937
1389415811|30.875
1389415833|30.875
1389415856|30.812
1389415878|30.75
1389415901|30.687
1389415923|30.687
1389415946|30.687
1389415968|30.562
1389415991|30.562
1389416013|30.5
1389416036|30.5
1389416058|30.437
1389416080|30.437
1389416103|30.437
1389416125|30.375
1389416148|30.312
1389416170|30.312
1389416193|30.25
1389416215|30.25
1389416238|30.25
1389416260|30.187
1389416283|30.25
1389416305|30.187
1389416328|30.187
1389416350|30.187
1389416373|30.125
1389416395|30.125
1389416418|30.125
1389416440|30.062
1389416463|30.062
1389416485|30.062
1389416507|30.062
1389416530|30.062
1389416552|30.0
1389416575|30.0
1389416597|30.0
1389416620|30.0
1389416642|30.0
1389416665|29.937
1389416687|29.937
1389416710|29.875
1389416732|29.937
1389416755|29.937
1389416777|29.875
1389416800|29.812
1389416822|29.812
1389416845|29.812
1389416867|29.812
1389416890|29.812
1389416912|29.75
1389416934|29.75
1389416957|29.75
1389416979|29.687
1389417002|29.687
1389417024|29.625
1389417047|29.625
1389417069|29.625
1389417092|29.625
1389417114|29.625
1389417137|29.562
1389417159|29.562
1389417182|29.562
1389417204|29.5
1389417227|29.437
1389417249|29.437
1389417272|29.437
1389417294|29.437
1389417316|29.375
1389417339|29.375
1389417361|29.375
1389417384|29.375
1389417406|29.375
1389417429|29.375
1389417451|29.375
1389417474|29.375
1389417496|29.375
1389417519|29.375
1389417541|29.375
1389417564|29.375
1389417586|29.375
1389417609|29.437
1389417631|29.437
1389417654|29.5
1389417676|29.5
1389417699|29.5
1389417721|29.562
1389417743|29.562
1389417766|29.562
1389417788|29.625
1389417811|29.625
1389417833|29.625
1389417856|29.687
1389417878|29.687
1389417901|29.687
1389417923|29.687
1389417946|29.75
1389417968|29.75
1389417991|29.75
1389418013|29.75
1389418036|29.812
1389418058|29.812
1389418081|29.812
1389418103|29.812
1389418126|29.812
1389418148|29.875
1389418170|29.875
1389418193|29.875
1389418215|29.875
1389418238|29.875
1389418260|29.875
1389418283|29.875
1389418305|29.875
1389418328|29.875
1389418350|29.937
1389418373|29.937
1389418395|29.937
1389418418|29.937
1389418440|29.937
1389418463|29.937
1389418485|29.937
1389418507|29.937
1389418530|29.937
1389418552|29.937
1389418575|29.937
1389418597|29.937
1389418620|29.937
1389418642|29.937
1389418665|29.937
1389418687|29.937
1389418710|29.937
1389418732|29.937
1389418755|29.937
1389418777|29.937
1389418800|29.937
1389418822|29.937
1389418845|29.937
1389418867|29.937
1389418889|29.937
1389418912|29.937
1389418934|29.937
1389418957|29.937
1389418979|29.937
1389419002|29.937
1389419024|29.937
1389419047|29.937
1389419069|29.937
1389419092|29.937
1389419114|30.0
1389419137|29.937
1389419159|30.0
1389419182|30.0
1389419204|30.0
1389419226|29.937
1389419249|30.0
1389419272|30.0
1389419294|29.937
1389419316|30.0
1389419339|29.937
1389419361|30.0
1389419384|29.937
1389419406|30.0
1389419429|29.937
1389419451|29.937
1389419474|29.937
1389419496|29.937
1389419519|30.0
1389419541|29.937
1389419564|30.0
1389419586|30.0
1389419609|29.937
1389419631|30.0
1389419653|30.0
1389419676|30.0
1389419698|29.937
1389419721|29.937
1389419743|29.937
1389419766|29.937
1389419788|29.937
1389419811|29.937
1389419833|29.937
1389419856|29.937
1389419878|30.0
1389419901|29.937
1389419923|30.0
1389419946|30.0
1389419968|29.937
1389419991|30.0
1389420013|30.0
1389420036|29.937
1389420058|30.0
1389420080|30.0
1389420103|30.0
1389420125|29.937
1389420148|30.0
1389420170|29.937
1389420193|29.937
1389420215|30.0
1389420238|30.0
1389420260|29.937
1389420283|29.937
1389420305|29.937
1389420328|29.937
1389420350|29.937
1389420373|30.0
1389420395|30.0
1389420417|29.937
1389420440|30.0
1389420462|29.937
1389420485|29.937
1389420507|29.937
1389420530|29.937
1389420552|29.937
1389420575|30.0
1389420597|29.937
1389420620|29.937
1389420642|29.937
1389420665|29.937
1389420687|29.937
1389420710|29.937
1389420732|29.937
1389420755|29.937
1389420777|29.937
1389420799|29.937
1389420822|29.937
1389420844|29.937
1389420867|29.937
1389420889|29.937
1389420912|29.937
1389420934|29.937
1389420957|29.937
1389420979|29.937
1389421002|29.937
1389421024|29.937
1389421047|29.937
1389421069|29.937
1389421092|29.937
1389421114|29.937
1389421136|29.937
1389421159|29.937
1389421181|29.937
1389421204|29.937
1389421226|29.937
1389421249|29.937
1389421271|29.937
1389421294|29.937
1389421316|29.937
1389421339|29.937
1389421361|29.937
1389421384|29.937
1389421406|29.937
1389421429|29.937
1389421451|29.937
1389421474|29.937
1389421496|29.937
1389421519|29.937
1389421541|29.937
1389421563|29.937
1389421586|29.937
1389421608|29.937
1389421631|29.937
1389421653|29.937
1389421676|29.937
1389421698|29.937
1389421721|29.937
1389421743|29.875
1389421766|29.875
1389421788|29.875
1389421811|29.937
1389421833|29.875
1389421856|29.937
1389421878|29.937
1389421900|29.875
1389421923|29.875
1389421945|29.875
1389421968|29.875
1389421990|29.875
1389422013|29.875
1389422035|29.875
1389422058|29.875
1389422080|29.875
1389422103|29.875
1389422125|29.875
1389422148|29.875
1389422170|29.875
1389422193|29.875
1389422215|29.812
1389422238|29.812
1389422260|29.812
1389422283|29.812
1389422305|29.875
1389422327|29.875
1389422350|29.812
1389422372|29.812
1389422395|29.812
1389422417|29.812
1389422440|29.812
1389422462|29.812
1389422485|29.812
1389422507|29.812
1389422530|29.812
1389422552|29.812
1389422575|29.75
1389422597|29.812
1389422620|29.812
1389422642|29.812
1389422665|29.812
1389422687|29.812
1389422709|29.812
1389422732|29.812
1389422754|29.812
1389422777|29.812
1389422799|29.812
1389422822|29.75
1389422844|29.812
1389422867|29.812
1389422889|29.75
1389422912|29.812
1389422934|29.75
1389422957|29.812
1389422979|29.812
1389423002|29.75
1389423024|29.75
1389423046|29.75
1389423069|29.812
1389423092|29.75
1389423114|29.75
1389423136|29.75
1389423159|29.75
1389423181|29.75
1389423204|29.75
1389423226|29.75
1389423249|29.75
1389423271|29.687
1389423294|29.687
1389423316|29.687
1389423339|29.687
1389423361|29.687
1389423384|29.687
1389423406|29.687
1389423429|29.687
1389423451|29.687
1389423474|29.625
1389423496|29.687
1389423519|29.687
1389423541|29.687
1389423563|29.625
1389423586|29.625
1389423608|29.625
1389423631|29.625
1389423653|29.625
1389423676|29.625
1389423698|29.625
1389423721|29.625
1389423743|29.625
1389423766|29.625
1389423788|29.625
1389423811|29.625
1389423833|29.625
1389423856|29.625
1389423878|29.625
1389423900|29.625
1389423923|29.562
1389423945|29.625
1389423968|29.625
1389423990|29.625
1389424013|29.562
1389424035|29.562
1389424058|29.625
1389424080|29.562
1389424103|29.625
1389424125|29.562
1389424148|29.562
1389424170|29.625
1389424193|29.562
1389424215|29.562
1389424238|29.562
1389424260|29.562
1389424282|29.562
1389424305|29.625
1389424327|29.625
1389424350|29.625
1389424372|29.625
1389424395|29.625
1389424417|29.625
1389424440|29.625
1389424462|29.625
1389424485|29.625
1389424507|29.687
1389424530|29.687
1389424552|29.687
1389424575|29.75
1389424597|29.75
1389424619|29.75
1389424642|29.812
1389424664|29.812
1389424687|29.812
1389424709|29.812
1389424732|29.875
1389424754|29.937
1389424777|29.937
1389424799|30.0
1389424822|30.062
1389424844|30.125
1389424867|30.187
1389424889|30.187
1389424912|30.25
1389424934|30.312
1389424957|30.312
1389424979|30.375
1389425002|30.375
1389425024|30.437
1389425046|30.5
1389425069|30.562
1389425091|30.562
1389425114|30.625
1389425136|30.625
1389425159|30.687
1389425182|30.75
1389425205|30.75
1389425227|30.812
1389425250|30.875
1389425272|30.937
1389425295|30.937
1389425317|31.0
1389425339|31.062
1389425362|31.125
1389425384|31.125
1389425407|31.187
1389425429|31.25
1389425452|31.25
1389425474|31.312
1389425497|31.312
1389425519|31.375
1389425542|31.375
1389425564|31.437
1389425587|31.437
1389425609|31.437
1389425632|31.437
1389425654|31.5
1389425677|31.5
1389425699|31.5
1389425721|31.5
1389425744|31.562
1389425766|31.5
1389425789|31.562
1389425811|31.562
1389425834|31.562
1389425856|31.562
1389425879|31.562
1389425901|31.562
1389425924|31.5
1389425946|31.5
1389425969|31.5
1389425991|31.5
1389426014|31.5
1389426036|31.437
1389426058|31.437
1389426081|31.375
1389426103|31.375
1389426126|31.375
1389426148|31.375
1389426171|31.312
1389426193|31.25
1389426216|31.25
1389426238|31.187
1389426261|31.187
1389426283|31.187
1389426306|31.125
1389426328|31.125
1389426351|31.062
1389426373|31.0
1389426396|31.0
1389426418|30.937
1389426441|30.875
1389426463|30.875
1389426485|30.812
1389426508|30.812
1389426530|30.75
1389426553|30.687
1389426575|30.625
1389426598|30.625
1389426620|30.562
1389426643|30.5
1389426665|30.5
1389426688|30.437
1389426710|30.375
1389426733|30.375
1389426755|30.312
1389426778|30.25
1389426800|30.25
1389426822|30.187
1389426845|30.187
1389426867|30.125
1389426890|30.125
1389426912|30.062
1389426935|30.062
1389426957|30.062
1389426980|30.0
1389427002|29.937
1389427025|29.937
1389427047|29.937
1389427070|29.875
1389427092|29.875
1389427115|29.875
1389427137|29.875
1389427160|29.812
1389427182|29.812
1389427205|29.812
1389427227|29.812
1389427249|29.812
1389427272|29.75
1389427294|29.75
1389427317|29.75
1389427339|29.75
1389427362|29.687
1389427384|29.687
1389427407|29.687
1389427429|29.687
1389427452|29.687
1389427474|29.625
1389427497|29.625
1389427519|29.625
1389427542|29.625
1389427564|29.625
1389427587|29.562
1389427609|29.562
1389427631|29.562
1389427654|29.562
1389427676|29.562
1389427699|29.562
1389427721|29.562
1389427744|29.562
1389427766|29.5
1389427789|29.5
1389427811|29.5
1389427834|29.5
1389427856|29.5
1389427879|29.5
1389427901|29.437
1389427924|29.437
1389427946|29.437
1389427969|29.437
1389427991|29.437
1389428014|29.375
1389428036|29.375
1389428058|29.375
1389428081|29.375
1389428103|29.375
1389428126|29.312
1389428148|29.312
1389428171|29.25
1389428193|29.25
1389428216|29.25
1389428238|29.25
1389428261|29.187
1389428283|29.187
1389428306|29.187
1389428328|29.187
1389428351|29.187
1389428373|29.187
1389428395|29.187
1389428418|29.125
1389428440|29.125
1389428463|29.125
1389428485|29.125
1389428508|29.125
1389428530|29.187
1389428553|29.125
1389428575|29.125
1389428598|29.125
1389428620|29.187
1389428643|29.187
1389428665|29.25
1389428688|29.25
1389428710|29.25
1389428733|29.25
1389428755|29.25
1389428777|29.312
1389428800|29.312
1389428822|29.312
1389428845|29.312
1389428867|29.375
1389428890|29.375
1389428912|29.375
1389428935|29.375
1389428957|29.375
1389428980|29.437
1389429002|29.437
1389429025|29.437
1389429047|29.437
1389429070|29.437
1389429092|29.437
1389429115|29.437
1389429137|29.437
1389429159|29.5
1389429182|29.5
1389429204|29.5
1389429227|29.5
1389429249|29.5
1389429272|29.5
1389429294|29.5
1389429317|29.5
1389429339|29.5
1389429362|29.5
1389429384|29.5
1389429407|29.5
1389429429|29.5
1389429452|29.5
1389429474|29.5
1389429497|29.5
1389429519|29.5
1389429541|29.5
1389429564|29.5
1389429586|29.5
1389429609|29.5
1389429631|29.5
1389429654|29.5
1389429676|29.5
1389429699|29.5
1389429721|29.5
1389429744|29.5
1389429766|29.5
1389429789|29.5
1389429811|29.5
1389429834|29.5
1389429856|29.5
1389429879|29.5
1389429901|29.5
1389429924|29.5
1389429946|29.5
1389429968|29.5
1389429991|29.5
1389430013|29.5
1389430036|29.437
1389430058|29.437
1389430081|29.437
1389430103|29.5
1389430126|29.437
1389430149|29.5
1389430171|29.437
1389430194|29.437
1389430216|29.437
1389430239|29.437
1389430261|29.437
1389430284|29.437
1389430306|29.437
1389430329|29.437
1389430351|29.437
1389430374|29.437
1389430396|29.437
1389430419|29.437
1389430441|29.437
1389430464|29.437
1389430486|29.437
1389430509|29.437
1389430531|29.437
1389430554|29.437
1389430576|29.437
1389430598|29.437
1389430621|29.437
1389430643|29.375
1389430666|29.375
1389430688|29.437
1389430711|29.375
1389430733|29.375
1389430756|29.375
1389430778|29.375
1389430801|29.375
1389430823|29.375
1389430846|29.375
1389430868|29.375
1389430891|29.375
1389430913|29.375
1389430936|29.375
1389430958|29.375
1389430980|29.375
1389431003|29.375
1389431025|29.375
1389431048|29.375
1389431070|29.375
1389431093|29.375
1389431115|29.312
1389431138|29.375
1389431160|29.375
1389431183|29.312
1389431205|29.312
1389431228|29.312
1389431250|29.312
1389431273|29.312
1389431295|29.312
1389431318|29.312
1389431340|29.312
1389431363|29.312
1389431385|29.312
1389431408|29.312
1389431430|29.312
1389431453|29.312
1389431475|29.312
1389431498|29.312
1389431520|29.312
1389431543|29.312
1389431565|29.25
1389431588|29.25
1389431610|29.25
1389431632|29.25
1389431655|29.25
1389431677|29.25
1389431700|29.25
1389431722|29.312
1389431745|29.25
1389431767|29.25
1389431790|29.25
1389431812|29.25
1389431835|29.25
1389431857|29.25
1389431880|29.25
1389431902|29.25
1389431925|29.25
1389431947|29.187
1389431970|29.25
1389431992|29.187
1389432015|29.187
1389432037|29.125
1389432059|29.125
1389432082|29.062
1389432104|29.0
1389432127|28.937
1389432149|28.875
1389432172|28.812
1389432194|28.687
1389432217|28.562
1389432239|28.5
1389432262|28.437
1389432284|28.312
1389432307|28.25
1389432329|28.125
1389432352|28.062
1389432374|28.0
1389432397|27.937
1389432419|27.812
1389432442|27.75
1389432464|27.687
1389432486|27.625
1389432509|27.562
1389432531|27.5
1389432554|27.375
1389432576|27.312
1389432599|27.25
1389432621|27.25
1389432644|27.125
1389432666|27.125
1389432689|27.0
1389432711|26.937
1389432734|26.937
1389432756|26.812
1389432779|26.812
1389432801|26.75
1389432823|26.687
1389432846|26.625
1389432868|26.562
1389432891|26.5
1389432913|26.437
1389432936|26.375
1389432958|26.375
1389432981|26.312
1389433003|26.25
1389433026|26.187
1389433048|26.187
1389433071|26.125
1389433093|26.062
1389433116|26.0
1389433138|26.0
1389433161|26.0
1389433183|25.875
1389433205|25.875
1389433228|25.812
1389433250|25.75
1389433273|25.687
1389433295|25.625
1389433318|25.625
1389433340|25.562
1389433363|25.562
1389433385|25.5
1389433408|25.437
1389433430|25.375
1389433453|25.375
1389433475|25.312
1389433498|25.312
1389433520|25.25
1389433542|25.187
1389433565|25.187
1389433587|25.125
1389433610|25.062
1389433632|25.062
1389433655|25.0
1389433677|24.937
1389433700|24.937
1389433722|24.875
1389433745|24.875
1389433767|24.812
1389433790|24.75
1389433812|24.687
1389433835|24.687
1389433857|24.625
1389433879|24.562
1389433902|24.562
1389433924|24.5
1389433947|24.437
1389433969|24.437
1389433992|24.375
1389434014|24.375
1389434037|24.25
1389434059|24.25
1389434082|24.187
1389434104|24.125
1389434127|24.062
1389434149|24.062
1389434172|24.0
1389434194|24.0
1389434217|23.937
1389434239|23.875
1389434262|23.875
1389434284|23.812
1389434306|23.812
1389434329|23.75
1389434351|23.75
1389434374|23.687
1389434396|23.687
1389434419|23.687
1389434441|23.625
1389434464|23.625
1389434486|23.562
1389434509|23.562
1389434531|23.562
1389434554|23.5
1389434576|23.437
1389434599|23.437
1389434621|23.375
1389434643|23.375
1389434666|23.375
1389434688|23.312
1389434711|23.312
1389434733|23.312
1389434756|23.25
1389434778|23.25
1389434801|23.187
1389434823|23.187
1389434846|23.187
1389434868|23.187
1389434891|23.125
1389434913|23.062
1389434936|23.062
1389434958|23.062
1389434981|23.062
1389435003|23.0
1389435026|23.0
1389435048|23.0
1389435070|23.0
1389435093|22.937
1389435115|22.937
1389435138|22.937
1389435160|22.937
1389435183|22.875
1389435205|22.875
1389435228|22.875
1389435250|22.812
1389435273|22.812
1389435295|22.812
1389435318|22.75
1389435340|22.75
1389435363|22.75
1389435385|22.75
1389435408|22.687
1389435430|22.687
1389435452|22.687
1389435475|22.625
1389435497|22.625
1389435520|22.625
1389435542|22.562
1389435565|22.562
1389435587|22.562
1389435610|22.562
1389435632|22.5
1389435655|22.5
1389435677|22.5
1389435700|22.5
1389435722|22.5
1389435745|22.437
1389435767|22.437
1389435789|22.437
1389435812|22.375
1389435834|22.375
1389435857|22.375
1389435879|22.375
1389435902|22.375
1389435924|22.312
1389435947|22.312
1389435969|22.312
1389435992|22.312
1389436014|22.312
1389436037|22.25
1389436059|22.25
1389436082|22.25
1389436104|22.187
1389436127|22.187
1389436149|22.187
1389436172|22.187
1389436194|22.187
1389436216|22.125
1389436239|22.125
1389436261|22.125
1389436284|22.125
1389436306|22.125
1389436329|22.062
1389436351|22.062
1389436374|22.062
1389436396|22.0
1389436419|22.0
1389436441|22.0
1389436464|22.0
1389436486|22.0
1389436509|21.937
1389436531|21.937
1389436554|21.937
1389436576|21.937
1389436599|21.937
1389436621|21.937
1389436643|21.937
1389436666|21.875
1389436688|21.875
1389436711|21.875
1389436733|21.875
1389436756|21.812
1389436778|21.812
1389436801|21.812
1389436823|21.812
1389436846|21.812
1389436868|21.75
1389436891|21.75
1389436913|21.75
1389436936|21.687
1389436958|21.687
1389436980|21.687
1389437003|21.687
1389437025|21.687
1389437048|21.687
1389437070|21.687
1389437093|21.625
1389437115|21.687
1389437138|21.625
1389437160|21.625
1389437183|21.625
1389437205|21.625
1389437228|21.562
1389437250|21.562
1389437273|21.562
1389437295|21.562
1389437318|21.5
1389437340|21.5
1389437362|21.5
1389437385|21.5
1389437407|21.5
1389437430|21.5
1389437452|21.5
1389437475|21.437
1389437497|21.437
1389437520|21.437
1389437542|21.437
1389437565|21.437
1389437587|21.437
1389437610|21.375
1389437632|21.437
1389437655|21.437
1389437677|21.375
1389437700|21.375
1389437722|21.375
1389437745|21.375
1389437767|21.312
1389437789|21.312
1389437812|21.312
1389437834|21.312
1389437857|21.312
1389437879|21.312
1389437902|21.25
1389437924|21.25
1389437947|21.25
1389437969|21.25
1389437992|21.25
1389438014|21.25
1389438037|21.25
1389438059|21.187
1389438082|21.187
1389438104|21.187
1389438127|21.187
1389438149|21.187
1389438172|21.187
1389438194|21.187
1389438216|21.125
1389438239|21.187
1389438261|21.125
1389438284|21.125
1389438306|21.125
1389438329|21.125
1389438351|21.125
1389438374|21.125
1389438396|21.062
1389438419|21.062
1389438441|21.062
1389438464|21.062
1389438486|21.062
1389438509|21.062
1389438531|21.062
1389438554|21.0
1389438576|21.0
1389438598|21.0
1389438621|21.0
1389438643|21.0
1389438666|21.0
1389438688|21.0
1389438711|20.937
1389438733|21.0
1389438756|21.0
1389438778|20.937
1389438801|20.937
1389438823|20.937
1389438846|20.937
1389438868|20.937
1389438891|20.875
1389438913|20.875
1389438935|20.875
1389438958|20.875
1389438980|20.875
1389439003|20.875
1389439025|20.875
1389439048|20.875
1389439071|20.875
1389439093|20.875
1389439116|20.875
1389439138|20.875
1389439161|20.812
1389439183|20.812
1389439206|20.812
1389439228|20.812
1389439251|20.812
1389439273|20.75
1389439296|20.812
1389439318|20.812
1389439340|20.75
1389439363|20.75
1389439385|20.75
1389439408|20.75
1389439430|20.75
1389439453|20.75
1389439475|20.75
1389439498|20.75
1389439520|20.687
1389439543|20.75
1389439565|20.687
1389439588|20.687
1389439610|20.687
1389439633|20.687
1389439655|20.687
1389439678|20.687
1389439700|20.687
1389439723|20.625
1389439745|20.625
1389439767|20.625
1389439790|20.625
1389439812|20.625
1389439835|20.625
1389439857|20.625
1389439880|20.625
1389439902|20.625
1389439925|20.625
1389439947|20.562
1389439970|20.562
1389439992|20.562
1389440015|20.562
1389440037|20.562
1389440060|20.562
1389440082|20.562
1389440104|20.562
1389440127|20.562
1389440149|20.562
1389440172|20.562
1389440194|20.562
1389440217|20.5
1389440239|20.5
1389440262|20.5
1389440284|20.562
1389440307|20.5
1389440329|20.5
1389440352|20.5
1389440374|20.5
1389440397|20.5
1389440419|20.5
1389440442|20.437
1389440464|20.437
1389440486|20.437
1389440509|20.437
1389440531|20.437
1389440554|20.437
1389440576|20.375
1389440599|20.437
1389440621|20.437
1389440644|20.375
1389440666|20.375
1389440689|20.437
1389440711|20.375
1389440734|20.375
1389440756|20.437
1389440779|20.437
1389440801|20.437
1389440824|20.437
1389440846|20.437
1389440869|20.437
1389440892|20.437
1389440914|20.437
1389440937|20.437
1389440959|20.437
1389440982|20.437
1389441004|20.5
1389441027|20.437
1389441049|20.437
1389441072|20.5
1389441094|20.5
1389441116|20.5
1389441139|20.5
1389441161|20.5
1389441184|20.5
1389441206|20.5
1389441229|20.5
1389441251|20.5
1389441274|20.5
1389441296|20.5
1389441319|20.5
1389441341|20.5
1389441364|20.562
1389441386|20.5
1389441409|20.5
1389441431|20.562
1389441454|20.5
1389441476|20.5
1389441499|20.562
1389441521|20.562
1389441543|20.5
1389441566|20.5
1389441588|20.5
1389441611|20.5
1389441633|20.5
1389441656|20.5
1389441678|20.5
1389441701|20.5
1389441723|20.5
1389441746|20.562
1389441768|20.562
1389441791|20.562
1389441813|20.5
1389441836|20.562
1389441858|20.562
1389441880|20.562
1389441903|20.562
1389441925|20.5
1389441948|20.5
1389441970|20.5
1389441993|20.562
1389442015|20.5
1389442038|20.5
1389442060|20.5
1389442083|20.562
1389442105|20.562
1389442128|20.5
1389442150|20.562
1389442173|20.562
1389442195|20.5
1389442218|20.5
1389442240|20.562
1389442262|20.5
1389442285|20.5
1389442307|20.5
1389442330|20.562
1389442352|20.5
1389442375|20.562
1389442397|20.5
1389442420|20.562
1389442442|20.562
1389442465|20.562
1389442487|20.562
1389442510|20.562
1389442532|20.562
1389442555|20.562
1389442577|20.562
1389442599|20.562
1389442622|20.562
1389442644|20.562
1389442667|20.562
1389442689|20.562
1389442712|20.562
1389442734|20.562
1389442757|20.562
1389442779|20.562
1389442802|20.562
1389442824|20.562
1389442847|20.562
1389442869|20.562
1389442892|20.562
1389442914|20.562
1389442937|20.562
1389442959|20.562
1389442982|20.562
1389443004|20.562
1389443026|20.562
1389443049|20.562
1389443071|20.562
1389443094|20.562
1389443116|20.562
1389443139|20.562
1389443161|20.562
1389443184|20.562
1389443206|20.562
1389443229|20.562
1389443251|20.562
1389443274|20.562
1389443296|20.562
1389443319|20.562
1389443341|20.562
1389443363|20.562
1389443386|20.562
1389443409|20.562
1389443431|20.562
1389443453|20.562
1389443476|20.562
1389443498|20.562
1389443521|20.562
1389443543|20.562
1389443566|20.562
1389443588|20.562
1389443611|20.562
1389443633|20.562
1389443656|20.562
1389443678|20.562
1389443701|20.562
1389443723|20.562
1389443746|20.5
1389443768|20.5
1389443790|20.562
1389443813|20.5
1389443835|20.5
1389443858|20.5
1389443880|20.5
1389443903|20.5
1389443925|20.5
1389443948|20.5
1389443970|20.5
1389443993|20.5
1389444015|20.5
1389444038|20.5
1389444060|20.5
1389444083|20.5
1389444105|20.5
1389444128|20.562
1389444150|20.5
1389444172|20.562
1389444195|20.562
1389444217|20.562
1389444240|20.562
1389444262|20.5
1389444285|20.5
1389444307|20.5
1389444330|20.5
1389444352|20.5
1389444375|20.5
1389444397|20.5
1389444420|20.5
1389444442|20.5
1389444465|20.562
1389444487|20.562
1389444509|20.562
1389444532|20.5
1389444554|20.5
1389444577|20.562
1389444599|20.5
1389444622|20.5
1389444644|20.5
1389444667|20.5
1389444689|20.5
1389444712|20.5
1389444734|20.5
1389444757|20.5
1389444779|20.5
1389444802|20.5
1389444824|20.5
1389444847|20.5
1389444869|20.5
1389444892|20.5
1389444914|20.5
1389444936|20.5
1389444959|20.5
1389444981|20.5
1389445004|20.5
1389445026|20.5
1389445049|20.5
1389445071|20.5
1389445094|20.5
1389445116|20.5
1389445139|20.5
1389445161|20.5
1389445184|20.5
1389445206|20.5
1389445229|20.5
1389445251|20.5
