1396726669|24.312
1396726692|24.312
1396726714|24.312
1396726736|24.312
1396726759|24.312
1396726781|24.312
1396726804|24.25
1396726826|24.25
1396726849|24.25
1396726871|24.25
1396726894|24.25
1396726916|24.25
1396726939|24.25
1396726961|24.25
1396726984|24.25
1396727006|24.25
1396727029|24.25
1396727051|24.25
1396727073|24.25
1396727096|24.25
1396727118|24.25
1396727141|24.25
1396727163|24.25
1396727186|24.25
1396727208|24.187
1396727231|24.187
1396727253|24.187
1396727276|24.187
1396727298|24.187
1396727321|24.187
1396727343|24.187
1396727366|24.187
1396727388|24.187
1396727410|24.187
1396727433|24.187
1396727455|24.187
1396727478|24.187
1396727500|24.187
1396727523|24.187
1396727545|24.187
1396727568|24.125
1396727590|24.187
1396727613|24.125
1396727635|24.125
1396727658|24.125
1396727680|24.125
1396727703|24.125
1396727725|24.125
1396727748|24.125
1396727770|24.125
1396727793|24.125
1396727815|24.125
1396727837|24.125
1396727860|24.125
1396727882|24.125
1396727905|24.125
1396727927|24.125
1396727950|24.125
1396727972|24.125
1396727995|24.125
1396728017|24.062
1396728040|24.062
1396728062|24.062
1396728085|24.062
1396728107|24.062
1396728130|24.062
1396728152|24.062
1396728174|24.062
1396728197|24.062
1396728219|24.062
1396728242|24.0
1396728264|24.062
1396728287|24.062
1396728309|24.062
1396728332|24.062
1396728354|24.062
1396728377|24.0
1396728399|24.0
1396728422|24.0
1396728444|24.0
1396728467|24.0
1396728489|24.0
1396728511|24.0
1396728534|24.0
1396728556|24.0
1396728579|24.0
1396728601|24.0
1396728624|24.0
1396728646|24.0
1396728669|23.937
1396728691|24.0
1396728714|24.0
1396728736|23.937
1396728759|23.937
1396728781|23.937
1396728804|23.937
1396728826|23.937
1396728848|23.937
1396728871|23.937
1396728893|23.937
1396728916|23.937
1396728938|23.937
1396728961|23.937
1396728983|23.937
1396729006|23.937
1396729028|23.937
1396729051|23.875
1396729073|23.875
1396729096|23.937
1396729118|23.875
1396729141|23.875
1396729163|23.875
1396729186|23.875
1396729208|23.875
1396729230|23.875
1396729253|23.875
1396729275|23.875
1396729298|23.875
1396729320|23.875
1396729343|23.875
1396729365|23.875
1396729388|23.875
1396729410|23.875
1396729433|23.875
1396729455|23.875
1396729478|23.875
1396729500|23.812
1396729523|23.812
1396729545|23.812
1396729567|23.812
1396729590|23.812
1396729612|23.812
1396729635|23.812
1396729657|23.812
1396729680|23.812
1396729702|23.812
1396729725|23.812
1396729747|23.812
1396729770|23.812
1396729792|23.812
1396729815|23.812
1396729837|23.812
1396729860|23.812
1396729882|23.812
1396729904|23.812
1396729927|23.75
1396729949|23.75
1396729972|23.75
1396729994|23.75
1396730017|23.75
1396730039|23.812
1396730062|23.75
1396730084|23.75
1396730107|23.75
1396730129|23.75
1396730152|23.75
1396730174|23.75
1396730197|23.75
1396730219|23.75
1396730242|23.75
1396730264|23.75
1396730286|23.75
1396730309|23.75
1396730331|23.75
1396730354|23.687
1396730376|23.687
1396730399|23.687
1396730421|23.687
1396730444|23.687
1396730466|23.687
1396730489|23.687
1396730511|23.687
1396730534|23.687
1396730556|23.687
1396730579|23.687
1396730601|23.687
1396730624|23.687
1396730646|23.687
1396730668|23.687
1396730691|23.687
1396730713|23.687
1396730736|23.687
1396730758|23.687
1396730781|23.625
1396730803|23.625
1396730826|23.625
1396730848|23.625
1396730871|23.625
1396730893|23.687
1396730916|23.625
1396730938|23.625
1396730961|23.625
1396730983|23.625
1396731005|23.625
1396731028|23.625
1396731050|23.625
1396731073|23.625
1396731095|23.625
1396731118|23.625
1396731140|23.625
1396731163|23.562
1396731185|23.625
1396731208|23.625
1396731230|23.625
1396731253|23.562
1396731275|23.625
1396731298|23.562
1396731320|23.562
1396731343|23.562
1396731365|23.562
1396731387|23.562
1396731410|23.562
1396731432|23.562
1396731455|23.562
1396731477|23.562
1396731500|23.562
1396731522|23.562
1396731545|23.562
1396731567|23.562
1396731590|23.562
1396731612|23.562
1396731635|23.562
1396731657|23.562
1396731680|23.5
1396731702|23.562
1396731725|23.562
1396731747|23.5
1396731769|23.5
1396731792|23.5
1396731814|23.5
1396731837|23.5
1396731859|23.5
1396731882|23.5
1396731904|23.5
1396731927|23.5
1396731949|23.5
1396731972|23.5
1396731994|23.5
1396732017|23.5
1396732039|23.5
1396732062|23.5
1396732084|23.5
1396732106|23.5
1396732129|23.437
1396732151|23.437
1396732174|23.437
1396732196|23.5
1396732219|23.437
1396732241|23.437
1396732264|23.437
1396732286|23.437
1396732309|23.437
1396732331|23.437
1396732354|23.437
1396732376|23.437
1396732399|23.437
1396732421|23.437
1396732443|23.437
1396732466|23.437
1396732488|23.437
1396732511|23.437
1396732533|23.437
1396732556|23.437
1396732578|23.437
1396732601|23.375
1396732623|23.437
1396732646|23.375
1396732668|23.375
1396732691|23.437
1396732713|23.437
1396732736|23.375
1396732758|23.375
1396732781|23.375
1396732803|23.375
1396732825|23.375
1396732848|23.375
1396732870|23.375
1396732893|23.375
1396732915|23.375
1396732938|23.375
1396732960|23.375
1396732983|23.375
1396733005|23.375
1396733028|23.375
1396733050|23.312
1396733073|23.312
1396733095|23.312
1396733118|23.312
1396733140|23.312
1396733162|23.312
1396733185|23.312
1396733207|23.312
1396733230|23.312
1396733252|23.312
1396733275|23.312
1396733297|23.312
1396733320|23.312
1396733342|23.312
1396733365|23.312
1396733387|23.312
1396733410|23.312
1396733432|23.312
1396733455|23.312
1396733477|23.312
1396733499|23.312
1396733522|23.25
1396733544|23.312
1396733567|23.312
1396733589|23.25
1396733612|23.25
1396733634|23.312
1396733657|23.25
1396733679|23.25
1396733702|23.25
1396733724|23.25
1396733747|23.25
1396733769|23.25
1396733792|23.25
1396733814|23.25
1396733836|23.25
1396733859|23.25
1396733881|23.25
1396733904|23.25
1396733926|23.25
1396733949|23.25
1396733971|23.25
1396733994|23.25
1396734016|23.187
1396734039|23.25
1396734061|23.25
1396734084|23.25
1396734106|23.187
1396734129|23.187
1396734151|23.187
1396734174|23.25
1396734196|23.187
1396734218|23.187
1396734241|23.187
1396734263|23.187
1396734286|23.25
1396734308|23.187
1396734331|23.187
1396734353|23.187
1396734376|23.187
1396734398|23.187
1396734421|23.187
1396734443|23.187
1396734466|23.187
1396734488|23.187
1396734511|23.187
1396734533|23.187
1396734556|23.187
1396734578|23.125
1396734600|23.187
1396734623|23.187
1396734645|23.125
1396734668|23.187
1396734690|23.125
1396734713|23.187
1396734735|23.125
1396734758|23.125
1396734780|23.125
1396734803|23.125
1396734825|23.125
1396734848|23.125
1396734870|23.125
1396734893|23.125
1396734915|23.125
1396734937|23.125
1396734960|23.125
1396734982|23.125
1396735005|23.125
1396735027|23.125
1396735050|23.125
1396735072|23.125
1396735095|23.125
1396735117|23.125
1396735140|23.062
1396735162|23.125
1396735185|23.125
1396735207|23.125
1396735230|23.062
1396735252|23.125
1396735274|23.125
1396735297|23.062
1396735319|23.062
1396735342|23.062
1396735364|23.062
1396735387|23.062
1396735409|23.062
1396735432|23.062
1396735454|23.062
1396735477|23.062
1396735499|23.062
1396735522|23.062
1396735544|23.062
1396735567|23.062
1396735589|23.062
1396735611|23.062
1396735634|23.062
1396735656|23.062
1396735679|23.062
1396735701|23.062
1396735724|23.062
1396735746|23.0
1396735769|23.0
1396735791|23.062
1396735814|23.062
1396735836|23.0
1396735859|23.062
1396735881|23.0
1396735904|23.0
1396735926|23.062
1396735949|23.062
1396735971|23.0
1396735993|23.0
1396736016|23.0
1396736038|23.0
1396736061|23.0
1396736083|23.0
1396736106|23.0
1396736128|23.0
1396736151|23.0
1396736173|23.0
1396736196|23.0
1396736218|23.0
1396736241|23.0
1396736263|23.0
1396736286|23.0
1396736308|23.0
1396736331|23.0
1396736353|23.0
1396736375|23.0
1396736398|22.937
1396736420|22.937
1396736443|22.937
1396736465|22.937
1396736488|22.937
1396736510|22.937
1396736533|22.937
1396736555|22.937
1396736578|22.937
1396736600|22.937
1396736623|22.937
1396736645|22.937
1396736668|22.937
1396736690|22.937
1396736712|22.937
1396736735|22.937
1396736757|22.937
1396736780|22.937
1396736802|22.937
1396736825|22.937
1396736847|22.937
1396736870|22.937
1396736892|22.937
1396736915|22.937
1396736937|22.937
1396736960|22.937
1396736982|22.937
1396737005|22.937
1396737027|22.937
1396737049|22.875
1396737072|22.875
1396737094|22.875
1396737117|22.875
1396737139|22.875
1396737162|22.875
1396737184|22.875
1396737207|22.875
1396737229|22.875
1396737252|22.875
1396737274|22.875
1396737297|22.875
1396737319|22.875
1396737342|22.875
1396737364|22.875
1396737386|22.875
1396737409|22.875
1396737431|22.812
1396737454|22.875
1396737476|22.875
1396737499|22.875
1396737521|22.875
1396737544|22.875
1396737566|22.875
1396737589|22.875
1396737611|22.875
1396737634|22.875
1396737656|22.875
1396737679|22.875
1396737701|22.875
1396737723|22.812
1396737746|22.812
1396737768|22.875
1396737791|22.875
1396737813|22.875
1396737836|22.875
1396737858|22.875
1396737881|22.875
1396737903|22.875
1396737926|22.875
1396737948|22.875
1396737971|22.875
1396737993|22.875
1396738016|22.875
1396738038|22.875
1396738061|22.875
1396738083|22.875
1396738105|22.875
1396738128|22.875
1396738150|22.875
1396738173|22.875
1396738195|22.875
1396738218|22.875
1396738240|22.875
1396738263|22.875
1396738285|22.875
1396738308|22.875
1396738330|22.875
1396738353|22.875
1396738375|22.875
1396738398|22.875
1396738420|22.875
1396738442|22.875
1396738465|22.875
1396738487|22.875
1396738510|22.875
1396738532|22.875
1396738555|22.875
1396738577|22.875
1396738600|22.875
1396738622|22.875
1396738645|22.875
1396738667|22.875
1396738690|22.875
1396738712|22.875
1396738735|22.875
1396738757|22.875
1396738779|22.875
1396738802|22.875
1396738824|22.875
1396738847|22.875
1396738869|22.875
1396738892|22.875
1396738914|22.875
1396738937|22.875
1396738959|22.875
1396738982|22.875
1396739004|22.875
1396739027|22.875
1396739049|22.875
1396739072|22.875
1396739094|22.875
1396739116|22.875
1396739139|22.875
1396739161|22.875
1396739184|22.875
1396739206|22.875
1396739229|22.875
1396739251|22.875
1396739274|22.875
1396739296|22.875
1396739319|22.875
1396739341|22.875
1396739364|22.875
1396739386|22.875
1396739409|22.875
1396739431|22.875
1396739453|22.875
1396739476|22.875
1396739498|22.812
1396739521|22.875
1396739543|22.875
1396739566|22.875
1396739588|22.875
1396739611|22.875
1396739633|22.812
1396739656|22.875
1396739678|22.875
1396739701|22.812
1396739723|22.875
1396739746|22.812
1396739768|22.875
1396739791|22.875
1396739813|22.875
1396739836|22.812
1396739858|22.875
1396739880|22.875
1396739903|22.875
1396739925|22.875
1396739948|22.812
1396739970|22.812
1396739993|22.812
1396740015|22.812
1396740038|22.875
1396740060|22.812
1396740083|22.812
1396740105|22.875
1396740128|22.812
1396740150|22.875
1396740173|22.812
1396740195|22.875
1396740217|22.812
1396740240|22.812
1396740262|22.812
1396740285|22.812
1396740307|22.812
1396740330|22.812
1396740352|22.812
1396740375|22.812
1396740397|22.812
1396740420|22.812
1396740442|22.812
1396740465|22.812
1396740487|22.812
1396740510|22.812
1396740532|22.812
1396740554|22.812
1396740577|22.812
1396740599|22.812
1396740622|22.812
1396740644|22.812
1396740667|22.812
1396740689|22.812
1396740712|22.812
1396740734|22.812
1396740757|22.812
1396740779|22.812
1396740802|22.812
1396740824|22.812
1396740847|22.812
1396740869|22.812
1396740891|22.812
1396740914|22.812
1396740936|22.812
1396740959|22.812
1396740981|22.812
1396741004|22.875
1396741026|22.875
1396741049|22.875
1396741071|22.875
1396741094|22.875
1396741116|22.937
1396741139|22.875
1396741161|22.875
1396741184|22.937
1396741206|22.937
1396741228|22.937
1396741251|22.937
1396741273|22.937
1396741296|22.937
1396741318|23.0
1396741341|23.0
1396741363|23.0
1396741386|23.0
1396741408|23.0
1396741431|23.0
1396741453|23.0
1396741476|23.0
1396741498|23.0
1396741521|23.0
1396741543|23.0
1396741565|23.062
1396741588|23.062
1396741610|23.062
1396741633|23.062
1396741655|23.062
1396741678|23.062
1396741700|23.062
1396741723|23.062
1396741745|23.062
1396741768|23.062
1396741790|23.062
1396741813|23.062
1396741835|23.125
1396741858|23.125
1396741880|23.125
1396741903|23.125
1396741925|23.125
1396741948|23.125
1396741970|23.125
1396741992|23.125
1396742015|23.125
1396742037|23.125
1396742060|23.125
1396742082|23.125
1396742105|23.125
1396742127|23.125
1396742150|23.125
1396742172|23.125
1396742195|23.125
1396742217|23.125
1396742240|23.125
1396742262|23.125
1396742285|23.187
1396742307|23.125
1396742329|23.125
1396742352|23.187
1396742374|23.187
1396742397|23.187
1396742419|23.187
1396742442|23.125
1396742464|23.187
1396742487|23.187
1396742509|23.187
1396742532|23.187
1396742554|23.187
1396742577|23.187
1396742599|23.187
1396742622|23.187
1396742644|23.187
1396742666|23.187
1396742689|23.187
1396742711|23.187
1396742734|23.187
1396742756|23.187
1396742779|23.187
1396742801|23.187
1396742824|23.187
1396742846|23.187
1396742869|23.187
1396742891|23.187
1396742914|23.187
1396742936|23.187
1396742959|23.187
1396742981|23.25
1396743003|23.187
1396743026|23.187
1396743048|23.187
1396743071|23.187
1396743093|23.25
1396743116|23.25
1396743138|23.25
1396743161|23.187
1396743183|23.25
1396743206|23.187
1396743228|23.187
1396743251|23.187
1396743273|23.187
1396743296|23.187
1396743318|23.25
1396743341|23.187
1396743363|23.187
1396743385|23.25
1396743408|23.187
1396743430|23.25
1396743453|23.187
1396743475|23.25
1396743498|23.187
1396743520|23.187
1396743543|23.187
1396743565|23.187
1396743588|23.187
1396743610|23.187
1396743633|23.187
1396743655|23.187
1396743678|23.187
1396743700|23.25
1396743722|23.187
1396743745|23.187
1396743767|23.187
1396743790|23.187
1396743812|23.187
1396743835|23.187
1396743857|23.187
1396743880|23.187
1396743902|23.187
1396743925|23.187
1396743947|23.187
1396743970|23.25
1396743992|23.187
1396744015|23.187
1396744037|23.187
1396744059|23.187
1396744082|23.187
1396744104|23.187
1396744127|23.187
1396744149|23.187
1396744172|23.187
1396744194|23.187
1396744217|23.187
1396744239|23.187
1396744262|23.187
1396744284|23.187
1396744307|23.187
1396744329|23.187
1396744352|23.187
1396744374|23.187
1396744397|23.187
1396744419|23.187
1396744442|23.187
1396744464|23.187
1396744486|23.187
1396744509|23.187
1396744531|23.187
1396744554|23.187
1396744576|23.187
1396744599|23.187
1396744621|23.187
1396744644|23.187
1396744666|23.125
1396744689|23.187
1396744711|23.187
1396744734|23.125
1396744756|23.187
1396744779|23.125
1396744801|23.125
1396744823|23.187
1396744846|23.125
1396744868|23.187
1396744891|23.125
1396744913|23.187
1396744936|23.125
1396744958|23.187
1396744981|23.125
1396745003|23.187
1396745026|23.125
1396745048|23.125
1396745071|23.125
1396745093|23.125
1396745116|23.125
1396745138|23.187
1396745160|23.125
1396745183|23.125
1396745205|23.125
1396745228|23.125
1396745250|23.125
1396745273|23.125
1396745295|23.125
1396745318|23.125
1396745340|23.125
1396745363|23.125
1396745385|23.125
1396745408|23.125
1396745430|23.125
1396745453|23.125
1396745475|23.125
1396745498|23.125
1396745520|23.062
1396745543|23.125
1396745565|23.125
1396745587|23.062
1396745610|23.062
1396745632|23.062
1396745655|23.125
1396745677|23.125
1396745700|23.062
1396745722|23.125
1396745745|23.125
1396745767|23.062
1396745790|23.062
1396745812|23.062
1396745835|23.062
1396745857|23.062
1396745880|23.062
1396745902|23.062
1396745924|23.125
1396745947|23.062
1396745969|23.062
1396745992|23.062
1396746014|23.062
1396746037|23.062
1396746059|23.062
1396746082|23.062
1396746104|23.062
1396746127|23.062
1396746149|23.062
1396746172|23.062
1396746194|23.062
1396746217|23.062
1396746239|23.062
1396746262|23.062
1396746284|23.062
1396746307|23.062
1396746329|23.062
1396746352|23.062
1396746374|23.062
1396746397|23.062
1396746419|23.0
1396746442|23.0
1396746464|23.062
1396746486|23.0
1396746509|23.0
1396746531|23.062
1396746554|23.062
1396746576|23.0
1396746599|23.0
1396746621|23.0
1396746644|23.0
1396746666|23.0
1396746689|23.0
1396746711|23.0
1396746734|23.0
1396746756|23.0
1396746779|23.0
1396746801|23.0
1396746823|23.0
1396746846|23.0
1396746868|23.0
1396746891|23.0
1396746913|23.0
1396746936|23.0
1396746958|23.0
1396746981|23.0
1396747003|23.0
1396747026|23.0
1396747048|23.0
1396747071|23.0
1396747093|23.0
1396747116|22.937
1396747138|23.0
1396747161|22.937
1396747183|23.0
1396747205|22.937
1396747228|22.937
1396747250|22.937
1396747273|22.937
1396747295|22.937
1396747318|22.937
1396747340|22.937
1396747363|22.937
1396747385|22.937
1396747408|22.937
1396747430|22.937
1396747453|22.937
1396747475|22.937
1396747498|22.937
1396747520|22.937
1396747543|22.937
1396747565|22.937
1396747587|22.937
1396747610|22.875
1396747632|22.937
1396747655|22.937
1396747677|22.937
1396747700|22.937
1396747722|22.937
1396747745|22.937
1396747767|22.937
1396747790|22.937
1396747812|22.937
1396747835|22.937
1396747857|22.937
1396747880|22.875
1396747902|22.875
1396747924|22.875
1396747947|22.875
1396747969|22.875
1396747992|22.875
1396748014|22.875
1396748037|22.875
1396748059|22.875
1396748082|22.875
1396748104|22.875
1396748127|22.875
1396748149|22.875
1396748172|22.875
1396748194|22.875
1396748217|22.875
1396748239|22.875
1396748261|22.875
1396748284|22.875
1396748306|22.812
1396748329|22.875
1396748351|22.875
1396748374|22.875
1396748396|22.875
1396748419|22.812
1396748441|22.812
1396748464|22.875
1396748486|22.812
1396748509|22.812
1396748531|22.875
1396748554|22.812
1396748576|22.812
1396748598|22.812
1396748621|22.812
1396748643|22.812
1396748666|22.812
1396748688|22.812
1396748711|22.812
1396748733|22.812
1396748756|22.812
1396748778|22.812
1396748801|22.812
1396748823|22.812
1396748846|22.812
1396748868|22.812
1396748891|22.812
1396748913|22.812
1396748936|22.812
1396748958|22.75
1396748980|22.812
1396749003|22.812
1396749025|22.812
1396749048|22.75
1396749070|22.75
1396749093|22.75
1396749115|22.75
1396749138|22.75
1396749160|22.75
1396749183|22.812
1396749205|22.75
1396749228|22.75
1396749250|22.75
1396749273|22.75
1396749295|22.75
1396749317|22.75
1396749340|22.75
1396749362|22.75
1396749385|22.75
1396749407|22.75
1396749430|22.75
1396749452|22.812
1396749475|22.75
1396749497|22.75
1396749520|22.75
1396749542|22.75
1396749565|22.75
1396749587|22.75
1396749610|22.75
1396749632|22.75
1396749654|22.75
1396749677|22.75
1396749699|22.687
1396749722|22.75
1396749744|22.687
1396749767|22.687
1396749789|22.687
1396749812|22.75
1396749834|22.687
1396749857|22.687
1396749879|22.687
1396749902|22.687
1396749924|22.687
1396749947|22.687
1396749969|22.687
1396749991|22.687
1396750014|22.687
1396750036|22.687
1396750059|22.687
1396750081|22.687
1396750104|22.687
1396750126|22.687
1396750149|22.687
1396750171|22.687
1396750194|22.687
1396750216|22.687
1396750239|22.687
1396750261|22.687
1396750284|22.687
1396750306|22.687
1396750328|22.687
1396750351|22.687
1396750373|22.687
1396750396|22.625
1396750418|22.687
1396750441|22.687
1396750463|22.625
1396750486|22.687
1396750508|22.625
1396750531|22.687
1396750553|22.625
1396750576|22.625
1396750598|22.625
1396750621|22.625
1396750643|22.625
1396750666|22.625
1396750688|22.625
1396750711|22.625
1396750733|22.625
1396750755|22.625
1396750778|22.625
1396750800|22.625
1396750823|22.625
1396750845|22.625
1396750868|22.625
1396750890|22.625
1396750913|22.625
1396750935|22.625
1396750958|22.625
1396750980|22.625
1396751003|22.562
1396751025|22.625
1396751048|22.562
1396751070|22.625
1396751092|22.625
1396751115|22.562
1396751137|22.625
1396751160|22.562
1396751182|22.562
1396751205|22.562
1396751227|22.562
1396751250|22.562
1396751272|22.562
1396751295|22.562
1396751317|22.562
1396751340|22.562
1396751362|22.562
1396751385|22.562
1396751407|22.562
1396751429|22.562
1396751452|22.562
1396751474|22.562
1396751497|22.562
1396751519|22.562
1396751542|22.562
1396751564|22.562
1396751587|22.562
1396751609|22.562
1396751632|22.562
1396751654|22.5
1396751677|22.562
1396751699|22.562
1396751722|22.562
1396751744|22.5
1396751766|22.562
1396751789|22.5
1396751811|22.5
1396751834|22.5
1396751856|22.562
1396751879|22.562
1396751901|22.5
1396751924|22.5
1396751946|22.5
1396751969|22.5
1396751991|22.5
1396752014|22.5
1396752036|22.5
1396752059|22.5
1396752081|22.5
1396752103|22.5
1396752126|22.5
1396752148|22.5
1396752171|22.5
1396752193|22.5
1396752216|22.5
1396752238|22.5
1396752261|22.5
1396752283|22.5
1396752306|22.5
1396752328|22.5
1396752351|22.5
1396752373|22.5
1396752396|22.437
1396752418|22.5
1396752441|22.5
1396752463|22.5
1396752486|22.5
1396752508|22.5
1396752530|22.5
1396752553|22.5
1396752575|22.5
1396752598|22.5
1396752620|22.5
1396752643|22.562
1396752665|22.562
1396752688|22.562
1396752710|22.562
1396752733|22.562
1396752755|22.562
1396752778|22.562
1396752800|22.562
1396752823|22.562
1396752845|22.562
1396752867|22.562
1396752890|22.562
1396752912|22.562
1396752935|22.625
1396752957|22.562
1396752980|22.562
1396753002|22.562
1396753025|22.562
1396753047|22.625
1396753070|22.625
1396753092|22.625
1396753115|22.625
1396753137|22.625
1396753160|22.625
1396753182|22.625
1396753204|22.625
1396753227|22.625
1396753249|22.625
1396753272|22.625
1396753294|22.625
1396753317|22.625
1396753339|22.625
1396753362|22.625
1396753384|22.625
1396753407|22.625
1396753429|22.625
1396753452|22.625
1396753474|22.625
1396753497|22.625
1396753519|22.625
1396753542|22.625
1396753564|22.625
1396753586|22.625
1396753609|22.625
1396753631|22.625
1396753654|22.625
1396753676|22.625
1396753699|22.625
1396753721|22.625
1396753744|22.625
1396753766|22.625
1396753789|22.625
1396753811|22.625
1396753834|22.625
1396753856|22.625
1396753879|22.625
1396753901|22.625
1396753923|22.625
1396753946|22.625
1396753968|22.625
1396753991|22.625
1396754013|22.625
1396754036|22.625
1396754058|22.625
1396754081|22.625
1396754103|22.625
1396754126|22.625
1396754148|22.625
1396754171|22.625
1396754193|22.625
1396754216|22.625
1396754238|22.625
1396754260|22.625
1396754283|22.625
1396754305|22.625
1396754328|22.625
1396754350|22.625
1396754373|22.625
1396754395|22.625
1396754418|22.625
1396754440|22.625
1396754463|22.625
1396754485|22.625
1396754508|22.625
1396754530|22.625
1396754553|22.625
1396754575|22.625
1396754597|22.625
1396754620|22.625
1396754642|22.625
1396754665|22.625
1396754687|22.625
1396754710|22.625
1396754732|22.625
1396754755|22.625
1396754777|22.625
1396754800|22.625
1396754822|22.625
1396754845|22.625
1396754867|22.625
1396754890|22.625
1396754912|22.562
1396754935|22.625
1396754957|22.562
1396754980|22.562
1396755002|22.625
1396755024|22.562
1396755047|22.625
1396755069|22.625
1396755092|22.562
1396755114|22.625
1396755137|22.562
1396755159|22.562
1396755182|22.562
1396755204|22.562
1396755227|22.562
1396755249|22.562
1396755272|22.562
1396755294|22.562
1396755317|22.562
1396755339|22.562
1396755361|22.562
1396755384|22.562
1396755406|22.562
1396755429|22.562
1396755451|22.562
1396755474|22.562
1396755496|22.562
1396755519|22.562
1396755541|22.562
1396755564|22.625
1396755586|22.625
1396755609|22.625
1396755631|22.625
1396755654|22.625
1396755676|22.625
1396755698|22.625
1396755721|22.625
1396755743|22.625
1396755766|22.625
1396755788|22.625
1396755811|22.625
1396755833|22.625
1396755856|22.625
1396755878|22.625
1396755901|22.625
1396755923|22.625
1396755946|22.625
1396755968|22.625
1396755991|22.625
1396756013|22.625
1396756035|22.625
1396756058|22.625
1396756080|22.625
1396756103|22.625
1396756125|22.625
1396756148|22.625
1396756170|22.625
1396756193|22.625
1396756215|22.625
1396756238|22.687
1396756260|22.687
1396756283|22.625
1396756305|22.625
1396756328|22.687
1396756350|22.687
1396756373|22.687
1396756395|22.625
1396756417|22.625
1396756440|22.625
1396756462|22.687
1396756485|22.625
1396756507|22.687
1396756530|22.687
1396756552|22.625
1396756575|22.625
1396756597|22.687
1396756620|22.687
1396756642|22.687
1396756665|22.687
1396756687|22.687
1396756710|22.687
1396756732|22.687
1396756755|22.625
1396756777|22.687
1396756799|22.687
1396756822|22.687
1396756844|22.625
1396756867|22.687
1396756889|22.687
1396756912|22.687
1396756934|22.687
1396756957|22.687
1396756979|22.625
1396757002|22.687
1396757024|22.687
1396757047|22.687
1396757069|22.687
1396757092|22.687
1396757114|22.625
1396757136|22.687
1396757159|22.687
1396757181|22.625
1396757204|22.687
1396757226|22.625
1396757249|22.625
1396757271|22.625
1396757294|22.625
1396757316|22.625
1396757339|22.625
1396757361|22.625
1396757384|22.625
1396757406|22.625
1396757429|22.625
1396757451|22.625
1396757473|22.625
1396757496|22.625
1396757518|22.625
1396757541|22.625
1396757563|22.625
1396757586|22.625
1396757608|22.625
1396757631|22.625
1396757653|22.625
1396757676|22.625
1396757698|22.625
1396757721|22.625
1396757743|22.625
1396757766|22.625
1396757788|22.625
1396757810|22.625
1396757833|22.625
1396757855|22.625
1396757878|22.625
1396757900|22.625
1396757923|22.625
1396757945|22.562
1396757968|22.625
1396757990|22.625
1396758013|22.562
1396758035|22.625
1396758058|22.562
1396758080|22.562
1396758103|22.625
1396758125|22.625
1396758147|22.625
1396758170|22.562
1396758192|22.562
1396758215|22.562
1396758237|22.562
1396758260|22.562
1396758282|22.625
1396758305|22.562
1396758327|22.562
1396758350|22.562
1396758372|22.562
1396758395|22.562
1396758417|22.562
1396758440|22.562
1396758462|22.562
1396758485|22.562
1396758507|22.562
1396758529|22.562
1396758552|22.562
1396758574|22.562
1396758597|22.562
1396758619|22.562
1396758642|22.562
1396758664|22.5
1396758687|22.5
1396758709|22.562
1396758732|22.5
1396758754|22.562
1396758777|22.562
1396758799|22.5
1396758822|22.5
1396758844|22.5
1396758866|22.5
1396758889|22.5
1396758911|22.5
1396758934|22.5
1396758956|22.5
1396758979|22.5
1396759001|22.5
1396759024|22.5
1396759046|22.5
1396759069|22.5
1396759091|22.5
1396759114|22.5
1396759136|22.5
1396759159|22.5
1396759181|22.5
1396759203|22.5
1396759226|22.5
1396759248|22.5
1396759271|22.5
1396759293|22.5
1396759316|22.5
1396759338|22.5
1396759361|22.5
1396759383|22.437
1396759406|22.5
1396759428|22.5
1396759451|22.5
1396759473|22.437
1396759496|22.5
1396759518|22.5
1396759541|22.437
1396759563|22.437
1396759586|22.437
1396759608|22.437
1396759630|22.437
1396759653|22.437
1396759675|22.437
1396759698|22.5
1396759720|22.437
1396759743|22.437
1396759765|22.437
1396759788|22.437
1396759810|22.437
1396759833|22.437
1396759855|22.437
1396759878|22.437
1396759900|22.437
1396759923|22.437
1396759945|22.437
1396759967|22.437
1396759990|22.437
1396760012|22.375
1396760035|22.375
1396760057|22.437
1396760080|22.375
1396760102|22.437
1396760125|22.375
1396760147|22.375
1396760170|22.375
1396760192|22.375
1396760215|22.375
1396760237|22.375
1396760260|22.375
1396760282|22.375
1396760304|22.375
1396760327|22.375
1396760349|22.375
1396760372|22.375
1396760394|22.375
1396760417|22.375
1396760439|22.375
1396760462|22.375
1396760484|22.375
1396760507|22.375
1396760529|22.375
1396760552|22.375
1396760574|22.375
1396760597|22.312
1396760619|22.375
1396760642|22.312
1396760664|22.312
1396760687|22.375
1396760709|22.375
1396760731|22.312
1396760754|22.312
1396760776|22.312
1396760799|22.312
1396760821|22.312
1396760844|22.312
1396760866|22.312
1396760889|22.312
1396760911|22.312
1396760934|22.312
1396760956|22.312
1396760979|22.312
1396761001|22.312
1396761024|22.312
1396761046|22.312
1396761068|22.312
1396761091|22.312
1396761113|22.312
1396761136|22.312
1396761158|22.312
1396761181|22.312
1396761203|22.312
1396761226|22.25
1396761248|22.312
1396761271|22.25
1396761293|22.25
1396761316|22.25
1396761338|22.25
1396761361|22.25
1396761383|22.25
1396761405|22.25
1396761428|22.25
1396761451|22.25
1396761473|22.25
1396761496|22.25
1396761518|22.25
1396761541|22.25
1396761563|22.25
1396761586|22.25
1396761608|22.25
1396761631|22.25
1396761653|22.25
1396761676|22.25
1396761698|22.25
1396761721|22.187
1396761743|22.25
1396761765|22.187
1396761788|22.25
1396761811|22.25
1396761833|22.25
1396761855|22.187
1396761878|22.187
1396761900|22.25
1396761923|22.187
1396761945|22.187
1396761968|22.187
1396761990|22.187
1396762013|22.187
1396762035|22.187
1396762058|22.187
1396762080|22.187
1396762103|22.187
1396762125|22.187
1396762148|22.187
1396762170|22.187
1396762192|22.187
1396762215|22.187
1396762237|22.187
1396762260|22.187
1396762282|22.187
1396762305|22.187
1396762327|22.187
1396762350|22.187
1396762372|22.125
1396762395|22.125
1396762417|22.187
1396762440|22.125
1396762462|22.125
1396762485|22.125
1396762507|22.125
1396762529|22.125
1396762552|22.125
1396762574|22.125
1396762597|22.125
1396762619|22.125
1396762642|22.125
1396762664|22.125
1396762687|22.125
1396762709|22.125
1396762732|22.125
1396762754|22.125
1396762777|22.125
1396762799|22.125
1396762822|22.125
1396762844|22.125
1396762866|22.062
1396762889|22.125
1396762911|22.125
1396762934|22.125
1396762956|22.062
1396762979|22.125
1396763001|22.125
1396763024|22.062
1396763046|22.125
1396763069|22.125
1396763091|22.125
1396763114|22.062
1396763136|22.062
1396763159|22.062
1396763181|22.062
1396763203|22.062
1396763226|22.062
1396763248|22.062
1396763271|22.062
1396763293|22.062
1396763316|22.062
1396763338|22.062
1396763361|22.062
1396763383|22.062
1396763406|22.062
1396763428|22.062
1396763451|22.0
1396763473|22.062
1396763496|22.062
1396763518|22.062
1396763540|22.062
1396763563|22.0
1396763585|22.0
1396763608|22.062
1396763630|22.062
1396763653|22.0
1396763675|22.0
1396763698|22.0
1396763720|22.062
1396763743|22.062
1396763765|22.0
1396763788|22.0
1396763810|22.0
1396763833|22.0
1396763855|22.0
1396763878|22.0
1396763900|22.0
1396763923|22.0
1396763945|22.0
1396763967|22.0
1396763990|22.0
1396764012|22.0
1396764035|22.0
1396764057|22.0
1396764080|22.0
1396764102|22.0
1396764125|21.937
1396764147|22.0
1396764170|22.0
1396764192|22.0
1396764215|22.0
1396764237|22.0
1396764260|21.937
1396764282|21.937
1396764304|21.937
1396764327|22.0
1396764349|21.937
1396764372|21.937
1396764394|22.0
1396764417|21.937
1396764439|21.937
1396764462|21.937
1396764484|21.937
1396764507|21.937
1396764529|21.937
1396764552|21.937
1396764574|21.937
1396764597|21.937
1396764619|21.937
1396764641|21.937
1396764664|21.937
1396764686|21.937
1396764709|21.937
1396764731|21.937
1396764754|21.937
1396764776|21.875
1396764799|21.937
1396764821|21.937
1396764844|21.937
1396764866|21.937
1396764889|21.937
1396764911|21.937
1396764934|21.937
1396764956|21.937
1396764979|21.937
1396765001|21.875
1396765023|21.875
1396765046|21.875
1396765068|21.875
1396765091|21.875
1396765113|21.875
1396765136|21.875
1396765158|21.875
1396765181|21.875
1396765203|21.875
1396765226|21.875
1396765248|21.875
1396765271|21.875
1396765293|21.875
1396765316|21.875
1396765338|21.875
1396765360|21.875
1396765383|21.875
1396765405|21.875
1396765428|21.875
1396765450|21.875
1396765473|21.875
1396765495|21.875
1396765518|21.875
1396765541|21.875
1396765563|21.875
1396765586|21.812
1396765608|21.875
1396765631|21.875
1396765653|21.875
1396765676|21.812
1396765698|21.812
1396765720|21.812
1396765743|21.875
1396765765|21.812
1396765788|21.812
1396765810|21.812
1396765833|21.812
1396765855|21.812
1396765878|21.812
1396765900|21.812
1396765923|21.812
1396765945|21.812
1396765968|21.812
1396765990|21.812
1396766013|21.812
1396766035|21.812
1396766058|21.812
1396766080|21.812
1396766102|21.812
1396766125|21.812
1396766147|21.812
1396766170|21.812
1396766192|21.812
1396766215|21.812
1396766237|21.812
1396766260|21.812
1396766282|21.75
1396766305|21.812
1396766327|21.812
1396766350|21.75
1396766372|21.75
1396766395|21.75
1396766417|21.75
1396766439|21.75
1396766462|21.75
1396766484|21.75
1396766507|21.812
1396766529|21.75
1396766552|21.75
1396766574|21.75
1396766597|21.75
1396766619|21.75
1396766642|21.75
1396766665|21.75
1396766687|21.75
1396766710|21.75
1396766732|21.75
1396766755|21.75
1396766777|21.75
1396766800|21.75
1396766822|21.75
1396766845|21.75
1396766867|21.75
1396766890|21.75
1396766912|21.75
1396766935|21.75
1396766957|21.75
1396766980|21.75
1396767002|21.75
1396767025|21.687
1396767047|21.687
1396767069|21.75
1396767092|21.75
1396767114|21.687
1396767137|21.687
1396767159|21.75
1396767182|21.687
1396767204|21.687
1396767227|21.687
1396767249|21.75
1396767272|21.687
1396767294|21.687
1396767317|21.687
1396767339|21.687
1396767362|21.687
1396767384|21.687
1396767406|21.687
1396767429|21.687
1396767451|21.687
1396767474|21.687
1396767496|21.687
1396767519|21.687
1396767541|21.687
1396767564|21.687
1396767586|21.687
1396767609|21.687
1396767631|21.687
1396767654|21.687
1396767676|21.687
1396767699|21.687
1396767721|21.687
1396767744|21.687
1396767766|21.687
1396767788|21.625
1396767811|21.687
1396767833|21.687
1396767856|21.687
1396767878|21.687
1396767901|21.625
1396767923|21.625
1396767946|21.687
1396767968|21.687
1396767991|21.625
1396768013|21.687
1396768036|21.625
1396768058|21.625
1396768081|21.625
1396768103|21.625
1396768125|21.625
1396768148|21.625
1396768170|21.625
1396768193|21.625
1396768215|21.625
1396768238|21.625
1396768260|21.625
1396768283|21.625
1396768305|21.625
1396768328|21.625
1396768350|21.625
1396768373|21.625
1396768395|21.625
1396768418|21.625
1396768440|21.625
1396768463|21.625
1396768485|21.625
1396768508|21.625
1396768530|21.625
1396768552|21.625
1396768575|21.625
1396768597|21.625
1396768620|21.625
1396768642|21.625
1396768665|21.562
1396768687|21.562
1396768710|21.562
1396768732|21.625
1396768755|21.562
1396768777|21.562
1396768800|21.562
1396768822|21.562
1396768845|21.562
1396768867|21.562
1396768889|21.562
1396768912|21.562
1396768934|21.562
1396768957|21.562
1396768979|21.562
1396769002|21.562
1396769024|21.562
1396769047|21.562
1396769069|21.562
1396769092|21.562
1396769114|21.562
1396769137|21.562
1396769159|21.5
1396769182|21.562
1396769204|21.562
1396769226|21.562
1396769249|21.562
1396769271|21.562
1396769294|21.562
1396769316|21.562
1396769339|21.562
1396769361|21.562
1396769384|21.562
1396769406|21.5
1396769429|21.562
1396769451|21.5
1396769474|21.5
1396769496|21.5
1396769519|21.5
1396769541|21.5
1396769563|21.5
1396769586|21.5
1396769608|21.5
1396769631|21.5
1396769653|21.5
1396769676|21.5
1396769698|21.5
1396769721|21.5
1396769743|21.5
1396769766|21.5
1396769788|21.5
1396769811|21.5
1396769833|21.5
1396769856|21.5
1396769878|21.5
1396769901|21.5
1396769923|21.5
1396769945|21.5
1396769968|21.5
1396769990|21.5
1396770013|21.5
1396770035|21.5
1396770058|21.5
1396770080|21.5
1396770103|21.5
1396770125|21.5
1396770148|21.5
1396770170|21.5
1396770193|21.5
1396770215|21.5
1396770238|21.5
1396770260|21.437
1396770283|21.5
1396770305|21.5
1396770327|21.437
1396770350|21.5
1396770372|21.5
1396770395|21.5
1396770417|21.437
1396770440|21.437
1396770462|21.437
1396770485|21.5
1396770507|21.437
1396770530|21.5
1396770552|21.437
1396770575|21.437
1396770597|21.437
1396770620|21.5
1396770642|21.437
1396770664|21.437
1396770687|21.437
1396770709|21.437
1396770732|21.437
1396770754|21.437
1396770777|21.437
1396770799|21.437
1396770822|21.437
1396770844|21.437
1396770867|21.437
1396770889|21.437
1396770912|21.437
1396770934|21.437
1396770957|21.437
1396770979|21.437
1396771001|21.437
1396771024|21.437
1396771046|21.437
1396771069|21.437
1396771091|21.437
1396771114|21.437
1396771136|21.437
1396771159|21.437
1396771181|21.437
1396771204|21.437
1396771226|21.437
1396771249|21.375
1396771271|21.437
1396771294|21.437
1396771316|21.437
1396771338|21.437
1396771361|21.375
1396771383|21.437
1396771406|21.437
1396771428|21.437
1396771451|21.375
1396771473|21.437
1396771496|21.375
1396771518|21.375
1396771541|21.437
1396771563|21.375
1396771586|21.375
1396771608|21.375
1396771631|21.437
1396771653|21.375
1396771675|21.375
1396771698|21.437
1396771720|21.437
1396771743|21.375
1396771765|21.375
1396771788|21.437
1396771810|21.437
1396771833|21.375
1396771855|21.375
1396771878|21.375
1396771900|21.375
1396771923|21.375
1396771945|21.375
1396771968|21.375
1396771990|21.375
1396772012|21.375
1396772035|21.375
1396772057|21.375
1396772080|21.375
1396772102|21.375
1396772125|21.375
1396772147|21.375
1396772170|21.375
1396772192|21.375
1396772215|21.375
1396772237|21.375
1396772260|21.375
1396772282|21.375
1396772305|21.375
1396772327|21.375
1396772350|21.375
1396772372|21.375
1396772394|21.375
1396772417|21.375
1396772439|21.375
1396772462|21.375
1396772484|21.375
1396772507|21.375
1396772529|21.375
1396772552|21.375
1396772574|21.312
1396772597|21.375
1396772619|21.375
1396772642|21.375
1396772664|21.375
1396772687|21.375
1396772709|21.312
1396772731|21.375
1396772754|21.375
1396772776|21.375
1396772799|21.375
1396772821|21.312
1396772844|21.375
1396772866|21.375
1396772889|21.375
1396772911|21.375
1396772934|21.375
1396772956|21.375
1396772979|21.375
1396773001|21.375
1396773024|21.375
1396773046|21.375
1396773068|21.375
1396773091|21.375
1396773113|21.375
1396773136|21.437
1396773158|21.437
1396773181|21.437
1396773203|21.437
1396773226|21.437
1396773248|21.437
1396773271|21.5
1396773293|21.5
1396773316|21.5
1396773338|21.5
1396773361|21.5
1396773383|21.562
1396773406|21.562
1396773428|21.625
1396773450|21.625
1396773473|21.625
1396773495|21.625
1396773518|21.687
1396773540|21.687
1396773563|21.687
1396773585|21.687
1396773608|21.75
1396773630|21.75
1396773653|21.75
1396773675|21.75
1396773698|21.75
1396773720|21.812
1396773743|21.75
1396773765|21.75
1396773788|21.75
1396773810|21.75
1396773832|21.75
1396773855|21.75
1396773877|21.812
1396773900|21.75
1396773922|21.75
1396773945|21.75
1396773967|21.75
1396773990|21.75
1396774012|21.75
1396774035|21.75
1396774057|21.75
1396774080|21.75
1396774102|21.75
1396774125|21.75
1396774147|21.75
1396774169|21.75
1396774192|21.75
1396774214|21.75
1396774237|21.75
1396774259|21.75
1396774282|21.75
1396774304|21.75
1396774327|21.75
1396774349|21.75
1396774372|21.75
1396774394|21.75
1396774417|21.75
1396774439|21.75
1396774462|21.75
1396774484|21.75
1396774506|21.75
1396774529|21.75
1396774551|21.75
1396774574|21.75
1396774596|21.75
1396774619|21.75
1396774641|21.75
1396774664|21.75
1396774686|21.75
1396774709|21.75
1396774731|21.75
1396774754|21.75
1396774776|21.812
1396774799|21.75
1396774821|21.75
1396774843|21.75
1396774866|21.75
1396774888|21.75
1396774911|21.75
1396774933|21.75
1396774956|21.75
1396774978|21.75
1396775001|21.75
1396775023|21.75
1396775046|21.812
1396775068|21.75
1396775091|21.75
1396775113|21.75
1396775136|21.812
1396775158|21.75
1396775181|21.75
1396775203|21.812
1396775225|21.75
1396775248|21.75
1396775270|21.75
1396775293|21.75
1396775315|21.75
1396775338|21.75
1396775360|21.812
1396775383|21.812
1396775405|21.812
1396775428|21.75
1396775450|21.812
1396775473|21.75
1396775495|21.75
1396775518|21.75
1396775540|21.75
1396775563|21.75
1396775585|21.812
1396775607|21.75
1396775630|21.75
1396775652|21.75
1396775675|21.75
1396775697|21.75
1396775720|21.75
1396775742|21.687
1396775765|21.687
1396775787|21.687
1396775810|21.687
1396775832|21.687
1396775855|21.687
1396775877|21.687
1396775900|21.687
1396775922|21.625
1396775944|21.625
1396775967|21.625
1396775989|21.625
1396776012|21.625
1396776034|21.625
1396776057|21.625
1396776079|21.625
1396776102|21.562
1396776124|21.625
1396776147|21.562
1396776169|21.562
1396776192|21.562
1396776214|21.562
1396776237|21.562
1396776259|21.562
1396776281|21.562
1396776304|21.5
1396776326|21.5
1396776349|21.5
1396776371|21.5
1396776394|21.5
1396776416|21.5
1396776439|21.5
1396776461|21.5
1396776484|21.5
1396776506|21.5
1396776529|21.437
1396776551|21.437
1396776574|21.437
1396776596|21.5
1396776619|21.437
1396776641|21.437
1396776663|21.437
1396776686|21.437
1396776708|21.437
1396776731|21.437
1396776753|21.375
1396776776|21.375
1396776798|21.375
1396776821|21.375
1396776843|21.375
1396776866|21.375
1396776888|21.375
1396776911|21.375
1396776933|21.375
1396776956|21.375
1396776978|21.375
1396777000|21.375
1396777023|21.375
1396777045|21.312
1396777068|21.375
1396777090|21.312
1396777113|21.312
1396777135|21.375
1396777158|21.312
1396777180|21.312
1396777203|21.312
1396777225|21.312
1396777248|21.312
1396777270|21.312
1396777293|21.25
1396777315|21.25
1396777337|21.25
1396777360|21.25
1396777382|21.25
1396777405|21.25
1396777427|21.25
1396777450|21.25
1396777472|21.25
1396777495|21.25
1396777517|21.25
1396777540|21.25
1396777562|21.25
1396777585|21.25
1396777607|21.25
1396777630|21.187
1396777652|21.25
1396777675|21.25
1396777697|21.187
1396777719|21.187
1396777742|21.187
1396777764|21.187
1396777787|21.187
1396777809|21.187
1396777832|21.187
1396777854|21.187
1396777877|21.187
1396777899|21.187
1396777922|21.187
1396777944|21.187
1396777967|21.187
1396777989|21.125
1396778012|21.125
1396778034|21.187
1396778057|21.187
1396778079|21.125
1396778101|21.125
1396778125|21.187
1396778147|21.125
1396778170|21.125
1396778192|21.125
1396778215|21.125
1396778237|21.125
1396778260|21.125
1396778282|21.125
1396778304|21.125
1396778327|21.125
1396778349|21.125
1396778372|21.125
1396778394|21.125
1396778417|21.125
1396778439|21.062
1396778462|21.062
1396778484|21.062
1396778507|21.062
1396778529|21.062
1396778552|21.062
1396778574|21.062
1396778597|21.062
1396778619|21.062
1396778641|21.062
1396778664|21.062
1396778686|21.062
1396778709|21.062
1396778731|21.062
1396778754|21.062
1396778776|21.062
1396778799|21.062
1396778821|21.062
1396778844|21.062
1396778866|21.0
1396778889|21.062
1396778911|21.0
1396778934|21.062
1396778956|21.062
1396778979|21.0
1396779001|21.0
1396779024|21.0
1396779046|21.0
1396779068|21.0
1396779091|21.0
1396779113|21.0
1396779136|21.0
1396779158|21.0
1396779181|21.0
1396779203|21.0
1396779226|21.0
1396779248|21.0
1396779271|21.0
1396779293|21.0
1396779316|21.0
1396779338|21.0
1396779361|21.0
1396779383|21.0
1396779405|21.0
1396779428|21.0
1396779450|21.0
1396779473|20.937
1396779495|21.0
1396779518|21.0
1396779541|21.0
1396779563|20.937
1396779586|21.0
1396779608|21.0
1396779630|20.937
1396779653|20.937
1396779675|20.937
1396779698|20.937
1396779720|20.937
1396779743|20.937
1396779765|20.937
1396779788|20.937
1396779810|20.937
1396779833|20.937
1396779855|20.937
1396779878|20.937
1396779900|20.937
1396779923|20.937
1396779945|20.937
1396779968|20.937
1396779990|20.875
1396780013|20.937
1396780035|20.937
1396780057|20.937
1396780080|20.937
1396780102|20.937
1396780125|20.937
1396780147|20.937
1396780170|20.937
1396780192|20.937
1396780215|20.937
1396780237|20.937
1396780260|20.937
1396780282|20.875
1396780305|20.937
1396780327|20.875
1396780350|20.937
1396780372|20.875
1396780394|20.937
1396780417|20.875
1396780439|20.875
1396780462|20.937
1396780484|20.875
1396780507|20.875
1396780529|20.875
1396780552|20.875
1396780574|20.875
1396780597|20.875
1396780619|20.875
1396780642|20.937
1396780664|20.875
1396780687|20.875
1396780709|20.875
1396780731|20.875
1396780754|20.875
1396780776|20.875
1396780799|20.875
1396780821|20.875
1396780844|20.875
1396780866|20.875
1396780889|20.875
1396780911|20.875
1396780934|20.875
1396780956|20.875
1396780979|20.875
1396781001|20.875
1396781024|20.875
1396781046|20.875
1396781068|20.875
1396781091|20.875
1396781113|20.875
1396781136|20.875
1396781158|20.875
1396781181|20.875
1396781203|20.875
1396781226|20.875
1396781248|20.875
1396781271|20.875
1396781293|20.875
1396781316|20.812
1396781338|20.812
1396781361|20.875
1396781383|20.875
1396781406|20.875
1396781428|20.812
1396781450|20.875
1396781473|20.875
1396781495|20.812
1396781518|20.875
1396781540|20.812
1396781563|20.875
1396781585|20.875
1396781608|20.875
1396781630|20.875
1396781653|20.875
1396781675|20.812
1396781698|20.875
1396781720|20.875
1396781743|20.875
1396781765|20.875
1396781787|20.875
1396781810|20.875
1396781832|20.875
1396781855|20.875
1396781877|20.875
1396781900|20.875
1396781922|20.875
1396781945|20.875
1396781967|20.875
1396781990|20.875
1396782012|20.875
1396782035|20.875
1396782057|20.875
1396782080|20.875
1396782102|20.875
1396782124|20.875
1396782147|20.875
1396782169|20.875
1396782192|20.875
1396782214|20.875
1396782237|20.875
1396782259|20.875
1396782282|20.875
1396782304|20.875
1396782327|20.875
1396782349|20.937
1396782372|20.875
1396782394|20.875
1396782417|20.875
1396782439|20.875
1396782461|20.875
1396782484|20.937
1396782506|20.875
1396782529|20.937
1396782551|20.937
1396782574|20.875
1396782596|20.937
1396782619|20.937
1396782641|20.937
1396782664|20.937
1396782686|20.937
1396782709|20.937
1396782731|20.875
1396782754|20.937
1396782776|20.937
1396782799|20.937
1396782821|20.937
1396782844|20.937
1396782866|20.937
1396782888|20.937
1396782911|20.937
1396782933|20.937
1396782956|20.937
1396782978|20.937
1396783001|20.937
1396783023|20.937
1396783046|20.937
1396783068|20.937
1396783091|20.937
1396783113|20.937
1396783136|20.937
1396783158|20.937
1396783181|20.937
1396783203|20.937
1396783225|20.937
1396783248|20.937
1396783270|20.937
1396783293|20.937
1396783315|20.937
1396783338|20.937
1396783360|20.937
1396783383|20.937
1396783405|20.937
1396783428|20.937
1396783450|20.937
1396783473|20.937
1396783495|20.937
1396783518|20.937
1396783540|20.937
1396783562|20.937
1396783585|20.937
1396783607|20.937
1396783630|20.937
1396783652|20.937
1396783675|20.937
1396783697|20.937
1396783720|20.937
1396783742|20.937
1396783765|20.937
1396783787|20.937
1396783810|20.937
1396783832|20.937
1396783855|20.937
1396783877|20.937
1396783899|20.937
1396783922|20.937
1396783944|20.937
1396783967|20.937
1396783989|20.937
1396784012|20.937
1396784034|20.937
1396784057|20.937
1396784079|20.937
1396784102|21.0
1396784124|20.937
1396784147|20.937
1396784169|21.0
1396784192|20.937
1396784214|20.937
1396784237|20.937
1396784259|21.0
1396784282|21.0
1396784304|21.0
1396784326|21.0
1396784349|20.937
1396784371|21.0
1396784394|21.0
1396784416|21.0
1396784439|21.0
1396784461|20.937
1396784484|21.0
1396784506|21.0
1396784529|21.0
1396784551|21.0
1396784574|21.0
1396784596|21.0
1396784619|21.0
1396784641|21.0
1396784663|21.0
1396784686|21.0
1396784708|21.0
1396784731|21.0
1396784753|21.0
1396784776|21.0
1396784798|21.0
1396784821|21.0
1396784843|21.0
1396784866|21.0
1396784888|21.0
1396784911|21.0
1396784933|21.0
1396784956|21.0
1396784978|21.0
1396785000|21.0
1396785023|21.0
1396785045|21.0
1396785068|21.0
1396785090|21.0
1396785113|21.0
1396785135|21.0
1396785158|21.0
1396785180|21.0
1396785203|21.0
1396785225|21.0
1396785248|21.0
1396785270|21.0
1396785293|21.0
1396785315|21.0
1396785337|21.0
1396785360|21.0
1396785382|21.0
1396785405|21.0
1396785427|21.0
1396785450|21.0
1396785472|21.0
1396785495|21.0
1396785517|21.0
1396785540|21.0
1396785562|21.0
1396785585|21.062
1396785607|21.0
1396785630|21.062
1396785652|21.0
1396785675|21.0
1396785697|21.0
1396785719|21.0
1396785742|21.0
1396785764|21.0
1396785787|21.062
1396785809|21.062
1396785832|21.0
1396785854|21.0
1396785877|21.0
1396785899|21.062
1396785922|21.0
1396785944|21.062
1396785967|21.0
1396785989|21.062
1396786012|21.062
1396786034|21.062
1396786056|21.062
1396786079|21.062
1396786101|21.062
1396786124|21.062
1396786146|21.062
1396786169|21.062
1396786191|21.0
1396786214|21.0
1396786236|21.062
1396786259|21.062
1396786281|21.062
1396786304|21.062
1396786326|21.062
1396786349|21.062
1396786371|21.062
1396786394|21.062
1396786416|21.062
1396786439|21.062
1396786461|21.062
1396786483|21.062
1396786506|21.062
1396786528|21.062
1396786551|21.062
1396786573|21.062
1396786596|21.062
1396786618|21.062
1396786641|21.062
1396786663|21.062
1396786686|21.062
1396786708|21.062
1396786731|21.062
1396786753|21.062
1396786776|21.062
1396786798|21.062
1396786820|21.062
1396786843|21.062
1396786865|21.062
1396786888|21.062
1396786910|21.062
1396786933|21.062
1396786955|21.062
1396786978|21.062
1396787000|21.062
1396787023|21.062
1396787045|21.062
1396787068|21.062
1396787090|21.062
1396787113|21.125
1396787135|21.125
1396787157|21.062
1396787180|21.062
1396787202|21.125
1396787225|21.062
1396787247|21.125
1396787270|21.062
1396787292|21.062
1396787315|21.062
1396787337|21.062
1396787360|21.125
1396787382|21.125
1396787405|21.125
1396787427|21.125
1396787450|21.125
1396787472|21.125
1396787495|21.062
1396787517|21.125
1396787539|21.125
1396787562|21.125
1396787584|21.062
1396787607|21.125
1396787629|21.125
1396787652|21.125
1396787674|21.062
1396787697|21.125
1396787719|21.125
1396787742|21.125
1396787764|21.125
1396787787|21.125
1396787809|21.125
1396787832|21.125
1396787854|21.125
1396787877|21.125
1396787899|21.125
1396787921|21.125
1396787944|21.125
1396787966|21.125
1396787989|21.125
1396788011|21.125
1396788034|21.125
1396788056|21.125
1396788079|21.125
1396788101|21.125
1396788124|21.125
1396788146|21.125
1396788169|21.125
1396788191|21.125
1396788214|21.125
1396788236|21.187
1396788258|21.125
1396788281|21.125
1396788303|21.125
1396788326|21.125
1396788348|21.125
1396788371|21.125
1396788393|21.187
1396788416|21.125
1396788438|21.125
1396788461|21.125
1396788483|21.187
1396788506|21.187
1396788528|21.187
1396788551|21.187
1396788573|21.187
1396788596|21.187
1396788618|21.187
1396788640|21.187
1396788663|21.187
1396788685|21.187
1396788708|21.125
1396788730|21.187
1396788753|21.187
1396788775|21.187
1396788798|21.187
1396788820|21.187
1396788843|21.187
1396788865|21.187
1396788888|21.187
1396788910|21.187
1396788933|21.187
1396788955|21.187
1396788977|21.187
1396789000|21.187
1396789022|21.187
1396789045|21.187
1396789067|21.187
1396789090|21.187
1396789112|21.187
1396789135|21.187
1396789157|21.187
1396789180|21.187
1396789202|21.187
1396789225|21.187
1396789247|21.187
1396789270|21.187
1396789292|21.187
1396789314|21.187
1396789337|21.187
1396789359|21.25
1396789382|21.25
1396789404|21.187
1396789427|21.25
1396789449|21.25
1396789472|21.187
1396789494|21.25
1396789517|21.187
1396789539|21.25
1396789562|21.187
1396789584|21.187
1396789607|21.25
1396789629|21.25
1396789652|21.25
1396789674|21.25
1396789697|21.187
1396789719|21.25
1396789741|21.187
1396789764|21.25
1396789786|21.187
1396789809|21.25
1396789831|21.25
1396789854|21.25
1396789876|21.25
1396789899|21.25
1396789921|21.25
1396789944|21.25
1396789966|21.25
1396789989|21.25
1396790011|21.25
1396790034|21.25
1396790056|21.25
1396790078|21.25
1396790101|21.25
1396790123|21.25
1396790146|21.25
1396790168|21.25
1396790191|21.25
1396790213|21.25
1396790236|21.25
1396790258|21.25
1396790281|21.25
1396790303|21.25
1396790326|21.25
1396790348|21.25
1396790371|21.25
1396790393|21.25
1396790415|21.25
1396790438|21.25
1396790460|21.25
1396790483|21.312
1396790505|21.25
1396790528|21.25
1396790550|21.25
1396790573|21.312
1396790595|21.312
1396790618|21.312
1396790640|21.312
1396790663|21.25
1396790685|21.25
1396790708|21.312
1396790730|21.312
1396790752|21.25
1396790775|21.312
1396790797|21.312
1396790820|21.312
1396790842|21.312
1396790865|21.312
1396790887|21.312
1396790910|21.312
1396790932|21.312
1396790955|21.312
1396790977|21.312
1396791000|21.312
1396791022|21.312
1396791045|21.312
1396791067|21.312
1396791089|21.312
1396791112|21.312
1396791134|21.312
1396791157|21.312
1396791179|21.312
1396791202|21.312
1396791224|21.312
1396791247|21.312
1396791269|21.312
1396791292|21.312
1396791314|21.312
1396791337|21.312
1396791359|21.312
1396791382|21.312
1396791404|21.312
1396791427|21.312
1396791449|21.312
1396791472|21.312
1396791494|21.312
1396791516|21.312
1396791539|21.312
1396791561|21.312
1396791584|21.312
1396791606|21.312
1396791629|21.312
1396791651|21.312
1396791674|21.312
1396791696|21.312
1396791719|21.312
1396791741|21.375
1396791764|21.375
1396791786|21.375
1396791809|21.375
1396791831|21.375
1396791853|21.375
1396791876|21.375
1396791898|21.375
1396791921|21.375
1396791943|21.375
1396791966|21.375
1396791988|21.375
1396792011|21.375
1396792033|21.375
1396792056|21.375
1396792078|21.375
1396792101|21.375
1396792123|21.375
1396792146|21.375
1396792168|21.375
1396792190|21.375
1396792213|21.375
1396792235|21.375
1396792258|21.375
1396792280|21.375
1396792303|21.375
1396792325|21.375
1396792348|21.375
1396792370|21.375
1396792393|21.375
1396792415|21.375
1396792438|21.375
1396792460|21.375
1396792483|21.375
1396792505|21.375
1396792528|21.375
1396792550|21.375
1396792572|21.437
1396792595|21.375
1396792617|21.375
1396792640|21.375
1396792662|21.375
1396792685|21.437
1396792707|21.437
1396792730|21.437
1396792752|21.437
1396792775|21.437
1396792797|21.437
1396792820|21.437
1396792842|21.437
1396792865|21.437
1396792887|21.437
1396792909|21.437
1396792932|21.375
1396792954|21.437
1396792977|21.437
1396792999|21.375
1396793022|21.437
1396793044|21.375
1396793067|21.437
1396793089|21.437
1396793112|21.437
1396793134|21.437
1396793157|21.437
1396793179|21.437
1396793202|21.437
1396793224|21.437
1396793246|21.437
1396793269|21.437
1396793291|21.437
1396793314|21.437
1396793336|21.437
1396793359|21.437
1396793381|21.437
1396793404|21.437
1396793426|21.437
1396793449|21.437
1396793471|21.437
1396793494|21.437
1396793516|21.437
1396793539|21.437
1396793561|21.437
1396793583|21.437
1396793606|21.437
1396793628|21.437
1396793651|21.437
1396793673|21.437
1396793696|21.437
1396793718|21.437
1396793741|21.437
1396793763|21.437
1396793786|21.437
1396793808|21.437
1396793831|21.437
1396793853|21.437
1396793876|21.437
1396793898|21.5
1396793921|21.5
1396793943|21.5
1396793965|21.437
1396793988|21.5
1396794010|21.5
1396794033|21.5
1396794055|21.5
1396794078|21.5
1396794100|21.5
1396794123|21.5
1396794145|21.5
1396794168|21.5
1396794190|21.5
1396794213|21.5
1396794235|21.5
1396794258|21.5
1396794280|21.5
1396794303|21.5
1396794325|21.5
1396794347|21.5
1396794370|21.5
1396794392|21.5
1396794415|21.5
1396794437|21.5
1396794460|21.5
1396794482|21.5
1396794505|21.5
1396794527|21.562
1396794550|21.5
1396794572|21.5
1396794595|21.5
1396794617|21.5
1396794640|21.5
1396794662|21.5
1396794684|21.562
1396794707|21.562
1396794729|21.562
1396794752|21.5
1396794774|21.562
1396794797|21.5
1396794819|21.562
1396794842|21.562
1396794864|21.562
1396794887|21.562
1396794909|21.5
1396794932|21.562
1396794954|21.562
1396794977|21.562
1396794999|21.562
1396795021|21.562
1396795044|21.5
1396795066|21.562
1396795089|21.562
1396795111|21.562
1396795134|21.562
1396795156|21.562
1396795179|21.562
1396795201|21.562
1396795224|21.562
1396795246|21.562
1396795269|21.562
1396795291|21.562
1396795314|21.562
1396795336|21.562
1396795358|21.562
1396795381|21.562
1396795403|21.562
1396795426|21.562
1396795448|21.562
1396795471|21.562
1396795493|21.562
1396795516|21.562
1396795538|21.562
1396795561|21.562
1396795583|21.562
1396795606|21.562
1396795628|21.562
1396795651|21.562
1396795673|21.562
1396795696|21.562
1396795718|21.562
1396795740|21.625
1396795763|21.625
1396795785|21.562
1396795808|21.625
1396795830|21.562
1396795853|21.562
1396795875|21.562
1396795898|21.625
1396795920|21.625
1396795943|21.562
1396795965|21.625
1396795988|21.562
1396796010|21.562
1396796033|21.562
1396796055|21.625
1396796078|21.625
1396796100|21.625
1396796122|21.625
1396796145|21.625
1396796167|21.625
1396796190|21.625
1396796212|21.625
1396796235|21.625
1396796257|21.625
1396796280|21.625
1396796302|21.625
1396796325|21.625
1396796347|21.625
1396796370|21.625
1396796392|21.625
1396796415|21.625
1396796437|21.625
1396796459|21.625
1396796482|21.625
1396796504|21.625
1396796527|21.625
1396796549|21.625
1396796572|21.625
1396796594|21.625
1396796617|21.625
1396796639|21.625
1396796662|21.625
1396796684|21.625
1396796707|21.625
1396796729|21.625
1396796752|21.625
1396796774|21.625
1396796796|21.625
1396796819|21.625
1396796841|21.625
1396796864|21.625
1396796886|21.625
1396796909|21.625
1396796931|21.625
1396796954|21.625
1396796976|21.625
1396796999|21.625
1396797021|21.687
1396797044|21.625
1396797066|21.625
1396797089|21.625
1396797111|21.625
1396797133|21.625
1396797156|21.625
1396797178|21.625
1396797201|21.625
1396797223|21.625
1396797246|21.687
1396797268|21.625
1396797291|21.625
1396797313|21.625
1396797336|21.625
1396797358|21.625
1396797381|21.625
1396797403|21.687
1396797426|21.625
1396797448|21.687
1396797471|21.625
1396797493|21.625
1396797515|21.687
1396797538|21.625
1396797560|21.687
1396797583|21.687
1396797605|21.687
1396797628|21.687
1396797650|21.625
1396797673|21.625
1396797695|21.625
1396797718|21.687
1396797740|21.687
1396797763|21.625
1396797785|21.625
1396797808|21.687
1396797830|21.625
1396797853|21.687
1396797875|21.687
1396797897|21.625
1396797920|21.687
1396797942|21.687
1396797965|21.687
1396797987|21.687
1396798010|21.687
1396798032|21.687
1396798055|21.687
1396798077|21.687
1396798100|21.687
1396798122|21.687
1396798145|21.687
1396798167|21.687
1396798190|21.687
1396798212|21.687
1396798235|21.687
1396798257|21.687
1396798279|21.687
1396798302|21.687
1396798324|21.687
1396798347|21.687
1396798369|21.687
1396798392|21.687
1396798414|21.687
1396798437|21.687
1396798459|21.687
1396798482|21.687
1396798504|21.687
1396798527|21.687
1396798549|21.687
1396798572|21.687
1396798594|21.687
1396798616|21.687
1396798639|21.687
1396798661|21.687
1396798684|21.687
1396798706|21.687
1396798729|21.687
1396798751|21.687
1396798774|21.687
1396798796|21.687
1396798819|21.687
1396798841|21.687
1396798864|21.75
1396798886|21.687
1396798909|21.687
1396798931|21.687
1396798953|21.687
1396798976|21.687
1396798998|21.687
1396799021|21.687
1396799043|21.687
1396799066|21.687
1396799088|21.687
1396799111|21.687
1396799133|21.75
1396799156|21.75
1396799178|21.687
1396799201|21.687
1396799223|21.75
1396799246|21.687
1396799268|21.687
1396799290|21.687
1396799313|21.687
1396799335|21.687
1396799358|21.687
1396799380|21.687
1396799403|21.687
1396799425|21.75
1396799448|21.75
1396799470|21.75
1396799493|21.687
1396799515|21.687
1396799538|21.75
1396799560|21.687
1396799583|21.687
1396799605|21.75
1396799628|21.75
1396799650|21.75
1396799673|21.75
1396799695|21.75
1396799717|21.75
1396799740|21.75
1396799762|21.75
1396799785|21.75
1396799807|21.75
1396799830|21.687
1396799852|21.687
1396799875|21.687
1396799897|21.687
1396799920|21.75
1396799942|21.75
1396799965|21.75
1396799987|21.75
1396800010|21.75
1396800032|21.75
1396800054|21.687
1396800077|21.75
1396800099|21.75
1396800122|21.75
1396800144|21.75
1396800167|21.75
1396800189|21.75
1396800212|21.75
1396800234|21.75
1396800257|21.75
1396800279|21.75
1396800302|21.75
1396800324|21.75
1396800347|21.687
1396800369|21.75
1396800391|21.75
1396800414|21.75
1396800436|21.75
1396800459|21.75
1396800481|21.75
1396800504|21.75
1396800526|21.75
1396800549|21.75
1396800571|21.75
1396800594|21.75
1396800616|21.75
1396800639|21.75
1396800661|21.75
1396800684|21.75
1396800706|21.75
1396800728|21.75
1396800751|21.75
1396800773|21.75
1396800796|21.75
1396800818|21.75
1396800841|21.75
1396800863|21.75
1396800886|21.75
1396800908|21.75
1396800931|21.75
1396800953|21.75
1396800976|21.75
1396800998|21.75
1396801021|21.75
1396801043|21.75
1396801065|21.75
1396801088|21.75
1396801110|21.75
1396801133|21.75
1396801155|21.75
1396801178|21.75
1396801200|21.75
1396801223|21.75
1396801245|21.75
1396801268|21.75
1396801290|21.75
1396801313|21.75
1396801335|21.75
1396801358|21.75
1396801380|21.75
1396801403|21.75
1396801425|21.75
1396801447|21.75
1396801470|21.75
1396801492|21.75
1396801515|21.75
1396801537|21.75
1396801560|21.75
1396801582|21.75
1396801605|21.75
1396801627|21.75
1396801650|21.75
1396801672|21.75
1396801695|21.75
1396801717|21.75
1396801740|21.75
1396801762|21.75
1396801784|21.75
1396801807|21.75
1396801829|21.75
1396801852|21.75
1396801874|21.75
1396801897|21.75
1396801919|21.75
1396801942|21.75
1396801964|21.75
1396801987|21.75
1396802009|21.75
1396802032|21.75
1396802054|21.75
1396802077|21.75
1396802099|21.75
1396802121|21.75
1396802144|21.75
1396802166|21.75
1396802189|21.75
1396802211|21.75
1396802234|21.75
1396802256|21.75
1396802279|21.75
1396802301|21.75
1396802324|21.75
1396802346|21.75
1396802369|21.75
1396802391|21.75
1396802414|21.75
1396802436|21.75
1396802459|21.75
1396802481|21.75
1396802504|21.75
1396802526|21.75
1396802548|21.75
1396802571|21.75
1396802593|21.75
1396802616|21.75
1396802638|21.75
1396802661|21.75
1396802683|21.75
1396802706|21.75
1396802728|21.75
1396802751|21.75
1396802773|21.75
1396802796|21.75
1396802818|21.75
1396802841|21.75
1396802863|21.75
1396802885|21.75
1396802908|21.75
1396802930|21.75
1396802953|21.75
1396802975|21.75
1396802998|21.75
1396803020|21.75
1396803043|21.75
1396803065|21.75
1396803088|21.75
1396803110|21.75
1396803133|21.75
1396803155|21.75
1396803178|21.75
1396803200|21.75
1396803222|21.75
1396803245|21.75
1396803267|21.75
1396803290|21.75
1396803312|21.75
1396803335|21.75
1396803357|21.75
1396803380|21.75
1396803402|21.75
1396803425|21.687
1396803447|21.687
1396803470|21.687
1396803492|21.687
1396803515|21.687
1396803537|21.687
1396803560|21.625
1396803582|21.625
1396803605|21.625
1396803627|21.562
1396803649|21.562
1396803672|21.5
1396803694|21.5
1396803717|21.5
1396803739|21.5
1396803762|21.5
1396803784|21.5
1396803807|21.5
1396803829|21.5
1396803852|21.5
1396803874|21.5
1396803897|21.5
1396803919|21.5
1396803942|21.562
1396803964|21.5
1396803986|21.5
1396804009|21.5
1396804031|21.5
1396804054|21.5
1396804076|21.5
1396804099|21.562
1396804121|21.562
1396804144|21.562
1396804166|21.5
1396804189|21.5
1396804211|21.5
1396804234|21.5
1396804256|21.562
1396804279|21.5
1396804301|21.562
1396804323|21.562
1396804346|21.562
1396804368|21.5
1396804391|21.5
1396804413|21.5
1396804436|21.562
1396804458|21.562
1396804481|21.5
1396804503|21.562
1396804526|21.5
1396804548|21.5
1396804571|21.562
1396804593|21.562
1396804616|21.5
1396804638|21.562
1396804660|21.5
1396804683|21.5
1396804705|21.5
1396804728|21.5
1396804750|21.5
1396804773|21.5
1396804795|21.5
1396804818|21.5
1396804840|21.5
1396804863|21.437
1396804885|21.437
1396804908|21.437
1396804930|21.437
1396804953|21.437
1396804975|21.437
1396804997|21.437
1396805020|21.437
1396805042|21.437
1396805065|21.437
1396805087|21.437
1396805110|21.437
1396805132|21.437
1396805155|21.437
1396805177|21.437
1396805200|21.437
1396805222|21.375
1396805245|21.437
1396805267|21.375
1396805290|21.437
1396805312|21.375
1396805335|21.437
1396805357|21.375
1396805379|21.375
1396805402|21.375
1396805424|21.375
1396805447|21.375
1396805469|21.375
1396805492|21.375
1396805514|21.437
1396805537|21.437
1396805559|21.437
1396805582|21.437
1396805604|21.437
1396805627|21.437
1396805649|21.437
1396805672|21.437
1396805694|21.437
1396805716|21.437
1396805739|21.437
1396805761|21.5
1396805784|21.5
1396805806|21.5
1396805829|21.5
1396805851|21.5
1396805874|21.5
1396805896|21.5
1396805919|21.5
1396805941|21.5
1396805964|21.5
1396805986|21.5
1396806009|21.562
1396806031|21.5
1396806053|21.5
1396806076|21.5
1396806098|21.562
1396806121|21.5
1396806143|21.5
1396806166|21.562
1396806188|21.5
1396806211|21.5
1396806233|21.5
1396806256|21.5
1396806278|21.5
1396806301|21.5
1396806323|21.5
1396806346|21.5
1396806368|21.5
1396806391|21.5
1396806413|21.5
1396806436|21.5
1396806458|21.5
1396806480|21.5
1396806503|21.5
1396806525|21.5
1396806548|21.5
1396806570|21.5
1396806593|21.562
1396806615|21.5
1396806638|21.562
1396806660|21.5
1396806683|21.562
1396806705|21.562
1396806728|21.562
1396806750|21.562
1396806773|21.562
1396806795|21.562
1396806817|21.5
1396806840|21.5
1396806862|21.562
1396806885|21.562
1396806907|21.562
1396806930|21.5
1396806952|21.562
1396806975|21.562
1396806997|21.562
1396807020|21.562
1396807042|21.562
1396807065|21.5
1396807087|21.562
1396807110|21.562
1396807132|21.562
1396807154|21.5
1396807177|21.562
1396807199|21.562
1396807222|21.562
1396807244|21.562
1396807267|21.562
1396807289|21.562
1396807312|21.562
1396807334|21.562
1396807357|21.562
1396807379|21.562
1396807402|21.562
1396807424|21.562
1396807447|21.562
1396807469|21.562
1396807491|21.562
1396807514|21.562
1396807536|21.562
1396807559|21.562
1396807581|21.562
1396807604|21.562
1396807626|21.562
1396807649|21.562
1396807671|21.625
1396807694|21.562
1396807716|21.562
1396807739|21.625
1396807761|21.625
1396807784|21.562
1396807806|21.625
1396807828|21.625
1396807851|21.625
1396807873|21.625
1396807896|21.625
1396807918|21.625
1396807941|21.625
1396807963|21.562
1396807986|21.625
1396808008|21.625
1396808031|21.625
1396808053|21.625
1396808076|21.625
1396808098|21.625
1396808121|21.625
1396808143|21.625
1396808166|21.625
1396808188|21.625
1396808211|21.625
1396808233|21.625
1396808255|21.625
1396808278|21.687
1396808300|21.687
1396808323|21.687
1396808345|21.625
1396808368|21.687
1396808390|21.625
1396808413|21.687
1396808435|21.625
1396808458|21.625
1396808480|21.687
1396808503|21.687
1396808525|21.687
1396808548|21.625
1396808570|21.687
1396808592|21.687
1396808615|21.687
1396808637|21.687
1396808660|21.687
1396808682|21.687
1396808705|21.687
1396808727|21.687
1396808750|21.687
1396808772|21.687
1396808795|21.687
1396808817|21.687
1396808840|21.687
1396808862|21.687
1396808885|21.687
1396808907|21.687
1396808929|21.687
1396808952|21.687
1396808974|21.687
1396808997|21.687
1396809019|21.687
1396809042|21.687
1396809064|21.687
1396809087|21.687
1396809109|21.687
1396809132|21.687
1396809154|21.687
1396809177|21.687
1396809199|21.75
1396809222|21.687
1396809244|21.687
1396809267|21.687
1396809289|21.75
1396809311|21.687
1396809334|21.687
1396809356|21.75
1396809379|21.687
1396809401|21.75
1396809424|21.687
1396809446|21.75
1396809469|21.75
1396809491|21.687
1396809514|21.75
1396809536|21.75
1396809559|21.687
1396809581|21.687
1396809604|21.687
1396809626|21.75
1396809648|21.687
1396809671|21.687
1396809693|21.75
1396809716|21.75
1396809738|21.75
1396809761|21.687
1396809783|21.75
1396809806|21.75
1396809828|21.687
1396809851|21.75
1396809873|21.75
1396809896|21.75
1396809918|21.75
1396809941|21.75
1396809963|21.75
1396809985|21.75
1396810008|21.75
1396810030|21.75
1396810053|21.75
1396810075|21.75
1396810098|21.75
1396810120|21.75
1396810143|21.75
1396810165|21.75
1396810188|21.75
1396810210|21.75
1396810233|21.75
1396810255|21.75
1396810278|21.75
1396810300|21.75
1396810323|21.75
1396810345|21.75
1396810368|21.75
1396810390|21.75
1396810412|21.75
1396810435|21.75
1396810457|21.75
1396810480|21.75
1396810502|21.75
1396810525|21.75
1396810547|21.75
1396810570|21.75
1396810592|21.75
1396810615|21.75
1396810637|21.75
1396810660|21.75
1396810682|21.75
1396810705|21.75
1396810727|21.75
1396810749|21.75
1396810772|21.75
1396810794|21.75
1396810817|21.75
1396810839|21.75
1396810862|21.75
1396810884|21.75
1396810907|21.75
1396810929|21.75
1396810952|21.75
1396810974|21.75
1396810997|21.75
1396811019|21.75
1396811042|21.75
1396811064|21.75
1396811087|21.75
1396811109|21.75
1396811132|21.75
1396811154|21.75
1396811176|21.75
1396811199|21.75
1396811221|21.75
1396811244|21.75
1396811266|21.75
1396811289|21.75
1396811311|21.75
1396811334|21.75
1396811356|21.75
1396811379|21.75
1396811401|21.75
1396811424|21.75
1396811446|21.75
1396811469|21.75
1396811491|21.75
1396811513|21.75
1396811536|21.75
1396811558|21.75
1396811581|21.75
1396811603|21.812
1396811626|21.75
1396811648|21.75
1396811671|21.75
1396811693|21.75
1396811716|21.75
1396811738|21.75
1396811761|21.75
1396811783|21.75
1396811806|21.75
1396811828|21.75
1396811850|21.75
1396811873|21.75
1396811895|21.812
1396811918|21.812
1396811940|21.75
1396811963|21.75
1396811985|21.75
1396812008|21.75
1396812030|21.75
1396812053|21.75
1396812075|21.75
1396812098|21.75
1396812120|21.75
1396812143|21.75
1396812165|21.75
1396812188|21.75
1396812210|21.75
1396812232|21.75
1396812255|21.75
1396812277|21.75
1396812300|21.812
1396812322|21.75
1396812345|21.75
1396812367|21.75
1396812390|21.75
1396812412|21.687
1396812435|21.687
1396812457|21.687
1396812480|21.625
1396812502|21.625
1396812525|21.625
1396812547|21.625
1396812569|21.625
1396812592|21.625
1396812614|21.625
1396812637|21.625
1396812659|21.625
1396812682|21.625
1396812704|21.625
1396812727|21.625
1396812749|21.625
1396812772|21.625
1396812794|21.625
1396812817|21.687
1396812839|21.625
1396812862|21.625
1396812884|21.625
1396812907|21.687
1396812929|21.687
1396812952|21.625
1396812974|21.687
1396812996|21.687
1396813019|21.687
1396813041|21.687
1396813064|21.687
