1398016892|21.75
1398016915|21.75
1398016937|21.75
1398016960|21.75
1398016982|21.75
1398017005|21.75
1398017027|21.75
1398017050|21.75
1398017072|21.75
1398017095|21.75
1398017117|21.75
1398017139|21.75
1398017162|21.75
1398017184|21.75
1398017207|21.75
1398017229|21.75
1398017252|21.75
1398017274|21.75
1398017297|21.75
1398017319|21.687
1398017342|21.75
1398017364|21.687
1398017387|21.687
1398017409|21.687
1398017432|21.75
1398017454|21.75
1398017476|21.687
1398017499|21.75
1398017521|21.687
1398017544|21.687
1398017566|21.687
1398017589|21.687
1398017611|21.687
1398017634|21.687
1398017656|21.687
1398017679|21.687
1398017701|21.687
1398017724|21.75
1398017746|21.687
1398017769|21.75
1398017791|21.687
1398017813|21.687
1398017836|21.75
1398017858|21.687
1398017881|21.75
1398017903|21.75
1398017926|21.687
1398017948|21.687
1398017971|21.687
1398017993|21.687
1398018016|21.75
1398018038|21.75
1398018061|21.75
1398018083|21.75
1398018106|21.75
1398018128|21.75
1398018150|21.75
1398018173|21.687
1398018195|21.75
1398018218|21.75
1398018240|21.75
1398018263|21.687
1398018285|21.75
1398018308|21.75
1398018330|21.75
1398018353|21.75
1398018375|21.75
1398018398|21.75
1398018420|21.75
1398018443|21.75
1398018465|21.75
1398018487|21.75
1398018510|21.75
1398018532|21.75
1398018555|21.75
1398018577|21.75
1398018600|21.75
1398018622|21.75
1398018645|21.75
1398018667|21.75
1398018690|21.75
1398018712|21.75
1398018735|21.75
1398018757|21.75
1398018780|21.75
1398018802|21.75
1398018824|21.75
1398018847|21.75
1398018869|21.75
1398018892|21.75
1398018914|21.75
1398018937|21.75
1398018959|21.75
1398018982|21.75
1398019004|21.75
1398019027|21.75
1398019049|21.75
1398019072|21.75
1398019094|21.75
1398019117|21.75
1398019139|21.75
1398019162|21.75
1398019184|21.75
1398019206|21.75
1398019229|21.75
1398019251|21.75
1398019274|21.75
1398019296|21.75
1398019319|21.75
1398019341|21.75
1398019364|21.75
1398019386|21.75
1398019409|21.75
1398019431|21.75
1398019454|21.75
1398019476|21.75
1398019499|21.75
1398019521|21.75
1398019544|21.75
1398019566|21.75
1398019588|21.75
1398019611|21.75
1398019633|21.75
1398019656|21.75
1398019678|21.75
1398019701|21.75
1398019723|21.687
1398019746|21.75
1398019768|21.687
1398019791|21.75
1398019813|21.75
1398019836|21.75
1398019858|21.75
1398019881|21.687
1398019903|21.687
1398019925|21.687
1398019948|21.687
1398019970|21.625
1398019993|21.687
1398020015|21.625
1398020038|21.625
1398020060|21.625
1398020083|21.625
1398020105|21.625
1398020128|21.625
1398020150|21.625
1398020173|21.625
1398020195|21.562
1398020218|21.562
1398020240|21.562
1398020262|21.562
1398020285|21.562
1398020307|21.562
1398020330|21.562
1398020352|21.562
1398020375|21.562
1398020397|21.625
1398020420|21.687
1398020442|21.687
1398020465|21.687
1398020487|21.687
1398020510|21.75
1398020532|21.75
1398020555|21.75
1398020577|21.812
1398020599|21.812
1398020622|21.812
1398020644|21.875
1398020667|21.937
1398020689|21.937
1398020712|21.937
1398020734|21.937
1398020757|22.0
1398020779|22.0
1398020802|22.062
1398020824|22.125
1398020847|22.125
1398020869|22.187
1398020892|22.187
1398020914|22.187
1398020936|22.25
1398020959|22.25
1398020981|22.25
1398021004|22.312
1398021026|22.312
1398021049|22.375
1398021071|22.375
1398021094|22.375
1398021116|22.437
1398021139|22.437
1398021161|22.437
1398021184|22.437
1398021206|22.5
1398021229|22.5
1398021251|22.562
1398021274|22.562
1398021296|22.562
1398021319|22.625
1398021341|22.625
1398021363|22.625
1398021386|22.625
1398021408|22.625
1398021431|22.687
1398021453|22.687
1398021476|22.687
1398021498|22.687
1398021521|22.75
1398021543|22.75
1398021566|22.75
1398021588|22.75
1398021611|22.812
1398021633|22.812
1398021656|22.812
1398021678|22.812
1398021700|22.812
1398021723|22.812
1398021745|22.812
1398021768|22.875
1398021790|22.875
1398021813|22.875
1398021835|22.875
1398021858|22.875
1398021880|22.875
1398021903|22.875
1398021925|22.875
1398021948|22.937
1398021970|22.937
1398021993|22.937
1398022015|22.937
1398022037|22.937
1398022060|22.937
1398022082|23.0
1398022105|23.0
1398022127|23.0
1398022150|23.0
1398022172|23.0
1398022195|23.062
1398022217|23.062
1398022240|23.062
1398022262|23.062
1398022285|23.125
1398022307|23.125
1398022330|23.062
1398022352|23.125
1398022375|23.125
1398022397|23.187
1398022419|23.125
1398022442|23.187
1398022464|23.187
1398022487|23.187
1398022509|23.25
1398022532|23.25
1398022554|23.187
1398022577|23.187
1398022599|23.25
1398022622|23.25
1398022644|23.25
1398022667|23.25
1398022689|23.312
1398022712|23.312
1398022734|23.312
1398022756|23.312
1398022779|23.312
1398022801|23.375
1398022824|23.375
1398022846|23.375
1398022869|23.375
1398022891|23.375
1398022914|23.375
1398022936|23.375
1398022959|23.437
1398022981|23.437
1398023004|23.437
1398023026|23.437
1398023049|23.437
1398023071|23.5
1398023093|23.5
1398023116|23.5
1398023138|23.5
1398023161|23.5
1398023183|23.5
1398023206|23.5
1398023228|23.5
1398023251|23.562
1398023273|23.562
1398023296|23.562
1398023318|23.562
1398023341|23.562
1398023363|23.562
1398023386|23.562
1398023408|23.625
1398023431|23.625
1398023453|23.625
1398023476|23.625
1398023498|23.625
1398023520|23.625
1398023543|23.625
1398023565|23.687
1398023588|23.625
1398023610|23.687
1398023633|23.687
1398023655|23.687
1398023678|23.687
1398023700|23.687
1398023723|23.687
1398023745|23.687
1398023768|23.75
1398023790|23.75
1398023813|23.75
1398023835|23.75
1398023857|23.75
1398023880|23.75
1398023902|23.75
1398023925|23.75
1398023947|23.75
1398023970|23.75
1398023992|23.812
1398024015|23.75
1398024037|23.75
1398024060|23.812
1398024082|23.75
1398024105|23.812
1398024127|23.812
1398024150|23.812
1398024172|23.812
1398024194|23.812
1398024217|23.812
1398024239|23.875
1398024262|23.812
1398024284|23.875
1398024307|23.875
1398024329|23.812
1398024352|23.875
1398024374|23.875
1398024397|23.875
1398024419|23.875
1398024442|23.875
1398024464|23.875
1398024487|23.937
1398024509|23.937
1398024531|23.875
1398024554|23.937
1398024576|23.937
1398024599|23.937
1398024621|23.937
1398024644|23.937
1398024666|23.937
1398024689|23.937
1398024711|23.937
1398024734|23.937
1398024756|23.937
1398024779|23.937
1398024801|23.937
1398024824|24.0
1398024846|23.937
1398024868|24.0
1398024891|24.0
1398024913|24.0
1398024936|24.0
1398024958|24.0
1398024981|24.0
1398025003|24.0
1398025026|24.0
1398025048|24.0
1398025071|24.0
1398025093|24.0
1398025116|24.0
1398025138|24.0
1398025161|24.0
1398025183|24.0
1398025206|24.062
1398025228|24.062
1398025251|24.062
1398025273|24.062
1398025295|24.0
1398025318|24.0
1398025340|24.062
1398025363|24.062
1398025385|24.062
1398025408|24.062
1398025430|24.062
1398025453|24.062
1398025475|24.062
1398025498|24.062
1398025520|24.062
1398025543|24.062
1398025565|24.062
1398025588|24.062
1398025610|24.062
1398025632|24.062
1398025655|24.062
1398025677|24.062
1398025700|24.125
1398025722|24.062
1398025745|24.125
1398025767|24.125
1398025790|24.125
1398025812|24.125
1398025835|24.125
1398025858|24.125
1398025880|24.125
1398025903|24.125
1398025925|24.125
1398025948|24.125
1398025970|24.125
1398025993|24.125
1398026015|24.125
1398026038|24.125
1398026060|24.125
1398026083|24.125
1398026105|24.125
1398026128|24.125
1398026150|24.125
1398026172|24.187
1398026195|24.125
1398026217|24.187
1398026240|24.125
1398026262|24.125
1398026285|24.125
1398026307|24.187
1398026330|24.125
1398026352|24.125
1398026375|24.125
1398026397|24.187
1398026420|24.125
1398026442|24.187
1398026465|24.187
1398026487|24.187
1398026510|24.187
1398026532|24.187
1398026554|24.187
1398026577|24.187
1398026599|24.187
1398026622|24.187
1398026644|24.187
1398026667|24.187
1398026689|24.187
1398026712|24.187
1398026734|24.187
1398026757|24.187
1398026779|24.187
1398026802|24.187
1398026824|24.187
1398026847|24.187
1398026869|24.187
1398026891|24.187
1398026914|24.187
1398026936|24.187
1398026959|24.187
1398026981|24.25
1398027004|24.187
1398027026|24.187
1398027049|24.187
1398027071|24.187
1398027094|24.25
1398027116|24.25
1398027139|24.187
1398027161|24.25
1398027184|24.25
1398027206|24.187
1398027228|24.25
1398027251|24.25
1398027273|24.25
1398027296|24.25
1398027318|24.25
1398027341|24.25
1398027363|24.25
1398027386|24.25
1398027408|24.25
1398027431|24.25
1398027453|24.25
1398027476|24.25
1398027498|24.25
1398027521|24.25
1398027543|24.25
1398027566|24.25
1398027588|24.25
1398027610|24.25
1398027633|24.25
1398027655|24.25
1398027678|24.25
1398027700|24.25
1398027723|24.25
1398027745|24.25
1398027768|24.25
1398027790|24.25
1398027813|24.25
1398027835|24.25
1398027858|24.25
1398027880|24.25
1398027903|24.25
1398027925|24.25
1398027948|24.25
1398027970|24.25
1398027992|24.25
1398028015|24.25
1398028037|24.25
1398028060|24.25
1398028082|24.25
1398028105|24.25
1398028127|24.25
1398028150|24.25
1398028172|24.25
1398028195|24.25
1398028217|24.25
1398028240|24.25
1398028262|24.25
1398028285|24.25
1398028307|24.25
1398028329|24.25
1398028352|24.25
1398028374|24.25
1398028397|24.312
1398028419|24.25
1398028442|24.25
1398028464|24.25
1398028487|24.25
1398028509|24.25
1398028532|24.25
1398028554|24.25
1398028577|24.25
1398028599|24.25
1398028622|24.25
1398028644|24.25
1398028666|24.25
1398028689|24.25
1398028711|24.25
1398028734|24.25
1398028756|24.25
1398028779|24.25
1398028801|24.312
1398028824|24.25
1398028846|24.25
1398028869|24.25
1398028891|24.25
1398028914|24.25
1398028936|24.25
1398028959|24.25
1398028981|24.25
1398029004|24.25
1398029026|24.25
1398029049|24.312
1398029071|24.25
1398029094|24.25
1398029116|24.25
1398029139|24.312
1398029161|24.25
1398029184|24.25
1398029206|24.25
1398029229|24.25
1398029251|24.25
1398029274|24.312
1398029296|24.25
1398029318|24.25
1398029341|24.25
1398029363|24.25
1398029386|24.25
1398029408|24.25
1398029431|24.25
1398029453|24.25
1398029476|24.25
1398029498|24.25
1398029521|24.25
1398029543|24.25
1398029566|24.25
1398029588|24.25
1398029611|24.25
1398029633|24.25
1398029655|24.25
1398029678|24.25
1398029700|24.25
1398029723|24.25
1398029745|24.25
1398029768|24.25
1398029790|24.25
1398029813|24.25
1398029835|24.25
1398029858|24.25
1398029880|24.25
1398029903|24.25
1398029925|24.312
1398029948|24.25
1398029970|24.25
1398029992|24.25
1398030015|24.25
1398030037|24.25
1398030060|24.25
1398030082|24.25
1398030105|24.25
1398030127|24.25
1398030150|24.25
1398030172|24.25
1398030195|24.25
1398030217|24.25
1398030240|24.25
1398030262|24.25
1398030285|24.312
1398030307|24.25
1398030329|24.25
1398030352|24.25
1398030374|24.25
1398030397|24.25
1398030419|24.25
1398030442|24.25
1398030464|24.25
1398030487|24.25
1398030509|24.25
1398030532|24.25
1398030554|24.25
1398030577|24.25
1398030599|24.25
1398030622|24.25
1398030644|24.25
1398030666|24.25
1398030689|24.25
1398030711|24.25
1398030734|24.25
1398030756|24.25
1398030779|24.25
1398030801|24.25
1398030824|24.25
1398030846|24.25
1398030869|24.25
1398030891|24.25
1398030914|24.25
1398030936|24.25
1398030959|24.25
1398030981|24.25
1398031004|24.25
1398031026|24.25
1398031049|24.25
1398031071|24.25
1398031093|24.25
1398031116|24.25
1398031138|24.25
1398031161|24.25
1398031183|24.25
1398031206|24.187
1398031228|24.25
1398031251|24.25
1398031273|24.25
1398031296|24.25
1398031318|24.25
1398031341|24.187
1398031363|24.187
1398031386|24.25
1398031408|24.25
1398031430|24.25
1398031453|24.25
1398031475|24.25
1398031498|24.25
1398031520|24.25
1398031543|24.187
1398031565|24.25
1398031588|24.25
1398031610|24.25
1398031633|24.25
1398031655|24.187
1398031678|24.187
1398031700|24.25
1398031723|24.25
1398031745|24.187
1398031767|24.25
1398031790|24.25
1398031812|24.25
1398031835|24.187
1398031857|24.187
1398031880|24.187
1398031902|24.187
1398031925|24.187
1398031947|24.187
1398031970|24.25
1398031992|24.187
1398032015|24.187
1398032037|24.187
1398032060|24.187
1398032082|24.187
1398032105|24.25
1398032127|24.25
1398032149|24.187
1398032172|24.25
1398032194|24.187
1398032217|24.187
1398032239|24.187
1398032262|24.187
1398032284|24.187
1398032307|24.187
1398032329|24.187
1398032352|24.187
1398032374|24.187
1398032397|24.187
1398032419|24.187
1398032442|24.187
1398032464|24.187
1398032486|24.187
1398032509|24.187
1398032531|24.187
1398032554|24.187
1398032576|24.187
1398032599|24.187
1398032621|24.187
1398032644|24.187
1398032666|24.187
1398032689|24.187
1398032711|24.187
1398032734|24.187
1398032756|24.187
1398032779|24.187
1398032801|24.187
1398032823|24.187
1398032846|24.187
1398032868|24.187
1398032891|24.187
1398032913|24.187
1398032936|24.187
1398032958|24.187
1398032981|24.187
1398033003|24.187
1398033026|24.187
1398033048|24.187
1398033071|24.187
1398033093|24.187
1398033116|24.187
1398033138|24.187
1398033161|24.187
1398033183|24.187
1398033205|24.125
1398033228|24.125
1398033250|24.187
1398033273|24.125
1398033295|24.125
1398033318|24.125
1398033340|24.187
1398033363|24.125
1398033385|24.125
1398033408|24.125
1398033430|24.125
1398033453|24.187
1398033475|24.125
1398033498|24.125
1398033520|24.125
1398033543|24.125
1398033565|24.125
1398033587|24.125
1398033610|24.125
1398033632|24.125
1398033655|24.125
1398033677|24.125
1398033700|24.125
1398033722|24.125
1398033745|24.125
1398033767|24.125
1398033790|24.125
1398033812|24.125
1398033835|24.125
1398033857|24.125
1398033880|24.125
1398033902|24.125
1398033924|24.125
1398033947|24.125
1398033969|24.125
1398033992|24.125
1398034014|24.125
1398034037|24.125
1398034059|24.125
1398034082|24.125
1398034104|24.125
1398034127|24.062
1398034149|24.062
1398034172|24.125
1398034194|24.125
1398034217|24.125
1398034239|24.062
1398034261|24.125
1398034284|24.125
1398034306|24.125
1398034329|24.125
1398034351|24.125
1398034374|24.062
1398034396|24.125
1398034419|24.125
1398034441|24.062
1398034464|24.125
1398034486|24.062
1398034509|24.062
1398034532|24.125
1398034554|24.125
1398034577|24.125
1398034599|24.125
1398034622|24.125
1398034644|24.062
1398034667|24.125
1398034689|24.062
1398034712|24.062
1398034734|24.062
1398034757|24.062
1398034779|24.125
1398034801|24.062
1398034824|24.062
1398034846|24.062
1398034869|24.062
1398034891|24.062
1398034914|24.062
1398034936|24.062
1398034959|24.062
1398034981|24.062
1398035004|24.062
1398035026|24.062
1398035049|24.062
1398035071|24.062
1398035094|24.062
1398035116|24.062
1398035139|24.062
1398035161|24.062
1398035183|24.062
1398035206|24.062
1398035228|24.062
1398035251|24.062
1398035273|24.062
1398035296|24.062
1398035318|24.062
1398035341|24.062
1398035363|24.062
1398035386|24.062
1398035408|24.062
1398035431|24.062
1398035453|24.062
1398035476|24.062
1398035498|24.062
1398035520|24.0
1398035543|24.062
1398035565|24.062
1398035588|24.062
1398035610|24.062
1398035633|24.062
1398035655|24.0
1398035678|24.062
1398035700|24.062
1398035723|24.062
1398035745|24.062
1398035768|24.0
1398035790|24.0
1398035813|24.0
1398035835|24.0
1398035858|24.062
1398035880|24.0
1398035903|24.0
1398035925|24.062
1398035947|24.0
1398035970|24.0
1398035992|24.062
1398036015|24.0
1398036037|24.0
1398036060|24.0
1398036082|24.0
1398036105|24.0
1398036127|24.0
1398036150|24.0
1398036172|24.0
1398036195|24.0
1398036217|24.0
1398036240|24.0
1398036262|24.0
1398036284|24.0
1398036307|24.062
1398036329|24.0
1398036352|24.0
1398036374|24.0
1398036397|24.0
1398036419|23.937
1398036442|24.0
1398036464|24.0
1398036487|24.0
1398036509|24.0
1398036532|24.0
1398036554|24.0
1398036577|24.0
1398036599|24.0
1398036622|24.0
1398036644|24.0
1398036666|24.0
1398036689|24.0
1398036711|24.0
1398036734|23.937
1398036756|24.0
1398036779|24.0
1398036801|23.937
1398036824|24.0
1398036846|23.937
1398036869|23.937
1398036891|24.0
1398036914|23.937
1398036936|24.0
1398036959|23.937
1398036981|23.937
1398037004|23.937
1398037026|23.937
1398037048|24.0
1398037071|23.937
1398037093|23.937
1398037116|23.937
1398037138|23.937
1398037161|23.937
1398037183|23.937
1398037206|23.937
1398037228|23.937
1398037251|23.937
1398037273|23.937
1398037296|23.937
1398037318|23.937
1398037341|23.937
1398037363|23.937
1398037385|23.937
1398037408|23.937
1398037430|23.937
1398037453|23.937
1398037475|23.937
1398037498|23.937
1398037520|23.937
1398037543|23.937
1398037565|23.937
1398037588|23.937
1398037610|23.937
1398037633|23.937
1398037655|23.937
1398037678|23.875
1398037700|23.937
1398037722|23.937
1398037745|23.937
1398037767|23.937
1398037790|23.875
1398037812|23.937
1398037835|23.937
1398037857|23.875
1398037880|23.875
1398037902|23.875
1398037925|23.875
1398037947|23.875
1398037970|23.875
1398037992|23.875
1398038015|23.937
1398038037|23.875
1398038059|23.875
1398038082|23.875
1398038104|23.875
1398038127|23.875
1398038149|23.875
1398038172|23.875
1398038194|23.875
1398038217|23.875
1398038239|23.875
1398038262|23.875
1398038284|23.875
1398038307|23.875
1398038329|23.875
1398038352|23.875
1398038374|23.875
1398038396|23.875
1398038419|23.875
1398038441|23.875
1398038464|23.875
1398038486|23.875
1398038509|23.875
1398038531|23.875
1398038554|23.875
1398038576|23.875
1398038599|23.812
1398038621|23.875
1398038644|23.875
1398038666|23.875
1398038689|23.875
1398038711|23.812
1398038734|23.875
1398038756|23.812
1398038778|23.812
1398038801|23.875
1398038823|23.812
1398038846|23.875
1398038868|23.812
1398038891|23.875
1398038913|23.875
1398038936|23.812
1398038958|23.812
1398038981|23.812
1398039003|23.812
1398039026|23.812
1398039048|23.812
1398039071|23.812
1398039093|23.812
1398039115|23.812
1398039138|23.812
1398039160|23.812
1398039183|23.812
1398039205|23.812
1398039228|23.812
1398039250|23.812
1398039273|23.812
1398039295|23.812
1398039318|23.812
1398039340|23.812
1398039363|23.812
1398039385|23.812
1398039408|23.812
1398039430|23.812
1398039452|23.812
1398039475|23.812
1398039497|23.812
1398039520|23.812
1398039542|23.812
1398039565|23.812
1398039587|23.812
1398039610|23.812
1398039632|23.812
1398039655|23.812
1398039677|23.812
1398039700|23.812
1398039722|23.812
1398039745|23.812
1398039767|23.75
1398039789|23.812
1398039812|23.812
1398039834|23.812
1398039857|23.812
1398039879|23.812
1398039902|23.75
1398039924|23.75
1398039947|23.75
1398039969|23.812
1398039992|23.75
1398040014|23.75
1398040037|23.75
1398040059|23.75
1398040082|23.75
1398040104|23.75
1398040126|23.75
1398040149|23.75
1398040171|23.75
1398040194|23.75
1398040216|23.75
1398040239|23.75
1398040261|23.75
1398040284|23.75
1398040306|23.75
1398040329|23.75
1398040351|23.75
1398040374|23.75
1398040396|23.75
1398040419|23.75
1398040441|23.75
1398040464|23.75
1398040486|23.75
1398040509|23.75
1398040531|23.75
1398040553|23.75
1398040576|23.75
1398040598|23.75
1398040621|23.75
1398040643|23.75
1398040666|23.75
1398040688|23.75
1398040711|23.75
1398040733|23.75
1398040756|23.75
1398040778|23.75
1398040801|23.687
1398040823|23.75
1398040846|23.687
1398040868|23.687
1398040890|23.75
1398040913|23.687
1398040935|23.75
1398040958|23.75
1398040980|23.75
1398041003|23.75
1398041025|23.687
1398041048|23.75
1398041070|23.687
1398041093|23.687
1398041115|23.687
1398041138|23.687
1398041160|23.75
1398041183|23.687
1398041205|23.687
1398041227|23.687
1398041250|23.687
1398041272|23.687
1398041295|23.687
1398041317|23.687
1398041340|23.687
1398041362|23.687
1398041385|23.687
1398041407|23.687
1398041430|23.687
1398041452|23.687
1398041475|23.687
1398041497|23.687
1398041520|23.687
1398041542|23.687
1398041564|23.687
1398041587|23.687
1398041609|23.687
1398041632|23.687
1398041654|23.687
1398041677|23.687
1398041699|23.687
1398041722|23.687
1398041744|23.687
1398041767|23.687
1398041789|23.687
1398041812|23.687
1398041834|23.687
1398041857|23.687
1398041879|23.687
1398041902|23.687
1398041924|23.687
1398041946|23.687
1398041969|23.687
1398041991|23.625
1398042014|23.625
1398042036|23.625
1398042059|23.687
1398042081|23.625
1398042104|23.687
1398042126|23.687
1398042149|23.687
1398042171|23.625
1398042194|23.687
1398042216|23.625
1398042239|23.625
1398042261|23.625
1398042284|23.625
1398042306|23.625
1398042328|23.625
1398042351|23.625
1398042373|23.625
1398042396|23.687
1398042418|23.625
1398042441|23.625
1398042463|23.625
1398042486|23.625
1398042508|23.625
1398042531|23.625
1398042553|23.625
1398042576|23.625
1398042598|23.625
1398042621|23.625
1398042643|23.625
1398042666|23.625
1398042688|23.625
1398042710|23.625
1398042733|23.625
1398042755|23.625
1398042778|23.625
1398042800|23.625
1398042823|23.625
1398042845|23.625
1398042868|23.625
1398042890|23.625
1398042913|23.625
1398042935|23.562
1398042958|23.625
1398042980|23.625
1398043003|23.625
1398043025|23.625
1398043047|23.562
1398043070|23.625
1398043092|23.625
1398043115|23.562
1398043137|23.625
1398043160|23.562
1398043182|23.562
1398043205|23.562
1398043227|23.562
1398043250|23.562
1398043272|23.562
1398043295|23.562
1398043317|23.625
1398043340|23.562
1398043362|23.562
1398043384|23.562
1398043407|23.562
1398043429|23.562
1398043452|23.562
1398043474|23.562
1398043497|23.562
1398043519|23.562
1398043542|23.562
1398043564|23.562
1398043587|23.562
1398043609|23.562
1398043632|23.562
1398043654|23.562
1398043677|23.562
1398043699|23.562
1398043721|23.562
1398043744|23.562
1398043766|23.5
1398043789|23.562
1398043811|23.562
1398043834|23.5
1398043856|23.5
1398043879|23.562
1398043901|23.562
1398043924|23.5
1398043946|23.562
1398043969|23.562
1398043991|23.562
1398044014|23.562
1398044036|23.5
1398044059|23.5
1398044081|23.5
1398044104|23.5
1398044126|23.5
1398044148|23.5
1398044171|23.5
1398044193|23.5
1398044216|23.5
1398044238|23.5
1398044261|23.562
1398044283|23.5
1398044306|23.5
1398044328|23.5
1398044351|23.5
1398044373|23.562
1398044396|23.5
1398044418|23.5
1398044441|23.5
1398044463|23.5
1398044485|23.5
1398044508|23.5
1398044530|23.5
1398044553|23.5
1398044575|23.5
1398044598|23.5
1398044620|23.5
1398044643|23.5
1398044665|23.5
1398044688|23.5
1398044710|23.5
1398044733|23.5
1398044755|23.5
1398044778|23.5
1398044800|23.5
1398044822|23.5
1398044845|23.5
1398044867|23.5
1398044890|23.5
1398044912|23.5
1398044935|23.437
1398044957|23.437
1398044980|23.5
1398045002|23.437
1398045025|23.437
1398045047|23.5
1398045070|23.437
1398045092|23.437
1398045115|23.437
1398045137|23.5
1398045160|23.437
1398045182|23.437
1398045205|23.437
1398045227|23.437
1398045249|23.437
1398045272|23.437
1398045294|23.437
1398045317|23.5
1398045339|23.437
1398045362|23.437
1398045384|23.437
1398045407|23.437
1398045429|23.437
1398045452|23.437
1398045474|23.437
1398045497|23.437
1398045519|23.437
1398045542|23.437
1398045564|23.437
1398045586|23.437
1398045609|23.437
1398045631|23.437
1398045654|23.437
1398045676|23.437
1398045699|23.437
1398045721|23.437
1398045744|23.437
1398045766|23.437
1398045789|23.437
1398045811|23.437
1398045834|23.437
1398045856|23.437
1398045879|23.437
1398045901|23.437
1398045923|23.437
1398045946|23.437
1398045968|23.437
1398045991|23.437
1398046013|23.375
1398046036|23.375
1398046058|23.375
1398046081|23.375
1398046103|23.375
1398046126|23.375
1398046148|23.437
1398046171|23.375
1398046193|23.375
1398046216|23.375
1398046238|23.375
1398046260|23.375
1398046283|23.375
1398046305|23.375
1398046328|23.375
1398046350|23.375
1398046373|23.375
1398046395|23.375
1398046418|23.375
1398046440|23.375
1398046463|23.375
1398046485|23.437
1398046508|23.375
1398046530|23.375
1398046553|23.375
1398046575|23.375
1398046597|23.375
1398046620|23.375
1398046642|23.375
1398046665|23.375
1398046687|23.375
1398046710|23.375
1398046732|23.375
1398046755|23.375
1398046777|23.375
1398046800|23.375
1398046822|23.375
1398046845|23.375
1398046867|23.375
1398046890|23.375
1398046912|23.375
1398046935|23.375
1398046957|23.375
1398046979|23.312
1398047002|23.375
1398047024|23.375
1398047047|23.375
1398047069|23.312
1398047092|23.312
1398047114|23.312
1398047137|23.312
1398047159|23.375
1398047182|23.312
1398047204|23.312
1398047227|23.312
1398047249|23.312
1398047272|23.312
1398047294|23.312
1398047316|23.312
1398047339|23.312
1398047361|23.312
1398047384|23.312
1398047406|23.312
1398047429|23.312
1398047451|23.312
1398047474|23.312
1398047496|23.312
1398047519|23.312
1398047541|23.312
1398047564|23.312
1398047586|23.312
1398047609|23.312
1398047631|23.312
1398047654|23.312
1398047676|23.312
1398047699|23.312
1398047721|23.312
1398047743|23.312
1398047766|23.312
1398047788|23.312
1398047811|23.25
1398047833|23.312
1398047856|23.25
1398047878|23.312
1398047901|23.25
1398047923|23.312
1398047946|23.25
1398047968|23.312
1398047991|23.25
1398048013|23.25
1398048036|23.25
1398048058|23.312
1398048080|23.312
1398048103|23.25
1398048125|23.25
1398048148|23.25
1398048170|23.25
1398048193|23.25
1398048215|23.25
1398048238|23.25
1398048260|23.25
1398048283|23.25
1398048305|23.25
1398048328|23.25
1398048350|23.25
1398048373|23.25
1398048395|23.25
1398048417|23.25
1398048440|23.25
1398048462|23.25
1398048485|23.25
1398048507|23.25
1398048530|23.25
1398048552|23.25
1398048575|23.25
1398048597|23.25
1398048620|23.25
1398048642|23.25
1398048665|23.25
1398048687|23.25
1398048710|23.25
1398048732|23.25
1398048755|23.25
1398048777|23.25
1398048799|23.25
1398048822|23.25
1398048844|23.25
1398048867|23.25
1398048889|23.25
1398048912|23.25
1398048934|23.25
1398048957|23.187
1398048979|23.187
1398049002|23.25
1398049024|23.25
1398049047|23.25
1398049069|23.25
1398049092|23.25
1398049114|23.25
1398049137|23.187
1398049159|23.187
1398049181|23.187
1398049204|23.25
1398049226|23.187
1398049249|23.187
1398049271|23.187
1398049294|23.187
1398049316|23.187
1398049339|23.187
1398049361|23.187
1398049384|23.187
1398049406|23.187
1398049429|23.187
1398049451|23.187
1398049474|23.187
1398049496|23.187
1398049518|23.187
1398049541|23.187
1398049563|23.187
1398049586|23.187
1398049608|23.187
1398049631|23.187
1398049653|23.187
1398049676|23.187
1398049698|23.187
1398049721|23.187
1398049743|23.187
1398049766|23.187
1398049788|23.187
1398049811|23.187
1398049833|23.187
1398049855|23.187
1398049878|23.187
1398049900|23.187
1398049923|23.187
1398049945|23.187
1398049968|23.187
1398049990|23.187
1398050013|23.187
1398050035|23.187
1398050058|23.187
1398050080|23.187
1398050103|23.125
1398050125|23.125
1398050148|23.125
1398050170|23.187
1398050193|23.187
1398050215|23.125
1398050237|23.187
1398050260|23.125
1398050282|23.125
1398050305|23.125
1398050327|23.125
1398050350|23.125
1398050372|23.125
1398050395|23.125
1398050417|23.125
1398050440|23.125
1398050462|23.125
1398050485|23.125
1398050507|23.125
1398050530|23.125
1398050552|23.125
1398050574|23.125
1398050597|23.125
1398050619|23.125
1398050642|23.125
1398050664|23.125
1398050687|23.125
1398050709|23.125
1398050732|23.125
1398050754|23.125
1398050777|23.125
1398050799|23.125
1398050822|23.125
1398050844|23.125
1398050867|23.125
1398050889|23.062
1398050911|23.125
1398050934|23.125
1398050956|23.125
1398050979|23.062
1398051001|23.125
1398051024|23.125
1398051046|23.062
1398051069|23.125
1398051091|23.125
1398051114|23.125
1398051136|23.062
1398051159|23.125
1398051181|23.125
1398051204|23.125
1398051226|23.062
1398051248|23.062
1398051271|23.062
1398051293|23.062
1398051316|23.062
1398051338|23.062
1398051361|23.062
1398051383|23.062
1398051406|23.125
1398051428|23.062
1398051451|23.062
1398051473|23.062
1398051496|23.062
1398051518|23.062
1398051541|23.062
1398051563|23.062
1398051586|23.062
1398051608|23.062
1398051631|23.062
1398051653|23.062
1398051675|23.062
1398051698|23.062
1398051720|23.062
1398051743|23.062
1398051765|23.062
1398051788|23.062
1398051810|23.062
1398051833|23.062
1398051855|23.062
1398051878|23.062
1398051900|23.062
1398051923|23.062
1398051945|23.0
1398051968|23.062
1398051990|23.0
1398052012|23.062
1398052035|23.062
1398052057|23.062
1398052080|23.0
1398052102|23.0
1398052125|23.062
1398052147|23.0
1398052170|23.0
1398052192|23.062
1398052215|23.0
1398052237|23.0
1398052260|23.062
1398052282|23.062
1398052305|23.0
1398052327|23.062
1398052349|23.0
1398052372|23.062
1398052394|23.0
1398052417|23.0
1398052439|23.0
1398052462|23.0
1398052484|23.0
1398052507|23.0
1398052529|23.0
1398052552|23.0
1398052574|23.0
1398052597|23.0
1398052619|23.0
1398052642|23.0
1398052664|23.0
1398052686|23.0
1398052709|23.0
1398052731|23.0
1398052754|23.0
1398052776|23.0
1398052799|23.0
1398052821|23.0
1398052844|23.0
1398052866|23.0
1398052889|23.0
1398052911|23.0
1398052934|23.0
1398052956|23.0
1398052979|23.0
1398053001|23.0
1398053024|23.0
1398053046|23.0
1398053069|23.0
1398053091|22.937
1398053113|23.0
1398053136|23.0
1398053158|23.0
1398053181|23.0
1398053203|23.0
1398053226|22.937
1398053248|23.0
1398053271|22.937
1398053293|22.937
1398053316|23.0
1398053338|22.937
1398053361|22.937
1398053383|23.0
1398053406|23.0
1398053428|23.0
1398053450|22.937
1398053473|22.937
1398053495|22.937
1398053518|22.937
1398053540|23.0
1398053563|22.937
1398053585|22.937
1398053608|23.0
1398053630|22.937
1398053653|22.937
1398053675|22.937
1398053698|22.937
1398053720|22.937
1398053743|22.937
1398053765|22.937
1398053787|22.937
1398053810|22.937
1398053832|22.937
1398053855|22.937
1398053877|22.937
1398053900|22.937
1398053922|22.937
1398053945|22.937
1398053967|22.937
1398053990|22.937
1398054012|22.937
1398054035|22.937
1398054057|22.937
1398054080|22.937
1398054102|22.937
1398054124|22.937
1398054147|22.937
1398054169|22.937
1398054192|22.937
1398054214|22.937
1398054237|22.937
1398054259|22.875
1398054282|22.937
1398054304|22.875
1398054327|22.937
1398054349|22.937
1398054372|22.875
1398054394|22.937
1398054417|22.937
1398054439|22.937
1398054462|22.937
1398054484|22.937
1398054506|22.875
1398054529|22.937
1398054551|22.937
1398054574|22.875
1398054596|22.875
1398054619|22.875
1398054641|22.937
1398054664|22.875
1398054686|22.937
1398054709|22.875
1398054731|22.875
1398054754|22.875
1398054776|22.875
1398054799|22.875
1398054821|22.875
1398054843|22.875
1398054866|22.875
1398054888|22.875
1398054911|22.875
1398054933|22.875
1398054956|22.875
1398054978|22.875
1398055001|22.875
1398055023|22.875
1398055046|22.875
1398055068|22.875
1398055091|22.875
1398055113|22.875
1398055136|22.875
1398055158|22.875
1398055181|22.875
1398055203|22.875
1398055225|22.875
1398055248|22.875
1398055270|22.875
1398055293|22.875
1398055315|22.875
1398055338|22.875
1398055360|22.875
1398055383|22.875
1398055405|22.875
1398055428|22.812
1398055450|22.875
1398055473|22.875
1398055495|22.875
1398055518|22.875
1398055540|22.812
1398055563|22.875
1398055585|22.875
1398055607|22.875
1398055630|22.812
1398055652|22.812
1398055675|22.812
1398055697|22.812
1398055720|22.812
1398055742|22.812
1398055765|22.812
1398055787|22.812
1398055810|22.812
1398055832|22.812
1398055855|22.812
1398055877|22.812
1398055900|22.812
1398055922|22.75
1398055944|22.812
1398055967|22.812
1398055989|22.812
1398056012|22.812
1398056034|22.812
1398056057|22.75
1398056079|22.75
1398056102|22.75
1398056124|22.75
1398056147|22.75
1398056169|22.75
1398056192|22.75
1398056214|22.75
1398056237|22.75
1398056259|22.75
1398056281|22.75
1398056304|22.75
1398056326|22.75
1398056349|22.75
1398056371|22.75
1398056394|22.75
1398056416|22.75
1398056439|22.75
1398056461|22.75
1398056484|22.75
1398056506|22.687
1398056529|22.687
1398056551|22.75
1398056574|22.75
1398056596|22.75
1398056619|22.75
1398056641|22.687
1398056663|22.687
1398056686|22.75
1398056708|22.687
1398056731|22.687
1398056753|22.687
1398056776|22.687
1398056798|22.75
1398056821|22.75
1398056843|22.687
1398056866|22.687
1398056888|22.687
1398056911|22.687
1398056933|22.687
1398056956|22.687
1398056978|22.687
1398057001|22.687
1398057023|22.687
1398057045|22.687
1398057068|22.687
1398057090|22.687
1398057113|22.687
1398057135|22.687
1398057158|22.687
1398057180|22.687
1398057203|22.687
1398057225|22.687
1398057248|22.625
1398057270|22.687
1398057293|22.687
1398057315|22.625
1398057338|22.625
1398057360|22.687
1398057382|22.687
1398057405|22.687
1398057427|22.687
1398057450|22.687
1398057472|22.687
1398057495|22.625
1398057517|22.687
1398057540|22.687
1398057562|22.687
1398057585|22.687
1398057607|22.687
1398057630|22.687
1398057652|22.625
1398057675|22.687
1398057697|22.625
1398057719|22.687
1398057742|22.625
1398057764|22.625
1398057787|22.625
1398057809|22.625
1398057832|22.625
1398057854|22.687
1398057877|22.625
1398057899|22.625
1398057922|22.687
1398057944|22.687
1398057967|22.687
1398057989|22.687
1398058012|22.625
1398058034|22.687
1398058056|22.687
1398058079|22.625
1398058101|22.687
1398058124|22.625
1398058146|22.625
1398058169|22.625
1398058191|22.687
1398058214|22.625
1398058236|22.625
1398058259|22.625
1398058281|22.687
1398058304|22.625
1398058326|22.625
1398058349|22.625
1398058371|22.625
1398058394|22.687
1398058416|22.625
1398058438|22.625
1398058461|22.625
1398058483|22.687
1398058506|22.625
1398058528|22.625
1398058551|22.625
1398058573|22.625
1398058596|22.625
1398058618|22.625
1398058641|22.625
1398058663|22.625
1398058686|22.625
1398058708|22.625
1398058731|22.625
1398058753|22.625
1398058775|22.625
1398058798|22.625
1398058820|22.625
1398058843|22.625
1398058865|22.625
1398058888|22.625
1398058910|22.625
1398058933|22.625
1398058955|22.625
1398058978|22.625
1398059000|22.625
1398059023|22.625
1398059045|22.625
1398059068|22.625
1398059090|22.625
1398059112|22.625
1398059135|22.625
1398059157|22.625
1398059180|22.625
1398059202|22.625
1398059225|22.625
1398059247|22.625
1398059270|22.625
1398059292|22.625
1398059315|22.562
1398059337|22.625
1398059360|22.625
1398059382|22.625
1398059405|22.625
1398059427|22.625
1398059449|22.625
1398059472|22.625
1398059494|22.625
1398059517|22.625
1398059539|22.625
1398059562|22.625
1398059584|22.625
1398059607|22.625
1398059629|22.625
1398059652|22.625
1398059674|22.562
1398059697|22.625
1398059719|22.625
1398059742|22.562
1398059764|22.562
1398059787|22.562
1398059809|22.5
1398059832|22.5
1398059854|22.5
1398059876|22.5
1398059899|22.5
1398059921|22.5
1398059944|22.437
1398059966|22.437
1398059989|22.437
1398060011|22.437
1398060034|22.437
1398060056|22.437
1398060079|22.437
1398060101|22.437
1398060124|22.437
1398060146|22.437
1398060169|22.437
1398060191|22.437
1398060213|22.437
1398060236|22.437
1398060258|22.437
1398060281|22.437
1398060303|22.437
1398060326|22.437
1398060348|22.437
1398060371|22.437
1398060393|22.437
1398060416|22.437
1398060438|22.437
1398060461|22.437
1398060483|22.437
1398060506|22.437
1398060528|22.437
1398060550|22.437
1398060573|22.437
1398060595|22.437
1398060618|22.437
1398060640|22.437
1398060663|22.437
1398060685|22.437
1398060708|22.437
1398060730|22.437
1398060753|22.437
1398060775|22.437
1398060798|22.437
1398060820|22.437
1398060843|22.437
1398060865|22.437
1398060887|22.437
1398060910|22.437
1398060932|22.437
1398060955|22.437
1398060977|22.437
1398061000|22.437
1398061022|22.437
1398061045|22.437
1398061067|22.437
1398061090|22.437
1398061112|22.437
1398061135|22.437
1398061157|22.437
1398061180|22.437
1398061202|22.437
1398061225|22.5
1398061247|22.437
1398061270|22.437
1398061292|22.437
1398061314|22.5
1398061337|22.437
1398061359|22.5
1398061382|22.5
1398061404|22.5
1398061427|22.5
1398061449|22.5
1398061472|22.5
1398061494|22.5
1398061517|22.5
1398061539|22.5
1398061562|22.5
1398061584|22.5
1398061607|22.5
1398061629|22.5
1398061651|22.5
1398061674|22.5
1398061696|22.5
1398061719|22.5
1398061741|22.5
1398061764|22.5
1398061786|22.5
1398061809|22.562
1398061831|22.5
1398061854|22.5
1398061876|22.5
1398061899|22.562
1398061921|22.562
1398061944|22.5
1398061966|22.562
1398061988|22.562
1398062011|22.562
1398062033|22.562
1398062056|22.562
1398062078|22.562
1398062101|22.5
1398062123|22.5
1398062146|22.5
1398062168|22.562
1398062191|22.562
1398062213|22.562
1398062236|22.562
1398062258|22.5
1398062281|22.5
1398062303|22.562
1398062325|22.562
1398062348|22.562
1398062370|22.562
1398062393|22.562
1398062415|22.562
1398062438|22.562
1398062460|22.5
1398062483|22.562
1398062505|22.5
1398062528|22.562
1398062550|22.562
1398062573|22.562
1398062595|22.562
1398062618|22.562
1398062640|22.5
1398062662|22.562
1398062685|22.562
1398062707|22.562
1398062730|22.562
1398062752|22.562
1398062775|22.562
1398062797|22.562
1398062820|22.5
1398062842|22.562
1398062865|22.562
1398062887|22.562
1398062910|22.562
1398062932|22.562
1398062955|22.562
1398062977|22.562
1398063000|22.562
1398063022|22.562
1398063044|22.562
1398063067|22.5
1398063089|22.562
1398063112|22.562
1398063134|22.562
1398063157|22.562
1398063179|22.562
1398063202|22.562
1398063224|22.562
1398063247|22.562
1398063269|22.562
1398063292|22.5
1398063314|22.562
1398063337|22.562
1398063359|22.562
1398063381|22.5
1398063404|22.5
1398063426|22.5
1398063449|22.562
1398063471|22.562
1398063494|22.562
1398063516|22.5
1398063539|22.5
1398063561|22.5
1398063584|22.5
1398063606|22.5
1398063629|22.5
1398063651|22.5
1398063674|22.5
1398063696|22.5
1398063718|22.5
1398063741|22.5
1398063763|22.5
1398063786|22.5
1398063808|22.5
1398063831|22.5
1398063853|22.5
1398063876|22.5
1398063898|22.5
1398063921|22.5
1398063943|22.5
1398063966|22.5
1398063988|22.5
1398064011|22.5
1398064033|22.5
1398064056|22.5
1398064078|22.437
1398064100|22.437
1398064123|22.5
1398064145|22.5
1398064168|22.437
1398064190|22.437
1398064213|22.437
1398064235|22.437
1398064258|22.437
1398064280|22.437
1398064303|22.437
1398064325|22.437
1398064348|22.437
1398064370|22.437
1398064393|22.437
1398064415|22.437
1398064438|22.437
1398064460|22.437
1398064482|22.437
1398064505|22.437
1398064527|22.437
1398064550|22.437
1398064572|22.437
1398064595|22.437
1398064617|22.375
1398064640|22.375
1398064662|22.375
1398064685|22.375
1398064707|22.375
1398064730|22.375
1398064752|22.375
1398064775|22.375
1398064797|22.312
1398064819|22.312
1398064842|22.312
1398064864|22.25
1398064887|22.25
1398064909|22.25
1398064932|22.187
1398064954|22.187
1398064977|22.187
1398064999|22.187
1398065022|22.187
1398065044|22.187
1398065067|22.187
1398065089|22.187
1398065112|22.187
1398065134|22.187
1398065156|22.187
1398065179|22.187
1398065201|22.187
1398065224|22.187
1398065246|22.187
1398065269|22.187
1398065291|22.187
1398065314|22.187
1398065336|22.187
1398065359|22.187
1398065381|22.187
1398065404|22.187
1398065426|22.187
1398065449|22.187
1398065471|22.187
1398065493|22.187
1398065516|22.187
1398065538|22.187
1398065561|22.187
1398065583|22.187
1398065606|22.187
1398065628|22.187
1398065651|22.187
1398065673|22.125
1398065696|22.187
1398065718|22.125
1398065741|22.125
1398065763|22.125
1398065786|22.125
1398065808|22.125
1398065830|22.125
1398065853|22.125
1398065875|22.125
1398065898|22.125
1398065921|22.125
1398065943|22.125
1398065966|22.125
1398065988|22.125
1398066011|22.125
1398066033|22.125
1398066056|22.125
1398066078|22.125
1398066101|22.125
1398066123|22.125
1398066145|22.125
1398066168|22.125
1398066190|22.062
1398066213|22.125
1398066235|22.125
1398066258|22.062
1398066280|22.062
1398066303|22.125
1398066325|22.125
1398066348|22.125
1398066370|22.125
1398066393|22.062
1398066415|22.062
1398066438|22.125
1398066460|22.062
1398066482|22.062
1398066505|22.125
1398066527|22.062
1398066550|22.062
1398066572|22.062
1398066595|22.062
1398066617|22.062
1398066640|22.062
1398066662|22.062
1398066685|22.062
1398066707|22.0
1398066730|22.062
1398066752|22.062
1398066775|22.0
1398066797|22.0
1398066819|22.0
1398066842|22.0
1398066864|22.0
1398066887|22.0
1398066909|22.0
1398066932|22.0
1398066954|21.937
1398066977|22.0
1398066999|21.937
1398067022|21.937
1398067044|21.937
1398067067|21.937
1398067089|21.937
1398067112|21.937
1398067134|21.937
1398067156|21.937
1398067179|21.937
1398067201|21.937
1398067224|21.875
1398067246|21.875
1398067269|21.937
1398067291|21.875
1398067314|21.875
1398067336|21.875
1398067359|21.875
1398067381|21.875
1398067404|21.875
1398067426|21.875
1398067449|21.875
1398067471|21.812
1398067493|21.875
1398067516|21.875
1398067538|21.812
1398067561|21.812
1398067583|21.812
1398067606|21.812
1398067628|21.812
1398067651|21.812
1398067673|21.812
1398067696|21.812
1398067718|21.812
1398067741|21.812
1398067763|21.75
1398067786|21.812
1398067808|21.75
1398067831|21.75
1398067853|21.75
1398067876|21.75
1398067898|21.75
1398067920|21.75
1398067943|21.75
1398067965|21.75
1398067988|21.687
1398068010|21.687
1398068033|21.75
1398068055|21.687
1398068078|21.687
1398068100|21.687
1398068123|21.687
1398068145|21.687
1398068168|21.687
1398068190|21.687
1398068213|21.687
1398068235|21.687
1398068257|21.687
1398068280|21.687
1398068302|21.687
1398068325|21.625
1398068347|21.687
1398068370|21.625
1398068392|21.625
1398068415|21.625
1398068437|21.625
1398068460|21.625
1398068482|21.625
1398068505|21.625
1398068527|21.625
1398068550|21.625
1398068572|21.625
1398068594|21.625
1398068617|21.625
1398068639|21.562
1398068662|21.562
1398068684|21.562
1398068707|21.5
1398068729|21.5
1398068752|21.5
1398068774|21.5
1398068797|21.437
1398068819|21.5
1398068842|21.437
1398068864|21.437
1398068887|21.437
1398068909|21.437
1398068931|21.437
1398068954|21.375
1398068976|21.375
1398068999|21.375
1398069021|21.375
1398069044|21.375
1398069066|21.375
1398069089|21.375
1398069111|21.375
1398069134|21.312
1398069156|21.375
1398069179|21.312
1398069201|21.312
1398069224|21.312
1398069246|21.312
1398069268|21.312
1398069291|21.312
1398069313|21.312
1398069336|21.312
1398069358|21.312
1398069381|21.312
1398069403|21.312
1398069426|21.312
1398069448|21.312
1398069471|21.312
1398069493|21.312
1398069516|21.312
1398069538|21.312
1398069561|21.312
1398069583|21.312
1398069605|21.312
1398069628|21.312
1398069650|21.312
1398069673|21.312
1398069695|21.312
1398069718|21.375
1398069740|21.312
1398069763|21.375
1398069785|21.312
1398069808|21.312
1398069830|21.375
1398069853|21.375
1398069875|21.375
1398069898|21.312
1398069920|21.375
1398069943|21.375
1398069965|21.375
1398069987|21.375
1398070010|21.375
1398070032|21.375
1398070055|21.375
1398070077|21.375
1398070100|21.375
1398070122|21.375
1398070145|21.375
1398070167|21.312
1398070190|21.375
1398070212|21.375
1398070235|21.312
1398070257|21.312
1398070280|21.312
1398070302|21.312
1398070324|21.312
1398070347|21.312
1398070369|21.375
1398070392|21.312
1398070414|21.312
1398070437|21.312
1398070459|21.312
1398070482|21.312
1398070504|21.312
1398070527|21.312
1398070549|21.312
1398070572|21.312
1398070594|21.312
1398070617|21.312
1398070639|21.312
1398070661|21.312
1398070684|21.312
1398070706|21.312
1398070729|21.312
1398070751|21.312
1398070774|21.312
1398070796|21.312
1398070819|21.312
1398070841|21.312
1398070864|21.312
1398070886|21.312
1398070909|21.312
1398070931|21.312
1398070954|21.312
1398070976|21.312
1398070999|21.312
1398071021|21.312
1398071044|21.312
1398071066|21.312
1398071088|21.312
1398071111|21.25
1398071133|21.312
1398071156|21.25
1398071178|21.312
1398071201|21.25
1398071223|21.25
1398071246|21.312
1398071268|21.25
1398071291|21.312
1398071313|21.25
1398071336|21.25
1398071358|21.25
1398071381|21.25
1398071403|21.25
1398071425|21.25
1398071448|21.312
1398071470|21.25
1398071493|21.25
1398071515|21.25
1398071538|21.25
1398071560|21.25
1398071583|21.25
1398071605|21.25
1398071628|21.25
1398071650|21.25
1398071673|21.25
1398071695|21.25
1398071718|21.25
1398071740|21.25
1398071762|21.25
1398071785|21.25
1398071807|21.25
1398071830|21.25
1398071852|21.187
1398071875|21.25
1398071897|21.187
1398071920|21.187
1398071942|21.187
1398071965|21.187
1398071987|21.187
1398072010|21.187
1398072032|21.187
1398072055|21.187
1398072077|21.187
1398072099|21.187
1398072122|21.187
1398072144|21.125
1398072167|21.125
1398072189|21.125
1398072212|21.125
1398072234|21.125
1398072257|21.125
1398072279|21.125
1398072302|21.125
1398072324|21.125
1398072347|21.125
1398072369|21.125
1398072392|21.125
1398072414|21.125
1398072436|21.125
1398072459|21.125
1398072481|21.062
1398072504|21.125
1398072526|21.062
1398072549|21.062
1398072571|21.062
1398072594|21.062
1398072616|21.062
1398072639|21.062
1398072661|21.062
1398072684|21.062
1398072706|21.062
1398072729|21.062
1398072751|21.062
1398072773|21.062
1398072796|21.062
1398072818|21.062
1398072841|21.062
1398072863|21.062
1398072886|21.062
1398072908|21.062
1398072931|21.062
1398072953|21.062
1398072976|21.062
1398072998|21.062
1398073021|21.062
1398073043|21.062
1398073066|21.062
1398073088|21.062
1398073111|21.062
1398073133|21.0
1398073156|21.0
1398073178|21.0
1398073200|21.0
1398073223|21.0
1398073245|21.0
1398073268|21.0
1398073290|21.0
1398073313|21.0
1398073335|21.0
1398073358|21.0
1398073380|20.937
1398073403|21.0
1398073425|20.937
1398073448|20.937
1398073470|20.937
1398073493|20.937
1398073515|20.937
1398073537|20.937
1398073560|21.0
1398073582|20.937
1398073605|21.0
1398073627|20.937
1398073650|20.937
1398073672|20.937
1398073695|20.937
1398073717|20.937
1398073740|20.937
1398073762|20.937
1398073785|20.937
1398073807|20.937
1398073830|20.937
1398073852|20.937
1398073874|20.937
1398073897|20.937
1398073919|20.937
1398073942|20.937
1398073964|20.937
1398073987|20.875
1398074009|20.875
1398074032|20.937
1398074054|20.875
1398074077|20.875
1398074099|20.875
1398074122|20.937
1398074144|20.875
1398074167|20.875
1398074189|20.875
1398074212|20.875
1398074234|20.875
1398074256|20.875
1398074279|20.875
1398074301|20.875
1398074324|20.875
1398074346|20.875
1398074369|20.875
1398074391|20.875
1398074414|20.875
1398074436|20.875
1398074459|20.875
1398074481|20.875
1398074504|20.875
1398074526|20.875
1398074549|20.875
1398074571|20.875
1398074593|20.875
1398074616|20.875
1398074638|20.875
1398074661|20.875
1398074683|20.875
1398074706|20.875
1398074728|20.937
1398074751|20.875
1398074773|20.875
1398074796|20.875
1398074818|20.875
1398074841|20.875
1398074863|20.875
1398074886|20.875
1398074908|20.875
1398074931|20.875
1398074953|20.875
1398074976|20.875
1398074998|20.875
1398075020|20.875
1398075043|20.875
1398075065|20.875
1398075088|20.875
1398075110|20.875
1398075133|20.875
1398075155|20.875
1398075178|20.875
1398075200|20.875
1398075223|20.812
1398075245|20.875
1398075268|20.875
1398075290|20.812
1398075313|20.812
1398075335|20.812
1398075357|20.812
1398075380|20.875
1398075402|20.812
1398075425|20.875
1398075447|20.875
1398075470|20.875
1398075492|20.875
1398075515|20.875
1398075537|20.875
1398075560|20.875
1398075582|20.937
1398075605|20.875
1398075627|20.875
1398075650|20.875
1398075672|20.875
1398075694|20.875
1398075717|20.875
1398075739|20.875
1398075762|20.875
1398075784|20.875
1398075807|20.875
1398075829|20.875
1398075852|20.875
1398075874|20.875
1398075897|20.875
1398075919|20.875
1398075942|20.875
1398075964|20.875
1398075987|20.875
1398076009|20.812
1398076031|20.875
1398076054|20.875
1398076076|20.875
1398076099|20.812
1398076121|20.875
1398076144|20.875
1398076166|20.875
1398076189|20.812
1398076211|20.812
1398076234|20.875
1398076256|20.875
1398076279|20.875
1398076301|20.875
1398076324|20.875
1398076346|20.875
1398076368|20.875
1398076391|20.875
1398076413|20.875
1398076436|20.875
1398076458|20.875
1398076481|20.875
1398076503|20.875
1398076526|20.875
1398076548|20.875
1398076571|20.875
1398076593|20.875
1398076616|20.875
1398076638|20.875
1398076661|20.875
1398076683|20.875
1398076706|20.875
1398076728|20.875
1398076751|20.875
1398076773|20.875
1398076795|20.875
1398076818|20.875
1398076840|20.875
1398076863|20.875
1398076885|20.875
1398076908|20.875
1398076930|20.875
1398076953|20.812
1398076975|20.875
1398076998|20.875
1398077020|20.875
1398077043|20.812
1398077065|20.812
1398077088|20.812
1398077110|20.812
1398077132|20.812
1398077155|20.812
1398077177|20.812
1398077200|20.812
1398077222|20.812
1398077245|20.812
1398077267|20.812
1398077290|20.812
1398077312|20.812
1398077335|20.812
1398077357|20.812
1398077380|20.812
1398077402|20.812
1398077425|20.812
1398077447|20.812
1398077469|20.812
1398077492|20.812
1398077514|20.812
1398077537|20.812
1398077559|20.812
1398077582|20.812
1398077604|20.812
1398077627|20.812
1398077649|20.812
1398077672|20.812
1398077694|20.812
1398077717|20.812
1398077739|20.812
1398077762|20.812
1398077784|20.812
1398077806|20.812
1398077829|20.812
1398077851|20.75
1398077874|20.75
1398077896|20.75
1398077919|20.75
1398077941|20.75
1398077964|20.75
1398077986|20.812
1398078009|20.812
1398078031|20.75
1398078054|20.75
1398078076|20.75
1398078099|20.75
1398078121|20.75
1398078143|20.75
1398078166|20.75
1398078188|20.812
1398078211|20.75
1398078233|20.75
1398078256|20.75
1398078278|20.75
1398078301|20.75
1398078323|20.75
1398078346|20.75
1398078368|20.812
1398078391|20.812
1398078413|20.75
1398078436|20.812
1398078458|20.812
1398078481|20.812
1398078503|20.812
1398078525|20.812
1398078548|20.75
1398078570|20.812
1398078593|20.812
1398078615|20.812
1398078638|20.812
1398078660|20.812
1398078683|20.812
1398078705|20.812
1398078728|20.812
1398078750|20.812
1398078773|20.812
1398078795|20.75
1398078818|20.812
1398078840|20.812
1398078862|20.812
1398078885|20.812
1398078907|20.812
1398078930|20.812
1398078952|20.812
1398078975|20.812
1398078997|20.812
1398079020|20.812
1398079042|20.812
1398079065|20.812
1398079087|20.812
1398079110|20.812
1398079132|20.812
1398079155|20.812
1398079177|20.812
1398079199|20.812
1398079222|20.812
1398079244|20.812
1398079267|20.812
1398079289|20.812
1398079312|20.812
1398079334|20.812
1398079357|20.812
1398079379|20.812
1398079402|20.812
1398079424|20.812
1398079447|20.812
1398079469|20.812
1398079492|20.812
1398079514|20.75
1398079536|20.812
1398079559|20.812
1398079581|20.812
1398079604|20.812
1398079626|20.812
1398079649|20.812
1398079671|20.812
1398079694|20.812
1398079716|20.812
1398079739|20.812
1398079761|20.812
1398079784|20.812
1398079806|20.812
1398079829|20.812
1398079851|20.812
1398079873|20.812
1398079896|20.812
1398079918|20.812
1398079941|20.812
1398079963|20.812
1398079986|20.812
1398080008|20.812
1398080031|20.812
1398080053|20.812
1398080076|20.812
1398080098|20.812
1398080121|20.812
1398080143|20.812
1398080166|20.812
1398080188|20.812
1398080210|20.812
1398080233|20.812
1398080255|20.812
1398080278|20.812
1398080300|20.812
1398080323|20.812
1398080345|20.812
1398080368|20.812
1398080390|20.812
1398080413|20.812
1398080435|20.812
1398080458|20.812
1398080480|20.812
1398080503|20.812
1398080525|20.812
1398080547|20.812
1398080570|20.812
1398080592|20.812
1398080615|20.812
1398080637|20.812
1398080660|20.812
1398080682|20.812
1398080705|20.812
1398080727|20.812
1398080750|20.812
1398080772|20.812
1398080795|20.875
1398080817|20.812
1398080840|20.812
1398080862|20.812
1398080885|20.812
1398080907|20.812
1398080930|20.812
1398080952|20.812
1398080974|20.812
1398080997|20.812
1398081019|20.812
1398081042|20.812
1398081064|20.812
1398081087|20.875
1398081109|20.812
1398081132|20.812
1398081154|20.812
1398081177|20.812
1398081199|20.812
1398081222|20.812
1398081244|20.812
1398081267|20.812
1398081289|20.812
1398081311|20.812
1398081334|20.812
1398081356|20.812
1398081379|20.875
1398081401|20.875
1398081424|20.812
1398081446|20.875
1398081469|20.875
1398081491|20.875
1398081514|20.812
1398081536|20.875
1398081559|20.875
1398081581|20.875
1398081604|20.812
1398081626|20.875
1398081649|20.812
1398081671|20.875
1398081693|20.812
1398081716|20.875
1398081738|20.812
1398081761|20.875
1398081783|20.812
1398081806|20.875
1398081828|20.812
1398081851|20.875
1398081873|20.812
1398081896|20.812
1398081918|20.875
1398081941|20.812
1398081963|20.875
1398081986|20.875
1398082008|20.812
1398082031|20.812
1398082053|20.875
1398082075|20.875
1398082098|20.812
1398082120|20.875
1398082143|20.875
1398082165|20.875
1398082188|20.875
1398082210|20.875
1398082233|20.875
1398082255|20.875
1398082278|20.812
1398082300|20.875
1398082323|20.875
1398082345|20.875
1398082368|20.875
1398082390|20.875
1398082412|20.875
1398082435|20.875
1398082457|20.875
1398082480|20.875
1398082502|20.875
1398082525|20.875
1398082547|20.875
1398082570|20.875
1398082592|20.875
1398082615|20.875
1398082637|20.875
1398082660|20.875
1398082682|20.875
1398082705|20.875
1398082727|20.875
1398082749|20.875
1398082772|20.875
1398082794|20.875
1398082817|20.875
1398082839|20.937
1398082862|20.937
1398082884|20.875
1398082907|20.875
1398082929|20.875
1398082952|20.875
1398082974|20.875
1398082997|20.875
1398083019|20.875
1398083042|20.875
1398083064|20.875
1398083086|20.875
1398083109|20.875
1398083131|20.875
1398083154|20.875
1398083176|20.875
1398083199|20.875
1398083221|20.875
1398083244|20.875
1398083266|20.875
1398083289|20.875
1398083311|20.875
1398083334|20.875
1398083356|20.875
1398083379|20.875
1398083401|20.875
1398083424|20.875
1398083446|20.875
1398083468|20.875
1398083491|20.875
1398083513|20.875
1398083536|20.812
1398083558|20.875
1398083581|20.875
1398083603|20.875
1398083626|20.875
1398083648|20.875
1398083671|20.875
1398083693|20.875
1398083716|20.875
1398083738|20.875
1398083761|20.875
1398083783|20.875
1398083805|20.875
1398083828|20.875
1398083850|20.875
1398083873|20.875
1398083895|20.875
1398083918|20.875
1398083940|20.875
1398083963|20.875
1398083985|20.875
1398084008|20.875
1398084030|20.875
1398084053|20.875
1398084075|20.875
1398084098|20.875
1398084120|20.875
1398084142|20.875
1398084165|20.875
1398084187|20.875
1398084210|20.875
1398084232|20.875
1398084255|20.875
1398084277|20.875
1398084300|20.875
1398084322|20.875
1398084345|20.875
1398084367|20.875
1398084390|20.875
1398084412|20.875
1398084435|20.875
1398084457|20.875
1398084479|20.875
1398084502|20.875
1398084524|20.875
1398084547|20.875
1398084569|20.875
1398084592|20.875
1398084614|20.875
1398084637|20.875
1398084659|20.812
1398084682|20.875
1398084704|20.875
1398084727|20.875
1398084749|20.875
1398084772|20.875
1398084794|20.875
1398084817|20.875
1398084839|20.875
1398084861|20.875
1398084884|20.875
1398084906|20.875
1398084929|20.937
1398084951|20.875
1398084974|20.937
1398084996|20.937
1398085019|20.937
1398085041|20.937
1398085064|20.937
1398085086|20.937
1398085109|20.937
1398085131|20.937
1398085154|20.937
1398085176|20.937
1398085199|20.937
1398085221|20.937
1398085243|20.937
1398085266|20.937
1398085288|20.937
1398085311|20.937
1398085333|20.937
1398085356|20.937
1398085378|20.937
1398085401|20.937
1398085423|20.937
1398085446|20.937
1398085468|20.937
1398085491|20.937
1398085513|20.937
1398085536|20.937
1398085558|20.937
1398085580|20.937
1398085603|20.937
1398085625|20.937
1398085648|20.937
1398085670|20.937
1398085693|20.937
1398085715|20.937
1398085738|20.937
1398085760|20.937
1398085783|20.937
1398085805|20.937
1398085828|20.937
1398085850|21.0
1398085873|20.937
1398085895|20.937
1398085917|20.937
1398085940|20.937
1398085962|20.937
1398085985|21.0
1398086007|20.937
1398086030|20.937
1398086052|20.937
1398086075|20.937
1398086097|21.0
1398086120|20.937
1398086142|21.0
1398086165|21.0
1398086187|21.0
1398086210|21.0
1398086232|21.0
1398086255|21.0
1398086277|21.0
1398086299|21.0
1398086322|21.0
1398086344|21.0
1398086367|21.0
1398086389|21.0
1398086412|21.0
1398086434|21.0
1398086457|21.0
1398086479|21.0
1398086502|21.0
1398086524|21.0
1398086547|21.0
1398086569|21.0
1398086592|21.0
1398086614|21.062
1398086637|21.0
1398086659|21.0
1398086681|21.0
1398086704|21.0
1398086726|21.0
1398086749|21.0
1398086771|21.0
1398086794|21.062
1398086816|21.0
1398086839|21.0
1398086861|21.0
1398086884|21.062
1398086906|21.0
1398086929|21.0
1398086951|21.0
1398086974|21.0
1398086996|21.0
1398087018|21.062
1398087041|21.0
1398087063|21.0
1398087086|21.0
1398087108|21.0
1398087131|21.0
1398087153|21.0
1398087176|21.0
1398087198|21.0
1398087221|21.0
1398087243|21.0
1398087266|21.0
1398087288|21.0
1398087311|21.0
1398087333|21.0
1398087355|21.0
1398087378|21.0
1398087400|21.0
1398087423|21.0
1398087445|21.0
1398087468|20.937
1398087490|20.937
1398087513|20.937
1398087535|20.937
1398087558|20.937
1398087580|20.937
1398087603|21.0
1398087625|21.0
1398087648|20.937
1398087670|20.937
1398087693|20.937
1398087715|20.937
1398087737|20.937
1398087760|20.937
1398087782|20.937
1398087805|20.937
1398087827|20.937
1398087850|20.937
1398087872|20.937
1398087895|20.937
1398087917|20.937
1398087940|20.937
1398087962|20.937
1398087985|20.937
1398088007|20.875
1398088030|20.937
1398088052|20.875
1398088074|20.937
1398088097|20.937
1398088119|20.875
1398088142|20.875
1398088164|20.937
1398088187|20.937
1398088209|20.937
1398088232|20.937
1398088254|20.875
1398088277|20.937
1398088299|20.937
1398088322|20.875
1398088344|20.937
1398088367|20.875
1398088389|20.937
1398088411|20.875
1398088434|20.875
1398088456|20.875
1398088479|20.875
1398088501|20.875
1398088524|20.875
1398088546|20.875
1398088569|20.875
1398088591|20.937
1398088614|20.875
1398088636|20.875
1398088659|20.937
1398088681|20.875
1398088704|20.875
1398088726|20.937
1398088748|20.937
1398088771|20.937
1398088793|20.937
1398088816|20.937
1398088838|20.875
1398088861|20.875
1398088883|20.875
1398088906|20.875
1398088928|20.875
1398088951|20.875
1398088973|20.937
1398088996|20.875
1398089018|20.875
1398089041|20.875
1398089063|20.875
1398089086|20.875
1398089108|20.875
1398089130|20.875
1398089153|20.875
1398089175|20.875
1398089198|20.875
1398089220|20.875
1398089243|20.875
1398089265|20.875
1398089288|20.875
1398089310|20.875
1398089333|20.875
1398089355|20.875
1398089378|20.875
1398089400|20.875
1398089423|20.875
1398089445|20.875
1398089468|20.812
1398089490|20.875
1398089512|20.875
1398089535|20.875
1398089557|20.875
1398089580|20.875
1398089602|20.875
1398089625|20.875
1398089647|20.875
1398089670|20.875
1398089692|20.875
1398089715|20.875
1398089737|20.875
1398089760|20.875
1398089782|20.875
1398089805|20.875
1398089827|20.875
1398089849|20.875
1398089872|20.875
1398089894|20.875
1398089917|20.875
1398089939|20.875
1398089962|20.875
1398089984|20.875
1398090007|20.875
1398090029|20.875
1398090052|20.875
1398090074|20.937
1398090097|20.875
1398090119|20.875
1398090142|20.875
1398090164|20.937
1398090186|20.875
1398090209|20.875
1398090231|20.875
1398090254|20.937
1398090276|20.937
1398090299|20.937
1398090321|20.937
1398090344|20.937
1398090366|20.937
1398090389|20.937
1398090411|20.937
1398090434|20.937
1398090456|20.937
1398090479|20.937
1398090501|20.937
1398090524|20.937
1398090546|20.937
1398090569|20.937
1398090591|20.937
1398090613|20.937
1398090636|20.937
1398090658|20.937
1398090681|20.937
1398090703|20.937
1398090726|20.937
1398090748|20.937
1398090771|20.937
1398090793|20.937
1398090816|20.937
1398090838|20.937
1398090861|20.937
1398090883|20.937
1398090906|20.937
1398090928|20.937
1398090950|20.937
1398090973|20.937
1398090995|20.937
1398091018|20.937
1398091040|20.937
1398091063|20.937
1398091085|20.937
1398091108|20.937
1398091130|20.937
1398091153|20.937
1398091175|20.937
1398091198|20.937
1398091220|20.937
1398091243|20.937
1398091265|20.937
1398091287|20.937
1398091310|20.937
1398091332|20.937
1398091355|20.937
1398091377|20.875
1398091400|20.937
1398091422|20.875
1398091445|20.875
1398091467|20.875
1398091490|20.875
1398091512|20.875
1398091535|20.875
1398091557|20.875
1398091580|20.875
1398091602|20.875
1398091624|20.875
1398091647|20.875
1398091669|20.875
1398091692|20.875
1398091714|20.875
1398091737|20.875
1398091759|20.875
1398091782|20.875
1398091804|20.875
1398091827|20.875
1398091849|20.875
1398091872|20.875
1398091894|20.875
1398091917|20.937
1398091939|20.937
1398091962|20.875
1398091984|20.937
1398092006|20.937
1398092029|20.937
1398092051|20.875
1398092074|20.875
1398092096|20.875
1398092119|20.875
1398092141|20.875
1398092164|20.875
1398092186|20.937
1398092209|20.937
1398092231|20.875
1398092254|20.937
1398092276|20.937
1398092299|20.937
1398092321|20.937
1398092343|20.937
1398092366|20.937
1398092388|20.937
1398092411|20.937
1398092433|20.937
1398092456|20.937
1398092478|20.937
1398092501|20.937
1398092523|20.937
1398092546|20.937
1398092568|20.937
1398092591|20.937
1398092613|20.937
1398092636|20.937
1398092658|20.937
1398092680|20.937
1398092703|20.937
1398092725|20.937
1398092748|21.0
1398092770|21.0
1398092793|21.0
1398092815|21.0
1398092838|20.937
1398092860|21.0
1398092883|21.0
1398092905|21.0
1398092928|21.0
1398092950|21.0
1398092973|21.0
1398092995|21.0
1398093017|21.0
1398093040|21.0
1398093062|21.0
1398093085|21.0
1398093107|21.0
1398093130|21.0
1398093152|21.0
1398093175|20.937
1398093197|21.0
1398093220|21.0
1398093242|21.0
1398093265|21.0
1398093287|21.0
1398093310|21.0
1398093332|21.0
1398093355|21.0
1398093377|21.0
1398093400|21.0
1398093422|21.0
1398093444|21.0
1398093467|21.0
1398093489|21.0
1398093512|21.0
1398093534|21.0
1398093557|21.0
1398093579|21.0
1398093602|21.0
1398093624|21.0
1398093647|21.0
1398093669|21.0
1398093692|21.0
1398093714|21.0
1398093737|21.0
1398093759|21.0
1398093781|21.0
1398093804|21.0
1398093826|21.062
1398093849|21.0
1398093871|21.062
1398093894|21.0
1398093916|21.062
1398093939|21.062
1398093961|21.062
1398093984|21.062
1398094006|21.0
1398094029|21.062
1398094051|21.062
1398094074|21.0
1398094096|21.062
1398094118|21.062
1398094141|21.062
1398094163|21.062
1398094186|21.0
1398094208|21.062
1398094231|21.0
1398094253|21.0
1398094276|21.062
1398094298|21.0
1398094321|21.062
1398094343|21.0
1398094366|21.0
1398094388|21.0
1398094411|21.0
1398094433|21.0
1398094455|21.0
1398094478|21.0
1398094500|21.0
1398094523|21.0
1398094545|21.0
1398094568|21.0
1398094590|21.0
1398094613|21.0
1398094635|21.0
1398094658|21.0
1398094680|21.0
1398094703|21.0
1398094725|21.0
1398094748|21.0
1398094770|21.0
1398094793|21.0
1398094815|21.0
1398094837|21.0
1398094860|21.0
1398094882|21.0
1398094905|21.0
1398094927|21.0
1398094950|21.0
1398094972|21.0
1398094995|21.0
1398095017|20.937
1398095040|21.0
1398095062|21.0
1398095085|21.0
1398095107|21.0
1398095130|21.0
1398095152|21.0
1398095175|21.0
1398095197|20.937
1398095219|20.937
1398095242|20.937
1398095264|21.0
1398095287|21.0
1398095309|21.0
1398095332|21.0
1398095354|21.0
1398095377|21.0
1398095399|21.0
1398095422|21.0
1398095444|21.0
1398095467|21.0
1398095489|21.0
1398095512|20.937
1398095534|21.0
1398095556|21.0
1398095579|21.0
1398095601|21.0
1398095624|21.0
1398095646|21.0
1398095669|21.0
1398095691|21.0
1398095714|21.0
1398095736|21.0
1398095759|21.0
1398095781|21.0
1398095804|21.0
1398095826|21.0
1398095849|20.937
1398095871|21.0
1398095893|21.0
1398095916|20.937
1398095938|21.0
1398095961|20.937
1398095983|20.937
1398096006|21.0
1398096028|21.0
1398096051|21.0
1398096073|20.937
1398096096|21.0
1398096118|21.0
1398096141|21.0
1398096163|21.0
1398096186|21.0
1398096208|21.0
1398096230|21.0
1398096253|20.937
1398096275|21.0
1398096298|21.0
1398096320|21.0
1398096343|21.0
1398096365|21.0
1398096388|21.0
1398096410|21.0
1398096433|20.937
1398096455|21.0
1398096478|21.0
1398096500|21.0
1398096523|21.0
1398096545|21.0
1398096568|21.0
1398096590|21.0
1398096612|21.0
1398096635|21.0
1398096657|21.0
1398096680|21.0
1398096702|21.0
1398096725|21.0
1398096747|21.0
1398096770|21.0
1398096792|21.0
1398096815|21.0
1398096837|21.0
1398096860|21.0
1398096882|21.0
1398096905|21.0
1398096927|21.0
1398096949|21.0
1398096972|21.0
1398096994|21.0
1398097017|21.0
1398097039|21.0
1398097062|21.0
1398097084|21.0
1398097107|21.0
1398097129|21.062
1398097152|21.0
1398097174|21.0
1398097197|21.0
1398097219|21.0
1398097242|21.0
1398097264|21.0
1398097286|21.0
1398097309|21.0
1398097331|21.0
1398097354|21.0
1398097376|21.0
1398097399|21.0
1398097421|21.0
1398097444|21.0
1398097466|21.0
1398097489|21.0
1398097511|21.0
1398097534|21.0
1398097556|21.0
1398097579|21.0
1398097601|21.0
1398097624|21.0
1398097646|21.0
1398097668|21.0
1398097691|21.0
1398097713|21.0
1398097736|21.0
1398097758|21.0
1398097781|21.0
1398097803|21.0
1398097826|21.0
1398097848|21.0
1398097871|21.0
1398097893|21.0
1398097916|21.0
1398097938|21.0
1398097961|21.0
1398097983|21.0
1398098006|21.0
1398098028|21.0
1398098050|21.0
1398098073|21.0
1398098095|21.0
1398098118|21.0
1398098140|21.0
1398098163|21.0
1398098185|21.0
1398098208|21.0
1398098230|21.0
1398098253|21.0
1398098275|21.0
1398098298|21.0
1398098320|21.0
1398098343|21.0
1398098365|21.0
1398098387|21.0
1398098410|21.0
1398098432|21.0
1398098455|21.0
1398098477|21.0
1398098500|21.0
1398098522|21.0
1398098545|21.0
1398098567|21.0
1398098590|21.0
1398098612|21.0
1398098635|21.0
1398098657|21.0
1398098680|21.0
1398098702|21.0
1398098724|21.0
1398098747|21.0
1398098769|21.0
1398098792|21.0
1398098814|21.0
1398098837|21.0
1398098859|21.0
1398098882|21.0
1398098904|21.0
1398098927|21.0
1398098949|21.0
1398098972|21.0
1398098994|21.0
1398099017|21.0
1398099039|21.0
1398099061|21.0
1398099084|21.0
1398099106|21.0
1398099129|21.0
1398099151|21.0
1398099174|20.937
1398099196|20.937
1398099219|21.0
1398099241|21.0
1398099264|21.0
1398099286|21.0
1398099309|21.0
1398099331|21.0
1398099354|20.937
1398099376|20.937
1398099398|21.0
1398099421|20.937
1398099443|20.937
1398099466|20.937
1398099488|21.0
1398099511|21.0
1398099533|20.937
1398099556|20.937
1398099578|21.0
1398099601|20.937
1398099623|21.0
1398099646|21.0
1398099668|20.937
1398099691|20.937
1398099713|20.937
1398099736|20.937
1398099758|20.937
1398099781|20.937
1398099803|21.0
1398099825|20.937
1398099848|20.937
1398099870|20.937
1398099893|20.937
1398099915|20.937
1398099938|20.937
1398099960|20.937
1398099983|20.937
1398100005|20.937
1398100028|21.0
1398100050|20.937
1398100073|20.937
1398100095|20.937
1398100118|20.937
1398100140|20.937
1398100162|20.937
1398100185|21.0
1398100207|20.937
1398100230|20.937
1398100252|21.0
1398100275|20.937
1398100297|21.0
1398100320|21.0
1398100342|20.937
1398100365|21.0
1398100387|21.0
1398100410|21.0
1398100432|21.0
1398100455|21.0
1398100477|20.937
1398100499|20.937
1398100522|21.0
1398100544|20.937
1398100567|20.937
1398100589|20.937
1398100612|20.937
1398100634|21.0
1398100657|20.937
1398100679|20.937
1398100702|20.937
1398100724|20.937
1398100747|20.937
1398100769|20.937
1398100792|20.937
1398100814|20.937
1398100836|20.937
1398100859|20.937
1398100881|20.937
1398100904|20.937
1398100926|20.937
1398100949|20.937
1398100971|20.937
1398100994|20.937
1398101016|20.937
1398101039|20.937
1398101061|20.937
1398101084|20.937
1398101106|20.937
1398101129|20.937
1398101151|20.937
1398101173|20.937
1398101196|21.0
1398101218|20.937
1398101241|20.937
1398101263|20.937
1398101286|20.937
1398101308|20.937
1398101331|20.937
1398101353|20.937
1398101376|20.937
1398101398|20.937
1398101421|20.937
1398101443|20.937
1398101466|21.0
1398101488|21.0
1398101511|21.0
1398101533|20.937
1398101555|21.0
1398101578|20.937
1398101600|20.937
1398101623|21.0
1398101645|20.937
1398101668|20.937
1398101690|21.0
1398101713|21.0
1398101735|21.0
1398101758|21.0
1398101780|20.937
1398101803|21.0
1398101825|20.937
1398101848|21.0
1398101870|21.0
1398101892|20.937
1398101915|21.0
1398101937|20.937
1398101960|21.0
1398101982|21.0
1398102005|21.0
1398102027|21.0
1398102050|21.0
1398102072|21.0
1398102095|21.0
1398102117|21.0
1398102140|21.0
1398102162|21.0
1398102185|21.0
1398102207|20.937
1398102229|21.0
1398102252|21.0
1398102274|21.0
1398102297|21.0
1398102319|21.0
1398102342|21.0
1398102364|21.0
1398102387|21.0
1398102409|21.0
1398102432|21.0
1398102454|21.0
1398102477|21.0
1398102499|21.0
1398102522|21.0
1398102544|21.0
1398102567|21.0
1398102589|21.0
1398102612|21.0
1398102634|21.0
1398102656|21.0
1398102679|21.0
1398102701|21.0
1398102724|21.0
1398102746|21.0
1398102769|21.0
1398102791|21.0
1398102814|21.0
1398102836|21.0
1398102859|21.0
1398102881|21.0
1398102904|21.0
1398102926|21.062
1398102949|21.062
1398102971|21.0
1398102993|21.0
1398103016|21.062
1398103038|21.0
1398103061|21.062
1398103083|21.0
1398103106|21.0
1398103128|21.062
1398103151|21.062
1398103173|21.062
1398103196|21.062
1398103218|21.062
1398103241|21.0
1398103263|21.0
1398103286|21.0
