1398448982|32.125
1398449005|32.125
1398449027|32.125
1398449050|32.125
1398449072|32.125
1398449095|32.125
1398449117|32.125
1398449139|32.125
1398449162|32.125
1398449184|32.125
1398449207|32.125
1398449229|32.125
1398449252|32.125
1398449274|32.062
1398449297|32.125
1398449319|32.125
1398449342|32.125
1398449364|32.125
1398449387|32.125
1398449409|32.062
1398449432|32.062
1398449454|32.062
1398449476|32.062
1398449499|32.125
1398449521|32.062
1398449544|32.125
1398449566|32.062
1398449589|32.125
1398449611|32.125
1398449634|32.062
1398449656|32.062
1398449679|32.062
1398449701|32.062
1398449724|32.062
1398449746|32.062
1398449769|32.125
1398449791|32.125
1398449813|32.062
1398449836|32.125
1398449858|32.125
1398449881|32.062
1398449903|32.125
1398449926|32.125
1398449948|32.125
1398449972|32.125
1398449994|32.125
1398450017|32.125
1398450039|32.125
1398450061|32.062
1398450084|32.062
1398450106|32.062
1398450129|32.062
1398450151|32.062
1398450174|32.062
1398450196|32.062
1398450219|32.062
1398450241|32.062
1398450264|32.062
1398450286|32.062
1398450309|32.062
1398450331|32.062
1398450354|32.062
1398450376|32.062
1398450399|32.062
1398450421|32.062
1398450443|32.062
1398450466|32.062
1398450488|32.062
1398450511|32.062
1398450533|32.062
1398450556|32.062
1398450578|32.062
1398450601|32.062
1398450623|32.062
1398450646|32.062
1398450668|32.062
1398450691|32.062
1398450713|32.062
1398450736|32.062
1398450758|32.062
1398450780|32.062
1398450803|32.062
1398450825|32.062
1398450848|32.062
1398450870|32.062
1398450893|32.062
1398450915|32.062
1398450938|32.062
1398450960|32.062
1398450983|32.062
1398451005|32.062
1398451028|32.062
1398451050|32.062
1398451073|32.062
1398451095|32.062
1398451117|32.062
1398451140|32.0
1398451162|32.0
1398451185|32.062
1398451207|32.062
1398451230|32.0
1398451252|32.062
1398451275|32.0
1398451297|32.062
1398451320|32.062
1398451342|32.0
1398451365|32.0
1398451387|32.062
1398451410|32.062
1398451432|32.062
1398451455|32.062
1398451477|32.0
1398451499|32.062
1398451522|32.062
1398451544|32.0
1398451567|32.0
1398451589|32.0
1398451612|32.0
1398451634|32.0
1398451657|32.0
1398451679|32.0
1398451702|32.0
1398451724|32.062
1398451747|32.0
1398451769|32.0
1398451792|32.062
1398451814|32.0
1398451836|32.0
1398451859|32.0
1398451881|32.0
1398451904|32.0
1398451926|32.0
1398451949|32.0
1398451971|32.0
1398451994|32.0
1398452016|32.0
1398452039|32.0
1398452061|32.0
1398452084|32.0
1398452106|32.0
1398452129|32.0
1398452151|32.0
1398452173|32.0
1398452196|32.0
1398452218|32.0
1398452241|32.0
1398452263|32.0
1398452286|31.937
1398452308|32.0
1398452331|32.0
1398452353|31.937
1398452376|32.0
1398452398|32.0
1398452421|32.0
1398452443|32.0
1398452466|32.0
1398452488|32.0
1398452510|32.0
1398452533|31.937
1398452555|31.937
1398452578|32.0
1398452600|31.937
1398452623|31.937
1398452645|31.937
1398452668|31.937
1398452690|31.937
1398452713|31.937
1398452735|31.937
1398452758|31.937
1398452780|31.937
1398452803|31.937
1398452825|31.937
1398452847|31.937
1398452870|31.937
1398452892|31.937
1398452915|31.937
1398452937|31.937
1398452960|31.937
1398452982|31.937
1398453005|31.937
1398453027|31.937
1398453050|31.937
1398453072|31.937
1398453095|31.875
1398453117|31.937
1398453140|31.937
1398453162|31.937
1398453185|31.875
1398453207|31.875
1398453229|31.937
1398453252|31.937
1398453274|31.937
1398453297|31.937
1398453319|31.937
1398453342|31.875
1398453364|31.937
1398453387|31.937
1398453409|31.875
1398453432|31.875
1398453454|31.875
1398453477|31.875
1398453499|31.875
1398453522|31.875
1398453544|31.875
1398453567|31.875
1398453589|31.875
1398453612|31.875
1398453634|31.875
1398453657|31.875
1398453679|31.875
1398453702|31.875
1398453724|31.875
1398453747|31.875
1398453769|31.875
1398453792|31.875
1398453814|31.875
1398453836|31.875
1398453859|31.875
1398453881|31.875
1398453904|31.875
1398453926|31.875
1398453949|31.875
1398453971|31.875
1398453994|31.875
1398454016|31.812
1398454039|31.875
1398454061|31.875
1398454084|31.875
1398454106|31.875
1398454129|31.875
1398454151|31.875
1398454173|31.875
1398454196|31.875
1398454218|31.812
1398454241|31.812
1398454263|31.875
1398454286|31.812
1398454308|31.812
1398454331|31.812
1398454353|31.812
1398454376|31.812
1398454398|31.812
1398454421|31.812
1398454443|31.812
1398454466|31.812
1398454488|31.812
1398454511|31.812
1398454533|31.812
1398454556|31.812
1398454578|31.75
1398454600|31.812
1398454623|31.812
1398454645|31.812
1398454668|31.75
1398454690|31.75
1398454713|31.812
1398454735|31.812
1398454758|31.812
1398454780|31.812
1398454803|31.812
1398454825|31.812
1398454848|31.75
1398454870|31.812
1398454893|31.75
1398454915|31.812
1398454937|31.75
1398454960|31.75
1398454982|31.75
1398455005|31.75
1398455027|31.75
1398455050|31.75
1398455072|31.75
1398455095|31.75
1398455117|31.75
1398455140|31.75
1398455162|31.75
1398455185|31.75
1398455207|31.75
1398455230|31.75
1398455252|31.75
1398455274|31.75
1398455297|31.75
1398455319|31.75
1398455342|31.75
1398455364|31.75
1398455387|31.687
1398455409|31.75
1398455432|31.75
1398455454|31.687
1398455477|31.75
1398455499|31.687
1398455522|31.687
1398455544|31.687
1398455567|31.687
1398455589|31.687
1398455611|31.75
1398455634|31.687
1398455656|31.687
1398455679|31.687
1398455701|31.687
1398455724|31.687
1398455746|31.312
1398455769|30.187
1398455791|29.062
1398455814|28.062
1398455836|27.187
1398455859|26.375
1398455881|25.687
1398455904|25.125
1398455926|25.125
1398455949|24.125
1398455971|23.75
1398455994|23.375
1398456016|23.062
1398456038|22.812
1398456061|22.562
1398456083|22.375
1398456106|22.187
1398456128|22.0
1398456151|21.875
1398456173|21.75
1398456196|21.562
1398456218|21.562
1398456241|21.375
1398456263|21.312
1398456286|21.25
1398456308|21.187
1398456331|21.125
1398456353|21.062
1398456375|21.0
1398456398|20.937
1398456420|20.937
1398456443|20.875
1398456465|20.875
1398456488|20.812
1398456510|20.812
1398456533|20.75
1398456555|20.75
1398456578|20.687
1398456600|20.687
1398456623|20.687
1398456645|20.687
1398456668|20.625
1398456690|20.625
1398456712|20.625
1398456735|20.625
1398456757|20.625
1398456780|20.625
1398456802|20.562
1398456825|20.562
1398456847|20.562
1398456870|20.562
1398456892|20.562
1398456915|20.562
1398456937|20.562
1398456960|20.562
1398456982|20.562
1398457005|20.562
1398457027|20.562
1398457049|20.5
1398457072|20.5
1398457094|20.5
1398457117|20.5
1398457139|20.5
1398457162|20.5
1398457184|20.562
1398457207|20.5
1398457229|20.5
1398457252|20.562
1398457274|20.562
1398457297|20.5
1398457319|20.562
1398457342|20.562
1398457364|20.562
1398457387|20.562
1398457409|20.5
1398457431|20.562
1398457454|20.562
1398457476|20.562
1398457499|20.562
1398457521|20.562
1398457544|20.562
1398457566|20.562
1398457589|20.562
1398457611|20.562
1398457634|20.562
1398457656|20.562
1398457679|20.562
1398457701|20.562
1398457724|20.562
1398457747|20.562
1398457769|20.562
1398457792|20.562
1398457814|20.625
1398457837|20.625
1398457859|20.625
1398457882|20.625
1398457904|20.625
1398457927|20.625
1398457949|20.625
1398457971|20.625
1398457994|20.625
1398458016|20.625
1398458039|20.625
1398458061|20.625
1398458084|20.625
1398458106|20.625
1398458129|20.625
1398458151|20.625
1398458174|20.625
1398458196|20.625
1398458219|20.625
1398458241|20.625
1398458264|20.625
1398458286|20.625
1398458308|20.625
1398458331|20.687
1398458353|20.625
1398458376|20.687
1398458398|20.687
1398458421|20.687
1398458443|20.687
1398458466|20.687
1398458488|20.687
1398458511|20.687
1398458533|20.687
1398458556|20.687
1398458578|20.687
1398458601|20.687
1398458623|20.687
1398458646|20.687
1398458668|20.687
1398458691|20.687
1398458713|20.687
1398458735|20.687
1398458758|20.687
1398458780|20.687
1398458803|20.687
1398458825|20.687
1398458848|20.687
1398458870|20.687
1398458893|20.687
1398458915|20.687
1398458938|20.687
1398458960|20.687
1398458983|20.687
1398459005|20.687
1398459028|20.687
1398459050|20.687
1398459072|20.75
1398459095|20.687
1398459117|20.75
1398459140|20.75
1398459162|20.75
1398459185|20.75
1398459207|20.75
1398459230|20.687
1398459252|20.75
1398459275|20.75
1398459297|20.75
1398459320|20.75
1398459342|20.75
1398459365|20.75
1398459387|20.687
1398459409|20.75
1398459432|20.75
1398459454|20.75
1398459477|20.75
1398459499|20.75
1398459522|20.75
1398459544|20.75
1398459567|20.75
1398459589|20.75
1398459612|20.75
1398459634|20.75
1398459657|20.75
1398459679|20.75
1398459702|20.75
1398459724|20.75
1398459746|20.75
1398459769|20.75
1398459791|20.75
1398459814|20.75
1398459836|20.75
1398459859|20.75
1398459881|20.75
1398459904|20.75
1398459926|20.75
1398459949|20.75
1398459971|20.75
1398459994|20.75
1398460016|20.75
1398460039|20.75
1398460061|20.75
1398460084|20.75
1398460106|20.75
1398460128|20.75
1398460151|20.75
1398460173|20.75
1398460196|20.75
1398460218|20.75
1398460241|20.75
1398460263|20.75
1398460286|20.75
1398460308|20.75
1398460331|20.75
1398460353|20.75
1398460376|20.75
1398460398|20.75
1398460421|20.75
1398460443|20.75
1398460466|20.75
1398460488|20.75
1398460510|20.75
1398460533|20.75
1398460555|20.812
1398460578|20.75
1398460600|20.75
1398460623|20.812
1398460645|20.75
1398460668|20.75
1398460690|20.75
1398460713|20.812
1398460735|20.75
1398460758|20.812
1398460780|20.812
1398460803|20.75
1398460825|20.75
1398460847|20.812
1398460870|20.75
1398460892|20.75
1398460915|20.75
1398460937|20.75
1398460960|20.75
1398460982|20.812
1398461005|20.75
1398461027|20.75
1398461050|20.812
1398461072|20.75
1398461095|20.75
1398461117|20.75
1398461140|20.75
1398461162|20.75
1398461184|20.75
1398461207|20.75
1398461229|20.812
1398461252|20.75
1398461274|20.75
1398461297|20.75
1398461319|20.75
1398461342|20.75
1398461364|20.75
1398461387|20.75
1398461409|20.75
1398461432|20.75
1398461454|20.75
1398461477|20.75
1398461499|20.75
1398461521|20.812
1398461544|20.812
1398461566|20.812
1398461589|20.75
1398461611|20.75
1398461634|20.75
1398461656|20.812
1398461679|20.75
1398461701|20.812
1398461724|20.75
1398461746|20.75
1398461769|20.75
1398461791|20.75
1398461814|20.75
1398461836|20.75
1398461858|20.812
1398461881|20.75
1398461903|20.75
1398461926|20.75
1398461948|20.75
1398461971|20.75
1398461993|20.75
1398462016|20.75
1398462038|20.75
1398462061|20.75
1398462083|20.75
1398462106|20.75
1398462128|20.75
1398462151|20.75
1398462173|20.75
1398462196|20.75
1398462218|20.812
1398462240|20.75
1398462263|20.75
1398462285|20.75
1398462308|20.75
1398462330|20.75
1398462353|20.75
1398462375|20.75
1398462398|20.75
1398462420|20.75
1398462443|20.75
1398462465|20.75
1398462488|20.75
1398462510|20.75
1398462533|20.75
1398462555|20.75
1398462577|20.75
1398462600|20.75
1398462622|20.75
1398462645|20.75
1398462667|20.75
1398462690|20.75
1398462712|20.75
1398462735|20.75
1398462757|20.75
1398462780|20.75
1398462802|20.75
1398462825|20.75
1398462847|20.75
1398462870|20.75
1398462892|20.75
1398462914|20.75
1398462937|20.75
1398462959|20.75
1398462982|20.75
1398463004|20.75
1398463027|20.75
1398463049|20.75
1398463072|20.75
1398463094|20.75
1398463117|20.75
1398463139|20.75
1398463162|20.75
1398463184|20.75
1398463207|20.75
1398463229|20.75
1398463252|20.75
1398463274|20.75
1398463297|20.75
1398463319|20.75
1398463341|20.75
1398463364|20.75
1398463386|20.75
1398463409|20.75
1398463431|20.687
1398463454|20.75
1398463476|20.687
1398463499|20.687
1398463521|20.75
1398463544|20.75
1398463566|20.75
1398463589|20.75
1398463611|20.75
1398463634|20.75
1398463656|20.75
1398463679|20.687
1398463701|20.687
1398463724|20.687
1398463746|20.75
1398463768|20.687
1398463791|20.75
1398463813|20.75
1398463836|20.75
1398463858|20.75
1398463881|20.75
1398463903|20.75
1398463926|20.687
1398463948|20.687
1398463971|20.75
1398463993|20.687
1398464016|20.687
1398464038|20.75
1398464061|20.687
1398464083|20.75
1398464105|20.687
1398464128|20.687
1398464150|20.687
1398464173|20.687
1398464195|20.687
1398464218|20.687
1398464240|20.687
1398464263|20.687
1398464285|20.687
1398464308|20.687
1398464330|20.687
1398464353|20.687
1398464375|20.687
1398464398|20.687
1398464420|20.687
1398464443|20.687
1398464465|20.687
1398464487|20.687
1398464510|20.687
1398464532|20.687
1398464555|20.687
1398464577|20.687
1398464600|20.687
1398464622|20.687
1398464645|20.687
1398464667|20.687
1398464690|20.687
1398464712|20.687
1398464735|20.687
1398464757|20.687
1398464780|20.687
1398464802|20.687
1398464824|20.687
1398464847|20.687
1398464869|20.687
1398464892|20.687
1398464914|20.687
1398464937|20.687
1398464959|20.687
1398464982|20.687
1398465004|20.687
1398465027|20.687
1398465049|20.687
1398465072|20.687
1398465094|20.687
1398465117|20.687
1398465139|20.687
1398465161|20.687
1398465184|20.687
1398465206|20.687
1398465229|20.687
1398465251|20.687
1398465274|20.625
1398465296|20.687
1398465319|20.687
1398465341|20.687
1398465364|20.687
1398465386|20.687
1398465409|20.687
1398465431|20.625
1398465454|20.687
1398465476|20.687
1398465498|20.687
1398465521|20.687
1398465543|20.687
1398465566|20.625
1398465588|20.687
1398465611|20.687
1398465633|20.625
1398465656|20.625
1398465678|20.687
1398465701|20.625
1398465723|20.687
1398465746|20.625
1398465768|20.625
1398465791|20.625
1398465813|20.625
1398465836|20.625
1398465858|20.625
1398465881|20.625
1398465903|20.625
1398465925|20.625
1398465948|20.625
1398465970|20.625
1398465993|20.625
1398466015|20.625
1398466038|20.687
1398466060|20.625
1398466083|20.687
1398466105|20.625
1398466128|20.625
1398466150|20.625
1398466173|20.625
1398466195|20.625
1398466218|20.625
1398466240|20.625
1398466262|20.625
1398466285|20.625
1398466307|20.625
1398466330|20.625
1398466352|20.625
1398466375|20.625
1398466397|20.625
1398466420|20.625
1398466442|20.625
1398466465|20.625
1398466487|20.625
1398466510|20.625
1398466532|20.625
1398466555|20.625
1398466577|20.625
1398466600|20.625
1398466622|20.625
1398466644|20.625
1398466667|20.625
1398466689|20.625
1398466712|20.625
1398466734|20.625
1398466757|20.625
1398466779|20.625
1398466802|20.625
1398466824|20.562
1398466847|20.625
1398466869|20.625
1398466892|20.625
1398466914|20.625
1398466937|20.625
1398466959|20.625
1398466982|20.625
1398467004|20.562
1398467026|20.562
1398467049|20.625
1398467071|20.625
1398467094|20.625
1398467116|20.562
1398467139|20.625
1398467161|20.625
1398467184|20.562
1398467206|20.562
1398467229|20.562
1398467251|20.562
1398467274|20.562
1398467296|20.625
1398467319|20.562
1398467341|20.562
1398467363|20.625
1398467386|20.562
1398467408|20.562
1398467431|20.562
1398467453|20.562
1398467476|20.625
1398467498|20.562
1398467521|20.562
1398467543|20.562
1398467566|20.562
1398467588|20.562
1398467611|20.562
1398467633|20.562
1398467656|20.562
1398467678|20.562
1398467700|20.562
1398467723|20.562
1398467745|20.562
1398467768|20.562
1398467790|20.562
1398467813|20.562
1398467835|20.562
1398467858|20.562
1398467880|20.562
1398467903|20.562
1398467925|20.562
1398467948|20.562
1398467970|20.562
1398467993|20.562
1398468015|20.562
1398468038|20.562
1398468060|20.562
1398468082|20.562
1398468105|20.562
1398468127|20.562
1398468150|20.562
1398468172|20.562
1398468195|20.562
1398468217|20.5
1398468240|20.562
1398468262|20.562
1398468285|20.562
1398468307|20.562
1398468330|20.562
1398468352|20.5
1398468375|20.562
1398468397|20.5
1398468419|20.562
1398468442|20.562
1398468464|20.5
1398468487|20.5
1398468509|20.562
1398468532|20.5
1398468554|20.5
1398468577|20.5
1398468599|20.5
1398468622|20.5
1398468644|20.5
1398468667|20.5
1398468689|20.5
1398468712|20.5
1398468734|20.5
1398468756|20.5
1398468779|20.5
1398468801|20.5
1398468824|20.5
1398468846|20.5
1398468869|20.5
1398468891|20.5
1398468914|20.5
1398468936|20.5
1398468959|20.5
1398468981|20.5
1398469004|20.5
1398469026|20.5
1398469049|20.5
1398469071|20.5
1398469093|20.5
1398469116|20.5
1398469138|20.5
1398469161|20.5
1398469183|20.5
1398469206|20.5
1398469228|20.5
1398469251|20.5
1398469273|20.5
1398469296|20.5
1398469318|20.5
1398469341|20.5
1398469363|20.5
1398469386|20.5
1398469408|20.5
1398469431|20.5
1398469453|20.5
1398469476|20.5
1398469498|20.437
1398469520|20.5
1398469543|20.5
1398469565|20.437
1398469588|20.437
1398469610|20.5
1398469633|20.5
1398469655|20.437
1398469678|20.5
1398469700|20.437
1398469723|20.5
1398469745|20.5
1398469768|20.437
1398469790|20.437
1398469813|20.5
1398469835|20.437
1398469857|20.437
1398469880|20.437
1398469902|20.437
1398469925|20.437
1398469947|20.437
1398469970|20.437
1398469992|20.437
1398470015|20.437
1398470037|20.437
1398470060|20.437
1398470082|20.437
1398470105|20.437
1398470127|20.437
1398470150|20.437
1398470172|20.437
1398470194|20.437
1398470217|20.437
1398470239|20.437
1398470262|20.437
1398470284|20.437
1398470307|20.437
1398470329|20.437
1398470352|20.437
1398470374|20.437
1398470397|20.437
1398470419|20.437
1398470442|20.437
1398470464|20.437
1398470487|20.437
1398470509|20.437
1398470531|20.437
1398470554|20.437
1398470577|20.437
1398470599|20.437
1398470621|20.437
1398470644|20.437
1398470666|20.437
1398470689|20.437
1398470711|20.437
1398470734|20.437
1398470756|20.437
1398470779|20.437
1398470801|20.437
1398470824|20.375
1398470846|20.437
1398470869|20.437
1398470891|20.437
1398470914|20.437
1398470936|20.437
1398470958|20.437
1398470981|20.437
1398471003|20.437
1398471026|20.375
1398471048|20.375
1398471071|20.437
1398471093|20.437
1398471116|20.437
1398471138|20.437
1398471161|20.375
1398471183|20.437
1398471206|20.375
1398471228|20.375
1398471251|20.437
1398471273|20.375
1398471295|20.437
1398471318|20.437
1398471340|20.375
1398471363|20.375
1398471385|20.375
1398471408|20.375
1398471430|20.375
1398471453|20.375
1398471475|20.437
1398471498|20.375
1398471520|20.375
1398471543|20.375
1398471565|20.375
1398471588|20.375
1398471610|20.375
1398471633|20.375
1398471655|20.375
1398471677|20.375
1398471700|20.375
1398471722|20.375
1398471745|20.375
1398471767|20.375
1398471790|20.375
1398471812|20.375
1398471835|20.375
1398471857|20.375
1398471880|20.375
1398471902|20.375
1398471925|20.375
1398471947|20.375
1398471970|20.375
1398471992|20.375
1398472014|20.375
1398472037|20.375
1398472059|20.375
1398472082|20.375
1398472104|20.375
1398472127|20.375
1398472149|20.312
1398472172|20.375
1398472194|20.375
1398472217|20.375
1398472239|20.375
1398472262|20.375
1398472284|20.375
1398472307|20.375
1398472329|20.375
1398472351|20.312
1398472374|20.375
1398472396|20.312
1398472419|20.312
1398472441|20.312
1398472464|20.312
1398472486|20.312
1398472509|20.312
1398472531|20.312
1398472554|20.312
1398472576|20.312
1398472599|20.312
1398472621|20.312
1398472644|20.312
1398472666|20.312
1398472688|20.375
1398472711|20.312
1398472733|20.312
1398472756|20.312
1398472778|20.312
1398472801|20.312
1398472823|20.312
1398472846|20.312
1398472868|20.312
1398472891|20.312
1398472913|20.312
1398472936|20.312
1398472958|20.312
1398472981|20.312
1398473003|20.312
1398473025|20.312
1398473048|20.312
1398473071|20.312
1398473093|20.312
1398473115|20.312
1398473138|20.25
1398473160|20.312
1398473183|20.312
1398473205|20.25
1398473228|20.312
1398473250|20.312
1398473273|20.25
1398473295|20.312
1398473318|20.312
1398473340|20.312
1398473363|20.312
1398473385|20.25
1398473408|20.312
1398473430|20.25
1398473452|20.25
1398473475|20.25
1398473497|20.25
1398473520|20.25
1398473542|20.312
1398473565|20.25
1398473587|20.25
1398473610|20.25
1398473632|20.25
1398473655|20.25
1398473677|20.25
1398473700|20.25
1398473722|20.312
1398473745|20.25
1398473767|20.25
1398473789|20.25
1398473812|20.25
1398473834|20.25
1398473857|20.25
1398473879|20.25
1398473902|20.25
1398473924|20.25
1398473947|20.25
1398473969|20.25
1398473992|20.25
1398474014|20.25
1398474037|20.25
1398474059|20.25
1398474082|20.25
1398474104|20.25
1398474127|20.25
1398474149|20.25
1398474172|20.25
1398474194|20.25
1398474216|20.25
1398474239|20.25
1398474261|20.25
1398474284|20.25
1398474306|20.25
1398474329|20.25
1398474351|20.25
1398474374|20.25
1398474396|20.25
1398474419|20.187
1398474441|20.25
1398474464|20.25
1398474486|20.25
1398474509|20.187
1398474531|20.25
1398474554|20.25
1398474576|20.25
1398474598|20.25
1398474621|20.25
1398474643|20.25
1398474666|20.25
1398474688|20.25
1398474711|20.25
1398474733|20.25
1398474756|20.25
1398474778|20.187
1398474801|20.187
1398474823|20.187
1398474846|20.25
1398474868|20.25
1398474891|20.187
1398474913|20.187
1398474935|20.187
1398474958|20.187
1398474980|20.187
1398475003|20.187
1398475025|20.187
1398475048|20.187
1398475070|20.187
1398475093|20.187
1398475115|20.187
1398475138|20.187
1398475160|20.187
1398475183|20.187
1398475205|20.187
1398475228|20.187
1398475250|20.187
1398475272|20.187
1398475295|20.187
1398475317|20.187
1398475340|20.187
1398475362|20.187
1398475385|20.187
1398475407|20.187
1398475430|20.187
1398475452|20.187
1398475475|20.187
1398475497|20.187
1398475520|20.187
1398475542|20.187
1398475565|20.187
1398475587|20.187
1398475609|20.187
1398475632|20.187
1398475654|20.187
1398475677|20.187
1398475699|20.187
1398475722|20.187
1398475744|20.187
1398475767|20.187
1398475789|20.187
1398475812|20.187
1398475834|20.187
1398475857|20.187
1398475879|20.187
1398475902|20.187
1398475924|20.187
1398475946|20.187
1398475969|20.187
1398475992|20.187
1398476014|20.187
1398476036|20.125
1398476059|20.187
1398476081|20.187
1398476104|20.187
1398476126|20.187
1398476149|20.125
1398476171|20.187
1398476194|20.187
1398476216|20.187
1398476239|20.125
1398476261|20.125
1398476284|20.125
1398476306|20.125
1398476329|20.125
1398476351|20.125
1398476373|20.125
1398476396|20.125
1398476418|20.125
1398476441|20.125
1398476463|20.125
1398476486|20.125
1398476508|20.125
1398476531|20.125
1398476553|20.125
1398476576|20.125
1398476598|20.125
1398476621|20.125
1398476643|20.125
1398476666|20.125
1398476688|20.125
1398476710|20.125
1398476733|20.125
1398476755|20.125
1398476778|20.125
1398476800|20.125
1398476823|20.125
1398476845|20.125
1398476868|20.125
1398476890|20.125
1398476913|20.125
1398476935|20.125
1398476958|20.125
1398476980|20.125
1398477003|20.125
1398477025|20.125
1398477048|20.062
1398477070|20.125
1398477093|20.125
1398477115|20.062
1398477137|20.125
1398477160|20.062
1398477182|20.125
1398477205|20.125
1398477227|20.125
1398477250|20.125
1398477272|20.125
1398477295|20.125
1398477317|20.125
1398477340|20.125
1398477362|20.125
1398477385|20.125
1398477407|20.062
1398477430|20.125
1398477452|20.125
1398477474|20.125
1398477497|20.062
1398477519|20.062
1398477542|20.062
1398477564|20.062
1398477587|20.062
1398477609|20.062
1398477632|20.062
1398477654|20.062
1398477677|20.125
1398477699|20.062
1398477722|20.062
1398477744|20.062
1398477767|20.062
1398477789|20.062
1398477812|20.062
1398477834|20.062
1398477856|20.062
1398477879|20.062
1398477901|20.062
1398477924|20.062
1398477946|20.062
1398477969|20.062
1398477991|20.062
1398478014|20.062
1398478036|20.062
1398478059|20.062
1398478081|20.062
1398478104|20.062
1398478126|20.062
1398478149|20.062
1398478171|20.062
1398478193|20.062
1398478216|20.062
1398478238|20.062
1398478261|20.062
1398478283|20.062
1398478306|20.062
1398478328|20.062
1398478351|20.0
1398478373|20.062
1398478396|20.062
1398478418|20.062
1398478441|20.062
1398478463|20.062
1398478486|20.062
1398478508|20.062
1398478530|20.062
1398478553|20.062
1398478575|20.062
1398478598|20.062
1398478620|20.062
1398478643|20.062
1398478665|20.0
1398478688|20.0
1398478710|20.062
1398478733|20.062
1398478755|20.0
1398478778|20.062
1398478800|20.0
1398478823|20.0
1398478845|20.0
1398478867|20.0
1398478890|20.062
1398478912|20.0
1398478935|20.0
1398478957|20.0
1398478980|20.0
1398479002|20.0
1398479025|20.0
1398479047|20.062
1398479070|20.0
1398479092|20.0
1398479115|20.0
1398479137|20.0
1398479160|20.0
1398479182|20.0
1398479205|20.0
1398479227|20.0
1398479250|20.0
1398479272|20.0
1398479294|20.0
1398479317|20.0
1398479339|20.0
1398479362|20.0
1398479384|20.0
1398479407|20.0
1398479429|20.0
1398479452|20.0
1398479474|20.0
1398479497|20.0
1398479519|20.0
1398479542|20.0
1398479564|20.0
1398479587|20.0
1398479609|20.0
1398479631|20.0
1398479654|20.0
1398479676|20.0
1398479699|20.0
1398479721|20.0
1398479744|20.0
1398479766|20.0
1398479789|20.0
1398479811|20.0
1398479834|19.937
1398479856|19.937
1398479879|19.937
1398479901|20.0
1398479924|19.937
1398479946|19.937
1398479968|20.0
1398479991|20.0
1398480013|20.0
1398480036|20.0
1398480058|19.937
1398480081|19.937
1398480103|19.937
1398480126|19.937
1398480148|19.937
1398480171|20.0
1398480193|19.937
1398480216|19.937
1398480238|19.937
1398480261|19.937
1398480283|19.937
1398480305|19.937
1398480328|19.937
1398480350|19.937
1398480373|19.937
1398480395|19.937
1398480418|19.937
1398480440|19.937
1398480463|19.937
1398480485|19.937
1398480508|19.937
1398480530|19.937
1398480553|19.937
1398480575|19.937
1398480598|19.937
1398480620|19.937
1398480643|19.937
1398480665|19.937
1398480687|19.937
1398480710|19.937
1398480732|19.937
1398480755|19.937
1398480777|19.937
1398480800|19.937
1398480822|19.937
1398480845|19.937
1398480867|19.937
1398480890|19.937
1398480912|19.937
1398480935|19.937
1398480957|19.937
1398480980|19.937
1398481002|19.937
1398481025|19.937
1398481047|19.937
1398481069|19.937
1398481092|19.937
1398481114|19.937
1398481137|19.937
1398481159|19.875
1398481182|19.937
1398481204|19.937
1398481227|19.937
1398481249|19.937
1398481272|19.937
1398481294|19.875
1398481317|19.937
1398481339|19.937
1398481362|19.937
1398481384|19.937
1398481406|19.937
1398481429|19.937
1398481451|19.875
1398481474|19.937
1398481496|19.875
1398481519|19.875
1398481541|19.875
1398481564|19.875
1398481586|19.875
1398481609|19.875
1398481631|19.875
1398481654|19.875
1398481676|19.875
1398481699|19.875
1398481721|19.875
1398481743|19.875
1398481766|19.875
1398481788|19.875
1398481811|19.875
1398481833|19.875
1398481856|19.875
1398481878|19.875
1398481901|19.875
1398481923|19.875
1398481946|19.875
1398481968|19.875
1398481991|19.875
1398482013|19.875
1398482036|19.875
1398482058|19.875
1398482080|19.875
1398482103|19.875
1398482125|19.875
1398482148|19.875
1398482170|19.875
1398482193|19.875
1398482215|19.875
1398482238|19.875
1398482260|19.875
1398482283|19.875
1398482305|19.875
1398482328|19.875
1398482350|19.875
1398482373|19.875
1398482395|19.875
1398482418|19.875
1398482440|19.875
1398482462|19.875
1398482485|19.875
1398482507|19.812
1398482530|19.812
1398482552|19.812
1398482575|19.875
1398482597|19.812
1398482620|19.875
1398482642|19.812
1398482665|19.812
1398482687|19.812
1398482710|19.812
1398482732|19.812
1398482755|19.812
1398482777|19.812
1398482799|19.812
1398482822|19.812
1398482844|19.875
1398482867|19.812
1398482889|19.812
1398482912|19.812
1398482934|19.812
1398482957|19.812
1398482979|19.812
1398483002|19.812
1398483024|19.812
1398483047|19.812
1398483069|19.812
1398483092|19.812
1398483114|19.812
1398483136|19.812
1398483159|19.812
1398483181|19.812
1398483204|19.812
1398483226|19.812
1398483249|19.812
1398483271|19.812
1398483294|19.812
1398483316|19.812
1398483339|19.812
1398483361|19.812
1398483384|19.812
1398483406|19.812
1398483429|19.812
1398483451|19.812
1398483473|19.812
1398483496|19.812
1398483518|19.812
1398483541|19.812
1398483563|19.812
1398483586|19.812
1398483608|19.812
1398483631|19.812
1398483653|19.812
1398483676|19.812
1398483698|19.812
1398483721|19.812
1398483743|19.812
1398483766|19.812
1398483788|19.812
1398483810|19.812
1398483833|19.812
1398483855|19.75
1398483878|19.812
1398483900|19.75
1398483923|19.812
1398483945|19.812
1398483968|19.812
1398483990|19.812
1398484013|19.75
1398484035|19.812
1398484058|19.812
1398484080|19.812
1398484103|19.812
1398484125|19.812
1398484147|19.812
1398484170|19.75
1398484192|19.75
1398484215|19.812
1398484237|19.75
1398484260|19.75
1398484282|19.75
1398484305|19.75
1398484327|19.812
1398484350|19.75
1398484372|19.75
1398484395|19.812
1398484417|19.75
1398484440|19.75
1398484462|19.812
1398484485|19.75
1398484507|19.75
1398484529|19.75
1398484552|19.75
1398484574|19.75
1398484597|19.75
1398484619|19.75
1398484642|19.75
1398484664|19.75
1398484687|19.75
1398484709|19.75
1398484732|19.75
1398484754|19.75
1398484777|19.75
1398484799|19.75
1398484822|19.75
1398484844|19.75
1398484867|19.75
1398484889|19.75
1398484911|19.75
1398484934|19.75
1398484956|19.75
1398484979|19.75
1398485001|19.75
1398485024|19.75
1398485046|19.75
1398485069|19.75
1398485091|19.75
1398485114|19.75
1398485136|19.75
1398485159|19.75
1398485181|19.687
1398485204|19.75
1398485226|19.75
1398485248|19.687
1398485271|19.687
1398485293|19.687
1398485316|19.687
1398485338|19.75
1398485361|19.75
1398485383|19.75
1398485406|19.687
1398485428|19.75
1398485451|19.687
1398485473|19.687
1398485496|19.687
1398485518|19.687
1398485541|19.687
1398485563|19.687
1398485585|19.75
1398485608|19.687
1398485630|19.687
1398485653|19.75
1398485675|19.75
1398485698|19.687
1398485720|19.687
1398485743|19.687
1398485765|19.75
1398485788|19.687
1398485810|19.687
1398485833|19.687
1398485855|19.687
1398485878|19.687
1398485900|19.687
1398485923|19.687
1398485945|19.687
1398485968|19.687
1398485990|19.687
1398486012|19.687
1398486035|19.687
1398486057|19.687
1398486080|19.687
1398486102|19.687
1398486125|19.687
1398486147|19.687
1398486170|19.687
1398486192|19.687
1398486215|19.687
1398486237|19.687
1398486260|19.687
1398486282|19.687
1398486305|19.687
1398486328|19.687
1398486350|19.687
1398486373|19.687
1398486395|19.687
1398486418|19.687
1398486440|19.687
1398486463|19.687
1398486485|19.687
1398486508|19.687
1398486530|19.687
1398486552|19.687
1398486575|19.687
1398486597|19.687
1398486620|19.687
1398486642|19.687
1398486665|19.687
1398486687|19.687
1398486710|19.687
1398486732|19.687
1398486755|19.687
1398486777|19.687
1398486800|19.625
1398486822|19.687
1398486845|19.687
1398486867|19.687
1398486889|19.687
1398486912|19.625
1398486934|19.687
1398486957|19.687
1398486979|19.625
1398487002|19.625
1398487024|19.687
1398487047|19.687
1398487069|19.625
1398487092|19.625
1398487114|19.625
1398487137|19.687
1398487159|19.625
1398487182|19.687
1398487204|19.625
1398487226|19.625
1398487249|19.625
1398487271|19.687
1398487294|19.625
1398487316|19.625
1398487339|19.687
1398487361|19.625
1398487384|19.625
1398487406|19.687
1398487429|19.687
1398487451|19.625
1398487474|19.625
1398487496|19.625
1398487519|19.625
1398487541|19.625
1398487564|19.687
1398487586|19.625
1398487608|19.625
1398487631|19.625
1398487653|19.625
1398487676|19.625
1398487698|19.687
1398487721|19.625
1398487743|19.625
1398487766|19.625
1398487788|19.625
1398487811|19.625
1398487833|19.625
1398487856|19.625
1398487878|19.625
1398487901|19.625
1398487923|19.625
1398487945|19.625
1398487968|19.625
1398487990|19.625
1398488013|19.625
1398488035|19.625
1398488058|19.625
1398488080|19.625
1398488103|19.625
1398488125|19.625
1398488148|19.625
1398488170|19.625
1398488193|19.625
1398488215|19.625
1398488238|19.625
1398488260|19.625
1398488282|19.625
1398488305|19.625
1398488327|19.625
1398488350|19.625
1398488372|19.625
1398488395|19.625
1398488417|19.625
1398488440|19.625
1398488462|19.625
1398488485|19.625
1398488507|19.625
1398488530|19.625
1398488552|19.625
1398488575|19.625
1398488597|19.625
1398488619|19.562
1398488642|19.625
1398488664|19.625
1398488687|19.625
1398488709|19.625
1398488732|19.625
1398488754|19.625
1398488777|19.625
1398488799|19.625
1398488822|19.562
1398488844|19.562
1398488867|19.562
1398488889|19.625
1398488912|19.625
1398488934|19.625
1398488957|19.562
1398488979|19.562
1398489002|19.625
1398489024|19.562
1398489046|19.625
1398489069|19.625
1398489091|19.625
1398489114|19.625
1398489136|19.562
1398489159|19.625
1398489181|19.625
1398489204|19.562
1398489226|19.562
1398489249|19.562
1398489271|19.625
1398489294|19.625
1398489316|19.562
1398489339|19.625
1398489361|19.625
1398489383|19.625
1398489406|19.562
1398489428|19.625
1398489451|19.625
1398489473|19.562
1398489496|19.562
1398489518|19.562
1398489541|19.625
1398489563|19.625
1398489586|19.625
1398489608|19.562
1398489631|19.562
1398489653|19.625
1398489676|19.562
1398489698|19.562
1398489720|19.625
1398489743|19.562
1398489765|19.562
1398489788|19.562
1398489810|19.562
1398489833|19.562
1398489855|19.562
1398489878|19.562
1398489900|19.562
1398489923|19.562
1398489945|19.562
1398489968|19.562
1398489990|19.625
1398490013|19.625
1398490035|19.562
1398490057|19.562
1398490080|19.562
1398490102|19.562
1398490125|19.625
1398490147|19.562
1398490170|19.562
1398490192|19.562
1398490215|19.625
1398490237|19.562
1398490260|19.625
1398490282|19.562
1398490305|19.562
1398490327|19.562
1398490350|19.562
1398490372|19.562
1398490394|19.562
1398490417|19.562
1398490439|19.562
1398490462|19.562
1398490484|19.562
1398490507|19.562
1398490529|19.562
1398490552|19.562
1398490574|19.562
1398490597|19.562
1398490619|19.562
1398490642|19.562
1398490664|19.562
1398490687|19.562
1398490709|19.562
1398490732|19.562
1398490754|19.562
1398490777|19.562
1398490799|19.562
1398490821|19.562
1398490844|19.562
1398490866|19.562
1398490889|19.562
1398490911|19.562
1398490934|19.562
1398490956|19.562
1398490979|19.562
1398491001|19.562
1398491024|19.562
1398491046|19.562
1398491069|19.562
1398491091|19.562
1398491114|19.562
1398491136|19.562
1398491158|19.562
1398491181|19.562
1398491203|19.562
1398491226|19.562
1398491248|19.562
1398491271|19.562
1398491293|19.562
1398491316|19.562
1398491338|19.562
1398491361|19.562
1398491383|19.562
1398491406|19.562
1398491428|19.562
1398491451|19.562
1398491473|19.562
1398491496|19.562
1398491518|19.562
1398491541|19.562
1398491563|19.562
1398491586|19.562
1398491608|19.562
1398491631|19.562
1398491653|19.562
1398491676|19.562
1398491698|19.562
1398491721|19.562
1398491743|19.562
1398491766|19.562
1398491788|19.562
1398491810|19.562
1398491833|19.562
1398491855|19.562
1398491878|19.562
1398491900|19.562
1398491923|19.562
1398491945|19.562
1398491968|19.562
1398491990|19.562
1398492013|19.562
1398492035|19.562
1398492058|19.625
1398492080|19.687
1398492103|19.687
1398492125|19.75
1398492147|19.812
1398492170|19.812
1398492192|19.937
1398492215|19.937
1398492237|20.0
1398492260|20.062
1398492282|20.125
1398492305|20.125
1398492327|20.187
1398492350|20.25
1398492372|20.25
1398492395|20.312
1398492417|20.312
1398492440|20.312
1398492462|20.312
1398492484|20.375
1398492507|20.312
1398492529|20.312
1398492552|20.375
1398492574|20.375
1398492597|20.5
1398492619|20.5
1398492642|20.562
1398492664|20.687
1398492687|20.75
1398492709|20.812
1398492732|20.937
1398492754|21.0
1398492777|21.062
1398492799|21.187
1398492821|21.25
1398492844|21.375
1398492866|21.437
1398492889|21.5
1398492911|21.562
1398492934|21.562
1398492956|21.75
1398492979|21.812
1398493001|21.875
1398493024|21.937
1398493046|21.937
1398493069|22.062
1398493091|22.187
1398493114|22.25
1398493136|22.312
1398493158|22.375
1398493181|22.437
1398493203|22.5
1398493226|22.5
1398493248|22.625
1398493271|22.625
1398493293|22.687
1398493316|22.75
1398493338|22.812
1398493361|22.875
1398493383|22.937
1398493406|22.937
1398493428|23.0
1398493451|23.062
1398493473|23.125
1398493496|23.187
1398493518|23.187
1398493540|23.25
1398493564|23.312
1398493587|23.375
1398493609|23.375
1398493632|23.437
1398493654|23.437
1398493677|23.5
1398493699|23.562
1398493722|23.625
1398493744|23.625
1398493767|23.625
1398493789|23.75
1398493811|23.75
1398493834|23.812
1398493856|23.812
1398493879|23.875
1398493901|23.937
1398493924|23.937
1398493946|23.937
1398493969|24.0
1398493991|24.062
1398494014|24.062
1398494036|24.125
1398494059|24.125
1398494081|24.187
1398494104|24.187
1398494126|24.25
1398494148|24.25
1398494171|24.25
1398494193|24.312
1398494216|24.312
1398494238|24.375
1398494261|24.375
1398494283|24.437
1398494306|24.437
1398494328|24.5
1398494351|24.5
1398494373|24.562
1398494396|24.562
1398494418|24.562
1398494441|24.625
1398494463|24.625
1398494486|24.625
1398494508|24.625
1398494531|24.687
1398494553|24.687
1398494575|24.75
1398494598|24.812
1398494620|24.812
1398494643|24.812
1398494665|24.812
1398494688|24.875
1398494710|24.875
1398494733|24.937
1398494755|24.875
1398494778|24.937
1398494800|24.937
1398494823|25.0
1398494845|25.0
1398494868|25.0
1398494890|25.0
1398494912|25.062
1398494935|25.062
1398494957|25.125
1398494980|25.062
1398495002|25.125
1398495025|25.187
1398495047|25.187
1398495070|25.187
1398495092|25.187
1398495115|25.25
1398495137|25.25
1398495160|25.25
1398495182|25.25
1398495205|25.25
1398495227|25.312
1398495249|25.312
1398495272|25.312
1398495294|25.375
1398495317|25.375
1398495339|25.375
1398495362|25.375
1398495384|25.375
1398495407|25.437
1398495429|25.437
1398495452|25.437
1398495474|25.5
1398495497|25.5
1398495519|25.5
1398495542|25.5
1398495564|25.5
1398495586|25.5
1398495609|25.562
1398495631|25.5
1398495654|25.562
1398495676|25.562
1398495699|25.625
1398495721|25.625
1398495744|25.625
1398495766|25.625
1398495789|25.625
1398495811|25.625
1398495834|25.625
1398495856|25.625
1398495879|25.687
1398495901|25.687
1398495923|25.687
1398495946|25.687
1398495968|25.75
1398495991|25.75
1398496013|25.75
1398496036|25.75
1398496058|25.75
1398496081|25.75
1398496103|25.812
1398496126|25.812
1398496148|25.75
1398496171|25.812
1398496193|25.812
1398496216|25.812
1398496238|25.812
1398496261|25.812
1398496283|25.875
1398496305|25.875
1398496328|25.875
1398496350|25.875
1398496373|25.875
1398496395|25.875
1398496418|25.875
1398496440|25.875
1398496463|25.875
1398496485|25.875
1398496508|25.937
1398496530|25.937
1398496553|25.937
1398496575|25.937
1398496598|25.937
1398496620|25.937
1398496642|25.937
1398496665|26.0
1398496687|26.0
1398496710|26.0
1398496732|26.0
1398496755|26.0
1398496777|26.0
1398496800|26.0
1398496822|26.0
1398496845|26.0
1398496867|26.0
1398496890|26.062
1398496913|26.0
1398496935|26.062
1398496958|26.062
1398496980|26.062
1398497003|26.062
1398497025|26.062
1398497048|26.062
1398497070|26.062
1398497093|26.062
1398497115|26.062
1398497138|26.062
1398497160|26.125
1398497182|26.125
1398497205|26.125
1398497227|26.125
1398497250|26.125
1398497272|26.125
1398497295|26.125
1398497317|26.125
1398497340|26.125
1398497362|26.187
1398497385|26.125
1398497407|26.125
1398497430|26.125
1398497452|26.125
1398497475|26.125
1398497497|26.125
1398497520|26.187
1398497542|26.187
1398497565|26.187
1398497587|26.187
1398497609|26.187
1398497632|26.187
1398497654|26.187
1398497677|26.187
1398497699|26.187
1398497722|26.187
1398497744|26.187
1398497767|26.25
1398497789|26.25
1398497812|26.25
1398497834|26.25
1398497857|26.25
1398497879|26.25
1398497902|26.25
1398497924|26.25
1398497946|26.25
1398497969|26.25
1398497991|26.25
1398498014|26.25
1398498036|26.25
1398498059|26.25
1398498081|26.312
1398498104|26.312
1398498126|26.312
1398498149|26.312
1398498171|26.25
1398498194|26.25
1398498216|26.312
1398498239|26.312
1398498261|26.312
1398498283|26.312
1398498306|26.312
1398498328|26.312
1398498351|26.312
1398498373|26.312
1398498396|26.312
1398498418|26.312
1398498441|26.312
1398498463|26.312
1398498486|26.375
1398498508|26.312
1398498531|26.312
1398498553|26.312
1398498576|26.375
1398498598|26.375
1398498620|26.375
1398498643|26.375
1398498665|26.375
1398498688|26.375
1398498710|26.375
1398498733|26.375
1398498755|26.375
1398498778|26.437
1398498800|26.375
1398498823|26.375
1398498845|26.437
1398498868|26.437
1398498890|26.437
1398498913|26.437
1398498935|26.437
1398498958|26.437
1398498980|26.437
1398499002|26.437
1398499025|26.5
1398499047|26.5
1398499070|26.5
1398499092|26.5
1398499115|26.562
1398499137|26.562
1398499160|26.562
1398499182|26.562
1398499205|26.562
1398499227|26.625
1398499250|26.625
1398499272|26.625
1398499295|26.625
1398499317|26.625
1398499339|26.687
1398499362|26.687
1398499384|26.687
1398499407|26.687
1398499429|26.687
1398499452|26.687
1398499474|26.75
1398499497|26.75
1398499519|26.75
1398499542|26.812
1398499564|26.812
1398499587|26.812
1398499609|26.812
1398499632|26.875
1398499654|26.875
1398499677|26.875
1398499699|26.875
1398499721|26.875
1398499744|26.937
1398499766|26.937
1398499789|26.937
1398499811|26.937
1398499834|27.0
1398499856|27.0
1398499879|27.0
1398499901|27.0
1398499924|27.0
1398499946|27.0
1398499969|27.0
1398499991|27.062
1398500014|27.062
1398500036|27.062
1398500059|27.125
1398500081|27.125
1398500103|27.125
1398500126|27.125
1398500148|27.125
1398500171|27.125
1398500193|27.125
1398500216|27.125
1398500238|27.187
1398500261|27.187
1398500283|27.187
1398500306|27.187
1398500328|27.25
1398500351|27.25
1398500373|27.187
1398500396|27.25
1398500418|27.25
1398500440|27.25
1398500463|27.25
1398500485|27.312
1398500508|27.312
1398500530|27.312
1398500553|27.312
1398500575|27.312
1398500598|27.312
1398500620|27.375
1398500643|27.375
1398500665|27.375
1398500688|27.375
1398500710|27.437
1398500733|27.375
1398500755|27.375
1398500777|27.437
1398500800|27.437
1398500822|27.437
1398500845|27.437
1398500867|27.437
1398500890|27.5
1398500912|27.5
1398500935|27.5
1398500957|27.5
1398500980|27.5
1398501002|27.5
1398501025|27.5
1398501047|27.5
1398501070|27.5
1398501092|27.5
1398501115|27.562
1398501137|27.562
1398501160|27.562
1398501182|27.562
1398501204|27.562
1398501227|27.562
1398501249|27.562
1398501272|27.625
1398501294|27.625
1398501317|27.625
1398501339|27.625
1398501362|27.625
1398501384|27.625
1398501407|27.625
1398501429|27.625
1398501452|27.625
1398501474|27.687
1398501497|27.625
1398501519|27.625
1398501541|27.625
1398501564|27.687
1398501586|27.687
1398501609|27.687
1398501631|27.687
1398501654|27.687
1398501676|27.687
1398501699|27.75
1398501721|27.75
1398501744|27.75
1398501766|27.75
1398501789|27.75
1398501811|27.75
1398501834|27.812
1398501856|27.812
1398501878|27.812
1398501901|27.812
1398501923|27.812
1398501946|27.812
1398501968|27.875
1398501991|27.875
1398502013|27.875
1398502036|27.812
1398502058|27.875
1398502081|27.875
1398502103|27.875
1398502126|27.937
1398502148|27.937
1398502171|27.937
1398502193|27.937
1398502216|27.937
1398502238|27.937
1398502260|27.937
1398502283|28.0
1398502305|28.0
1398502328|28.0
1398502350|28.0
1398502373|28.0
1398502395|28.0
1398502418|28.0
1398502440|28.0
1398502463|28.062
1398502485|28.062
1398502508|28.062
1398502530|28.062
1398502552|28.125
1398502575|28.125
1398502597|28.125
1398502620|28.125
1398502642|28.125
1398502665|28.125
1398502687|28.187
1398502710|28.187
1398502732|28.187
1398502755|28.187
1398502777|28.187
1398502800|28.187
1398502822|28.187
1398502845|28.25
1398502867|28.187
1398502890|28.187
1398502912|28.25
1398502934|28.25
1398502957|28.25
1398502979|28.25
1398503002|28.25
1398503024|28.312
1398503047|28.312
1398503069|28.312
1398503092|28.312
1398503114|28.312
1398503137|28.312
1398503159|28.312
1398503182|28.375
1398503204|28.375
1398503227|28.375
1398503249|28.375
1398503271|28.375
1398503294|28.375
1398503316|28.437
1398503339|28.437
1398503361|28.437
1398503384|28.437
1398503406|28.437
1398503429|28.437
1398503451|28.437
1398503474|28.437
1398503496|28.437
1398503519|28.437
1398503541|28.5
1398503564|28.5
1398503586|28.5
1398503608|28.5
1398503631|28.5
1398503653|28.562
1398503676|28.562
1398503698|28.562
1398503721|28.562
1398503743|28.562
1398503766|28.625
1398503788|28.562
1398503811|28.562
1398503833|28.625
1398503856|28.625
1398503878|28.625
1398503901|28.625
1398503923|28.625
1398503945|28.625
1398503968|28.625
1398503990|28.687
1398504013|28.687
1398504035|28.687
1398504058|28.687
1398504080|28.687
1398504103|28.687
1398504125|28.687
1398504148|28.687
1398504170|28.75
1398504193|28.75
1398504215|28.75
1398504238|28.75
1398504260|28.75
1398504283|28.812
1398504305|28.75
1398504327|28.75
1398504350|28.812
1398504372|28.812
1398504395|28.812
1398504417|28.812
1398504440|28.812
1398504462|28.875
1398504485|28.875
1398504507|28.875
1398504530|28.875
1398504552|28.875
1398504575|28.875
1398504597|28.875
1398504620|28.937
1398504642|28.937
1398504665|28.937
1398504687|28.937
1398504709|28.937
1398504732|28.937
1398504754|29.0
1398504777|29.0
1398504799|29.0
1398504822|29.0
1398504844|29.0
1398504867|29.0
1398504889|29.0
1398504912|29.062
1398504934|29.062
1398504957|29.062
1398504979|29.062
1398505002|29.062
1398505024|29.062
1398505046|29.062
1398505069|29.062
1398505091|29.062
1398505114|29.125
1398505136|29.125
1398505159|29.125
1398505181|29.125
1398505204|29.125
1398505226|29.125
1398505249|29.187
1398505271|29.187
1398505294|29.187
1398505316|29.187
1398505339|29.187
1398505361|29.187
1398505383|29.187
1398505406|29.25
1398505428|29.25
1398505451|29.25
1398505473|29.25
1398505496|29.25
1398505518|29.25
1398505541|29.25
1398505563|29.312
1398505586|29.312
1398505608|29.312
1398505631|29.312
1398505653|29.312
1398505676|29.312
1398505698|29.312
1398505720|29.375
1398505743|29.312
1398505766|29.375
1398505788|29.375
1398505810|29.375
1398505833|29.375
1398505855|29.375
1398505878|29.437
1398505900|29.437
1398505923|29.437
1398505945|29.437
1398505968|29.437
1398505990|29.437
1398506013|29.5
1398506035|29.5
1398506058|29.5
1398506080|29.5
1398506103|29.5
1398506125|29.5
1398506147|29.5
1398506170|29.5
1398506192|29.5
1398506215|29.562
1398506237|29.562
1398506260|29.562
1398506282|29.562
1398506305|29.562
1398506327|29.562
1398506350|29.625
1398506372|29.625
1398506395|29.625
1398506417|29.625
1398506440|29.625
1398506462|29.625
1398506484|29.687
1398506507|29.687
1398506529|29.687
1398506552|29.687
1398506574|29.687
1398506597|29.687
1398506619|29.687
1398506642|29.75
1398506664|29.75
1398506687|29.75
1398506709|29.75
1398506732|29.75
1398506754|29.75
1398506777|29.75
1398506799|29.75
1398506821|29.812
1398506844|29.812
1398506866|29.812
1398506889|29.812
1398506911|29.875
1398506934|29.875
1398506956|29.875
1398506979|29.875
1398507001|29.875
1398507024|29.875
1398507046|29.875
1398507069|29.875
1398507091|29.937
1398507114|29.937
1398507136|29.937
1398507158|29.937
1398507181|29.937
1398507203|29.937
1398507226|29.937
1398507248|30.0
1398507271|30.0
1398507293|30.0
1398507316|30.0
1398507338|30.0
1398507361|30.0
1398507383|30.062
1398507406|30.062
1398507428|30.062
1398507451|30.062
1398507473|30.062
1398507496|30.125
1398507518|30.125
1398507540|30.125
1398507563|30.125
1398507585|30.125
1398507608|30.125
1398507630|30.187
1398507653|30.187
1398507675|30.187
1398507698|30.187
1398507720|30.187
1398507743|30.187
1398507765|30.187
1398507788|30.25
1398507810|30.25
1398507833|30.25
1398507855|30.25
1398507877|30.25
1398507900|30.25
1398507922|30.312
1398507945|30.312
1398507967|30.312
1398507990|30.312
1398508012|30.312
1398508035|30.312
1398508057|30.312
1398508080|30.312
1398508102|30.312
1398508125|30.375
1398508147|30.375
1398508170|30.375
1398508192|30.375
1398508215|30.437
1398508237|30.375
1398508259|30.375
1398508282|30.437
1398508304|30.437
1398508327|30.437
1398508349|30.437
1398508372|30.437
1398508394|30.5
1398508417|30.5
1398508439|30.5
1398508462|30.5
1398508484|30.5
1398508507|30.5
1398508529|30.5
1398508552|30.562
1398508574|30.562
1398508597|30.562
1398508619|30.562
1398508641|30.562
1398508664|30.625
1398508686|30.625
1398508709|30.625
1398508731|30.625
1398508754|85.0
1398508776|85.0
1398508799|30.625
1398508821|30.687
1398508844|30.687
1398508866|30.687
1398508889|30.687
1398508911|30.687
1398508934|30.75
1398508956|30.75
1398508978|30.75
1398509001|30.75
1398509023|30.75
1398509046|30.75
1398509068|30.812
1398509091|30.812
1398509113|30.812
1398509136|30.812
1398509158|30.812
1398509181|30.812
1398509203|30.812
1398509226|30.875
1398509248|30.875
1398509271|30.875
1398509293|30.875
1398509315|30.875
1398509338|30.937
1398509360|30.937
1398509383|30.937
1398509405|30.937
1398509428|30.937
1398509450|30.937
1398509473|30.937
1398509495|31.0
1398509518|31.0
1398509540|31.0
1398509563|31.0
1398509585|31.0
1398509608|31.062
1398509630|31.062
1398509653|31.062
1398509675|31.062
1398509697|31.062
1398509720|31.062
1398509742|31.125
1398509765|31.125
1398509787|31.125
1398509810|31.125
1398509832|31.125
1398509855|31.125
1398509877|31.125
1398509900|31.125
1398509922|31.187
1398509945|31.187
1398509967|31.187
1398509990|31.187
1398510012|31.25
1398510035|31.187
1398510057|31.25
1398510079|31.25
1398510102|31.25
1398510124|31.25
1398510147|31.25
1398510169|31.312
1398510192|31.312
1398510214|31.312
1398510237|31.312
1398510259|31.312
1398510282|31.375
1398510304|31.375
1398510327|31.375
1398510349|31.375
1398510372|31.375
1398510394|31.375
1398510416|31.375
1398510439|31.437
1398510461|31.437
1398510484|31.437
1398510506|31.437
1398510529|31.5
1398510551|31.5
1398510574|31.5
1398510596|31.5
1398510619|31.5
1398510641|31.5
1398510664|31.5
1398510686|31.5
1398510709|31.562
1398510731|31.562
1398510753|31.562
1398510776|31.562
1398510798|31.562
1398510821|31.562
1398510843|31.625
1398510866|31.625
1398510888|31.625
1398510911|31.625
1398510933|31.625
1398510956|31.625
1398510978|31.625
1398511001|31.687
1398511023|31.687
1398511046|31.687
1398511068|31.687
1398511091|31.75
1398511113|31.75
1398511135|31.75
1398511158|31.75
1398511180|31.75
1398511203|31.75
1398511225|31.812
1398511248|31.812
1398511270|31.812
1398511293|31.812
1398511315|31.812
1398511338|31.875
1398511360|31.875
1398511383|31.875
1398511405|31.875
1398511428|31.875
1398511450|31.937
1398511472|31.937
1398511495|31.937
1398511517|31.937
1398511540|31.937
1398511562|32.0
1398511585|32.0
1398511607|32.0
1398511630|32.0
1398511652|32.0
1398511675|32.0
1398511697|32.0
1398511720|32.062
1398511742|32.062
1398511765|32.062
1398511787|32.062
1398511809|32.062
1398511832|32.062
1398511854|32.125
1398511877|32.125
1398511899|32.125
1398511922|32.125
1398511944|32.125
1398511967|32.125
1398511989|32.187
1398512012|32.187
1398512034|32.187
1398512057|32.187
1398512079|32.187
1398512102|32.187
1398512124|32.187
1398512147|32.187
1398512169|32.25
1398512192|32.25
1398512214|32.25
1398512236|32.312
1398512259|32.312
1398512281|32.312
1398512304|32.312
1398512326|32.312
1398512349|32.312
1398512371|32.312
1398512394|32.375
1398512416|32.375
1398512439|32.375
1398512461|32.375
1398512484|32.375
1398512506|32.437
1398512529|32.437
1398512551|32.437
1398512573|32.437
1398512596|32.5
1398512618|32.437
1398512641|32.5
1398512663|32.5
1398512686|32.5
1398512708|32.5
1398512731|32.5
1398512753|32.5
1398512776|32.562
1398512798|32.562
1398512821|32.562
1398512843|32.625
1398512866|32.625
1398512888|32.625
1398512911|32.625
1398512933|32.625
1398512955|32.625
1398512978|32.687
1398513000|32.687
1398513023|32.687
1398513045|32.687
1398513068|32.687
1398513090|32.687
1398513113|32.75
1398513135|32.75
1398513158|32.75
1398513180|32.75
1398513203|32.75
1398513225|32.75
1398513248|32.75
1398513270|32.75
1398513293|32.75
1398513315|32.812
1398513337|32.812
1398513360|32.812
1398513382|32.812
1398513405|32.875
1398513427|32.875
1398513450|32.875
1398513472|32.875
1398513495|32.875
1398513517|32.875
1398513540|32.875
1398513562|32.937
1398513585|32.937
1398513607|32.937
1398513630|32.937
1398513652|32.937
1398513674|32.937
1398513697|33.0
1398513719|33.0
1398513742|33.0
1398513764|33.0
1398513787|33.0
1398513809|33.0
1398513832|33.0
1398513854|33.0
1398513877|33.062
1398513899|33.062
1398513922|33.062
1398513944|33.062
1398513967|33.125
1398513989|33.125
1398514011|33.125
1398514034|33.125
1398514056|33.125
1398514079|33.125
1398514101|33.125
1398514124|33.187
1398514146|33.187
1398514169|33.187
1398514191|33.187
1398514214|33.187
1398514236|33.25
1398514259|33.25
1398514281|33.25
1398514304|33.25
1398514326|33.25
1398514349|33.25
1398514371|33.25
1398514393|33.25
1398514416|33.312
1398514438|33.312
1398514461|33.312
1398514483|33.312
1398514506|33.312
1398514528|33.312
1398514551|33.375
1398514573|33.312
1398514596|33.375
1398514618|33.375
1398514641|33.375
1398514663|33.375
1398514686|33.375
1398514708|33.375
1398514730|33.375
1398514753|33.437
1398514775|33.437
1398514798|33.437
1398514820|33.437
1398514843|33.437
1398514865|33.5
1398514888|33.5
1398514910|33.5
1398514933|33.5
1398514955|33.5
1398514978|33.562
1398515000|33.562
1398515023|33.562
1398515045|33.562
1398515067|33.562
1398515090|33.562
1398515112|33.562
1398515135|33.562
1398515157|33.625
1398515180|33.625
1398515202|33.625
1398515225|33.625
1398515247|33.625
1398515270|33.625
1398515292|33.625
1398515315|33.625
1398515337|33.625
1398515360|33.625
1398515382|33.687
1398515404|33.687
1398515427|33.687
1398515449|33.687
1398515472|33.687
1398515494|33.687
1398515517|33.687
1398515539|33.687
1398515562|33.75
1398515584|33.75
1398515607|33.75
1398515629|33.75
1398515652|33.75
1398515674|33.75
1398515697|33.812
1398515719|33.812
1398515742|33.812
1398515764|33.812
1398515786|33.875
1398515809|33.875
1398515831|33.875
1398515854|33.875
1398515876|33.937
1398515899|33.937
1398515921|33.937
1398515944|33.937
1398515966|33.937
1398515989|33.937
1398516011|34.0
1398516034|34.0
1398516056|34.0
1398516079|34.0
1398516101|34.0
1398516124|34.0
1398516146|34.0
1398516168|34.062
1398516191|34.062
1398516213|34.062
1398516236|34.062
1398516258|34.062
1398516281|34.062
1398516303|34.125
1398516326|34.062
1398516348|34.125
1398516371|34.125
1398516393|34.125
1398516416|34.125
1398516438|34.125
1398516461|34.125
1398516483|34.125
1398516505|34.125
1398516528|34.125
1398516550|34.187
1398516573|34.187
1398516595|34.187
1398516618|34.187
1398516640|34.187
1398516663|34.187
1398516685|34.187
1398516708|34.187
1398516730|34.187
1398516753|34.187
1398516775|34.187
1398516798|34.187
1398516820|34.25
1398516842|34.25
1398516865|34.25
1398516887|34.25
1398516910|34.25
1398516932|34.25
1398516955|34.25
1398516977|34.25
1398517000|34.312
1398517022|34.312
1398517045|34.312
1398517067|34.375
1398517090|34.312
1398517112|34.375
1398517135|34.375
1398517157|34.375
1398517179|34.375
1398517202|34.437
1398517224|34.437
1398517247|34.437
1398517269|34.5
1398517292|34.5
1398517314|34.5
1398517337|34.562
1398517359|34.562
1398517382|34.562
1398517404|34.562
1398517427|34.562
1398517449|34.625
1398517472|34.562
1398517494|34.625
1398517517|34.625
1398517539|34.625
1398517562|34.625
1398517584|34.625
1398517606|34.687
1398517629|34.625
1398517651|34.687
1398517674|34.687
1398517696|34.687
1398517719|34.687
1398517741|34.75
1398517764|34.75
1398517786|34.687
1398517809|34.75
1398517831|34.75
1398517854|34.75
1398517876|34.75
1398517899|34.812
1398517921|34.812
1398517943|34.812
1398517966|34.812
1398517988|34.812
1398518011|34.812
1398518033|34.812
1398518056|34.812
1398518078|34.875
1398518101|34.875
1398518123|34.875
1398518146|34.875
1398518168|34.875
1398518191|34.875
1398518213|34.875
1398518236|34.875
1398518258|34.875
1398518280|34.937
1398518303|34.937
1398518325|34.937
1398518348|34.937
1398518370|34.937
1398518393|34.937
1398518415|34.937
1398518438|35.0
1398518460|34.937
1398518483|35.0
1398518505|35.0
1398518528|35.0
1398518550|35.0
1398518573|35.0
1398518595|35.0
1398518617|35.0
1398518640|35.0
1398518662|35.0
1398518685|35.0
1398518707|35.062
1398518730|35.0
1398518752|35.062
1398518775|35.062
1398518797|35.062
1398518820|35.062
1398518842|35.062
1398518865|35.062
1398518887|35.062
1398518910|35.125
1398518932|35.125
1398518955|35.125
1398518977|35.125
1398518999|35.125
1398519022|35.125
1398519044|35.125
1398519067|35.125
1398519089|35.125
1398519112|35.125
1398519134|35.125
1398519157|35.125
1398519179|35.125
1398519202|35.125
1398519224|35.125
1398519247|35.125
1398519269|35.125
1398519292|35.125
1398519314|35.187
1398519336|35.125
1398519359|35.187
1398519381|35.187
1398519404|35.187
1398519426|35.187
1398519449|35.187
1398519471|35.187
1398519494|35.187
1398519516|35.25
1398519539|35.25
1398519561|35.25
1398519584|35.25
1398519606|35.25
1398519629|35.25
1398519651|35.312
1398519673|35.312
1398519696|35.312
1398519718|35.312
1398519741|35.312
1398519763|35.375
1398519786|35.375
1398519808|35.375
1398519831|35.375
1398519853|35.437
1398519876|35.375
1398519898|35.375
1398519921|35.375
1398519943|35.437
1398519966|35.437
1398519988|35.437
1398520010|35.437
1398520033|35.437
1398520055|35.437
1398520078|35.437
1398520100|35.437
1398520123|35.5
1398520145|35.5
1398520168|35.562
1398520190|35.5
1398520213|35.562
1398520235|35.562
1398520258|35.562
1398520280|35.625
1398520303|35.625
1398520325|35.625
1398520347|35.625
1398520370|35.625
1398520392|35.625
1398520415|35.625
1398520437|35.625
1398520460|35.687
1398520482|35.687
1398520505|35.687
1398520527|35.687
1398520550|35.687
1398520572|35.687
1398520595|35.687
1398520617|35.75
1398520640|35.75
1398520662|35.75
1398520684|35.75
1398520707|35.75
1398520729|35.75
1398520752|35.75
1398520774|35.75
1398520797|35.75
1398520819|35.75
1398520842|35.812
1398520864|35.812
1398520887|35.812
1398520909|35.812
1398520932|35.812
1398520954|35.875
1398520977|35.812
1398520999|35.875
1398521022|35.875
1398521044|35.875
1398521066|35.875
1398521089|35.875
1398521111|35.875
1398521134|35.937
1398521156|35.937
1398521179|35.937
1398521201|35.937
1398521224|35.937
1398521246|35.937
1398521269|35.937
1398521291|35.937
1398521314|35.937
1398521336|35.937
1398521359|35.937
1398521381|35.937
1398521404|36.0
1398521426|36.0
1398521448|36.0
1398521471|36.0
1398521493|36.0
1398521516|36.0
1398521538|36.0
1398521561|36.0
1398521583|36.0
1398521606|36.0
1398521628|36.062
1398521651|36.062
1398521673|36.062
1398521696|36.062
1398521718|36.062
1398521741|36.062
1398521763|36.125
1398521785|36.125
1398521808|36.125
1398521830|36.125
1398521853|36.187
1398521875|36.187
1398521898|36.187
1398521920|36.187
1398521943|36.25
1398521965|36.25
1398521988|36.25
1398522010|36.25
1398522033|36.25
1398522055|36.25
1398522078|36.25
1398522100|36.25
1398522122|36.25
1398522145|36.25
1398522167|36.25
1398522190|36.312
1398522212|36.25
1398522235|36.312
1398522257|36.312
1398522280|36.312
1398522302|36.312
1398522325|36.312
1398522347|36.312
1398522370|36.312
1398522392|36.312
1398522415|36.375
1398522437|36.312
1398522459|36.375
1398522482|36.375
1398522504|36.375
1398522527|36.375
1398522549|36.375
1398522572|36.375
1398522594|36.375
1398522617|36.437
1398522639|36.375
1398522662|36.437
1398522684|36.437
1398522707|36.437
1398522729|36.437
1398522752|36.437
1398522774|36.437
1398522797|36.5
1398522819|36.437
1398522842|36.5
1398522864|36.5
1398522886|36.5
1398522909|36.5
1398522931|36.437
1398522954|36.5
1398522976|36.5
1398522999|36.5
1398523021|36.5
1398523044|36.5
1398523066|36.5
1398523089|36.5
1398523111|36.5
1398523134|36.5
1398523156|36.5
1398523179|36.5
1398523201|36.5
1398523223|36.5
1398523246|36.562
1398523268|36.5
1398523291|36.562
1398523313|36.562
1398523336|36.562
1398523358|36.562
1398523381|36.562
1398523403|36.562
1398523426|36.562
1398523448|36.562
1398523471|36.562
1398523493|36.562
1398523516|36.625
1398523538|36.625
1398523560|36.625
1398523583|36.625
1398523605|36.625
1398523628|36.625
1398523650|36.625
1398523673|36.625
1398523695|36.625
1398523718|36.625
1398523740|36.625
1398523763|36.625
1398523785|36.625
1398523808|36.687
1398523830|36.625
1398523853|36.625
1398523875|36.687
1398523897|36.687
1398523920|36.687
1398523942|36.687
1398523965|36.687
1398523987|36.687
1398524010|36.75
1398524032|36.75
1398524055|36.687
1398524077|36.75
1398524100|36.75
1398524122|36.75
1398524145|36.75
1398524167|36.812
1398524190|36.812
1398524212|36.812
1398524234|36.812
1398524257|36.812
1398524279|36.812
1398524302|36.812
1398524324|36.875
1398524347|36.875
1398524369|36.875
1398524392|36.875
1398524414|36.875
1398524437|36.875
1398524459|36.875
1398524482|36.875
1398524504|36.875
1398524527|36.937
1398524549|36.937
1398524571|36.937
1398524594|36.937
1398524616|36.937
1398524639|36.937
1398524661|37.0
1398524684|37.0
1398524706|37.0
1398524729|37.062
1398524751|37.0
1398524774|37.062
1398524796|37.062
1398524819|37.062
1398524841|37.062
1398524864|37.062
1398524886|37.062
1398524909|37.062
1398524931|37.062
1398524953|37.062
1398524976|37.062
1398524998|37.125
1398525021|37.062
1398525043|37.125
1398525066|37.125
1398525088|37.125
1398525111|37.125
1398525133|37.125
1398525156|37.125
1398525178|37.187
1398525201|37.187
1398525223|37.187
1398525246|37.187
1398525268|37.187
1398525290|37.187
1398525313|37.187
1398525335|37.187
1398525358|37.25
1398525380|37.25
1398525403|37.25
1398525425|37.25
1398525448|37.312
1398525470|37.312
1398525493|37.312
1398525515|37.312
1398525538|37.312
1398525560|37.312
1398525583|37.375
1398525605|37.312
1398525627|37.312
1398525650|37.312
1398525672|37.375
1398525695|37.312
1398525717|37.375
1398525740|37.375
1398525762|37.375
1398525785|37.375
1398525807|37.375
1398525830|37.437
1398525852|37.437
1398525875|37.437
1398525897|37.437
1398525920|37.437
1398525942|37.437
1398525964|37.437
1398525987|37.437
1398526009|37.437
1398526032|37.437
1398526054|37.5
1398526077|37.5
1398526099|37.5
1398526122|37.5
1398526144|37.5
1398526167|37.5
1398526189|37.562
1398526212|37.562
1398526234|37.562
1398526257|37.562
1398526279|37.562
1398526302|37.562
1398526324|37.562
1398526346|37.562
1398526369|37.625
1398526391|37.625
1398526414|37.625
1398526436|37.625
1398526459|37.625
1398526481|37.625
1398526504|37.625
1398526526|37.687
1398526549|37.687
1398526571|37.687
1398526594|37.687
1398526616|37.687
1398526639|37.75
1398526661|37.687
1398526684|37.75
1398526706|37.75
1398526728|37.75
1398526751|37.75
1398526773|37.75
1398526796|37.75
1398526818|37.75
1398526841|37.812
1398526863|37.75
1398526886|37.812
1398526908|37.812
1398526931|37.812
1398526953|37.812
1398526976|37.812
1398526998|37.812
1398527021|37.812
1398527043|37.812
1398527065|37.875
1398527088|37.875
1398527110|37.875
1398527133|37.875
1398527155|37.875
1398527178|37.875
1398527200|37.875
1398527223|37.875
1398527245|37.875
1398527268|37.875
1398527290|37.875
1398527313|37.937
1398527335|37.875
1398527358|37.937
1398527380|37.937
1398527402|37.937
1398527425|38.0
1398527447|38.0
1398527470|37.937
1398527492|38.0
1398527515|38.0
1398527537|38.0
1398527560|38.0
1398527582|38.0
1398527605|38.0
1398527627|38.0
1398527650|38.0
1398527672|38.0
1398527695|38.0
1398527717|38.062
1398527740|38.062
1398527762|38.062
1398527785|38.062
1398527807|38.062
1398527829|38.062
1398527852|38.062
1398527874|38.062
1398527897|38.062
1398527919|38.062
1398527942|38.062
1398527964|38.062
1398527987|38.062
1398528009|38.062
1398528032|38.062
1398528054|38.062
1398528077|38.062
1398528099|38.062
1398528122|38.125
1398528144|38.062
1398528166|38.125
1398528189|38.125
1398528211|38.125
1398528234|38.125
1398528256|38.125
1398528280|38.125
1398528302|38.125
1398528324|38.125
1398528347|38.125
1398528369|38.125
1398528392|38.125
1398528414|38.125
1398528437|38.125
1398528459|38.125
1398528482|38.125
1398528504|38.125
1398528527|38.125
1398528549|38.125
1398528572|38.125
1398528594|38.125
1398528617|38.125
1398528639|38.125
1398528662|38.125
1398528684|38.125
1398528707|38.125
1398528729|38.125
1398528752|38.125
1398528774|38.125
1398528797|38.125
1398528819|38.125
1398528842|38.187
1398528864|38.187
1398528887|38.187
1398528909|38.187
1398528932|38.187
1398528954|38.187
1398528977|38.187
1398528999|38.187
1398529021|38.187
1398529044|38.187
1398529066|38.187
1398529089|38.187
1398529111|38.187
1398529134|38.187
1398529156|38.187
1398529179|38.25
1398529201|38.25
1398529224|38.25
1398529246|38.25
1398529269|38.25
1398529291|38.187
1398529314|38.25
1398529336|38.187
1398529358|38.187
1398529381|38.25
1398529403|38.187
1398529426|38.25
1398529448|38.25
1398529471|38.187
1398529493|38.187
1398529516|38.187
1398529538|38.187
1398529561|38.187
1398529583|38.187
1398529606|38.187
1398529628|38.187
1398529651|38.187
1398529673|38.25
1398529695|38.187
1398529718|38.187
1398529740|38.187
1398529763|38.187
1398529785|38.187
1398529808|38.187
1398529830|38.187
1398529853|38.187
1398529875|38.25
1398529898|38.25
1398529920|38.25
1398529943|38.187
1398529965|38.187
1398529988|38.25
1398530010|38.25
1398530032|38.187
1398530055|38.25
1398530077|38.25
1398530100|38.187
1398530122|38.25
1398530145|38.25
1398530167|38.25
1398530190|38.25
1398530212|38.25
1398530235|38.25
1398530257|38.25
1398530280|38.25
1398530302|38.25
1398530325|38.25
1398530347|38.25
1398530370|38.25
1398530392|38.25
1398530414|38.25
1398530437|38.25
1398530459|38.25
1398530482|38.187
1398530504|38.187
1398530527|38.187
1398530549|38.187
1398530572|38.187
1398530594|38.187
1398530617|38.187
1398530639|38.187
1398530662|38.187
1398530684|38.187
1398530707|38.187
1398530729|38.187
1398530751|38.187
1398530774|38.187
1398530796|38.187
1398530819|38.187
1398530841|38.187
1398530864|38.187
1398530886|38.187
1398530909|38.187
1398530931|38.187
1398530954|38.187
1398530976|38.187
1398530999|38.25
1398531021|38.25
1398531044|38.187
1398531066|38.187
1398531088|38.187
1398531111|38.187
1398531133|38.187
1398531156|38.187
1398531178|38.187
1398531201|38.187
1398531223|38.187
1398531246|38.25
1398531268|38.25
1398531291|38.25
1398531313|38.187
1398531336|38.25
1398531358|38.25
1398531381|38.25
1398531403|38.187
1398531425|38.187
1398531448|38.25
1398531470|38.187
1398531493|38.187
1398531515|38.187
1398531538|38.187
1398531560|38.187
1398531583|38.187
1398531605|38.187
1398531628|38.187
1398531650|38.187
1398531673|38.187
1398531695|38.187
1398531718|38.187
1398531740|38.187
1398531763|38.187
1398531785|38.187
1398531808|38.187
1398531830|38.187
1398531852|38.187
1398531875|38.187
1398531897|38.187
1398531920|38.187
1398531942|38.187
1398531965|38.187
1398531987|38.187
1398532010|38.187
1398532032|38.125
1398532055|38.187
1398532077|38.187
1398532100|38.187
1398532122|38.125
1398532145|38.125
1398532167|38.125
1398532189|38.125
1398532212|38.125
1398532234|38.125
1398532257|38.125
1398532279|38.125
1398532302|38.125
1398532324|38.125
1398532347|38.125
1398532369|38.125
1398532392|38.125
1398532414|38.125
1398532437|38.125
1398532459|38.125
1398532482|38.125
1398532504|38.125
1398532526|38.125
1398532549|38.125
1398532571|38.125
1398532594|38.125
1398532616|38.125
1398532639|38.125
1398532661|38.125
1398532684|38.125
1398532706|38.125
1398532729|38.125
1398532751|38.062
1398532774|38.125
1398532796|38.125
1398532819|38.125
1398532841|38.062
1398532864|38.125
1398532886|38.125
1398532909|38.125
1398532931|38.125
1398532953|38.125
1398532976|38.125
1398532998|38.125
1398533021|38.125
1398533043|38.125
1398533066|38.062
1398533088|38.062
1398533111|38.125
1398533133|38.062
1398533156|38.125
1398533178|38.125
1398533201|38.125
1398533223|38.062
1398533246|38.125
1398533268|38.125
1398533290|38.125
1398533313|38.125
1398533335|38.062
1398533358|38.062
1398533380|38.062
1398533403|38.062
1398533425|38.062
1398533448|38.062
1398533470|38.062
1398533493|38.062
1398533515|38.062
1398533538|38.062
1398533560|38.062
1398533583|38.062
1398533605|38.062
1398533627|38.062
1398533650|38.062
1398533672|38.062
1398533695|38.062
1398533717|38.062
1398533740|38.062
1398533762|38.062
1398533785|38.062
1398533807|38.062
1398533830|38.062
1398533852|38.062
1398533875|38.062
1398533897|38.062
1398533920|38.062
1398533942|38.062
1398533965|38.062
1398533987|38.062
1398534009|38.0
1398534032|38.0
1398534054|38.0
1398534077|38.0
1398534099|38.0
1398534122|38.0
1398534144|38.0
1398534167|38.0
1398534189|38.0
1398534212|38.0
1398534234|38.0
1398534257|38.0
1398534279|38.0
1398534302|38.0
1398534324|38.0
1398534346|38.0
1398534369|38.0
1398534391|38.0
1398534414|38.0
1398534436|38.0
1398534459|38.0
1398534481|38.0
1398534504|38.0
1398534526|38.0
1398534549|38.0
1398534571|38.0
1398534594|38.0
1398534616|38.0
1398534639|38.0
1398534661|38.0
1398534683|38.0
1398534706|38.0
1398534728|38.0
1398534751|38.0
1398534773|38.0
1398534796|38.0
1398534818|38.0
1398534841|38.0
1398534863|38.0
1398534886|38.0
1398534908|38.0
1398534931|38.0
1398534953|38.0
1398534976|38.0
1398534998|38.0
1398535020|38.0
1398535043|37.937
1398535065|37.937
1398535088|37.937
1398535110|37.937
1398535133|37.937
1398535155|37.937
1398535178|37.937
1398535200|37.937
1398535223|37.937
1398535245|37.937
1398535268|37.875
1398535290|37.937
1398535313|37.875
1398535335|37.875
1398535358|37.937
1398535380|37.875
