1402857067|39.562
1402857089|39.562
1402857112|39.562
1402857134|39.562
1402857157|39.562
1402857179|39.562
1402857202|39.562
1402857225|39.562
1402857247|39.562
1402857270|39.562
1402857292|39.562
1402857315|39.562
1402857337|39.562
1402857360|39.562
1402857382|39.562
1402857405|39.562
1402857427|39.562
1402857450|39.562
1402857472|39.562
1402857495|39.562
1402857517|39.562
1402857539|39.562
1402857562|39.562
1402857584|39.562
1402857607|39.562
1402857629|39.562
1402857652|39.562
1402857674|39.562
1402857697|39.562
1402857719|39.562
1402857742|39.562
1402857764|39.562
1402857787|39.5
1402857809|39.5
1402857832|39.5
1402857854|39.562
1402857876|39.562
1402857899|39.5
1402857921|39.562
1402857944|39.5
1402857966|39.562
1402857989|39.562
1402858011|39.5
1402858034|39.5
1402858056|39.5
1402858079|39.5
1402858101|39.5
1402858124|39.5
1402858146|39.5
1402858169|39.437
1402858191|39.437
1402858213|39.5
1402858236|39.437
1402858258|39.437
1402858281|39.437
1402858303|39.437
1402858326|39.437
1402858348|39.437
1402858371|39.437
1402858393|39.437
1402858416|39.437
1402858438|39.437
1402858461|39.437
1402858483|39.437
1402858506|39.437
1402858528|39.437
1402858551|39.437
1402858573|39.437
1402858595|39.437
1402858618|39.437
1402858640|39.437
1402858663|39.437
1402858685|39.437
1402858708|39.437
1402858730|39.437
1402858753|39.437
1402858775|39.437
1402858798|39.437
1402858820|39.437
1402858843|39.437
1402858865|39.437
1402858888|39.375
1402858910|39.375
1402858932|39.437
1402858955|39.437
1402858977|39.437
1402859000|39.375
1402859022|39.375
1402859045|39.437
1402859067|39.437
1402859090|39.375
1402859112|39.437
1402859135|39.375
1402859157|39.437
1402859180|39.375
1402859202|39.375
1402859225|39.312
1402859247|39.312
1402859269|39.25
1402859292|39.25
1402859314|39.187
1402859337|39.187
1402859359|39.125
1402859382|39.062
1402859404|39.062
1402859427|39.0
1402859449|39.0
1402859472|38.937
1402859494|38.937
1402859517|38.875
1402859539|38.875
1402859562|38.812
1402859584|38.812
1402859607|38.812
1402859629|38.75
1402859651|38.75
1402859674|38.75
1402859696|38.687
1402859719|38.687
1402859741|38.687
1402859764|38.625
1402859786|38.625
1402859809|38.625
1402859831|38.625
1402859854|38.625
1402859876|38.625
1402859899|38.562
1402859921|38.562
1402859944|38.562
1402859966|38.562
1402859989|38.562
1402860011|38.5
1402860033|38.5
1402860056|38.5
1402860078|38.5
1402860101|38.5
1402860123|38.5
1402860146|38.437
1402860168|38.437
1402860191|38.437
1402860213|38.437
1402860236|38.437
1402860258|38.437
1402860281|38.375
1402860303|38.375
1402860326|38.375
1402860348|38.375
1402860370|38.375
1402860393|38.375
1402860415|38.375
1402860438|38.375
1402860460|38.375
1402860483|38.312
1402860505|38.312
1402860528|38.312
1402860550|38.312
1402860573|38.312
1402860595|38.312
1402860618|38.312
1402860640|38.312
1402860663|38.312
1402860685|38.312
1402860707|38.312
1402860730|38.25
1402860752|38.25
1402860775|38.25
1402860797|38.25
1402860820|38.25
1402860842|38.25
1402860865|38.187
1402860887|38.187
1402860910|38.25
1402860932|38.187
1402860955|38.187
1402860977|38.25
1402861000|38.187
1402861022|38.187
1402861044|38.187
1402861067|38.25
1402861089|38.187
1402861112|38.187
1402861134|38.187
1402861157|38.187
1402861179|38.187
1402861202|38.187
1402861224|38.187
1402861247|38.187
1402861269|38.187
1402861292|38.187
1402861314|38.187
1402861337|38.187
1402861359|38.187
1402861382|38.187
1402861404|38.187
1402861427|38.187
1402861449|38.125
1402861471|38.125
1402861494|38.125
1402861516|38.125
1402861539|38.125
1402861561|38.062
1402861584|38.062
1402861606|38.062
1402861629|38.0
1402861651|38.0
1402861674|38.0
1402861696|38.0
1402861719|38.0
1402861741|37.937
1402861764|37.937
1402861786|37.937
1402861808|37.875
1402861831|37.875
1402861853|37.875
1402861876|37.875
1402861898|37.875
1402861921|37.875
1402861943|37.875
1402861966|37.875
1402861988|37.875
1402862011|37.875
1402862033|37.875
1402862056|37.812
1402862078|37.812
1402862101|37.812
1402862123|37.812
1402862145|37.75
1402862168|37.75
1402862190|37.75
1402862213|37.75
1402862235|37.75
1402862258|37.75
1402862280|37.75
1402862303|37.75
1402862325|37.687
1402862348|37.75
1402862370|37.75
1402862393|37.687
1402862415|37.687
1402862438|37.687
1402862460|37.687
1402862483|37.687
1402862505|37.687
1402862527|37.687
1402862550|37.625
1402862572|37.625
1402862595|37.625
1402862617|37.625
1402862640|37.625
1402862662|37.625
1402862685|37.625
1402862707|37.625
1402862730|37.625
1402862752|37.625
1402862775|37.625
1402862797|37.625
1402862820|37.625
1402862842|37.625
1402862864|37.625
1402862887|37.562
1402862909|37.625
1402862932|37.562
1402862954|37.562
1402862977|37.562
1402862999|37.562
1402863022|37.625
1402863044|37.625
1402863067|37.625
1402863089|37.625
1402863112|37.625
1402863134|37.625
1402863157|37.625
1402863179|37.625
1402863201|37.625
1402863224|37.625
1402863246|37.625
1402863269|37.625
1402863291|37.625
1402863314|37.625
1402863336|37.625
1402863359|37.625
1402863381|37.625
1402863404|37.625
1402863426|37.625
1402863449|37.625
1402863472|37.562
1402863494|37.625
1402863516|37.625
1402863539|37.562
1402863561|37.625
1402863584|37.625
1402863606|37.562
1402863629|37.562
1402863651|37.562
1402863674|37.562
1402863696|37.562
1402863719|37.562
1402863741|37.562
1402863764|37.5
1402863786|37.562
1402863809|37.562
1402863831|37.562
1402863853|37.562
1402863876|37.5
1402863898|37.5
1402863921|37.562
1402863943|37.5
1402863966|37.5
1402863988|37.5
1402864011|37.5
1402864033|37.5
1402864056|37.5
1402864078|37.5
1402864101|37.5
1402864123|37.5
1402864146|37.5
1402864168|37.5
1402864190|37.5
1402864213|37.5
1402864235|37.5
1402864258|37.5
1402864280|37.5
1402864303|37.5
1402864325|37.5
1402864348|37.5
1402864370|37.437
1402864393|37.437
1402864415|37.437
1402864438|37.437
1402864460|37.437
1402864483|37.437
1402864505|37.437
1402864527|37.437
1402864550|37.437
1402864572|37.437
1402864595|37.375
1402864617|37.375
1402864640|37.375
1402864662|37.375
1402864685|37.375
1402864707|37.375
1402864730|37.375
1402864752|37.375
1402864775|37.312
1402864797|37.312
1402864820|37.312
1402864842|37.312
1402864865|37.312
1402864887|37.312
1402864910|37.312
1402864932|37.312
1402864954|37.312
1402864977|37.312
1402864999|37.25
1402865022|37.25
1402865044|37.25
1402865067|37.25
1402865089|37.25
1402865112|37.25
1402865134|37.25
1402865157|37.25
1402865179|37.25
1402865202|37.25
1402865224|37.25
1402865247|37.25
1402865269|37.25
1402865291|37.25
1402865314|37.25
1402865336|37.187
1402865359|37.25
1402865381|37.25
1402865404|37.25
1402865426|37.187
1402865449|37.25
1402865471|37.187
1402865494|37.187
1402865516|37.25
1402865539|37.187
1402865561|37.187
1402865584|37.187
1402865606|37.187
1402865629|37.187
1402865651|37.187
1402865673|37.187
1402865696|37.187
1402865718|37.187
1402865741|37.187
1402865763|37.187
1402865786|37.187
1402865808|37.125
1402865831|37.187
1402865853|37.187
1402865876|37.187
1402865898|37.187
1402865921|37.187
1402865943|37.187
1402865966|37.125
1402865988|37.125
1402866011|37.125
1402866033|37.125
1402866055|37.125
1402866078|37.125
1402866100|37.125
1402866123|37.125
1402866145|37.125
1402866168|37.125
1402866190|37.125
1402866213|37.125
1402866235|37.125
1402866258|37.125
1402866280|37.125
1402866303|37.125
1402866325|37.125
1402866348|37.125
1402866370|37.062
1402866392|37.125
1402866415|37.125
1402866437|37.125
1402866460|37.062
1402866482|37.062
1402866505|37.062
1402866527|37.062
1402866550|37.062
1402866572|37.125
1402866595|37.062
1402866617|37.125
1402866640|37.125
1402866662|37.062
1402866685|37.125
1402866707|37.062
1402866729|37.125
1402866752|37.125
1402866774|37.062
1402866797|37.062
1402866819|37.062
1402866842|37.062
1402866864|37.062
1402866887|37.062
1402866909|37.062
1402866932|37.062
1402866954|37.062
1402866977|37.062
1402866999|37.062
1402867022|37.062
1402867044|37.062
1402867066|37.062
1402867089|37.062
1402867111|37.062
1402867134|37.0
1402867156|37.0
1402867179|37.062
1402867201|37.062
1402867224|37.0
1402867246|37.0
1402867269|37.0
1402867291|37.0
1402867314|37.0
1402867336|37.0
1402867359|37.0
1402867381|37.0
1402867404|36.937
1402867426|36.937
1402867448|36.937
1402867471|36.937
1402867493|36.937
1402867516|36.937
1402867538|36.937
1402867561|36.937
1402867583|36.937
1402867606|36.937
1402867628|36.937
1402867651|36.937
1402867673|36.937
1402867696|36.937
1402867718|36.937
1402867741|36.937
1402867763|36.937
1402867785|36.937
1402867808|36.937
1402867830|36.875
1402867853|36.875
1402867875|36.875
1402867898|36.875
1402867920|36.875
1402867943|36.875
1402867965|36.875
1402867988|36.875
1402868010|36.875
1402868033|36.875
1402868055|36.875
1402868078|36.875
1402868100|36.875
1402868122|36.875
1402868145|36.875
1402868167|36.875
1402868190|36.875
1402868212|36.875
1402868235|36.875
1402868257|36.875
1402868280|36.875
1402868302|36.812
1402868325|36.875
1402868347|36.812
1402868370|36.812
1402868392|36.812
1402868415|36.812
1402868437|36.812
1402868460|36.812
1402868482|36.812
1402868505|36.812
1402868527|36.812
1402868549|36.812
1402868572|36.812
1402868594|36.812
1402868617|36.812
1402868639|36.812
1402868662|36.75
1402868684|36.812
1402868707|36.75
1402868729|36.75
1402868752|36.75
1402868774|36.75
1402868797|36.75
1402868819|36.687
1402868842|36.75
1402868864|36.75
1402868886|36.687
1402868909|36.687
1402868931|36.75
1402868954|36.75
1402868976|36.75
1402868999|36.687
1402869021|36.75
1402869044|36.75
1402869066|36.75
1402869089|36.687
1402869111|36.687
1402869134|36.687
1402869156|36.687
1402869179|36.687
1402869201|36.687
1402869223|36.687
1402869246|36.687
1402869268|36.687
1402869291|36.687
1402869313|36.625
1402869336|36.625
1402869358|36.625
1402869381|36.625
1402869403|36.625
1402869426|36.625
1402869448|36.625
1402869471|36.625
1402869493|36.625
1402869516|36.625
1402869538|36.625
1402869560|36.625
1402869583|36.625
1402869605|36.625
1402869628|36.625
1402869650|36.625
1402869673|36.625
1402869695|36.625
1402869718|36.562
1402869740|36.625
1402869763|36.562
1402869785|36.562
1402869808|36.562
1402869830|36.625
1402869853|36.562
1402869875|36.562
1402869898|36.625
1402869920|36.625
1402869943|36.562
1402869965|36.562
1402869987|36.562
1402870010|36.562
1402870032|36.562
1402870055|36.562
1402870077|36.562
1402870100|36.562
1402870122|36.562
1402870145|36.562
1402870167|36.562
1402870190|36.562
1402870212|36.562
1402870235|36.562
1402870257|36.562
1402870280|36.562
1402870302|36.562
1402870324|36.562
1402870347|36.562
1402870369|36.562
1402870392|36.5
1402870414|36.5
1402870437|36.562
1402870459|36.562
1402870482|36.562
1402870504|36.562
1402870527|36.5
1402870549|36.562
1402870572|36.5
1402870594|36.5
1402870617|36.562
1402870639|36.5
1402870661|36.5
1402870684|36.5
1402870706|36.5
1402870729|36.5
1402870751|36.5
1402870774|36.5
1402870796|36.5
1402870819|36.5
1402870841|36.5
1402870864|36.5
1402870886|36.437
1402870909|36.5
1402870931|36.5
1402870954|36.5
1402870976|36.5
1402870998|36.5
1402871021|36.437
1402871043|36.437
1402871066|36.437
1402871088|36.437
1402871111|36.437
1402871133|36.437
1402871156|36.437
1402871178|36.437
1402871201|36.437
1402871223|36.437
1402871246|36.437
1402871268|36.437
1402871291|36.437
1402871313|36.437
1402871335|36.437
1402871358|36.437
1402871380|36.437
1402871403|36.375
1402871425|36.375
1402871448|36.375
1402871470|36.375
1402871493|36.375
1402871515|36.375
1402871538|36.375
1402871560|36.375
1402871583|36.375
1402871605|36.375
1402871628|36.375
1402871651|36.375
1402871673|36.375
1402871696|36.375
1402871718|36.375
1402871741|36.375
1402871763|36.375
1402871785|36.375
1402871808|36.312
1402871830|36.312
1402871853|36.312
1402871875|36.375
1402871898|36.312
1402871920|36.312
1402871943|36.312
1402871965|36.312
1402871988|36.312
1402872010|36.312
1402872033|36.312
1402872055|36.25
1402872078|36.312
1402872100|36.312
1402872123|36.312
1402872145|36.312
1402872168|36.25
1402872190|36.25
1402872212|36.25
1402872235|36.312
1402872257|36.25
1402872280|36.25
1402872302|36.25
1402872325|36.25
1402872347|36.25
1402872370|36.25
1402872392|36.25
1402872415|36.25
1402872437|36.25
1402872460|36.25
1402872482|36.25
1402872505|36.25
1402872527|36.25
1402872549|36.25
1402872572|36.25
1402872594|36.187
1402872617|36.25
1402872639|36.25
1402872662|36.187
1402872684|36.187
1402872707|36.187
1402872729|36.187
1402872752|36.187
1402872774|36.187
1402872797|36.187
1402872819|36.187
1402872842|36.187
1402872864|36.187
1402872886|36.187
1402872909|36.187
1402872931|36.187
1402872954|36.187
1402872976|36.187
1402872999|36.187
1402873021|36.187
1402873044|36.187
1402873066|36.187
1402873089|36.187
1402873111|36.187
1402873134|36.187
1402873156|36.187
1402873179|36.187
1402873201|36.187
1402873223|36.187
1402873246|36.187
1402873268|36.187
1402873291|36.125
1402873313|36.125
1402873336|36.125
1402873358|36.125
1402873381|36.125
1402873403|36.125
1402873426|36.125
1402873448|36.125
1402873471|36.125
1402873493|36.125
1402873516|36.125
1402873538|36.125
1402873560|36.062
1402873583|36.125
1402873605|36.125
1402873628|36.125
1402873650|36.125
1402873673|36.125
1402873695|36.125
1402873718|36.125
1402873740|36.062
1402873763|36.125
1402873785|36.062
1402873808|36.062
1402873830|36.062
1402873853|36.062
1402873875|36.062
1402873897|36.062
1402873920|36.062
1402873942|36.062
1402873965|36.062
1402873987|36.062
1402874010|36.062
1402874032|36.062
1402874055|36.062
1402874077|36.062
1402874100|36.062
1402874122|36.0
1402874145|36.0
1402874167|36.0
1402874190|36.062
1402874212|36.0
1402874235|36.0
1402874257|36.0
1402874279|36.0
1402874302|36.0
1402874324|36.0
1402874347|36.0
1402874369|36.0
1402874392|36.0
1402874414|36.0
1402874437|36.0
1402874459|36.0
1402874482|36.0
1402874504|36.0
1402874527|36.0
1402874549|36.0
1402874572|36.0
1402874594|36.0
1402874616|36.0
1402874639|36.0
1402874661|36.0
1402874684|36.0
1402874706|36.0
1402874729|36.0
1402874751|36.0
1402874774|36.0
1402874796|35.937
1402874819|36.0
1402874841|36.0
1402874864|35.937
1402874886|36.0
1402874909|35.937
1402874931|35.937
1402874953|35.937
1402874976|35.937
1402874998|35.937
1402875021|35.937
1402875043|35.937
1402875066|35.937
1402875088|35.937
1402875111|35.937
1402875133|35.937
1402875156|35.937
1402875178|35.937
1402875201|35.937
1402875223|35.937
1402875246|35.937
1402875268|35.937
1402875290|35.937
1402875313|35.937
1402875335|35.937
1402875358|35.937
1402875380|35.937
1402875403|35.937
1402875425|35.937
1402875448|35.875
1402875470|35.875
1402875493|35.875
1402875515|35.875
1402875538|35.875
1402875560|35.875
1402875583|35.875
1402875605|35.875
1402875627|35.875
1402875650|35.875
1402875672|35.875
1402875695|35.875
1402875717|35.875
1402875740|35.875
1402875762|35.875
1402875785|35.875
1402875807|35.812
1402875830|35.812
1402875852|35.875
1402875875|35.812
1402875897|35.812
1402875920|35.812
1402875942|35.812
1402875965|35.812
1402875987|35.812
1402876009|35.812
1402876032|35.812
1402876054|35.812
1402876077|35.812
1402876099|35.812
1402876122|35.812
1402876144|35.812
1402876167|35.812
1402876189|35.812
1402876212|35.812
1402876234|35.812
1402876257|35.812
1402876279|35.75
1402876302|35.812
1402876324|35.812
1402876347|35.75
1402876369|35.75
1402876391|35.75
1402876414|35.75
1402876436|35.75
1402876459|35.75
1402876481|35.75
1402876504|35.75
1402876526|35.75
1402876549|35.687
1402876571|35.687
1402876594|35.75
1402876616|35.75
1402876639|35.75
1402876661|35.75
1402876684|35.687
1402876706|35.687
1402876728|35.687
1402876751|35.687
1402876773|35.687
1402876796|35.687
1402876818|35.687
1402876841|35.687
1402876863|35.687
1402876886|35.687
1402876908|35.687
1402876931|35.687
1402876953|35.687
1402876976|35.687
1402876998|35.687
1402877021|35.625
1402877043|35.687
1402877065|35.687
1402877088|35.687
1402877110|35.687
1402877133|35.687
1402877155|35.687
1402877178|35.687
1402877200|35.625
1402877223|35.625
1402877245|35.625
1402877268|35.625
1402877290|35.625
1402877313|35.687
1402877335|35.687
1402877358|35.625
1402877380|35.687
1402877403|35.625
1402877425|35.687
1402877448|35.687
1402877470|35.625
1402877492|35.625
1402877515|35.625
1402877537|35.625
1402877560|35.625
1402877582|35.625
1402877605|35.625
1402877627|35.625
1402877650|35.625
1402877673|35.625
1402877695|35.625
1402877718|35.625
1402877740|35.625
1402877763|35.625
1402877785|35.625
1402877808|35.625
1402877830|35.625
1402877853|35.625
1402877875|35.625
1402877898|35.625
1402877920|35.625
1402877943|35.562
1402877965|35.562
1402877988|35.562
1402878010|35.562
1402878032|35.562
1402878055|35.562
1402878077|35.562
1402878100|35.562
1402878122|35.562
1402878145|35.562
1402878167|35.562
1402878190|35.562
1402878212|35.562
1402878235|35.562
1402878257|35.562
1402878280|35.562
1402878302|35.562
1402878325|35.5
1402878347|35.562
1402878369|35.562
1402878392|35.562
1402878414|35.562
1402878437|35.5
1402878459|35.5
1402878482|35.5
1402878504|35.5
1402878527|35.5
1402878549|35.5
1402878572|35.5
1402878594|35.5
1402878617|35.5
1402878639|35.437
1402878662|35.5
1402878684|35.5
1402878706|35.437
1402878729|35.437
1402878751|35.437
1402878774|35.437
1402878796|35.437
1402878819|35.437
1402878841|35.437
1402878864|35.437
1402878886|35.437
1402878909|35.437
1402878931|35.437
1402878954|35.437
1402878976|35.437
1402878999|35.437
1402879021|35.437
1402879044|35.437
1402879066|35.437
1402879088|35.437
1402879111|35.437
1402879133|35.437
1402879156|35.437
1402879178|35.437
1402879201|35.437
1402879223|35.437
1402879246|35.437
1402879268|35.437
1402879291|35.437
1402879313|35.437
1402879336|35.437
1402879358|35.437
1402879381|35.437
1402879403|35.437
1402879425|35.437
1402879448|35.437
1402879470|35.437
1402879493|35.437
1402879515|35.375
1402879538|35.437
1402879560|35.375
1402879583|35.437
1402879605|35.375
1402879628|35.437
1402879650|35.437
1402879673|35.437
1402879695|35.375
1402879718|35.375
1402879740|35.375
1402879762|35.375
1402879785|35.375
1402879807|35.375
1402879830|35.375
1402879852|35.375
1402879875|35.375
1402879897|35.375
1402879920|35.375
1402879942|35.312
1402879965|35.312
1402879987|35.312
1402880010|35.312
1402880032|35.312
1402880055|35.312
1402880077|35.312
1402880100|35.312
1402880122|35.312
1402880144|35.312
1402880167|35.25
1402880189|35.312
1402880212|35.312
1402880234|35.312
1402880257|35.312
1402880279|35.25
1402880302|35.312
1402880324|35.25
1402880347|35.312
1402880369|35.312
1402880392|35.312
1402880414|35.312
1402880437|35.312
1402880459|35.312
1402880482|35.312
1402880504|35.25
1402880526|35.312
1402880549|35.25
1402880571|35.312
1402880594|35.312
1402880616|35.25
1402880639|35.25
1402880661|35.25
1402880684|35.25
1402880706|35.25
1402880729|35.25
1402880751|35.25
1402880774|35.25
1402880796|35.25
1402880819|35.25
1402880841|35.25
1402880863|35.187
1402880886|35.187
1402880908|35.187
1402880931|35.187
1402880953|35.25
1402880976|35.187
1402880998|35.187
1402881021|35.187
1402881043|35.187
1402881066|35.187
1402881088|35.187
1402881111|35.187
1402881133|35.187
1402881156|35.187
1402881178|35.187
1402881200|35.187
1402881223|35.187
1402881245|35.187
1402881268|35.125
1402881290|35.187
1402881313|35.187
1402881335|35.125
1402881358|35.187
1402881380|35.125
1402881403|35.125
1402881425|35.125
1402881448|35.125
1402881470|35.125
1402881493|35.125
1402881515|35.125
1402881537|35.125
1402881560|35.125
1402881582|35.125
1402881605|35.187
1402881627|35.187
1402881650|35.125
1402881672|35.125
1402881695|35.125
1402881717|35.187
1402881740|35.125
1402881762|35.187
1402881785|35.125
1402881807|35.125
1402881830|35.187
1402881852|35.125
1402881875|35.125
1402881897|35.125
1402881919|35.125
1402881942|35.125
1402881964|35.125
1402881987|35.125
1402882009|35.125
1402882032|35.125
1402882054|35.125
1402882077|35.125
1402882099|35.125
1402882122|35.125
1402882144|35.125
1402882167|35.125
1402882189|35.062
1402882212|35.062
1402882234|35.062
1402882257|35.062
1402882279|35.062
1402882301|35.062
1402882324|35.0
1402882346|35.062
1402882369|35.062
1402882391|35.062
1402882414|35.062
1402882436|35.062
1402882459|35.0
1402882481|35.062
1402882504|35.0
1402882526|35.062
1402882549|35.0
1402882571|35.0
1402882594|35.0
1402882616|35.0
1402882638|35.0
1402882661|35.0
1402882683|35.0
1402882706|35.0
1402882728|35.0
1402882751|35.0
1402882773|35.0
1402882796|35.0
1402882818|35.0
1402882841|35.0
1402882863|35.0
1402882886|35.0
1402882908|34.937
1402882931|34.937
1402882953|34.937
1402882976|34.937
1402882998|34.937
1402883020|34.937
1402883043|34.937
1402883065|34.937
1402883088|34.937
1402883110|34.937
1402883133|34.937
1402883155|34.875
1402883178|34.937
1402883200|34.937
1402883223|34.875
1402883245|34.937
1402883268|34.875
1402883290|34.875
1402883313|34.937
1402883335|34.875
1402883357|34.875
1402883380|34.937
1402883402|34.937
1402883425|34.937
1402883447|34.937
1402883470|34.937
1402883492|34.875
1402883515|34.875
1402883537|34.937
1402883560|34.937
1402883582|34.937
1402883605|34.937
1402883627|34.937
1402883650|34.937
1402883672|34.937
1402883694|34.875
1402883717|34.875
1402883739|34.937
1402883762|34.875
1402883784|34.937
1402883807|34.937
1402883829|34.937
1402883852|34.937
1402883874|34.937
1402883897|34.875
1402883919|34.875
1402883942|34.875
1402883964|34.875
1402883987|34.875
1402884009|34.875
1402884031|34.875
1402884054|34.875
1402884076|34.875
1402884099|34.812
1402884121|34.875
1402884144|34.875
1402884166|34.812
1402884189|34.812
1402884211|34.812
1402884234|34.875
1402884256|34.875
1402884279|34.812
1402884301|34.812
1402884324|34.812
1402884346|34.812
1402884368|34.812
1402884391|34.812
1402884413|34.812
1402884436|34.812
1402884458|34.812
1402884481|34.812
1402884503|34.812
1402884526|34.812
1402884548|34.812
1402884571|34.812
1402884593|34.812
1402884616|34.75
1402884638|34.812
1402884661|34.812
1402884683|34.75
1402884705|34.812
1402884728|34.812
1402884750|34.75
1402884773|34.75
1402884795|34.75
1402884818|34.75
1402884840|34.75
1402884863|34.75
1402884885|34.75
1402884908|34.75
1402884930|34.75
1402884953|34.75
1402884975|34.75
1402884998|34.75
1402885020|34.75
1402885043|34.75
1402885065|34.75
1402885088|34.75
1402885110|34.75
1402885132|34.75
1402885155|34.75
1402885177|34.75
1402885200|34.687
1402885222|34.75
1402885245|34.75
1402885267|34.687
1402885290|34.687
1402885312|34.687
1402885335|34.687
1402885357|34.687
1402885380|34.687
1402885402|34.687
1402885425|34.75
1402885447|34.75
1402885469|34.75
1402885492|34.687
1402885514|34.75
1402885537|34.687
1402885559|34.687
1402885582|34.687
1402885604|34.687
1402885627|34.687
1402885649|34.687
1402885672|34.625
1402885694|34.625
1402885717|34.625
1402885739|34.625
1402885762|34.625
1402885784|34.625
1402885806|34.625
1402885829|34.625
1402885851|34.625
1402885874|34.625
1402885896|34.625
1402885919|34.625
1402885941|34.625
1402885964|34.625
1402885986|34.625
1402886009|34.625
1402886032|34.625
1402886054|34.625
1402886077|34.625
1402886099|34.625
1402886122|34.562
1402886144|34.625
1402886167|34.562
1402886189|34.562
1402886212|34.625
1402886234|34.562
1402886256|34.562
1402886279|34.562
1402886301|34.562
1402886324|34.562
1402886346|34.562
1402886369|34.562
1402886391|34.562
1402886414|34.562
1402886436|34.562
1402886459|34.562
1402886481|34.562
1402886504|34.5
1402886526|34.5
1402886549|34.5
1402886571|34.562
1402886594|34.562
1402886616|34.562
1402886638|34.5
1402886661|34.562
1402886683|34.562
1402886706|34.5
1402886728|34.562
1402886751|34.5
1402886773|34.562
1402886796|34.562
1402886818|34.5
1402886841|34.562
1402886863|34.562
1402886886|34.562
1402886908|34.562
1402886931|34.5
1402886953|34.5
1402886976|34.5
1402886998|34.5
1402887020|34.5
1402887043|34.5
1402887065|34.5
1402887088|34.5
1402887111|34.5
1402887133|34.5
1402887156|34.5
1402887178|34.5
1402887201|34.5
1402887223|34.5
1402887245|34.5
1402887268|34.5
1402887290|34.5
1402887313|34.5
1402887335|34.437
1402887358|34.5
1402887380|34.437
1402887403|34.5
1402887425|34.5
1402887448|34.5
1402887470|34.437
1402887493|34.437
1402887515|34.437
1402887538|34.437
1402887560|34.437
1402887583|34.437
1402887605|34.437
1402887628|34.437
1402887650|34.375
1402887672|34.437
1402887695|34.375
1402887717|34.437
1402887740|34.375
1402887762|34.375
1402887785|34.375
1402887807|34.375
1402887830|34.437
1402887852|34.375
1402887875|34.375
1402887897|34.375
1402887920|34.375
1402887942|34.375
1402887965|34.437
1402887987|34.375
1402888009|34.437
1402888032|34.375
1402888054|34.375
1402888077|34.375
1402888099|34.437
1402888122|34.375
1402888144|34.375
1402888167|34.375
1402888189|34.375
1402888212|34.437
1402888234|34.437
1402888257|34.375
1402888279|34.375
1402888302|34.375
1402888324|34.375
1402888346|34.437
1402888369|34.375
1402888391|34.375
1402888414|34.375
1402888436|34.375
1402888459|34.375
1402888481|34.375
1402888504|34.375
1402888526|34.375
1402888549|34.375
1402888571|34.375
1402888594|34.375
1402888616|34.375
1402888639|34.375
1402888661|34.375
1402888683|34.312
1402888706|34.375
1402888728|34.375
1402888751|34.375
1402888773|34.375
1402888796|34.375
1402888818|34.375
1402888841|34.375
1402888863|34.375
1402888886|34.375
1402888908|34.375
1402888931|34.375
1402888953|34.375
1402888976|34.375
1402888998|34.375
1402889021|34.312
1402889043|34.375
1402889066|34.312
1402889088|34.312
1402889110|34.375
1402889133|34.312
1402889155|34.312
1402889178|34.312
1402889200|34.312
1402889223|34.312
1402889245|34.312
1402889268|34.312
1402889290|34.312
1402889313|34.312
1402889335|34.312
1402889358|34.312
1402889380|34.312
1402889403|34.312
1402889425|34.312
1402889447|34.312
1402889470|34.312
1402889492|34.312
1402889515|34.312
1402889537|34.312
1402889560|34.25
1402889582|34.25
1402889605|34.25
1402889627|34.25
1402889650|34.25
1402889672|34.25
1402889695|34.25
1402889717|34.25
1402889740|34.25
1402889762|34.25
1402889784|34.25
1402889807|34.25
1402889829|34.25
1402889852|34.25
1402889874|34.187
1402889897|34.25
1402889919|34.187
1402889942|34.187
1402889964|34.187
1402889987|34.187
1402890009|34.187
1402890032|34.187
1402890054|34.187
1402890077|34.187
1402890099|34.187
1402890121|34.187
1402890144|34.187
1402890166|34.187
1402890189|34.125
1402890211|34.187
1402890234|34.125
1402890256|34.187
1402890279|34.125
1402890301|34.187
1402890324|34.125
1402890346|34.187
1402890369|34.125
1402890391|34.125
1402890414|34.125
1402890436|34.125
1402890459|34.125
1402890481|34.125
1402890503|34.187
1402890526|34.125
1402890548|34.125
1402890571|34.125
1402890593|34.125
1402890616|34.187
1402890638|34.125
1402890661|34.125
1402890683|34.187
1402890706|34.125
1402890728|34.187
1402890751|34.187
1402890773|34.187
1402890796|34.187
1402890818|34.187
1402890840|34.187
1402890863|34.125
1402890885|34.187
1402890908|34.187
1402890930|34.125
1402890953|34.125
1402890975|34.125
1402890998|34.125
1402891020|34.187
1402891043|34.125
1402891065|34.125
1402891088|34.125
1402891110|34.125
1402891133|34.125
1402891155|34.125
1402891177|34.125
1402891200|34.125
1402891222|34.125
1402891245|34.125
1402891267|34.125
1402891290|34.125
1402891312|34.125
1402891335|34.125
1402891357|34.125
1402891380|34.125
1402891402|34.125
1402891425|34.125
1402891447|34.125
1402891470|34.125
1402891492|34.125
1402891514|34.062
1402891537|34.062
1402891559|34.125
1402891582|34.062
1402891604|34.062
1402891627|34.062
1402891649|34.062
1402891672|34.062
1402891694|34.062
1402891717|34.062
1402891739|34.062
1402891762|34.062
1402891784|34.062
1402891807|34.062
1402891829|34.062
1402891851|34.0
1402891874|34.062
1402891896|34.0
1402891919|34.062
1402891941|34.062
1402891964|34.062
1402891986|34.062
1402892009|34.0
1402892031|34.062
1402892054|34.062
1402892076|34.0
1402892099|34.0
1402892121|34.0
1402892144|34.062
1402892166|34.0
1402892189|34.0
1402892211|34.0
1402892233|34.0
1402892256|34.0
1402892278|34.0
1402892301|34.0
1402892323|34.062
1402892346|34.0
1402892368|34.0
1402892391|34.0
1402892413|34.0
1402892436|34.0
1402892458|34.0
1402892481|34.0
1402892503|34.0
1402892526|34.0
1402892548|34.0
1402892571|33.937
1402892593|34.0
1402892615|34.0
1402892638|34.0
1402892660|34.0
1402892683|33.937
1402892705|33.937
1402892728|33.937
1402892750|33.937
1402892773|33.937
1402892795|33.937
1402892818|33.937
1402892840|33.937
1402892863|33.937
1402892885|33.937
1402892908|33.875
1402892930|33.875
1402892952|33.875
1402892975|33.875
1402892997|33.875
1402893020|33.875
1402893042|33.875
1402893065|33.812
1402893087|33.875
1402893110|33.812
1402893132|33.812
1402893155|33.812
1402893177|33.875
1402893200|33.812
1402893222|33.812
1402893245|33.812
1402893267|33.812
1402893289|33.812
1402893312|33.812
1402893334|33.812
1402893357|33.812
1402893379|33.812
1402893402|33.812
1402893424|33.812
1402893447|33.812
1402893469|33.812
1402893492|33.812
1402893514|33.812
1402893537|33.812
1402893559|33.812
1402893582|33.812
1402893604|33.812
1402893626|33.812
1402893649|33.812
1402893671|33.812
1402893694|33.812
1402893716|33.812
1402893739|33.812
1402893761|33.75
1402893784|33.812
1402893806|33.812
1402893829|33.75
1402893851|33.75
1402893874|33.75
1402893896|33.75
1402893919|33.75
1402893941|33.75
1402893963|33.75
1402893986|33.75
1402894008|33.75
1402894031|33.75
1402894053|33.75
1402894076|33.75
1402894098|33.75
1402894121|33.75
1402894143|33.75
1402894166|33.75
1402894188|33.75
1402894211|33.75
1402894233|33.75
1402894256|33.75
1402894278|33.75
1402894301|33.75
1402894323|33.75
1402894346|33.75
1402894368|33.75
1402894390|33.75
1402894413|33.75
1402894435|33.75
1402894458|33.75
1402894480|33.75
1402894503|33.75
1402894525|33.75
1402894548|33.75
1402894570|33.75
1402894593|33.75
1402894615|33.75
1402894638|33.75
1402894660|33.75
1402894683|33.75
1402894705|33.75
1402894727|33.75
1402894750|33.75
1402894772|33.75
1402894795|33.687
1402894817|33.75
1402894840|33.687
1402894862|33.75
1402894885|33.687
1402894907|33.75
1402894930|33.687
1402894952|33.687
1402894975|33.687
1402894997|33.687
1402895020|33.687
1402895042|33.687
1402895064|33.687
1402895087|33.687
1402895109|33.687
1402895132|33.687
1402895154|33.687
1402895177|33.687
1402895199|33.687
1402895222|33.687
1402895244|33.687
1402895267|33.687
1402895289|33.687
1402895312|33.625
1402895334|33.625
1402895357|33.625
1402895379|33.625
1402895402|33.625
1402895424|33.625
1402895446|33.625
1402895469|33.625
1402895491|33.625
1402895514|33.625
1402895536|33.625
1402895559|33.625
1402895581|33.625
1402895604|33.625
1402895626|33.625
1402895649|33.625
1402895671|33.562
1402895694|33.562
1402895716|33.562
1402895739|33.625
1402895761|33.562
1402895783|33.562
1402895806|33.562
1402895828|33.625
1402895851|33.562
1402895873|33.562
1402895896|33.562
1402895918|33.562
1402895941|33.562
1402895963|33.562
1402895986|33.562
1402896008|33.562
1402896031|33.562
1402896053|33.562
1402896076|33.562
1402896098|33.562
1402896120|33.562
1402896143|33.562
1402896165|33.562
1402896188|33.562
1402896210|33.562
1402896233|33.562
1402896255|33.562
1402896278|33.562
1402896300|33.562
1402896323|33.562
1402896345|33.562
1402896368|33.562
1402896390|33.562
1402896413|33.562
1402896435|33.562
1402896457|33.625
1402896480|33.562
1402896502|33.562
1402896525|33.562
1402896547|33.625
1402896570|33.625
1402896592|33.625
1402896615|33.625
1402896637|33.625
1402896660|33.625
1402896682|33.625
1402896705|33.625
1402896727|33.625
1402896750|33.625
1402896772|33.625
1402896795|33.687
1402896817|33.687
1402896839|33.687
1402896862|33.687
1402896884|33.687
1402896907|33.687
1402896929|33.687
1402896952|33.687
1402896974|33.687
1402896997|33.687
1402897019|33.687
1402897042|33.687
1402897064|33.687
1402897087|33.75
1402897109|33.687
1402897132|33.75
1402897154|33.75
1402897177|33.687
1402897199|33.75
1402897221|33.75
1402897244|33.687
1402897266|33.75
1402897289|33.687
1402897311|33.687
1402897334|33.687
1402897356|33.687
1402897379|33.687
1402897401|33.687
1402897424|33.687
1402897446|33.687
1402897469|33.687
1402897491|33.687
1402897514|33.687
1402897536|33.687
1402897558|33.687
1402897581|33.687
1402897603|33.687
1402897626|33.687
1402897648|33.687
1402897671|33.687
1402897693|33.687
1402897716|33.687
1402897738|33.687
1402897761|33.687
1402897783|33.687
1402897806|33.687
1402897828|33.687
1402897851|33.687
1402897873|33.687
1402897896|33.687
1402897918|33.687
1402897941|33.687
1402897963|33.687
1402897985|33.687
1402898008|33.687
1402898030|33.687
1402898053|33.687
1402898075|33.687
1402898098|33.687
1402898120|33.687
1402898143|33.687
1402898165|33.687
1402898188|33.687
1402898210|33.687
1402898233|33.687
1402898255|33.687
1402898278|33.687
1402898300|33.687
1402898322|33.687
1402898345|33.687
1402898367|33.687
1402898390|33.687
1402898412|33.687
1402898435|33.687
1402898457|33.687
1402898480|33.687
1402898502|33.687
1402898525|33.687
1402898547|33.687
1402898570|33.687
1402898592|33.687
1402898615|33.687
1402898637|33.687
1402898660|33.687
1402898682|33.687
1402898704|33.75
1402898727|33.687
1402898749|33.75
1402898772|33.687
1402898794|33.75
1402898817|33.687
1402898839|33.75
1402898862|33.75
1402898884|33.75
1402898907|33.75
1402898929|33.687
1402898952|33.687
1402898974|33.75
1402898997|33.75
1402899019|33.75
1402899041|33.75
1402899064|33.687
1402899086|33.75
1402899109|33.75
1402899131|33.687
1402899154|33.687
1402899176|33.687
1402899199|33.687
1402899221|33.687
1402899244|33.687
1402899266|33.625
1402899289|33.687
1402899311|33.625
1402899334|33.625
1402899356|33.625
1402899378|33.625
1402899401|33.625
1402899423|33.562
1402899446|33.625
1402899468|33.625
1402899491|33.562
1402899513|33.562
1402899536|33.562
1402899558|33.562
1402899581|33.562
1402899603|33.562
1402899626|33.562
1402899648|33.562
1402899671|33.562
1402899693|33.562
1402899715|33.562
1402899738|33.562
1402899760|33.562
1402899783|33.562
1402899805|33.562
1402899828|33.5
1402899850|33.562
1402899873|33.5
1402899895|33.5
1402899918|33.562
1402899940|33.5
1402899963|33.562
1402899985|33.5
1402900008|33.5
1402900030|33.5
1402900052|33.5
1402900075|33.5
1402900097|33.5
1402900120|33.5
1402900142|33.5
1402900165|33.5
1402900187|33.5
1402900210|33.5
1402900232|33.5
1402900255|33.5
1402900277|33.5
1402900300|33.5
1402900322|33.5
1402900345|33.5
1402900367|33.5
1402900390|33.5
1402900412|33.5
1402900435|33.5
1402900458|33.5
1402900480|33.5
1402900503|33.437
1402900525|33.437
1402900548|33.437
1402900570|33.5
1402900593|33.5
1402900615|33.5
1402900638|33.437
1402900660|33.437
1402900682|33.437
1402900705|33.437
1402900727|33.437
1402900750|33.437
1402900772|33.437
1402900795|33.437
1402900817|33.437
1402900840|33.437
1402900862|33.437
1402900885|33.437
1402900907|33.437
1402900930|33.437
1402900952|33.437
1402900975|33.437
1402900997|33.437
1402901019|33.437
1402901042|33.437
1402901064|33.437
1402901087|33.437
1402901109|33.437
1402901132|33.437
1402901154|33.437
1402901177|33.437
1402901199|33.437
1402901222|33.437
1402901244|33.437
1402901267|33.437
1402901289|33.375
1402901312|33.375
1402901334|33.375
1402901356|33.375
1402901379|33.375
1402901401|33.375
1402901424|33.375
1402901446|33.375
1402901469|33.375
1402901491|33.375
1402901514|33.375
1402901536|33.375
1402901559|33.375
1402901581|33.375
1402901604|33.375
1402901626|33.312
1402901649|33.375
1402901671|33.375
1402901693|33.312
1402901716|33.375
1402901738|33.312
1402901761|33.312
1402901783|33.312
1402901806|33.312
1402901828|33.312
1402901851|33.312
1402901873|33.312
1402901896|33.312
1402901918|33.312
1402901941|33.312
1402901963|33.312
1402901986|33.312
1402902008|33.312
1402902031|33.312
1402902053|33.312
1402902076|33.312
1402902098|33.312
1402902120|33.312
1402902143|33.312
1402902165|33.312
1402902188|33.312
1402902210|33.312
1402902233|33.312
1402902255|33.25
1402902278|33.312
1402902300|33.25
1402902323|33.312
1402902345|33.25
1402902368|33.312
1402902390|33.312
1402902413|33.312
1402902435|33.312
1402902457|33.312
1402902480|33.312
1402902502|33.25
1402902525|33.312
1402902547|33.312
1402902570|33.25
1402902592|33.25
1402902615|33.25
1402902637|33.25
1402902660|33.25
1402902682|33.25
1402902705|33.25
1402902727|33.312
1402902750|33.25
1402902772|33.312
1402902794|33.25
1402902817|33.25
1402902839|33.25
1402902862|33.25
1402902884|33.25
1402902907|33.25
1402902929|33.25
1402902952|33.25
1402902974|33.25
1402902997|33.25
1402903019|33.25
1402903042|33.25
1402903064|33.25
1402903087|33.25
1402903109|33.25
1402903131|33.25
1402903154|33.25
1402903176|33.25
1402903199|33.25
1402903221|33.25
1402903244|33.25
1402903266|33.25
1402903289|33.25
1402903311|33.25
1402903334|33.25
1402903356|33.25
1402903379|33.25
1402903401|33.25
1402903424|33.25
1402903446|33.25
1402903469|33.25
1402903491|33.25
1402903513|33.25
1402903536|33.25
1402903558|33.25
1402903581|33.25
1402903603|33.25
1402903626|33.25
1402903648|33.25
1402903671|33.25
1402903693|33.25
1402903716|33.25
1402903738|33.25
1402903761|33.25
1402903783|33.25
1402903806|33.25
1402903828|33.25
1402903850|33.187
1402903873|33.25
1402903895|33.25
1402903918|33.25
1402903940|33.187
1402903963|33.187
1402903985|33.25
1402904008|33.25
1402904030|33.25
1402904053|33.25
1402904075|33.25
1402904098|33.25
1402904120|33.25
1402904143|33.25
1402904165|33.187
1402904187|33.25
1402904210|33.25
1402904232|33.25
1402904255|33.25
1402904277|33.187
1402904300|33.25
1402904322|33.187
1402904345|33.187
1402904367|33.25
1402904390|33.25
1402904412|33.25
1402904435|33.25
1402904457|33.25
1402904480|33.25
1402904502|33.25
1402904524|33.25
1402904547|33.25
1402904569|33.25
1402904592|33.187
1402904614|33.187
1402904637|33.187
1402904659|33.187
1402904682|33.187
1402904704|33.25
1402904727|33.25
1402904749|33.187
1402904772|33.25
1402904794|33.25
1402904817|33.312
1402904839|33.25
1402904861|33.312
1402904884|33.312
1402904906|33.312
1402904929|33.375
1402904951|33.375
1402904974|33.375
1402904996|33.437
1402905019|33.437
1402905041|33.437
1402905064|33.437
1402905086|33.437
1402905109|33.437
1402905131|33.437
1402905154|33.437
1402905176|33.5
1402905198|33.5
1402905221|33.5
1402905243|33.5
1402905266|33.5
1402905288|33.5
1402905311|33.5
1402905333|33.5
1402905356|33.5
1402905378|33.5
1402905401|33.5
1402905423|33.562
1402905446|33.5
1402905468|33.562
1402905491|33.5
1402905513|33.562
1402905536|33.562
1402905558|33.562
1402905580|33.562
1402905603|33.562
1402905625|33.562
1402905648|33.562
1402905670|33.562
1402905693|33.562
1402905715|33.562
1402905738|33.562
1402905760|33.562
1402905783|33.562
1402905805|33.562
1402905828|33.562
1402905850|33.562
1402905873|33.562
1402905895|33.625
1402905918|33.625
1402905940|33.562
1402905962|33.562
1402905985|33.562
1402906007|33.625
1402906030|33.562
1402906052|33.625
1402906075|33.625
1402906097|33.625
1402906120|33.625
1402906142|33.625
1402906165|33.625
1402906187|33.625
1402906210|33.625
1402906232|33.625
1402906255|33.625
1402906277|33.625
1402906299|33.625
1402906322|33.625
1402906344|33.625
1402906367|33.625
1402906389|33.625
1402906412|33.687
1402906434|33.687
1402906457|33.625
1402906479|33.687
1402906502|33.687
1402906524|33.687
1402906547|33.687
1402906569|33.687
1402906592|33.687
1402906614|33.687
1402906636|33.687
1402906659|33.687
1402906681|33.687
1402906704|33.687
1402906726|33.687
1402906749|33.687
1402906771|33.687
1402906794|33.687
1402906816|33.687
1402906839|33.687
1402906861|33.687
1402906884|33.75
1402906906|33.75
1402906929|33.687
1402906951|33.687
1402906974|33.75
1402906996|33.687
1402907019|33.75
1402907041|33.687
1402907063|33.75
1402907086|33.75
1402907108|33.75
1402907131|33.75
1402907153|33.75
1402907176|33.75
1402907198|33.75
1402907221|33.75
1402907243|33.75
1402907266|33.75
1402907289|33.75
1402907311|33.812
1402907334|33.75
1402907356|33.812
1402907379|33.812
1402907401|33.812
1402907424|33.812
1402907446|33.75
1402907469|33.812
1402907491|33.812
1402907514|33.812
1402907536|33.812
1402907559|33.75
1402907581|33.75
1402907603|33.812
1402907626|33.812
1402907648|33.75
1402907671|33.812
1402907693|33.812
1402907716|33.812
1402907738|33.812
1402907761|33.812
1402907783|33.812
1402907806|33.812
1402907828|33.812
1402907851|33.812
1402907873|33.812
1402907896|33.812
1402907918|33.812
1402907941|33.812
1402907963|33.812
1402907985|33.812
1402908008|33.812
1402908030|33.812
1402908053|33.812
1402908075|33.812
1402908098|33.812
1402908120|33.812
1402908143|33.812
1402908165|33.875
1402908188|33.812
1402908210|33.812
1402908233|33.812
1402908255|33.875
1402908278|33.875
1402908300|33.812
1402908322|33.875
1402908345|33.875
1402908367|33.875
1402908390|33.875
1402908412|33.812
1402908435|33.875
1402908457|33.875
1402908480|33.875
1402908502|33.875
1402908525|33.875
1402908547|33.875
1402908570|33.875
1402908592|33.875
1402908615|33.875
1402908637|33.875
1402908659|33.875
1402908682|33.875
1402908704|33.875
1402908727|33.875
1402908749|33.875
1402908772|33.875
1402908794|33.875
1402908817|33.875
1402908839|33.875
1402908862|33.875
1402908884|33.875
1402908907|33.937
1402908929|33.875
1402908952|33.875
1402908974|33.937
1402908997|33.937
1402909019|33.937
1402909042|33.937
1402909064|33.937
1402909086|33.937
1402909109|33.937
1402909131|33.937
1402909154|33.875
1402909176|33.875
1402909199|33.875
1402909221|33.812
1402909244|33.75
1402909266|33.75
1402909289|33.75
1402909311|33.625
1402909334|33.625
1402909356|33.562
1402909379|33.562
1402909401|33.5
1402909423|33.5
1402909446|33.437
1402909468|33.437
1402909491|33.437
1402909513|33.375
1402909536|33.375
1402909558|33.312
1402909581|33.312
1402909603|33.25
1402909626|33.25
1402909648|33.25
1402909671|33.25
1402909693|33.25
1402909716|33.25
1402909738|33.25
1402909760|33.187
1402909783|33.187
1402909805|33.187
1402909828|33.187
1402909850|33.125
1402909873|33.125
1402909895|33.125
1402909918|33.125
1402909940|33.125
1402909963|33.125
1402909985|33.062
1402910008|33.062
1402910030|33.062
1402910053|33.062
1402910075|33.062
1402910097|33.062
1402910120|33.062
1402910142|33.062
1402910165|33.062
1402910187|33.0
1402910210|33.0
1402910232|33.0
1402910255|33.0
1402910277|33.0
1402910300|33.0
1402910322|33.0
1402910345|32.937
1402910367|32.937
1402910390|32.937
1402910412|32.937
1402910434|32.937
1402910457|32.937
1402910479|32.937
1402910502|32.875
1402910524|32.937
1402910547|32.937
1402910569|32.937
1402910592|32.937
1402910614|32.937
1402910637|32.937
1402910659|32.937
1402910682|32.937
1402910704|32.937
1402910727|32.937
1402910749|32.937
1402910771|32.937
1402910794|32.937
1402910816|32.937
1402910839|32.937
1402910861|33.0
1402910884|33.0
1402910906|32.937
1402910929|33.0
1402910951|33.0
1402910974|33.0
1402910996|33.0
1402911019|33.0
1402911041|33.0
1402911064|33.0
1402911086|33.0
1402911109|33.0
1402911131|33.0
1402911154|33.0
1402911176|33.0
1402911198|33.062
1402911221|33.062
1402911243|33.062
1402911266|33.062
1402911288|33.062
1402911311|33.062
1402911333|33.062
1402911356|33.062
1402911378|33.062
1402911401|33.062
1402911423|33.062
1402911446|33.062
1402911468|33.062
1402911491|33.062
1402911513|33.062
1402911535|33.062
1402911558|33.062
1402911580|33.062
1402911603|33.062
1402911625|33.062
1402911648|33.062
1402911670|33.062
1402911693|33.062
1402911715|33.062
1402911738|33.062
1402911760|33.062
1402911783|33.062
1402911805|33.062
1402911828|33.125
1402911850|33.125
1402911872|33.125
1402911895|33.125
1402911917|33.125
1402911940|33.125
1402911962|33.125
1402911985|33.125
1402912007|33.125
1402912030|33.125
1402912052|33.125
1402912075|33.125
1402912097|33.125
1402912120|33.125
1402912142|33.125
1402912165|33.125
1402912187|33.187
1402912209|33.125
1402912232|33.187
1402912254|33.125
1402912277|33.125
1402912299|33.125
1402912322|33.125
1402912344|33.125
1402912367|33.125
1402912389|33.125
1402912412|33.125
1402912434|33.125
1402912457|33.125
1402912479|33.187
1402912502|33.187
1402912524|33.187
1402912547|33.187
1402912569|33.187
1402912591|33.187
1402912614|33.187
1402912636|33.187
1402912659|33.187
1402912681|33.187
1402912704|33.187
1402912726|33.187
1402912749|33.187
1402912771|33.25
1402912794|33.25
1402912816|33.25
1402912839|33.25
1402912861|33.25
1402912884|33.25
1402912906|33.25
1402912928|33.25
1402912951|33.25
1402912973|33.25
1402912996|33.25
1402913018|33.25
1402913041|33.25
1402913063|33.312
1402913086|33.25
1402913108|33.25
1402913131|33.312
1402913153|33.312
1402913176|33.25
1402913198|33.25
1402913221|33.25
1402913243|33.25
1402913265|33.312
1402913288|33.312
1402913310|33.312
1402913333|33.312
1402913355|33.312
1402913378|33.312
1402913400|33.375
1402913423|33.375
1402913445|33.375
1402913468|33.375
1402913490|33.312
1402913513|33.312
1402913535|33.312
1402913558|33.375
1402913580|33.312
1402913602|33.312
1402913625|33.375
1402913647|33.375
1402913670|33.375
1402913692|33.375
1402913715|33.375
1402913737|33.375
1402913760|33.375
1402913782|33.437
1402913805|33.437
1402913828|33.437
1402913850|33.437
1402913873|33.437
1402913895|33.437
1402913918|33.437
1402913940|33.437
1402913963|33.437
1402913985|33.437
1402914007|33.437
1402914030|33.437
1402914052|33.5
1402914075|33.437
1402914097|33.5
1402914120|33.437
1402914142|33.5
1402914165|33.5
1402914187|33.5
1402914210|33.5
1402914232|33.5
1402914255|33.5
1402914277|33.562
1402914300|33.5
1402914322|33.562
1402914345|33.5
1402914367|33.562
1402914390|33.562
1402914412|33.562
1402914434|33.562
1402914457|33.562
1402914479|33.562
1402914502|33.562
1402914524|33.562
1402914547|33.625
1402914569|33.625
1402914592|33.625
1402914614|33.625
1402914637|33.625
1402914659|33.625
1402914682|33.625
1402914704|33.625
1402914727|33.625
1402914749|33.687
1402914771|33.625
1402914794|33.687
1402914816|33.687
1402914840|33.687
1402914862|33.687
1402914885|33.687
1402914907|33.687
1402914930|33.687
1402914952|33.687
1402914974|33.687
1402914997|33.687
1402915019|33.687
1402915042|33.687
1402915064|33.687
1402915087|33.687
1402915109|33.687
1402915132|33.687
1402915154|33.687
1402915177|33.687
1402915199|33.687
1402915222|33.75
1402915244|33.75
1402915267|33.75
1402915289|33.75
1402915311|33.75
1402915334|33.75
1402915356|33.75
1402915379|33.75
1402915401|33.75
1402915424|33.75
1402915446|33.75
1402915469|33.75
1402915491|33.75
1402915514|33.75
1402915536|33.75
1402915559|33.75
1402915581|33.75
1402915604|33.812
1402915626|33.812
1402915649|33.812
1402915671|33.812
1402915693|33.812
1402915716|33.812
1402915738|33.812
1402915761|33.812
1402915783|33.875
1402915806|33.812
1402915828|33.812
1402915851|33.812
1402915873|33.875
1402915896|33.875
1402915918|33.875
1402915941|33.875
1402915963|33.875
1402915986|33.875
1402916008|33.875
1402916030|33.875
1402916053|33.875
1402916076|33.875
1402916099|33.875
1402916121|33.875
1402916144|33.875
1402916166|33.875
1402916189|33.875
1402916211|33.875
1402916233|33.937
1402916256|33.937
1402916278|33.937
1402916301|33.937
1402916323|33.937
1402916346|33.937
1402916368|33.937
1402916391|33.937
1402916413|33.937
1402916436|34.0
1402916458|34.0
1402916481|33.937
1402916503|33.937
1402916526|34.0
1402916548|33.937
1402916570|34.0
1402916593|34.0
1402916615|34.0
1402916638|34.0
1402916660|34.0
1402916683|34.0
1402916705|34.0
1402916728|34.0
1402916750|34.0
1402916773|34.0
1402916795|34.0
1402916818|34.0
1402916840|34.0
1402916863|34.0
1402916885|34.0
1402916907|34.0
1402916930|34.0
1402916952|34.0
1402916975|34.062
1402916997|34.0
1402917020|34.062
1402917042|34.062
1402917065|34.062
1402917087|34.0
1402917110|34.062
1402917132|34.062
1402917155|34.062
1402917177|34.062
1402917200|34.062
1402917222|34.062
1402917245|34.062
1402917267|34.062
1402917289|34.062
1402917312|34.062
1402917334|34.062
1402917357|34.062
1402917379|34.062
1402917402|34.062
1402917424|34.062
1402917447|34.062
1402917469|34.062
1402917492|34.062
1402917514|34.062
1402917537|34.125
1402917559|34.062
1402917582|34.125
1402917604|34.062
1402917627|34.062
1402917649|34.062
1402917671|34.125
1402917694|34.125
1402917716|34.125
1402917739|34.125
1402917761|34.125
1402917785|34.125
1402917807|34.125
1402917830|34.125
1402917852|34.125
1402917874|34.125
1402917897|34.125
1402917919|34.125
1402917942|34.125
1402917964|34.125
1402917987|34.125
1402918009|34.125
1402918032|34.125
1402918054|34.125
1402918077|34.125
1402918099|34.125
1402918122|34.125
1402918144|34.125
1402918167|34.125
1402918189|34.125
1402918211|34.125
1402918234|34.125
1402918256|34.125
1402918279|34.125
1402918301|34.125
1402918324|34.125
1402918346|34.125
1402918369|34.125
1402918391|34.125
1402918414|34.125
1402918436|34.125
1402918459|34.125
1402918481|34.125
1402918504|34.125
1402918526|34.125
1402918549|34.125
1402918571|34.125
1402918594|34.125
1402918616|34.125
1402918638|34.125
1402918661|34.125
1402918683|34.125
1402918706|34.125
1402918728|34.125
1402918751|34.125
1402918773|34.125
1402918796|34.125
1402918818|34.125
1402918841|34.125
1402918863|34.125
1402918886|34.125
1402918908|34.125
1402918931|34.125
1402918953|34.125
1402918975|34.125
1402918998|34.125
1402919020|34.187
1402919043|34.125
1402919065|34.125
1402919088|34.125
1402919110|34.125
1402919133|34.125
1402919155|34.125
1402919178|34.125
1402919200|34.125
1402919223|34.125
1402919245|34.125
1402919268|34.125
1402919290|34.187
1402919312|34.125
1402919335|34.125
1402919357|34.125
1402919380|34.125
1402919402|34.187
1402919425|34.187
1402919447|34.125
1402919470|34.125
1402919492|34.125
1402919515|34.187
1402919537|34.187
1402919560|34.187
1402919582|34.125
1402919605|34.187
1402919627|34.187
1402919649|34.187
1402919672|34.187
1402919694|34.187
1402919717|34.187
1402919739|34.187
1402919762|34.187
1402919784|34.187
1402919807|34.187
1402919829|34.187
1402919852|34.125
1402919874|34.125
1402919897|34.125
1402919919|34.125
1402919942|34.125
1402919964|34.187
1402919987|34.187
1402920009|34.187
1402920031|34.187
1402920054|34.187
1402920076|34.187
1402920099|34.187
1402920121|34.187
1402920144|34.187
1402920166|34.187
1402920189|34.125
1402920211|34.125
1402920234|34.125
1402920256|34.125
1402920279|34.062
1402920301|34.125
1402920324|34.125
1402920346|34.062
1402920368|34.062
1402920391|34.062
1402920413|34.062
1402920436|34.062
1402920458|34.062
1402920481|34.062
1402920503|34.0
1402920526|34.062
1402920548|34.0
1402920571|34.062
1402920593|34.0
1402920616|34.0
1402920638|34.0
1402920661|34.0
1402920683|34.0
1402920705|34.0
1402920728|34.0
1402920750|34.0
1402920773|33.937
1402920795|33.937
1402920818|33.937
1402920840|33.875
1402920863|33.875
1402920885|33.812
1402920908|33.812
1402920930|33.75
1402920953|33.75
1402920975|33.75
1402920998|33.75
1402921020|33.75
1402921043|33.687
1402921065|33.687
1402921088|33.687
1402921110|33.687
1402921132|33.687
1402921155|33.687
1402921177|33.625
1402921200|33.625
1402921222|33.625
1402921245|33.625
1402921267|33.625
1402921290|33.625
1402921312|33.562
1402921335|33.625
1402921357|33.625
1402921380|33.562
1402921402|33.562
1402921425|33.562
1402921447|33.562
1402921469|33.562
1402921492|33.562
1402921514|33.562
1402921537|33.562
1402921559|33.5
1402921582|33.562
1402921604|33.562
1402921627|33.562
1402921649|33.562
1402921672|33.562
1402921694|33.5
1402921717|33.5
1402921739|33.5
1402921762|33.5
1402921784|33.5
1402921806|33.5
1402921829|33.5
1402921851|33.5
1402921874|33.5
1402921896|33.437
1402921919|33.437
1402921941|33.437
1402921964|33.437
1402921986|33.437
1402922009|33.375
1402922031|33.437
1402922054|33.437
1402922076|33.375
1402922099|33.375
1402922121|33.375
1402922143|33.375
1402922166|33.437
1402922188|33.437
1402922211|33.437
1402922233|33.437
1402922256|33.437
1402922278|33.437
1402922301|33.437
1402922323|33.437
1402922346|33.437
1402922369|33.437
1402922391|33.437
1402922414|33.437
1402922436|33.375
1402922459|33.375
1402922481|33.375
1402922504|33.375
1402922526|33.375
1402922549|33.375
1402922571|33.375
1402922594|33.375
1402922616|33.375
1402922639|33.375
1402922661|33.312
1402922684|33.375
1402922706|33.312
1402922728|33.312
1402922751|33.312
1402922773|33.312
1402922796|33.312
1402922818|33.312
1402922841|33.312
1402922863|33.312
1402922886|33.312
1402922908|33.312
1402922931|33.312
1402922953|33.312
1402922976|33.312
1402922998|33.312
1402923021|33.312
1402923043|33.25
1402923066|33.25
1402923088|33.25
1402923110|33.25
1402923133|33.25
1402923155|33.25
1402923178|33.25
1402923200|33.25
1402923223|33.25
1402923245|33.25
1402923268|33.187
1402923290|33.187
1402923313|33.187
1402923335|33.187
1402923358|33.187
1402923380|33.187
1402923403|33.187
1402923425|33.187
1402923447|33.187
1402923470|33.125
1402923492|33.125
1402923515|33.125
1402923537|33.125
1402923560|33.125
1402923582|33.125
1402923605|33.062
1402923627|33.062
1402923650|33.062
1402923672|33.062
1402923695|33.062
1402923717|33.062
1402923740|33.062
1402923762|33.062
1402923784|33.062
1402923807|33.062
1402923829|33.062
1402923852|33.062
1402923874|33.062
1402923897|33.062
1402923919|33.062
1402923942|33.062
1402923964|33.062
1402923987|33.062
1402924009|33.062
1402924032|33.062
1402924054|33.0
1402924077|33.062
1402924099|33.062
1402924121|33.062
1402924144|33.062
1402924166|33.062
1402924189|33.0
1402924211|33.0
1402924234|33.0
1402924256|33.0
1402924279|33.062
1402924301|33.0
1402924324|33.0
1402924346|33.0
1402924369|33.0
1402924391|33.0
1402924414|33.0
1402924436|33.0
1402924458|33.0
1402924481|33.062
1402924503|33.062
1402924526|33.0
1402924548|33.0
1402924571|33.0
1402924593|33.0
1402924616|33.0
1402924638|33.0
1402924661|33.0
1402924683|33.0
1402924706|33.062
1402924728|33.0
1402924751|33.0
1402924773|33.0
1402924796|33.0
1402924818|33.0
1402924840|33.0
1402924863|33.0
1402924885|33.0
1402924908|33.0
1402924930|33.0
1402924953|33.0
1402924975|33.0
1402924998|33.0
1402925020|33.0
1402925043|33.0
1402925065|33.0
1402925088|33.0
1402925110|33.0
1402925133|33.0
1402925155|33.0
1402925177|33.0
1402925200|33.0
1402925222|32.937
1402925245|33.0
1402925267|32.937
1402925290|33.0
1402925312|32.937
1402925335|32.937
1402925357|33.0
1402925380|32.937
1402925402|33.0
1402925425|33.0
1402925447|32.937
1402925470|33.0
1402925492|32.937
1402925514|33.0
1402925537|33.0
1402925559|33.0
1402925582|32.937
1402925604|32.937
1402925627|32.937
1402925649|33.0
1402925672|33.0
1402925694|32.937
1402925717|33.0
1402925739|32.937
1402925762|32.937
1402925784|32.937
1402925807|32.937
1402925829|32.937
1402925851|32.937
1402925874|32.937
1402925896|32.937
1402925919|32.937
1402925941|32.937
1402925964|32.937
1402925986|32.937
1402926009|32.937
1402926031|32.937
1402926054|32.937
1402926076|32.937
1402926099|32.937
1402926121|32.937
1402926144|32.937
1402926166|32.937
1402926189|32.937
1402926211|32.937
1402926233|32.937
1402926256|32.937
1402926278|32.875
1402926301|32.875
1402926323|32.875
1402926346|32.875
1402926368|32.875
1402926391|32.875
1402926413|32.875
1402926436|32.875
1402926458|32.875
1402926481|32.875
1402926503|32.812
1402926526|32.875
1402926548|32.812
1402926571|32.812
1402926593|32.812
1402926615|32.812
1402926638|32.812
1402926660|32.875
1402926683|32.812
1402926705|32.812
1402926728|32.812
1402926750|32.812
1402926773|32.812
1402926795|32.812
1402926818|32.875
1402926840|32.812
1402926863|32.812
1402926885|32.875
1402926908|32.812
1402926930|32.812
1402926952|32.812
1402926975|32.812
1402926997|32.812
1402927020|32.812
1402927042|32.812
1402927065|32.812
1402927087|32.812
1402927110|32.812
1402927132|32.812
1402927155|32.812
1402927177|32.812
1402927200|32.812
1402927222|32.812
1402927245|32.812
1402927267|32.812
1402927290|32.812
1402927312|32.812
1402927334|32.812
1402927357|32.812
1402927379|32.812
1402927402|32.812
1402927424|32.812
1402927447|32.812
1402927469|32.812
1402927492|32.812
1402927514|32.812
1402927537|32.812
1402927559|32.875
1402927582|32.875
1402927604|32.875
1402927627|32.875
1402927649|32.875
1402927672|32.875
1402927694|32.875
1402927716|32.875
1402927739|32.875
1402927761|32.875
1402927784|32.875
1402927806|32.875
1402927829|32.937
1402927851|32.937
1402927874|32.937
1402927896|32.937
1402927919|32.937
1402927941|32.937
1402927964|32.937
1402927986|32.937
1402928009|33.0
1402928031|33.0
1402928053|33.0
1402928076|33.0
1402928098|33.0
1402928121|33.062
1402928143|33.0
1402928166|33.062
1402928188|33.0
1402928211|33.062
1402928233|33.0
1402928256|33.062
1402928278|33.0
1402928301|33.062
1402928323|33.0
1402928346|33.0
1402928368|33.0
1402928391|33.0
1402928413|33.0
1402928435|33.0
1402928458|33.062
1402928480|33.062
1402928503|33.062
1402928525|33.062
1402928548|33.062
1402928570|33.062
1402928593|33.062
1402928615|33.062
1402928638|33.062
1402928660|33.062
1402928683|33.062
1402928705|33.062
1402928728|33.062
1402928750|33.062
1402928772|33.062
1402928795|33.062
1402928817|33.062
1402928840|33.062
1402928862|33.062
1402928885|33.062
1402928907|33.125
1402928930|33.062
1402928952|33.062
1402928975|33.062
1402928997|33.062
1402929020|33.062
1402929042|33.062
1402929065|33.062
1402929087|33.062
1402929109|33.062
1402929132|33.062
1402929154|33.062
1402929177|33.0
1402929199|33.062
1402929222|33.062
1402929245|33.062
1402929267|33.0
1402929290|33.062
1402929312|33.062
1402929335|33.0
1402929357|33.0
1402929379|33.062
1402929402|33.0
1402929424|33.0
1402929447|33.0
1402929469|33.0
1402929492|33.0
1402929514|33.062
1402929537|33.0
1402929559|33.062
1402929582|33.062
1402929604|33.062
1402929627|33.062
1402929649|33.062
1402929672|33.062
1402929694|33.062
1402929717|33.062
1402929739|33.062
1402929761|33.062
1402929784|33.062
1402929806|33.0
1402929829|85.0
1402929851|33.062
1402929874|33.062
1402929896|33.0
1402929919|33.0
1402929941|33.062
1402929964|33.0
1402929986|33.0
1402930009|33.0
1402930031|33.0
1402930054|33.0
1402930076|33.0
1402930098|33.0
1402930121|33.0
1402930143|33.0
1402930166|33.062
1402930188|33.0
1402930211|33.062
1402930233|33.062
1402930256|33.062
1402930278|33.062
1402930301|33.0
1402930323|33.062
1402930346|33.062
1402930368|33.062
1402930391|33.062
1402930413|33.062
1402930435|33.062
1402930458|33.062
1402930480|33.062
1402930503|33.062
1402930525|33.062
1402930548|33.062
1402930570|33.062
1402930593|33.062
1402930615|33.062
1402930638|33.062
1402930660|33.062
1402930683|33.062
1402930705|33.062
1402930728|33.062
1402930750|33.125
1402930773|33.062
1402930795|33.125
1402930818|33.062
1402930840|33.062
1402930862|33.125
1402930885|33.062
1402930907|33.125
1402930930|33.125
1402930952|33.125
1402930975|33.125
1402930997|33.125
1402931020|33.062
1402931042|33.062
1402931065|33.062
1402931087|33.125
1402931110|33.125
1402931132|33.125
1402931155|33.125
1402931177|33.125
1402931199|33.125
1402931222|33.125
1402931244|33.125
1402931267|33.125
1402931289|33.125
1402931312|33.125
1402931334|33.125
1402931357|33.125
1402931379|33.187
1402931402|33.187
1402931424|33.187
1402931447|33.187
1402931469|33.187
1402931492|33.187
1402931514|33.187
1402931536|33.187
1402931559|33.25
1402931582|33.187
1402931604|33.25
1402931626|33.25
1402931649|33.25
1402931671|33.25
1402931694|33.25
1402931716|33.25
1402931739|33.25
1402931761|33.25
1402931784|33.187
1402931806|33.25
1402931829|33.187
1402931851|33.25
1402931874|33.25
1402931896|33.187
1402931919|33.25
1402931941|33.25
1402931963|33.25
1402931986|33.25
1402932008|33.25
1402932031|33.25
1402932053|33.25
1402932076|33.25
1402932098|33.25
1402932121|33.25
1402932143|33.187
1402932166|33.187
1402932188|33.187
1402932211|33.187
1402932233|33.187
1402932256|33.187
1402932278|33.187
1402932300|33.187
1402932323|33.125
1402932345|33.125
1402932368|33.125
1402932390|33.125
1402932413|33.125
1402932435|33.125
1402932458|33.125
1402932480|33.125
1402932503|33.125
1402932525|33.062
1402932548|33.062
1402932570|33.062
1402932593|33.062
1402932615|33.0
1402932638|33.0
1402932660|33.0
1402932682|33.0
1402932705|33.0
1402932727|33.0
1402932750|32.937
1402932772|32.937
1402932795|32.937
1402932817|32.937
1402932840|33.0
1402932862|32.937
1402932885|33.0
1402932907|33.0
1402932930|33.0
1402932952|32.937
1402932975|33.0
1402932997|33.0
1402933020|33.0
1402933042|33.0
1402933065|33.0
1402933087|33.0
1402933109|33.0
1402933132|33.0
1402933154|33.062
1402933177|33.062
1402933199|33.062
1402933222|33.062
1402933244|33.062
1402933267|33.062
1402933289|33.062
1402933312|33.062
1402933334|33.062
1402933357|33.062
1402933379|33.062
1402933402|33.062
1402933424|33.062
1402933446|33.062
1402933469|33.062
1402933491|33.062
1402933514|33.062
1402933536|33.062
1402933559|33.062
1402933581|33.062
1402933604|33.062
1402933626|33.0
1402933649|33.0
1402933671|33.0
1402933694|33.0
1402933716|32.937
1402933739|32.875
1402933761|32.875
1402933783|32.875
1402933806|32.875
1402933828|32.812
1402933851|32.812
1402933873|32.75
1402933896|32.75
1402933918|32.75
1402933941|32.75
1402933963|32.75
1402933986|32.75
1402934008|32.687
1402934031|32.687
1402934053|32.687
1402934076|32.687
1402934098|32.625
1402934121|32.625
1402934143|32.625
1402934165|32.625
1402934188|32.687
1402934210|32.625
1402934233|32.625
1402934255|32.625
1402934278|32.687
1402934300|32.687
1402934323|32.625
1402934345|32.625
1402934368|32.625
1402934390|32.625
1402934413|32.625
1402934435|32.562
1402934458|32.562
1402934480|32.562
1402934503|32.562
1402934525|32.562
1402934547|32.562
1402934570|32.562
1402934592|32.562
1402934615|32.562
1402934637|32.562
1402934660|32.562
1402934682|32.562
1402934705|32.5
1402934727|32.5
1402934750|32.5
1402934772|32.5
1402934795|32.5
1402934817|32.5
1402934840|32.5
1402934862|32.5
1402934884|32.5
1402934907|32.5
1402934929|32.562
1402934952|32.562
1402934974|32.5
1402934997|32.5
1402935019|32.5
1402935042|32.5
1402935064|32.5
1402935087|32.5
1402935109|32.5
1402935132|32.5
1402935154|32.5
1402935177|32.5
1402935199|32.5
1402935221|32.5
1402935244|32.5
1402935266|32.5
1402935289|32.5
1402935311|32.5
1402935334|32.5
1402935356|32.5
1402935379|32.5
1402935401|32.5
1402935424|32.562
1402935446|32.5
1402935469|32.5
1402935491|32.5
1402935514|32.5
1402935536|32.562
1402935558|32.5
1402935581|32.5
1402935603|32.5
1402935626|32.5
1402935648|32.5
1402935671|32.562
1402935693|32.5
1402935716|32.5
1402935738|32.5
1402935761|32.5
1402935783|32.5
1402935806|32.5
1402935828|32.5
1402935851|32.437
1402935873|32.5
1402935896|32.5
1402935918|32.437
1402935940|32.5
1402935963|32.5
1402935985|32.437
1402936008|32.5
1402936030|32.437
1402936053|32.437
1402936075|32.437
1402936098|32.437
1402936120|32.437
1402936143|32.437
1402936165|32.437
1402936188|32.5
1402936210|32.437
1402936233|32.437
1402936255|32.437
1402936278|32.437
1402936300|32.437
1402936322|32.437
1402936345|32.437
1402936367|32.437
1402936390|32.437
1402936412|32.437
1402936435|32.437
1402936457|32.437
1402936480|32.437
1402936502|32.437
1402936525|32.437
1402936547|32.437
1402936570|32.375
1402936592|32.437
1402936615|32.437
1402936637|32.437
1402936660|32.375
1402936682|32.375
1402936704|32.375
1402936727|32.375
1402936749|32.375
1402936772|32.375
1402936794|32.375
1402936817|32.375
1402936839|32.312
1402936862|32.375
1402936884|32.375
1402936907|32.375
1402936929|32.375
1402936952|32.375
1402936974|32.375
1402936997|32.375
1402937019|32.375
1402937041|32.375
1402937064|32.375
1402937086|32.375
1402937109|32.375
1402937131|32.375
1402937154|32.437
1402937176|32.437
1402937199|32.437
1402937221|32.437
1402937244|32.375
1402937266|32.375
1402937289|32.375
1402937311|32.437
1402937334|32.375
1402937356|32.437
1402937378|32.437
1402937401|32.375
1402937423|32.375
1402937446|32.437
1402937468|32.375
1402937491|32.375
1402937513|32.375
1402937536|32.437
1402937558|32.437
1402937581|32.375
1402937603|32.375
1402937626|32.375
1402937648|32.375
1402937671|32.375
1402937693|32.375
1402937715|32.375
1402937738|32.375
1402937760|32.375
1402937783|32.375
1402937805|32.375
1402937828|32.375
1402937850|32.375
1402937873|32.375
1402937895|32.312
1402937918|32.375
1402937940|32.312
1402937963|32.312
1402937985|32.312
1402938008|32.312
1402938030|32.312
1402938053|32.312
1402938075|32.312
1402938098|32.312
1402938120|32.25
1402938142|32.25
1402938165|32.25
1402938187|32.25
1402938210|32.25
1402938232|32.25
1402938255|32.187
1402938277|32.187
1402938300|32.187
1402938322|32.25
1402938345|32.187
1402938367|32.187
1402938390|32.187
1402938412|32.187
1402938435|32.187
1402938457|32.187
1402938479|32.187
1402938502|32.187
1402938524|32.125
1402938547|32.187
1402938569|32.187
1402938592|32.187
1402938614|32.187
1402938637|32.187
1402938659|32.187
1402938682|32.187
1402938704|32.187
1402938727|32.187
1402938749|32.187
1402938772|32.187
1402938794|32.187
1402938816|32.125
1402938839|32.125
1402938861|32.187
1402938884|32.187
1402938906|32.187
1402938929|32.187
1402938951|32.187
1402938974|32.187
1402938996|32.187
1402939019|32.187
1402939041|32.187
1402939064|32.187
1402939086|32.25
1402939109|32.25
1402939131|32.187
1402939153|32.25
1402939176|32.25
1402939198|32.25
1402939221|32.25
1402939243|32.187
1402939266|32.25
1402939288|32.25
1402939311|32.187
1402939333|32.25
1402939356|32.25
1402939378|32.25
1402939401|32.25
1402939423|32.25
1402939446|32.25
1402939468|32.25
1402939491|32.25
1402939513|32.25
1402939535|32.25
1402939558|32.25
1402939580|32.312
1402939603|32.312
1402939625|32.312
1402939648|32.312
1402939670|32.312
1402939693|32.312
1402939715|32.312
1402939738|32.312
1402939760|32.312
1402939783|32.312
1402939805|32.312
1402939828|32.312
1402939850|32.312
1402939872|32.312
1402939895|32.312
1402939917|32.312
1402939940|32.312
1402939962|32.312
1402939985|32.312
1402940007|32.312
1402940030|32.312
1402940052|32.312
1402940075|32.312
1402940097|32.312
1402940120|32.312
1402940142|32.312
1402940165|32.312
1402940187|32.312
1402940209|32.312
1402940232|32.312
1402940254|32.312
1402940277|32.312
1402940299|32.312
1402940322|32.312
1402940344|32.312
1402940367|32.25
1402940389|32.25
1402940412|32.25
1402940434|32.25
1402940457|32.25
1402940479|32.25
1402940502|32.25
1402940524|32.25
1402940546|32.187
1402940569|32.187
1402940591|32.187
1402940614|32.187
1402940636|32.187
1402940659|32.187
1402940681|32.187
1402940704|32.187
1402940726|32.187
1402940749|32.187
1402940771|32.125
1402940794|32.187
1402940816|32.187
1402940839|32.125
1402940861|32.125
1402940883|32.125
1402940906|32.125
1402940928|32.125
1402940951|32.125
1402940973|32.125
1402940996|32.125
1402941018|32.125
1402941041|32.125
1402941063|32.125
1402941086|32.125
1402941108|32.125
1402941131|32.125
1402941153|32.125
1402941176|32.125
1402941198|32.125
1402941221|32.125
1402941243|32.125
1402941266|32.187
1402941288|32.125
1402941310|32.125
1402941333|32.187
1402941355|32.125
1402941378|32.125
1402941400|32.125
1402941423|32.125
1402941445|32.125
1402941468|32.125
1402941490|32.125
1402941513|32.125
1402941535|32.125
1402941558|32.125
1402941580|32.125
1402941603|32.125
1402941625|32.125
1402941647|32.125
1402941670|32.125
1402941692|32.125
1402941715|32.125
1402941737|32.125
1402941760|32.125
1402941782|32.125
1402941805|32.125
1402941827|32.125
1402941850|32.125
1402941872|32.125
1402941895|32.125
1402941917|32.125
1402941940|32.125
1402941962|32.125
1402941984|32.125
1402942007|32.125
1402942029|32.125
1402942052|32.125
1402942074|32.125
1402942097|32.125
1402942119|32.125
1402942142|32.125
1402942164|32.125
1402942187|32.125
1402942209|32.125
1402942232|32.125
1402942254|32.125
1402942277|32.125
1402942299|32.125
1402942321|32.062
1402942344|32.062
1402942366|32.125
1402942389|32.125
1402942411|32.062
1402942434|32.062
1402942456|32.062
1402942479|32.062
1402942501|32.062
1402942524|32.125
1402942546|32.125
1402942569|32.125
1402942591|32.125
1402942614|32.062
1402942636|32.125
1402942658|32.125
1402942681|32.062
1402942703|32.062
1402942726|32.062
1402942748|32.062
1402942771|32.125
1402942793|32.062
1402942816|32.125
1402942838|32.125
1402942861|32.125
1402942883|32.125
1402942906|32.125
1402942928|32.125
1402942951|32.125
1402942973|32.125
1402942996|32.125
1402943018|32.125
1402943041|32.125
1402943063|32.125
1402943085|32.125
1402943108|32.125
1402943130|32.125
1402943153|32.125
1402943175|32.125
1402943198|32.125
1402943220|32.125
1402943243|32.125
1402943265|32.125
1402943288|32.062
1402943310|32.062
1402943333|32.125
1402943355|32.125
1402943378|32.125
1402943400|32.125
1402943422|32.125
1402943445|32.125
