1403634773|33.562
1403634796|33.562
1403634818|33.562
1403634841|33.5
1403634863|33.5
1403634886|33.5
1403634908|33.5
1403634931|33.5
1403634953|33.437
1403634975|33.5
1403634998|33.437
1403635021|33.437
1403635043|33.437
1403635066|33.437
1403635088|33.437
1403635111|33.437
1403635133|33.375
1403635156|33.375
1403635178|33.375
1403635201|33.375
1403635223|33.375
1403635246|33.375
1403635268|33.375
1403635291|33.375
1403635313|33.375
1403635336|33.375
1403635358|33.375
1403635381|33.375
1403635403|33.375
1403635425|33.375
1403635448|33.312
1403635470|33.312
1403635493|33.312
1403635515|33.312
1403635538|33.312
1403635560|33.312
1403635583|33.312
1403635605|33.312
1403635628|33.312
1403635650|33.312
1403635673|33.312
1403635695|33.312
1403635718|33.312
1403635740|33.25
1403635763|33.25
1403635785|33.312
1403635807|33.25
1403635830|33.25
1403635852|33.312
1403635875|33.25
1403635897|33.25
1403635920|33.312
1403635942|33.312
1403635965|33.25
1403635987|33.25
1403636010|33.25
1403636032|33.25
1403636055|33.25
1403636077|33.25
1403636100|33.25
1403636122|33.25
1403636144|33.25
1403636167|33.25
1403636189|33.25
1403636212|33.25
1403636234|33.187
1403636257|33.187
1403636279|33.25
1403636302|33.187
1403636324|33.187
1403636347|33.187
1403636369|33.187
1403636392|33.187
1403636414|33.187
1403636437|33.187
1403636459|33.187
1403636481|33.125
1403636504|33.187
1403636526|33.187
1403636549|33.187
1403636571|33.187
1403636594|33.125
1403636616|33.187
1403636639|33.125
1403636661|33.125
1403636684|33.125
1403636706|33.125
1403636729|33.062
1403636751|33.125
1403636774|33.062
1403636796|33.062
1403636819|33.062
1403636841|33.062
1403636864|33.062
1403636886|33.062
1403636908|33.062
1403636931|33.062
1403636953|33.0
1403636976|33.062
1403636998|33.062
1403637021|33.0
1403637043|33.062
1403637066|33.062
1403637088|33.0
1403637111|33.0
1403637133|33.0
1403637156|33.0
1403637178|33.0
1403637201|33.0
1403637223|33.0
1403637245|33.0
1403637268|32.937
1403637290|33.0
1403637313|32.937
1403637335|32.937
1403637358|32.937
1403637380|32.937
1403637403|32.937
1403637425|32.937
1403637448|32.937
1403637470|32.937
1403637493|32.937
1403637515|32.937
1403637538|32.937
1403637560|32.937
1403637583|32.875
1403637605|32.875
1403637627|32.875
1403637650|32.875
1403637672|32.875
1403637695|32.875
1403637717|32.875
1403637740|32.875
1403637762|32.875
1403637785|32.875
1403637807|32.875
1403637830|32.812
1403637852|32.812
1403637875|32.812
1403637897|32.812
1403637920|32.75
1403637942|32.75
1403637965|32.75
1403637987|32.75
1403638009|32.687
1403638032|32.687
1403638054|32.687
1403638077|32.687
1403638099|32.687
1403638122|32.625
1403638144|32.625
1403638167|32.625
1403638189|32.562
1403638212|32.562
1403638234|32.625
1403638257|32.562
1403638279|32.562
1403638302|32.562
1403638324|32.562
1403638346|32.5
1403638369|32.5
1403638391|32.5
1403638414|32.5
1403638436|32.5
1403638459|32.437
1403638481|32.5
1403638504|32.5
1403638526|32.5
1403638549|32.437
1403638571|32.5
1403638594|32.437
1403638616|32.437
1403638639|32.437
1403638661|32.437
1403638683|32.437
1403638706|32.437
1403638728|32.437
1403638751|32.437
1403638773|32.437
1403638796|32.437
1403638818|32.437
1403638841|32.375
1403638863|32.375
1403638886|32.375
1403638908|32.437
1403638931|32.437
1403638953|32.375
1403638976|32.375
1403638998|32.375
1403639020|32.375
1403639043|32.375
1403639065|32.375
1403639088|32.312
1403639110|32.375
1403639133|32.375
1403639155|32.375
1403639178|32.312
1403639200|32.312
1403639223|32.312
1403639245|32.312
1403639268|32.312
1403639290|32.312
1403639313|32.25
1403639335|32.25
1403639358|32.25
1403639380|32.25
1403639402|32.25
1403639425|32.25
1403639447|32.187
1403639470|32.25
1403639492|32.187
1403639515|32.187
1403639537|32.187
1403639560|32.187
1403639582|32.187
1403639605|32.25
1403639627|32.25
1403639650|32.25
1403639672|32.187
1403639695|32.187
1403639717|32.25
1403639739|32.187
1403639762|32.25
1403639784|32.25
1403639807|32.25
1403639829|32.25
1403639852|32.25
1403639874|32.25
1403639897|32.25
1403639919|32.25
1403639942|32.25
1403639964|32.25
1403639987|32.187
1403640009|32.187
1403640032|32.187
1403640054|32.187
1403640076|32.187
1403640099|32.187
1403640121|32.187
1403640144|32.187
1403640166|32.187
1403640189|32.187
1403640211|32.125
1403640234|32.125
1403640256|32.125
1403640279|32.125
1403640301|32.125
1403640324|32.125
1403640346|32.125
1403640369|32.125
1403640391|32.125
1403640414|32.125
1403640436|32.125
1403640458|32.125
1403640481|32.125
1403640503|32.125
1403640526|32.125
1403640548|32.125
1403640571|32.125
1403640593|32.125
1403640616|32.125
1403640638|32.125
1403640661|32.125
1403640683|32.125
1403640706|32.125
1403640728|32.125
1403640751|32.125
1403640773|32.125
1403640796|32.125
1403640818|32.125
1403640840|32.125
1403640863|32.125
1403640885|32.125
1403640908|32.125
1403640930|32.125
1403640953|32.125
1403640975|32.125
1403640998|32.125
1403641020|32.125
1403641043|32.125
1403641065|32.125
1403641088|32.125
1403641110|32.125
1403641133|32.125
1403641155|32.125
1403641177|32.125
1403641200|32.125
1403641222|32.125
1403641245|32.125
1403641267|32.125
1403641290|32.125
1403641312|32.125
1403641335|32.125
1403641357|32.125
1403641380|32.125
1403641402|32.125
1403641425|32.125
1403641447|32.125
1403641470|32.125
1403641492|32.125
1403641514|32.125
1403641537|32.125
1403641559|32.125
1403641582|32.125
1403641604|32.125
1403641627|32.125
1403641649|32.125
1403641672|32.125
1403641694|32.125
1403641717|32.125
1403641739|32.125
1403641762|32.125
1403641784|32.125
1403641807|32.125
1403641829|32.125
1403641852|32.125
1403641874|32.125
1403641896|32.125
1403641919|32.125
1403641941|32.125
1403641964|32.125
1403641986|32.125
1403642009|32.125
1403642031|32.125
1403642054|32.125
1403642076|32.125
1403642099|32.125
1403642121|32.125
1403642144|32.125
1403642166|32.125
1403642189|32.125
1403642211|32.125
1403642234|32.125
1403642256|32.125
1403642278|32.125
1403642301|32.125
1403642323|32.125
1403642346|32.125
1403642368|32.187
1403642391|32.125
1403642413|32.187
1403642436|32.187
1403642458|32.125
1403642481|32.125
1403642503|32.187
1403642526|32.125
1403642548|32.125
1403642571|32.125
1403642593|32.125
1403642615|32.125
1403642638|32.187
1403642660|32.125
1403642683|32.125
1403642705|32.125
1403642728|32.125
1403642750|32.125
1403642773|32.125
1403642795|32.125
1403642818|32.125
1403642840|32.125
1403642863|32.125
1403642885|32.125
1403642908|32.125
1403642930|32.125
1403642952|32.125
1403642975|32.125
1403642997|32.125
1403643020|32.125
1403643042|32.125
1403643065|32.125
1403643087|32.125
1403643110|32.125
1403643132|32.125
1403643155|32.062
1403643177|32.125
1403643200|32.062
1403643222|32.125
1403643245|32.125
1403643267|32.125
1403643290|32.125
1403643312|32.062
1403643334|32.125
1403643357|32.062
1403643379|32.062
1403643402|32.062
1403643424|32.062
1403643447|32.062
1403643469|32.062
1403643492|32.062
1403643514|32.062
1403643537|32.062
1403643559|32.062
1403643582|32.062
1403643604|32.062
1403643627|32.062
1403643649|32.062
1403643671|32.062
1403643694|32.062
1403643716|32.062
1403643739|32.062
1403643761|32.062
1403643784|32.062
1403643806|32.062
1403643829|32.062
1403643851|32.062
1403643874|32.062
1403643896|32.062
1403643919|32.062
1403643941|32.062
1403643964|32.062
1403643986|32.062
1403644008|32.0
1403644031|32.062
1403644053|32.0
1403644076|32.062
1403644098|32.062
1403644121|32.0
1403644143|32.062
1403644166|32.0
1403644188|32.062
1403644211|32.062
1403644233|32.0
1403644256|32.0
1403644278|32.0
1403644301|32.062
1403644323|32.0
1403644345|32.0
1403644368|32.0
1403644390|32.0
1403644413|32.0
1403644435|32.0
1403644458|32.0
1403644480|32.0
1403644503|32.0
1403644525|32.0
1403644548|32.0
1403644570|32.0
1403644593|32.0
1403644615|32.0
1403644638|32.0
1403644660|32.0
1403644682|32.0
1403644705|32.0
1403644727|32.0
1403644750|32.0
1403644772|32.0
1403644795|32.0
1403644817|32.0
1403644840|32.0
1403644862|32.0
1403644885|32.0
1403644907|32.0
1403644930|32.0
1403644952|32.0
1403644975|32.062
1403644997|32.0
1403645020|32.0
1403645042|32.0
1403645065|32.0
1403645087|32.0
1403645109|32.0
1403645132|32.0
1403645154|32.0
1403645177|32.0
1403645199|32.0
1403645222|32.0
1403645244|32.0
1403645267|32.0
1403645289|32.0
1403645312|32.0
1403645334|32.0
1403645357|32.0
1403645379|32.0
1403645402|32.0
1403645424|32.0
1403645446|32.0
1403645469|32.0
1403645491|32.0
1403645514|31.937
1403645536|32.0
1403645559|31.937
1403645581|32.0
1403645604|32.0
1403645626|32.0
1403645649|31.937
1403645671|32.0
1403645694|32.0
1403645716|31.937
1403645739|31.937
1403645761|31.937
1403645783|31.937
1403645806|31.937
1403645828|31.937
1403645851|31.937
1403645873|31.937
1403645896|31.937
1403645918|31.937
1403645941|31.937
1403645963|31.937
1403645986|31.937
1403646008|31.937
1403646031|32.0
1403646053|31.937
1403646076|31.937
1403646098|32.0
1403646121|31.937
1403646143|31.937
1403646166|31.937
1403646188|31.937
1403646210|31.937
1403646233|31.937
1403646255|31.937
1403646278|31.937
1403646300|31.937
1403646323|31.937
1403646345|31.937
1403646368|31.937
1403646390|31.937
1403646413|31.937
1403646435|31.937
1403646458|31.937
1403646480|31.937
1403646503|31.937
1403646525|31.937
1403646547|31.937
1403646570|31.937
1403646592|31.937
1403646615|31.937
1403646637|31.937
1403646660|31.937
1403646682|31.937
1403646705|31.937
1403646727|31.937
1403646750|31.937
1403646772|31.937
1403646795|31.937
1403646817|31.937
1403646840|31.937
1403646862|31.937
1403646884|31.937
1403646907|31.937
1403646929|31.937
1403646952|31.937
1403646974|31.937
1403646997|31.937
1403647019|31.875
1403647042|31.875
1403647064|31.875
1403647087|31.875
1403647109|31.875
1403647132|31.875
1403647154|31.875
1403647177|31.875
1403647199|31.875
1403647221|31.875
1403647244|31.875
1403647266|31.875
1403647289|31.875
1403647311|31.875
1403647334|31.875
1403647356|31.875
1403647379|31.875
1403647401|31.875
1403647424|31.875
1403647446|31.875
1403647469|31.875
1403647491|31.875
1403647514|31.875
1403647536|31.875
1403647559|31.875
1403647581|31.875
1403647603|31.875
1403647626|31.875
1403647648|31.875
1403647671|31.875
1403647693|31.875
1403647716|31.875
1403647738|31.812
1403647761|31.875
1403647783|31.875
1403647806|31.875
1403647828|31.875
1403647851|31.875
1403647873|31.875
1403647896|31.875
1403647918|31.875
1403647940|31.875
1403647963|31.812
1403647985|31.875
1403648008|31.875
1403648030|31.812
1403648053|31.812
1403648075|31.875
1403648098|31.812
1403648120|31.812
1403648143|31.812
1403648165|31.812
1403648188|31.812
1403648210|31.812
1403648233|31.812
1403648255|31.812
1403648277|31.812
1403648300|31.812
1403648322|31.812
1403648345|31.812
1403648367|31.812
1403648390|31.812
1403648412|31.812
1403648435|31.812
1403648457|31.812
1403648480|31.812
1403648502|31.812
1403648525|31.812
1403648547|31.75
1403648570|31.812
1403648592|31.812
1403648614|31.812
1403648637|31.812
1403648659|31.812
1403648682|31.75
1403648704|31.75
1403648727|31.812
1403648749|31.75
1403648772|31.75
1403648794|31.75
1403648817|31.812
1403648839|31.75
1403648862|31.812
1403648884|31.75
1403648907|31.75
1403648929|31.75
1403648951|31.75
1403648974|31.75
1403648996|31.75
1403649019|31.75
1403649041|31.75
1403649064|31.75
1403649086|31.75
1403649109|31.75
1403649131|31.75
1403649154|31.75
1403649176|31.75
1403649199|31.75
1403649221|31.75
1403649244|31.75
1403649266|31.75
1403649289|31.75
1403649311|31.75
1403649334|31.687
1403649356|31.687
1403649378|31.75
1403649401|31.75
1403649424|31.75
1403649446|31.687
1403649469|31.687
1403649491|31.687
1403649513|31.687
1403649536|31.687
1403649558|31.687
1403649581|31.75
1403649603|31.687
1403649626|31.75
1403649648|31.687
1403649671|31.75
1403649693|31.687
1403649716|31.687
1403649738|31.687
1403649761|31.687
1403649783|31.687
1403649806|31.687
1403649828|31.687
1403649851|31.687
1403649873|31.687
1403649895|31.687
1403649918|31.75
1403649940|31.687
1403649963|31.687
1403649985|31.687
1403650008|31.687
1403650030|31.687
1403650053|31.687
1403650075|31.687
1403650098|31.687
1403650120|31.687
1403650143|31.625
1403650165|31.687
1403650188|31.687
1403650210|31.687
1403650232|31.625
1403650255|31.625
1403650277|31.625
1403650300|31.625
1403650322|31.625
1403650345|31.625
1403650367|31.625
1403650390|31.625
1403650412|31.625
1403650435|31.625
1403650457|31.625
1403650480|31.625
1403650502|31.625
1403650525|31.625
1403650548|31.625
1403650570|31.625
1403650593|31.625
1403650615|31.625
1403650638|31.625
1403650660|31.625
1403650683|31.625
1403650705|31.625
1403650728|31.625
1403650750|31.625
1403650773|31.625
1403650795|31.625
1403650817|31.625
1403650840|31.562
1403650862|31.625
1403650885|31.562
1403650907|31.562
1403650930|31.625
1403650952|31.562
1403650975|31.625
1403650997|31.562
1403651020|31.562
1403651042|31.562
1403651065|31.562
1403651087|31.562
1403651110|31.562
1403651132|31.562
1403651154|31.562
1403651177|31.562
1403651199|31.562
1403651222|31.562
1403651244|31.562
1403651267|31.562
1403651289|31.562
1403651312|31.562
1403651334|31.562
1403651357|31.562
1403651379|31.562
1403651402|31.562
1403651424|31.562
1403651447|31.562
1403651469|31.562
1403651492|31.562
1403651514|31.562
1403651536|31.562
1403651559|31.562
1403651581|31.562
1403651604|31.562
1403651626|31.562
1403651649|31.5
1403651671|31.5
1403651694|31.5
1403651716|31.5
1403651739|31.5
1403651761|31.5
1403651784|31.5
1403651806|31.5
1403651829|31.5
1403651851|31.5
1403651874|31.5
1403651896|31.5
1403651918|31.5
1403651941|31.5
1403651963|31.5
1403651986|31.5
1403652008|31.5
1403652031|31.5
1403652053|31.5
1403652076|31.5
1403652098|31.5
1403652121|31.5
1403652143|31.5
1403652166|31.5
1403652188|31.5
1403652211|31.437
1403652233|31.5
1403652255|31.5
1403652278|31.437
1403652300|31.5
1403652323|31.437
1403652345|31.437
1403652368|31.437
1403652390|31.437
1403652413|31.437
1403652435|31.437
1403652458|31.437
1403652480|31.437
1403652503|31.437
1403652525|31.437
1403652548|31.437
1403652570|31.437
1403652593|31.437
1403652615|31.437
1403652638|31.437
1403652660|31.437
1403652682|31.437
1403652705|31.437
1403652727|31.437
1403652750|31.437
1403652772|31.437
1403652795|31.437
1403652817|31.437
1403652840|31.437
1403652862|31.437
1403652885|31.437
1403652907|31.437
1403652930|31.437
1403652952|31.437
1403652975|31.437
1403652997|31.437
1403653019|31.437
1403653042|31.437
1403653064|31.437
1403653087|31.375
1403653109|31.437
1403653132|31.437
1403653154|31.437
1403653177|31.437
1403653199|31.375
1403653222|31.437
1403653244|31.437
1403653267|31.375
1403653289|31.437
1403653312|31.437
1403653334|31.375
1403653356|31.437
1403653379|31.375
1403653401|31.375
1403653424|31.375
1403653446|31.375
1403653469|31.375
1403653491|31.375
1403653514|31.375
1403653536|31.375
1403653559|31.375
1403653581|31.375
1403653604|31.375
1403653626|31.375
1403653649|31.375
1403653671|31.375
1403653694|31.375
1403653716|31.375
1403653738|31.375
1403653761|31.375
1403653783|31.375
1403653806|31.375
1403653828|31.375
1403653851|31.375
1403653873|31.312
1403653896|31.375
1403653918|31.312
1403653941|31.312
1403653963|31.375
1403653986|31.312
1403654008|31.312
1403654031|31.375
1403654053|31.312
1403654075|31.375
1403654098|31.312
1403654120|31.375
1403654143|31.312
1403654165|31.312
1403654188|31.312
1403654210|31.312
1403654233|31.312
1403654255|31.312
1403654278|31.375
1403654300|31.312
1403654323|31.312
1403654345|31.312
1403654368|31.312
1403654390|31.312
1403654412|31.312
1403654435|31.312
1403654457|31.312
1403654480|31.312
1403654502|31.312
1403654525|31.312
1403654547|31.312
1403654570|31.312
1403654592|31.312
1403654615|31.312
1403654637|31.25
1403654660|31.312
1403654682|31.312
1403654705|31.25
1403654727|31.25
1403654749|31.312
1403654772|31.312
1403654794|31.25
1403654817|31.312
1403654839|31.312
1403654862|31.25
1403654884|31.312
1403654907|31.312
1403654929|31.25
1403654952|31.25
1403654974|31.25
1403654997|31.25
1403655019|31.25
1403655042|31.25
1403655064|31.25
1403655086|31.25
1403655109|31.25
1403655131|31.25
1403655154|31.25
1403655176|31.25
1403655199|31.25
1403655221|31.25
1403655244|31.25
1403655266|31.25
1403655289|31.25
1403655311|31.25
1403655334|31.187
1403655356|31.25
1403655379|31.25
1403655401|31.187
1403655423|31.25
1403655446|31.25
1403655468|31.187
1403655491|31.187
1403655513|31.25
1403655536|31.187
1403655558|31.187
1403655581|31.187
1403655603|31.187
1403655626|31.187
1403655648|31.187
1403655671|31.187
1403655693|31.187
1403655716|31.187
1403655738|31.187
1403655761|31.187
1403655783|31.187
1403655805|31.187
1403655828|31.187
1403655850|31.187
1403655873|31.187
1403655895|31.187
1403655918|31.187
1403655940|31.187
1403655963|31.187
1403655985|31.187
1403656008|31.187
1403656030|31.187
1403656053|31.187
1403656075|31.187
1403656098|31.187
1403656120|31.187
1403656143|31.187
1403656165|31.187
1403656187|31.187
1403656210|31.187
1403656232|31.187
1403656255|31.187
1403656277|31.187
1403656300|31.187
1403656322|31.187
1403656345|31.187
1403656367|31.187
1403656390|31.187
1403656412|31.187
1403656435|31.187
1403656457|31.187
1403656480|31.187
1403656502|31.187
1403656524|31.187
1403656547|31.125
1403656569|31.125
1403656592|31.125
1403656614|31.125
1403656637|31.125
1403656659|31.125
1403656682|31.125
1403656704|31.125
1403656727|31.125
1403656749|31.125
1403656772|31.125
1403656794|31.125
1403656817|31.125
1403656839|31.125
1403656861|31.062
1403656884|31.062
1403656906|31.062
1403656929|31.062
1403656951|31.062
1403656974|31.062
1403656996|31.062
1403657019|31.062
1403657041|31.062
1403657064|31.062
1403657086|31.062
1403657109|31.062
1403657131|31.062
1403657154|31.062
1403657176|31.062
1403657199|31.062
1403657221|31.062
1403657243|31.062
1403657266|31.062
1403657288|31.062
1403657311|31.062
1403657333|31.062
1403657356|31.062
1403657378|31.062
1403657401|31.062
1403657423|31.062
1403657446|31.062
1403657468|31.062
1403657491|31.062
1403657513|31.062
1403657536|31.062
1403657558|31.062
1403657581|31.062
1403657603|31.062
1403657625|31.062
1403657648|31.0
1403657670|31.0
1403657693|31.062
1403657715|31.0
1403657738|31.0
1403657760|31.0
1403657783|31.0
1403657805|31.0
1403657828|31.0
1403657850|31.0
1403657873|31.0
1403657895|31.0
1403657918|31.0
1403657940|31.0
1403657962|31.0
1403657985|31.0
1403658007|31.0
1403658030|31.0
1403658052|31.0
1403658075|31.0
1403658097|31.0
1403658120|31.0
1403658142|31.0
1403658165|31.0
1403658187|31.0
1403658210|31.0
1403658232|31.0
1403658255|31.0
1403658277|31.0
1403658299|31.0
1403658322|31.0
1403658344|31.0
1403658367|31.0
1403658389|30.937
1403658412|30.937
1403658434|30.937
1403658457|31.0
1403658479|31.0
1403658502|31.0
1403658524|31.0
1403658547|31.0
1403658569|30.937
1403658592|31.0
1403658614|30.937
1403658636|30.937
1403658659|31.0
1403658681|31.0
1403658704|30.937
1403658726|30.937
1403658749|30.937
1403658771|30.937
1403658794|30.937
1403658816|30.937
1403658839|30.937
1403658861|30.937
1403658884|30.937
1403658906|30.937
1403658929|30.937
1403658951|30.937
1403658973|30.937
1403658996|30.937
1403659018|30.937
1403659041|30.937
1403659063|30.937
1403659086|30.937
1403659108|30.937
1403659131|30.937
1403659153|30.937
1403659176|30.937
1403659198|30.937
1403659221|30.937
1403659243|30.937
1403659266|30.875
1403659288|30.875
1403659311|30.875
1403659333|30.875
1403659355|30.875
1403659378|30.875
1403659400|30.875
1403659423|30.875
1403659445|30.875
1403659468|30.875
1403659490|30.875
1403659513|30.875
1403659535|30.875
1403659558|30.875
1403659580|30.875
1403659603|30.875
1403659625|30.875
1403659648|30.875
1403659670|30.875
1403659692|30.875
1403659715|30.875
1403659737|30.875
1403659760|30.812
1403659782|30.875
1403659805|30.875
1403659827|30.812
1403659850|30.875
1403659873|30.875
1403659895|30.812
1403659918|30.875
1403659940|30.812
1403659963|30.812
1403659985|30.875
1403660008|30.812
1403660030|30.812
1403660053|30.812
1403660075|30.812
1403660098|30.812
1403660120|30.812
1403660143|30.875
1403660165|30.812
1403660188|30.812
1403660210|30.812
1403660233|30.812
1403660255|30.812
1403660277|30.812
1403660300|30.812
1403660322|30.812
1403660345|30.812
1403660367|30.812
1403660390|30.812
1403660412|30.812
1403660435|30.812
1403660457|30.812
1403660480|30.812
1403660502|30.812
1403660525|30.812
1403660547|30.812
1403660570|30.812
1403660592|30.812
1403660615|30.812
1403660637|30.812
1403660659|30.812
1403660682|30.812
1403660704|30.812
1403660727|30.75
1403660749|30.75
1403660772|30.75
1403660794|30.75
1403660817|30.75
1403660839|30.75
1403660862|30.75
1403660884|30.75
1403660907|30.75
1403660929|30.75
1403660952|30.75
1403660974|30.75
1403660996|30.75
1403661019|30.75
1403661041|30.75
1403661064|30.75
1403661086|30.75
1403661109|30.75
1403661131|30.75
1403661154|30.75
1403661176|30.75
1403661199|30.75
1403661221|30.75
1403661244|30.75
1403661266|30.75
1403661289|30.75
1403661311|30.75
1403661334|30.75
1403661356|30.75
1403661378|30.75
1403661401|30.75
1403661423|30.75
1403661446|30.687
1403661468|30.687
1403661491|30.687
1403661513|30.687
1403661536|30.687
1403661558|30.687
1403661581|30.687
1403661603|30.687
1403661626|30.687
1403661648|30.687
1403661671|30.687
1403661693|30.687
1403661716|30.687
1403661738|30.687
1403661760|30.687
1403661783|30.687
1403661805|30.687
1403661828|30.687
1403661850|30.687
1403661873|30.687
1403661895|30.687
1403661918|30.687
1403661940|30.687
1403661963|30.687
1403661985|30.687
1403662008|30.687
1403662030|30.687
1403662053|30.687
1403662075|30.625
1403662098|30.687
1403662120|30.687
1403662142|30.687
1403662165|30.687
1403662187|30.687
1403662210|30.687
1403662232|30.687
1403662255|30.687
1403662277|30.625
1403662300|30.687
1403662322|30.625
1403662345|30.625
1403662367|30.625
1403662390|30.625
1403662412|30.625
1403662435|30.687
1403662457|30.625
1403662479|30.625
1403662502|30.625
1403662524|30.625
1403662547|30.625
1403662569|30.625
1403662592|30.625
1403662614|30.625
1403662637|30.625
1403662659|30.625
1403662682|30.625
1403662704|30.625
1403662727|30.625
1403662749|30.625
1403662772|30.625
1403662794|30.625
1403662816|30.625
1403662839|30.625
1403662861|30.625
1403662884|30.562
1403662906|30.625
1403662929|30.562
1403662951|30.562
1403662974|30.562
1403662996|30.562
1403663019|30.562
1403663041|30.562
1403663064|30.562
1403663086|30.562
1403663109|30.562
1403663131|30.562
1403663153|30.562
1403663176|30.562
1403663198|30.562
1403663221|30.562
1403663243|30.562
1403663266|30.562
1403663288|30.562
1403663311|30.562
1403663333|30.562
1403663356|30.562
1403663378|30.562
1403663401|30.562
1403663423|30.562
1403663446|30.562
1403663468|30.562
1403663490|30.562
1403663513|30.5
1403663535|30.5
1403663558|30.5
1403663580|30.562
1403663603|30.562
1403663625|30.5
1403663648|30.562
1403663670|30.5
1403663693|30.5
1403663715|30.5
1403663738|30.5
1403663760|30.5
1403663783|30.5
1403663805|30.5
1403663828|30.5
1403663850|30.5
1403663873|30.5
1403663895|30.5
1403663918|30.5
1403663940|30.5
1403663963|30.5
1403663985|30.5
1403664007|30.5
1403664030|30.5
1403664052|30.5
1403664075|30.5
1403664097|30.5
1403664120|30.5
1403664142|30.5
1403664165|30.5
1403664187|30.5
1403664210|30.5
1403664232|30.5
1403664255|30.5
1403664277|30.5
1403664300|30.437
1403664322|30.5
1403664344|30.5
1403664367|30.5
1403664389|30.5
1403664412|30.437
1403664434|30.437
1403664457|30.437
1403664479|30.437
1403664502|30.437
1403664524|30.437
1403664547|30.437
1403664569|30.437
1403664592|30.437
1403664614|30.437
1403664637|30.437
1403664659|30.437
1403664682|30.437
1403664704|30.437
1403664726|30.437
1403664749|30.437
1403664771|30.437
1403664794|30.437
1403664816|30.437
1403664839|30.437
1403664861|30.437
1403664884|30.437
1403664906|30.375
1403664929|30.437
1403664951|30.375
1403664974|30.437
1403664996|30.375
1403665019|30.375
1403665041|30.375
1403665064|30.375
1403665086|30.375
1403665108|30.437
1403665131|30.375
1403665153|30.375
1403665176|30.375
1403665198|30.375
1403665221|30.375
1403665243|30.375
1403665266|30.375
1403665288|30.375
1403665311|30.375
1403665333|30.375
1403665356|30.375
1403665378|30.375
1403665400|30.375
1403665423|30.375
1403665445|30.375
1403665468|30.375
1403665490|30.375
1403665513|30.375
1403665535|30.375
1403665558|30.312
1403665580|30.375
1403665603|30.375
1403665625|30.375
1403665648|30.375
1403665670|30.375
1403665693|30.375
1403665715|30.375
1403665738|30.312
1403665760|30.312
1403665782|30.312
1403665805|30.312
1403665827|30.312
1403665850|30.375
1403665872|30.312
1403665895|30.312
1403665917|30.312
1403665940|30.312
1403665962|30.312
1403665985|30.375
1403666007|30.312
1403666030|30.312
1403666052|30.312
1403666075|30.312
1403666097|30.312
1403666119|30.312
1403666142|30.312
1403666164|30.312
1403666187|30.312
1403666209|30.312
1403666232|30.312
1403666254|30.312
1403666277|30.312
1403666299|30.312
1403666322|30.312
1403666344|30.312
1403666367|30.312
1403666389|30.312
1403666412|30.312
1403666434|30.312
1403666456|30.312
1403666479|30.312
1403666501|30.312
1403666524|30.25
1403666546|30.25
1403666569|30.25
1403666591|30.25
1403666614|30.25
1403666636|30.25
1403666659|30.25
1403666681|30.25
1403666704|30.25
1403666726|30.25
1403666749|30.25
1403666771|30.25
1403666793|30.25
1403666816|30.25
1403666839|30.25
1403666861|30.25
1403666884|30.25
1403666906|30.25
1403666929|30.25
1403666951|30.25
1403666974|30.25
1403666996|30.25
1403667019|30.25
1403667041|30.25
1403667064|30.187
1403667086|30.25
1403667108|30.187
1403667131|30.25
1403667153|30.187
1403667176|30.187
1403667198|30.187
1403667221|30.25
1403667243|30.25
1403667266|30.25
1403667288|30.25
1403667311|30.25
1403667333|30.187
1403667356|30.187
1403667378|30.187
1403667401|30.187
1403667423|30.187
1403667445|30.187
1403667468|30.187
1403667490|30.25
1403667513|30.187
1403667535|30.187
1403667558|30.187
1403667580|30.187
1403667603|30.187
1403667625|30.187
1403667648|30.187
1403667670|30.187
1403667693|30.187
1403667715|30.187
1403667738|30.187
1403667760|30.187
1403667782|30.187
1403667805|30.187
1403667827|30.187
1403667850|30.187
1403667872|30.187
1403667895|30.125
1403667917|30.187
1403667940|30.187
1403667962|30.125
1403667985|30.187
1403668007|30.125
1403668030|30.125
1403668052|30.125
1403668075|30.125
1403668097|30.125
1403668119|30.125
1403668142|30.125
1403668164|30.125
1403668187|30.125
1403668209|30.125
1403668232|30.125
1403668254|30.125
1403668277|30.125
1403668299|30.125
1403668322|30.125
1403668344|30.125
1403668367|30.125
1403668389|30.125
1403668412|30.125
1403668434|30.125
1403668457|30.125
1403668479|30.062
1403668501|30.062
1403668524|30.062
1403668546|30.125
1403668569|30.062
1403668591|30.062
1403668614|30.125
1403668636|30.062
1403668659|30.125
1403668681|30.125
1403668704|30.062
1403668726|30.125
1403668749|30.125
1403668771|30.062
1403668794|30.062
1403668816|30.062
1403668838|30.062
1403668861|30.062
1403668883|30.062
1403668906|30.062
1403668928|30.062
1403668951|30.062
1403668973|30.062
1403668996|30.062
1403669018|30.062
1403669041|30.062
1403669063|30.062
1403669086|30.062
1403669108|30.062
1403669131|30.062
1403669153|30.062
1403669175|30.062
1403669198|30.062
1403669220|30.062
1403669243|30.062
1403669265|30.062
1403669288|30.062
1403669310|30.062
1403669333|30.062
1403669355|30.062
1403669378|30.062
1403669400|30.062
1403669423|30.0
1403669445|30.0
1403669468|30.0
1403669490|30.0
1403669513|30.0
1403669535|30.0
1403669558|30.0
1403669580|30.0
1403669602|30.0
1403669625|30.0
1403669647|30.0
1403669670|30.0
1403669692|30.0
1403669715|30.0
1403669737|29.937
1403669760|29.937
1403669782|29.937
1403669805|29.875
1403669827|29.875
1403669850|29.875
1403669872|29.875
1403669895|29.875
1403669917|29.812
1403669940|29.812
1403669962|29.812
1403669985|29.812
1403670007|29.875
1403670029|29.812
1403670052|29.812
1403670074|29.812
1403670097|29.812
1403670119|29.812
1403670142|29.812
1403670164|29.812
1403670187|29.812
1403670209|29.812
1403670232|29.812
1403670254|29.75
1403670277|29.75
1403670299|29.75
1403670322|29.75
1403670344|29.75
1403670367|29.75
1403670389|29.75
1403670411|29.687
1403670434|29.687
1403670456|29.687
1403670479|29.687
1403670501|29.687
1403670524|29.687
1403670546|29.687
1403670569|29.687
1403670591|29.687
1403670614|29.687
1403670636|29.687
1403670659|29.687
1403670681|29.687
1403670704|29.687
1403670726|29.687
1403670748|29.75
1403670771|29.687
1403670793|29.687
1403670816|29.687
1403670838|29.687
1403670861|29.687
1403670883|29.687
1403670906|29.687
1403670928|29.687
1403670951|29.687
1403670973|29.687
1403670996|29.687
1403671018|29.687
1403671041|29.687
1403671063|29.687
1403671085|29.687
1403671108|29.687
1403671130|29.687
1403671153|29.687
1403671175|29.687
1403671198|29.687
1403671220|29.687
1403671243|29.687
1403671265|29.625
1403671288|29.625
1403671310|29.625
1403671333|29.625
1403671355|29.625
1403671378|29.625
1403671400|29.687
1403671422|29.687
1403671445|29.625
1403671467|29.625
1403671490|29.625
1403671512|29.625
1403671535|29.625
1403671557|29.625
1403671580|29.625
1403671602|29.562
1403671625|29.562
1403671647|29.562
1403671670|29.5
1403671692|29.5
1403671715|29.5
1403671737|29.5
1403671759|29.5
1403671782|29.5
1403671804|29.5
1403671827|29.5
1403671849|29.5
1403671872|29.5
1403671894|29.5
1403671917|29.5
1403671939|29.437
1403671962|29.437
1403671984|29.437
1403672007|29.437
1403672029|29.437
1403672052|29.437
1403672074|29.437
1403672097|29.437
1403672119|29.437
1403672141|29.437
1403672164|29.437
1403672186|29.437
1403672209|29.437
1403672231|29.375
1403672254|29.375
1403672276|29.437
1403672299|29.375
1403672321|29.375
1403672344|29.375
1403672366|29.375
1403672389|29.375
1403672411|29.375
1403672434|29.375
1403672456|29.375
1403672479|29.375
1403672501|29.375
1403672523|29.375
1403672546|29.375
1403672568|29.312
1403672591|29.375
1403672613|29.312
1403672636|29.375
1403672658|29.375
1403672681|29.312
1403672703|29.312
1403672726|29.312
1403672748|29.312
1403672771|29.312
1403672793|29.312
1403672816|29.312
1403672838|29.312
1403672860|29.312
1403672883|29.25
1403672905|29.312
1403672928|29.25
1403672950|29.312
1403672973|29.312
1403672995|29.312
1403673018|29.25
1403673040|29.25
1403673063|29.25
1403673085|29.25
1403673108|29.25
1403673130|29.25
1403673153|29.25
1403673175|29.25
1403673197|29.25
1403673220|29.25
1403673242|29.25
1403673265|29.25
1403673287|29.25
1403673310|29.187
1403673332|29.187
1403673355|29.187
1403673377|29.25
1403673400|29.187
1403673422|29.187
1403673445|29.187
1403673467|29.25
1403673490|29.187
1403673512|29.187
1403673535|29.187
1403673557|29.187
1403673580|29.187
1403673602|29.187
1403673624|29.187
1403673647|29.187
1403673669|29.187
1403673692|29.187
1403673714|29.187
1403673737|29.187
1403673759|29.125
1403673782|29.187
1403673804|29.125
1403673827|29.125
1403673849|29.187
1403673872|29.125
1403673894|29.125
1403673917|29.125
1403673939|29.125
1403673961|29.125
1403673984|29.125
1403674006|29.125
1403674029|29.125
1403674051|29.125
1403674074|29.125
1403674096|29.125
1403674119|29.125
1403674141|29.125
1403674164|29.125
1403674186|29.125
1403674209|29.062
1403674231|29.062
1403674254|29.062
1403674276|29.125
1403674299|29.062
1403674321|29.062
1403674343|29.062
1403674366|29.062
1403674388|29.062
1403674411|29.062
1403674433|29.062
1403674456|29.062
1403674478|29.062
1403674501|29.062
1403674523|29.062
1403674546|29.062
1403674568|29.062
1403674591|29.062
1403674613|29.0
1403674636|29.0
1403674658|29.0
1403674680|29.0
1403674703|29.0
1403674725|29.0
1403674748|29.0
1403674770|29.0
1403674793|29.0
1403674815|29.0
1403674838|29.0
1403674860|29.0
1403674883|29.0
1403674905|29.0
1403674928|28.937
1403674950|28.937
1403674973|29.0
1403674995|29.0
1403675017|29.0
1403675040|28.937
1403675062|28.937
1403675085|28.937
1403675107|28.937
1403675130|28.937
1403675152|28.937
1403675175|28.937
1403675197|28.937
1403675220|28.937
1403675242|28.937
1403675265|28.937
1403675287|28.937
1403675310|28.937
1403675332|28.937
1403675354|28.937
1403675377|28.875
1403675399|28.875
1403675422|28.875
1403675444|28.875
1403675467|28.875
1403675489|28.875
1403675512|28.875
1403675534|28.875
1403675557|28.875
1403675579|28.875
1403675602|28.875
1403675624|28.875
1403675647|28.875
1403675669|28.875
1403675692|28.875
1403675714|28.875
1403675737|28.875
1403675759|28.875
1403675781|28.875
1403675804|28.875
1403675826|28.875
1403675849|28.875
1403675871|28.875
1403675894|28.875
1403675916|28.875
1403675939|28.875
1403675961|28.812
1403675984|28.812
1403676006|28.812
1403676029|28.812
1403676051|28.812
1403676074|28.812
1403676096|28.812
1403676118|28.812
1403676141|28.812
1403676163|28.812
1403676186|28.812
1403676208|28.812
1403676231|28.812
1403676253|28.812
1403676276|28.812
1403676298|28.812
1403676321|28.812
1403676343|28.75
1403676366|28.75
1403676388|28.75
1403676411|28.75
1403676433|28.75
1403676455|28.75
1403676478|28.75
1403676500|28.75
1403676523|28.75
1403676545|28.75
1403676568|28.75
1403676590|28.75
1403676613|28.75
1403676635|28.75
1403676658|28.75
1403676680|28.75
1403676703|28.687
1403676725|28.687
1403676748|28.687
1403676770|28.687
1403676792|28.687
1403676815|28.687
1403676837|28.687
1403676860|28.687
1403676882|28.687
1403676905|28.687
1403676927|28.687
1403676950|28.687
1403676972|28.687
1403676995|28.687
1403677017|28.687
1403677040|28.687
1403677062|28.687
1403677085|28.687
1403677107|28.687
1403677129|28.687
1403677152|28.687
1403677174|28.625
1403677197|28.687
1403677219|28.625
1403677242|28.625
1403677264|28.625
1403677287|28.625
1403677309|28.625
1403677332|28.625
1403677354|28.625
1403677377|28.625
1403677399|28.625
1403677422|28.625
1403677444|28.625
1403677466|28.625
1403677489|28.625
1403677512|28.625
1403677534|28.625
1403677556|28.625
1403677579|28.625
1403677601|28.625
1403677624|28.562
1403677646|28.625
1403677669|28.625
1403677691|28.562
1403677714|28.625
1403677736|28.562
1403677759|28.562
1403677781|28.562
1403677804|28.562
1403677826|28.562
1403677849|28.562
1403677871|28.562
1403677893|28.562
1403677916|28.562
1403677938|28.562
1403677961|28.562
1403677983|28.562
1403678006|28.562
1403678028|28.562
1403678051|28.562
1403678073|28.562
1403678096|28.562
1403678118|28.562
1403678141|28.562
1403678163|28.562
1403678186|28.562
1403678208|28.562
1403678231|28.562
1403678253|28.562
1403678276|28.562
1403678298|28.562
1403678321|28.562
1403678343|28.562
1403678365|28.562
1403678388|28.562
1403678410|28.562
1403678433|28.5
1403678455|28.5
1403678478|28.5
1403678500|28.5
1403678523|28.5
1403678545|28.562
1403678568|28.5
1403678590|28.5
1403678613|28.437
1403678635|28.437
1403678658|28.437
1403678680|28.5
1403678702|28.5
1403678725|28.437
1403678747|28.437
1403678770|28.437
1403678792|28.437
1403678815|28.437
1403678837|28.437
1403678860|28.437
1403678882|28.437
1403678905|28.437
1403678927|28.437
1403678950|28.437
1403678972|28.437
1403678995|28.375
1403679017|28.437
1403679039|28.437
1403679062|28.375
1403679084|28.375
1403679107|28.375
1403679129|28.375
1403679152|28.375
1403679174|28.375
1403679197|28.375
1403679219|28.375
1403679242|28.375
1403679264|28.375
1403679287|28.375
1403679309|28.375
1403679332|28.375
1403679354|28.375
1403679376|28.375
1403679399|28.375
1403679421|28.312
1403679444|28.375
1403679466|28.375
1403679489|28.312
1403679511|28.312
1403679534|28.312
1403679556|28.312
1403679579|28.312
1403679601|28.312
1403679624|28.312
1403679646|28.312
1403679669|28.312
1403679691|28.312
1403679714|28.312
1403679736|28.312
1403679759|28.312
1403679781|28.312
1403679803|28.312
1403679826|28.312
1403679848|28.312
1403679871|28.312
1403679893|28.312
1403679916|28.312
1403679938|28.312
1403679961|28.312
1403679983|28.312
1403680006|28.312
1403680028|28.312
1403680051|28.312
1403680073|28.312
1403680096|28.312
1403680118|28.312
1403680140|28.25
1403680163|28.312
1403680185|28.25
1403680208|28.25
1403680230|28.25
1403680253|28.25
1403680275|28.25
1403680298|28.25
1403680320|28.25
1403680343|28.25
1403680365|28.25
1403680388|28.25
1403680410|28.25
1403680433|28.25
1403680455|28.25
1403680477|28.25
1403680500|28.25
1403680522|28.25
1403680545|28.25
1403680567|28.25
1403680590|28.25
1403680612|28.25
1403680635|28.25
1403680657|28.25
1403680680|28.25
1403680702|28.25
1403680725|28.187
1403680747|28.25
1403680770|28.25
1403680792|28.25
1403680814|28.25
1403680837|28.25
1403680859|28.25
1403680882|28.25
1403680904|28.25
1403680927|28.25
1403680949|28.187
1403680972|28.25
1403680994|28.187
1403681017|28.187
1403681039|28.25
1403681062|28.187
1403681084|28.25
1403681107|28.25
1403681129|28.25
1403681151|28.25
1403681174|28.25
1403681196|28.25
1403681219|28.25
1403681241|28.25
1403681264|28.25
1403681286|28.25
1403681309|28.25
1403681331|28.25
1403681354|28.25
1403681376|28.25
1403681399|28.25
1403681421|28.25
1403681444|28.25
1403681466|28.187
1403681488|28.25
1403681511|28.25
1403681533|28.25
1403681556|28.25
1403681578|28.25
1403681601|28.25
1403681623|28.25
1403681646|28.25
1403681668|28.25
1403681691|28.25
1403681713|28.25
1403681736|28.312
1403681758|28.25
1403681781|28.25
1403681803|28.312
1403681826|28.25
1403681848|28.312
1403681871|28.25
1403681893|28.25
1403681915|28.312
1403681938|28.25
1403681960|28.25
1403681983|28.25
1403682005|28.25
1403682028|28.25
1403682050|28.25
1403682073|28.25
1403682095|28.25
1403682118|28.25
1403682140|28.25
1403682163|28.25
1403682185|28.25
1403682208|28.25
1403682230|28.25
1403682252|28.25
1403682275|85.0
1403682297|28.25
1403682320|28.25
1403682342|28.25
1403682365|28.25
1403682387|28.312
1403682410|28.25
1403682432|28.25
1403682455|28.25
1403682477|28.25
1403682500|28.25
1403682522|28.25
1403682545|28.312
1403682567|28.25
1403682589|28.25
1403682612|28.25
1403682634|28.25
1403682657|28.312
1403682679|28.312
1403682702|28.312
1403682724|28.312
1403682747|28.312
1403682769|28.312
1403682792|28.312
1403682814|28.312
1403682837|28.312
1403682859|28.312
1403682882|28.312
1403682904|28.312
1403682926|28.312
1403682949|28.312
1403682971|28.312
1403682994|28.312
1403683016|28.312
1403683039|28.312
1403683061|28.312
1403683084|28.312
1403683106|28.375
1403683129|28.375
1403683151|28.312
1403683174|28.312
1403683196|28.375
1403683219|28.312
1403683241|28.375
1403683264|28.312
1403683286|28.312
1403683308|28.375
1403683331|28.312
1403683353|28.312
1403683376|28.375
1403683398|28.312
1403683421|28.312
1403683443|28.312
1403683466|28.375
1403683488|28.312
1403683511|28.312
1403683533|28.312
1403683556|28.375
1403683578|28.312
1403683601|28.312
1403683623|28.312
1403683645|28.312
1403683668|28.312
1403683690|28.312
1403683713|28.375
1403683735|28.375
1403683758|28.375
1403683780|28.312
1403683803|28.375
1403683825|28.312
1403683848|28.312
1403683870|28.312
1403683893|28.375
1403683915|28.375
1403683938|28.375
1403683960|28.375
1403683982|28.375
1403684005|28.375
1403684027|28.375
1403684050|28.375
1403684072|28.375
1403684095|28.375
1403684117|28.375
1403684140|28.437
1403684162|28.437
1403684185|28.437
1403684207|28.375
1403684230|28.437
1403684252|28.437
1403684275|28.437
1403684297|28.437
1403684319|28.437
1403684342|28.437
1403684364|28.437
1403684387|28.437
1403684409|28.437
1403684432|28.437
1403684454|28.437
1403684477|28.437
1403684499|28.437
1403684522|28.437
1403684544|28.437
1403684567|28.437
1403684589|28.437
1403684612|28.437
1403684634|28.437
1403684656|28.437
1403684679|28.437
1403684702|28.437
1403684724|28.437
1403684746|28.5
1403684769|28.5
1403684791|28.437
1403684814|28.437
1403684836|28.5
1403684859|28.437
1403684881|28.437
1403684904|28.5
1403684926|28.5
1403684949|28.5
1403684971|28.437
1403684994|28.437
1403685016|28.437
1403685039|28.5
1403685061|28.5
1403685083|28.5
1403685106|28.5
1403685128|28.5
1403685151|28.5
1403685173|28.5
1403685196|28.5
1403685218|28.5
1403685241|28.5
1403685263|28.5
1403685286|28.5
1403685308|28.5
1403685331|28.5
1403685353|28.5
1403685376|28.5
1403685398|28.5
1403685420|28.5
1403685443|28.5
1403685465|28.5
1403685488|28.5
1403685510|28.5
1403685533|28.5
1403685555|28.5
1403685578|28.5
1403685600|28.5
1403685623|28.562
1403685645|28.5
1403685668|28.562
1403685690|28.562
1403685713|28.562
1403685735|28.562
1403685757|28.562
1403685780|28.562
1403685802|28.562
1403685825|28.562
1403685847|28.562
1403685870|28.625
1403685892|28.625
1403685915|28.562
1403685937|28.562
1403685960|28.562
1403685982|28.625
1403686005|28.562
1403686027|28.625
1403686050|28.625
1403686072|28.625
1403686095|28.625
1403686117|28.625
1403686139|28.625
1403686162|28.625
1403686184|28.625
1403686207|28.625
1403686229|28.625
1403686252|28.625
1403686274|28.625
1403686297|28.625
1403686319|28.625
1403686342|28.687
1403686364|28.625
1403686387|28.687
1403686409|28.687
1403686432|28.687
1403686454|28.687
1403686477|28.687
1403686499|28.75
1403686521|28.75
1403686544|28.75
1403686566|28.687
1403686589|28.75
1403686611|28.75
1403686634|28.75
1403686656|28.75
1403686679|28.75
1403686701|28.75
1403686724|28.812
1403686746|28.75
1403686769|28.75
1403686791|28.812
1403686814|28.812
1403686836|28.812
1403686858|28.812
1403686881|28.812
1403686903|28.812
1403686926|28.812
1403686948|28.812
1403686971|28.812
1403686993|28.812
1403687016|28.875
1403687038|28.875
1403687061|28.875
1403687083|28.875
1403687106|28.875
1403687128|28.875
1403687151|28.937
1403687173|28.875
1403687195|28.937
1403687218|28.937
1403687240|28.937
1403687263|28.937
1403687285|28.937
1403687308|28.937
1403687330|29.0
1403687353|28.937
1403687375|28.937
1403687398|29.0
1403687420|28.937
1403687443|28.937
1403687465|29.0
1403687488|29.0
1403687510|29.0
1403687532|29.0
1403687555|29.0
1403687577|29.062
1403687600|29.062
1403687622|29.0
1403687645|29.062
1403687667|29.062
1403687690|29.062
1403687712|29.062
1403687735|29.062
1403687757|29.062
1403687780|29.062
1403687802|29.062
1403687825|29.062
1403687847|29.062
1403687870|29.062
1403687892|29.062
1403687914|29.062
1403687937|29.125
1403687959|29.125
1403687982|29.125
1403688004|29.125
1403688027|29.125
1403688049|29.125
1403688072|29.125
1403688094|29.125
1403688117|29.125
1403688139|29.125
1403688162|29.125
1403688184|29.125
1403688207|29.125
1403688229|29.187
1403688251|29.187
1403688274|29.187
1403688296|29.187
1403688319|29.187
1403688341|29.187
1403688364|29.187
1403688386|29.187
1403688409|29.187
1403688431|29.187
1403688454|29.187
1403688476|29.25
1403688499|29.25
1403688521|29.25
1403688544|29.25
1403688566|29.187
1403688588|29.25
1403688611|29.25
1403688633|29.25
1403688656|29.312
1403688678|29.312
1403688701|29.312
1403688723|29.25
1403688746|29.312
1403688768|29.312
1403688791|29.312
1403688813|29.312
1403688836|29.312
1403688858|29.312
1403688881|29.312
1403688903|29.375
1403688926|29.312
1403688948|29.312
1403688970|29.375
1403688993|29.375
1403689015|29.312
1403689038|29.375
1403689060|29.375
1403689083|29.375
1403689105|29.375
1403689128|29.375
1403689150|29.375
1403689173|29.375
1403689195|29.375
1403689218|29.375
1403689240|29.375
1403689263|29.375
1403689285|29.375
1403689308|29.375
1403689330|29.375
1403689352|29.375
1403689375|29.375
1403689397|29.375
1403689420|29.375
1403689442|29.375
1403689465|29.375
1403689487|29.375
1403689510|29.375
1403689532|29.375
1403689555|29.375
1403689577|29.375
1403689600|29.375
1403689622|29.375
1403689645|29.375
1403689667|29.375
1403689689|29.375
1403689712|29.375
1403689734|29.375
1403689757|29.375
1403689779|29.437
1403689802|29.437
1403689824|29.437
1403689847|29.437
1403689869|29.437
1403689892|29.437
1403689914|29.437
1403689937|29.437
1403689959|29.5
1403689982|29.5
1403690004|29.5
1403690027|29.5
1403690049|29.5
1403690072|29.5
1403690094|29.5
1403690116|29.5
1403690139|29.5
1403690161|29.562
1403690184|29.562
1403690206|29.562
1403690229|29.562
1403690251|29.562
1403690274|29.562
1403690296|29.562
1403690319|29.562
1403690341|29.625
1403690364|29.625
1403690386|29.625
1403690409|29.625
1403690431|29.625
1403690453|29.625
1403690476|29.687
1403690498|29.625
1403690521|29.625
1403690543|29.687
1403690566|29.687
1403690588|29.687
1403690611|29.687
1403690633|29.687
1403690656|29.687
1403690678|29.687
1403690701|29.687
1403690723|29.687
1403690746|29.75
1403690768|29.687
1403690790|29.75
1403690813|29.75
1403690835|29.75
1403690858|29.75
1403690880|29.75
1403690903|29.75
1403690925|29.75
1403690948|29.75
1403690970|29.75
1403690993|29.75
1403691015|29.812
1403691038|29.812
1403691060|29.75
1403691083|29.812
1403691105|29.812
1403691127|29.812
1403691150|29.812
1403691172|29.812
1403691195|29.812
1403691217|29.812
1403691240|29.812
1403691262|29.812
1403691285|29.812
1403691307|29.812
1403691330|29.875
1403691352|29.812
1403691375|29.812
1403691397|29.875
1403691420|29.875
1403691442|29.875
1403691465|29.875
1403691487|29.875
1403691509|29.937
1403691532|29.875
1403691554|29.875
1403691577|29.875
1403691599|29.875
1403691622|29.937
1403691644|29.937
1403691667|29.937
1403691689|29.937
1403691712|29.937
1403691734|29.937
1403691757|29.937
1403691779|29.937
1403691802|29.937
1403691824|29.937
1403691846|29.937
1403691869|29.937
1403691891|29.937
1403691914|29.937
1403691936|29.937
1403691959|30.0
1403691981|30.0
1403692004|30.0
1403692026|30.0
1403692049|30.0
1403692071|30.0
1403692094|30.0
1403692116|30.0
1403692139|30.0
1403692161|30.0
1403692183|30.0
1403692206|30.0
1403692228|30.0
1403692251|30.0
1403692273|30.062
1403692296|30.062
1403692318|30.062
1403692341|30.062
1403692363|30.062
1403692386|30.062
1403692408|30.062
1403692431|30.062
1403692453|30.062
1403692476|30.062
1403692498|30.062
1403692520|30.062
1403692543|30.062
1403692565|30.062
1403692588|30.062
1403692610|30.062
1403692633|30.062
1403692656|30.062
1403692678|30.062
1403692700|30.125
1403692723|30.125
1403692745|30.062
1403692768|30.125
1403692790|30.125
1403692813|30.125
1403692835|30.125
1403692858|30.125
1403692880|30.125
1403692903|30.125
1403692925|30.125
1403692948|30.125
1403692970|30.125
1403692993|30.187
1403693015|30.187
1403693038|30.187
1403693060|30.187
1403693083|30.187
1403693105|30.187
1403693127|30.187
1403693150|30.187
1403693172|30.187
1403693195|30.187
1403693217|30.187
1403693240|30.25
1403693262|30.187
1403693285|30.187
1403693307|30.25
1403693330|30.25
1403693352|30.25
1403693375|30.25
1403693398|30.25
1403693420|30.25
1403693443|30.312
1403693465|30.25
1403693488|30.312
1403693510|30.25
1403693533|30.312
1403693555|30.312
1403693578|30.312
1403693600|30.312
1403693623|30.312
1403693645|30.312
1403693667|30.312
1403693690|30.312
1403693712|30.312
1403693735|30.375
1403693757|30.312
1403693780|30.312
1403693802|30.375
1403693825|30.375
1403693847|30.375
1403693870|30.375
1403693892|30.375
1403693915|30.375
1403693937|30.375
1403693960|30.375
1403693982|30.375
1403694004|30.375
1403694027|30.375
1403694049|30.375
1403694072|30.375
1403694094|30.375
1403694117|30.375
1403694139|30.375
1403694162|30.375
1403694184|30.437
1403694207|30.375
1403694229|30.437
1403694252|30.437
1403694274|30.437
1403694297|30.437
1403694319|30.437
1403694342|30.437
1403694364|30.437
1403694386|30.437
1403694409|30.437
1403694431|30.5
1403694454|30.5
1403694476|30.5
1403694499|30.5
1403694521|30.5
1403694544|30.5
1403694566|30.5
1403694589|30.5
1403694611|30.5
1403694634|30.5
1403694656|30.5
1403694679|30.562
1403694701|30.5
1403694723|30.5
1403694746|30.5
1403694768|30.562
1403694791|30.562
1403694813|30.5
1403694836|30.562
1403694858|30.562
1403694881|30.5
1403694903|30.562
1403694926|30.562
1403694948|30.562
1403694971|30.562
1403694993|30.562
1403695016|30.562
1403695038|30.562
1403695060|30.562
1403695083|30.625
1403695105|30.562
1403695128|30.562
1403695150|30.562
1403695173|30.562
1403695195|30.562
1403695218|30.625
1403695240|30.625
1403695263|30.625
1403695285|30.625
1403695308|30.625
1403695330|30.625
1403695353|30.625
1403695375|30.625
1403695397|30.625
1403695420|30.625
1403695442|30.625
1403695465|30.625
1403695487|30.625
1403695510|30.687
1403695532|30.687
1403695555|30.687
1403695577|30.687
1403695600|30.687
1403695622|30.75
1403695645|30.687
1403695667|30.75
1403695690|30.75
1403695712|30.75
1403695734|30.75
1403695757|30.75
1403695779|30.75
1403695802|30.812
1403695824|30.812
1403695847|30.812
1403695869|30.812
1403695892|30.75
1403695914|30.812
1403695937|30.812
1403695959|30.812
1403695982|30.812
1403696004|30.812
1403696027|30.812
1403696049|30.812
1403696072|30.812
1403696094|30.875
1403696117|30.875
1403696139|30.875
1403696161|30.875
1403696184|30.875
1403696206|30.875
1403696229|30.875
1403696251|30.875
1403696274|30.875
1403696296|30.875
1403696319|30.875
1403696341|30.875
1403696364|30.937
1403696386|30.875
1403696409|30.937
1403696431|30.937
1403696454|30.937
1403696476|30.937
1403696498|30.937
1403696521|30.937
1403696543|30.937
1403696566|31.0
1403696588|31.0
1403696611|31.0
1403696633|31.0
1403696656|31.0
1403696678|31.0
1403696701|31.0
1403696723|31.0
1403696746|31.0
1403696768|31.062
1403696791|31.062
1403696813|31.062
1403696835|31.062
1403696858|31.062
1403696880|31.062
1403696903|31.062
1403696925|31.062
1403696948|31.125
1403696970|31.062
1403696993|31.125
1403697015|31.125
1403697038|31.125
1403697060|31.125
1403697083|31.125
1403697105|31.125
1403697128|31.125
1403697150|31.125
1403697172|31.187
1403697195|31.187
1403697217|31.187
1403697240|31.187
1403697262|31.187
1403697285|31.187
1403697307|31.187
1403697330|31.187
1403697352|31.187
1403697375|31.187
1403697397|31.187
1403697420|31.187
1403697442|31.187
1403697465|31.25
1403697487|31.25
1403697510|31.187
1403697532|31.25
1403697554|31.25
1403697577|31.25
1403697599|31.25
1403697622|31.25
1403697644|31.25
1403697667|31.312
1403697689|31.312
1403697712|31.312
1403697734|31.312
1403697757|31.312
1403697779|31.312
1403697802|31.312
1403697824|31.312
1403697847|31.375
1403697869|31.375
1403697892|31.375
1403697914|31.375
1403697936|31.375
1403697959|31.375
1403697981|31.375
1403698004|31.375
1403698026|31.375
1403698049|31.437
1403698071|31.375
1403698094|31.437
1403698116|31.437
1403698139|31.437
1403698161|31.437
1403698184|31.437
1403698206|31.437
1403698229|31.437
1403698251|31.437
1403698273|31.437
1403698296|31.437
1403698318|31.5
1403698341|31.5
1403698363|31.5
1403698386|31.5
1403698408|31.5
1403698431|31.5
1403698453|31.5
1403698476|31.562
1403698498|31.5
1403698521|31.562
1403698543|31.562
1403698566|31.562
1403698588|31.562
1403698610|31.562
1403698633|31.562
1403698655|31.562
1403698678|31.625
1403698700|31.625
1403698723|31.625
1403698745|31.625
1403698768|31.625
1403698790|31.625
1403698813|31.625
1403698835|31.625
1403698858|31.625
1403698880|31.625
1403698903|31.625
1403698925|31.687
1403698947|31.687
1403698970|31.687
1403698992|31.687
1403699015|31.687
1403699037|31.687
1403699060|31.687
1403699082|31.687
1403699105|31.687
1403699127|31.75
1403699150|31.75
1403699172|31.75
1403699195|31.75
1403699217|31.75
1403699240|31.75
1403699262|31.75
1403699285|31.812
1403699307|31.812
1403699329|31.812
1403699352|31.812
1403699374|31.875
1403699397|31.875
1403699419|31.875
1403699442|31.875
1403699464|31.937
1403699487|31.937
1403699509|31.875
1403699532|31.875
1403699554|31.875
1403699577|31.937
1403699599|31.937
1403699622|31.937
1403699644|31.937
1403699666|31.937
1403699689|32.0
1403699711|31.937
1403699734|31.937
1403699756|32.0
1403699779|32.0
1403699801|32.0
1403699824|32.0
1403699846|32.0
1403699869|32.062
1403699891|32.062
1403699914|32.062
1403699936|32.062
1403699959|32.062
1403699981|32.062
1403700003|32.062
1403700026|32.062
1403700048|32.062
1403700071|32.125
1403700093|32.125
1403700116|32.125
1403700138|32.125
1403700161|32.125
1403700183|32.125
1403700206|32.187
1403700228|32.187
1403700251|32.187
1403700273|32.187
1403700296|32.25
1403700318|32.25
1403700341|32.25
1403700363|32.25
1403700385|32.25
1403700408|32.312
1403700430|32.312
1403700453|32.312
1403700475|32.312
1403700498|32.312
1403700520|32.312
1403700543|32.312
1403700565|32.375
1403700588|32.375
1403700610|32.375
1403700633|32.437
1403700655|32.437
1403700678|32.437
1403700700|32.437
1403700723|32.437
1403700745|32.437
1403700767|32.437
1403700790|32.437
1403700812|32.437
1403700835|32.437
1403700857|32.437
1403700880|32.5
1403700902|32.5
1403700925|32.5
1403700947|32.5
1403700970|32.5
1403700992|32.5
1403701015|32.562
1403701037|32.562
1403701060|32.562
1403701082|32.562
1403701104|32.562
1403701127|32.562
1403701149|32.562
1403701172|32.625
1403701194|32.625
1403701217|32.625
1403701239|32.625
1403701262|32.687
1403701284|32.687
1403701307|32.687
1403701329|32.687
1403701352|32.687
1403701374|32.687
1403701397|32.687
1403701419|32.687
1403701441|32.75
1403701464|32.75
1403701486|32.75
1403701509|32.75
1403701531|32.75
1403701554|32.812
1403701576|32.812
1403701599|32.812
1403701621|32.812
1403701644|32.812
1403701666|32.812
1403701689|32.812
1403701711|32.875
1403701734|32.812
1403701756|32.875
1403701778|32.875
1403701801|32.937
1403701823|32.937
1403701846|32.875
1403701868|32.937
1403701891|32.937
1403701913|32.937
1403701936|32.937
1403701958|32.937
1403701981|33.0
1403702003|33.0
1403702026|33.0
1403702048|33.0
1403702071|33.0
1403702093|33.062
1403702116|33.062
1403702138|33.062
1403702160|33.062
1403702183|33.062
1403702205|33.062
1403702228|33.062
1403702250|33.062
1403702273|33.062
1403702295|33.125
1403702318|33.125
1403702340|33.125
1403702363|33.125
1403702385|33.187
1403702408|33.187
1403702430|33.187
1403702453|33.187
1403702475|33.187
1403702498|33.187
1403702520|33.25
1403702542|33.25
1403702565|33.25
1403702587|33.25
1403702610|33.312
1403702632|33.312
1403702655|33.312
1403702677|33.312
1403702700|33.312
1403702722|33.375
1403702745|33.375
1403702767|33.375
1403702790|33.375
1403702812|33.437
1403702835|33.437
1403702857|33.437
1403702879|33.437
1403702902|33.437
1403702924|33.437
1403702947|33.5
1403702969|33.5
1403702992|33.5
1403703014|33.5
1403703037|33.5
1403703059|33.562
1403703082|33.562
1403703104|33.562
1403703127|33.562
1403703149|33.562
1403703172|33.562
1403703194|33.562
1403703216|33.625
1403703239|33.625
1403703261|33.625
1403703284|33.625
1403703306|33.625
1403703329|33.625
1403703351|33.625
1403703374|33.625
1403703396|33.625
1403703419|33.625
1403703441|33.625
1403703464|33.625
1403703486|33.625
1403703509|33.625
1403703531|33.562
1403703553|33.562
1403703576|33.562
1403703598|33.562
1403703621|33.562
1403703643|33.562
1403703666|33.562
1403703688|33.562
1403703711|33.562
1403703733|33.562
1403703756|33.562
1403703778|33.562
1403703801|33.562
1403703823|33.562
1403703846|33.562
1403703868|33.562
1403703890|33.562
1403703913|33.562
1403703935|33.562
1403703958|33.562
1403703980|33.562
1403704003|33.625
1403704025|33.625
1403704048|33.625
1403704070|33.625
1403704093|33.625
1403704115|33.625
1403704138|33.625
1403704160|33.625
1403704183|33.687
1403704205|33.687
1403704227|33.687
1403704250|33.687
1403704272|33.687
1403704295|33.687
1403704317|33.687
1403704340|33.687
1403704362|33.687
1403704385|33.687
1403704407|33.687
1403704430|33.687
1403704452|33.75
1403704475|33.75
1403704497|33.75
1403704520|33.75
1403704542|33.75
1403704565|33.75
1403704587|33.75
1403704609|33.75
1403704632|33.75
1403704655|33.75
1403704678|33.812
1403704700|33.812
1403704723|33.812
1403704745|33.812
1403704768|33.812
1403704790|33.812
1403704812|33.812
1403704835|33.812
1403704857|33.812
1403704880|33.812
1403704902|33.812
1403704925|33.812
1403704947|33.875
1403704970|33.812
1403704992|33.875
1403705015|33.875
1403705037|33.875
1403705060|33.875
1403705082|33.875
1403705105|33.875
1403705127|33.875
1403705150|33.875
1403705172|33.875
1403705194|33.875
1403705217|33.875
1403705239|33.937
1403705262|33.937
1403705284|33.937
1403705307|33.937
1403705329|33.937
1403705352|34.0
1403705374|34.0
1403705397|34.0
1403705419|34.0
1403705442|34.0
1403705464|34.0
1403705487|34.062
1403705509|34.062
1403705532|34.062
1403705554|34.062
1403705576|34.125
1403705599|34.125
1403705621|34.125
1403705644|34.187
1403705666|34.187
1403705689|34.187
1403705711|34.187
1403705734|34.187
1403705756|34.25
1403705779|34.25
1403705801|34.25
1403705824|34.312
1403705846|34.312
1403705869|34.312
1403705891|34.25
1403705913|34.312
1403705936|34.312
1403705958|34.312
1403705981|34.312
1403706003|34.312
1403706026|34.312
1403706048|34.312
1403706071|34.312
1403706093|34.312
1403706116|34.312
1403706138|34.312
1403706161|34.312
1403706183|34.312
1403706206|34.312
1403706228|34.375
1403706250|34.375
1403706273|34.375
1403706295|34.375
1403706318|34.375
1403706340|34.375
1403706363|34.375
1403706385|34.375
1403706408|34.375
1403706430|34.375
1403706453|34.375
1403706475|34.375
1403706498|34.375
1403706520|34.437
1403706543|34.375
1403706565|34.375
1403706587|34.375
1403706610|34.437
1403706632|34.437
1403706655|34.437
1403706677|34.437
1403706700|34.437
1403706722|34.437
1403706745|34.437
1403706767|34.437
1403706790|34.437
1403706812|34.437
1403706835|34.437
1403706857|34.437
1403706880|34.5
1403706902|34.5
1403706924|34.437
1403706947|34.437
1403706969|34.437
1403706992|34.5
1403707014|34.437
1403707037|34.5
1403707060|34.5
1403707082|34.5
1403707104|34.5
1403707127|34.5
1403707149|34.5
1403707172|34.5
1403707194|34.5
1403707217|34.5
1403707239|34.5
1403707262|34.5
1403707284|34.5
1403707307|34.562
1403707329|34.562
1403707352|34.562
1403707374|34.562
1403707397|34.562
1403707419|34.562
1403707442|34.562
1403707464|34.562
1403707486|34.562
1403707509|34.562
1403707531|34.562
1403707554|34.562
1403707576|34.562
1403707599|34.562
1403707621|34.562
1403707644|34.562
1403707666|34.562
1403707689|34.562
1403707711|34.562
1403707734|34.562
1403707756|34.562
1403707779|34.562
1403707801|34.562
1403707823|34.562
1403707846|34.562
1403707868|34.562
1403707891|34.562
1403707913|34.562
1403707936|34.562
1403707958|34.562
1403707981|34.562
1403708003|34.562
1403708026|34.562
1403708048|34.562
1403708071|34.5
1403708093|34.5
1403708116|34.5
1403708138|34.5
1403708160|34.5
1403708183|34.5
1403708205|34.5
1403708228|34.5
1403708250|34.5
1403708273|34.5
1403708295|34.5
1403708318|34.5
1403708340|34.5
1403708363|34.5
1403708385|34.562
1403708408|34.5
1403708430|34.562
1403708453|34.562
1403708475|34.562
1403708497|34.562
1403708520|34.562
1403708542|34.562
1403708565|34.562
1403708587|34.562
1403708610|34.562
1403708632|34.562
1403708655|34.562
1403708677|34.625
1403708700|34.562
1403708722|34.562
1403708745|34.562
1403708767|34.562
1403708790|34.625
1403708812|34.562
1403708834|34.562
1403708857|34.562
1403708879|34.562
1403708902|34.562
1403708924|34.562
1403708947|34.562
1403708969|34.562
1403708992|34.562
1403709014|34.562
1403709037|34.5
1403709059|34.5
1403709082|34.5
1403709104|34.5
1403709127|34.5
1403709149|34.5
1403709171|34.5
1403709194|34.5
1403709216|34.5
1403709239|34.5
1403709261|34.5
1403709284|34.5
1403709306|34.5
1403709329|34.5
1403709351|34.5
1403709374|34.5
1403709396|34.5
1403709419|34.5
1403709441|34.5
1403709464|34.5
1403709486|34.5
1403709509|34.437
1403709531|34.5
1403709553|34.5
1403709576|34.5
1403709598|34.437
1403709621|34.437
1403709643|34.437
1403709666|34.5
1403709688|34.437
1403709711|34.437
1403709733|34.437
1403709756|34.437
1403709778|34.437
1403709801|34.437
1403709823|34.437
1403709846|34.437
1403709868|34.437
1403709891|34.437
1403709913|34.437
1403709935|34.437
1403709958|34.437
1403709980|34.437
1403710003|34.437
1403710025|34.437
1403710048|34.437
1403710070|34.375
1403710093|34.437
1403710115|34.437
1403710138|34.437
1403710160|34.437
1403710183|34.437
1403710205|34.437
1403710228|34.437
1403710250|34.437
1403710272|34.437
1403710295|34.437
1403710317|34.437
1403710340|34.375
1403710362|34.437
1403710385|34.375
1403710407|34.437
1403710430|34.437
1403710452|34.437
1403710475|34.437
1403710497|34.437
1403710520|34.437
1403710542|34.437
1403710565|34.437
1403710587|34.437
1403710609|34.437
1403710632|34.437
1403710654|34.437
1403710677|34.437
1403710699|34.437
1403710722|34.437
1403710744|34.437
1403710767|34.437
1403710789|34.437
1403710812|34.437
1403710834|34.437
1403710857|34.437
1403710879|34.437
1403710902|34.375
1403710924|34.437
1403710946|34.375
1403710969|34.437
1403710991|34.375
1403711014|34.375
1403711036|34.375
1403711059|34.375
1403711081|34.375
1403711104|34.375
1403711126|34.375
1403711149|34.375
1403711171|34.375
1403711194|34.375
1403711216|34.375
1403711239|34.375
1403711261|34.375
1403711283|34.375
1403711306|34.375
1403711328|34.375
1403711351|34.375
1403711373|34.375
1403711396|34.312
1403711418|34.375
1403711441|34.375
1403711463|34.375
1403711486|34.375
1403711508|34.375
1403711531|34.375
1403711553|34.312
1403711576|34.312
1403711598|34.375
1403711621|34.375
1403711643|34.375
1403711665|34.375
1403711688|34.375
1403711710|34.375
1403711733|34.375
1403711755|34.375
1403711778|34.375
1403711800|34.375
1403711823|34.375
1403711845|34.375
1403711868|34.375
1403711890|34.375
1403711913|34.375
1403711935|34.375
1403711958|34.375
1403711980|34.375
1403712003|34.375
1403712025|34.375
1403712047|34.375
1403712070|34.375
1403712092|34.375
1403712115|34.375
1403712137|34.375
1403712160|34.375
1403712182|34.375
1403712205|34.375
1403712227|34.375
1403712250|34.375
1403712272|34.375
1403712295|34.375
1403712317|34.437
1403712340|34.375
1403712362|34.375
1403712384|34.375
1403712407|34.375
1403712429|34.375
1403712452|34.375
1403712474|34.375
1403712497|34.375
1403712519|34.375
1403712542|34.375
1403712564|34.375
1403712587|34.375
1403712609|34.375
1403712632|34.375
1403712654|34.375
1403712677|34.375
1403712699|34.375
1403712721|34.375
1403712744|34.375
1403712766|34.375
1403712789|34.375
1403712811|34.375
1403712834|34.375
1403712856|34.375
1403712879|34.437
1403712901|34.437
1403712924|34.437
1403712946|34.437
1403712969|34.437
1403712991|34.437
1403713014|34.5
1403713036|34.5
1403713058|34.5
1403713081|34.5
1403713103|34.5
1403713126|34.5
1403713148|34.5
1403713171|34.562
1403713193|34.562
1403713216|34.562
1403713238|34.562
1403713261|34.562
1403713283|34.562
1403713306|34.562
1403713328|34.562
1403713351|34.562
1403713373|34.562
1403713395|34.562
1403713418|34.562
1403713440|34.625
1403713463|34.562
1403713485|34.625
1403713508|34.562
1403713530|34.625
1403713553|34.625
1403713575|34.625
1403713598|34.625
1403713620|34.625
1403713643|34.625
1403713665|34.625
1403713688|34.625
1403713710|34.625
1403713732|34.625
1403713755|34.625
1403713777|34.687
1403713800|34.687
1403713822|34.687
1403713845|34.687
1403713867|34.687
1403713890|34.687
1403713912|34.687
1403713935|34.687
1403713957|34.687
1403713980|34.687
1403714002|34.687
1403714025|34.687
1403714047|34.687
1403714070|34.687
1403714092|34.687
1403714114|34.687
1403714137|34.687
1403714159|34.687
1403714182|34.75
1403714204|34.687
1403714227|34.75
1403714249|34.687
1403714272|34.687
1403714294|34.687
1403714317|34.687
1403714339|34.687
1403714362|34.75
1403714384|34.75
1403714407|34.75
1403714429|34.75
1403714451|34.75
1403714474|34.75
1403714497|34.75
1403714520|34.75
1403714542|34.75
1403714565|34.75
1403714587|34.75
1403714610|34.75
1403714632|34.75
1403714654|34.75
1403714677|34.75
1403714699|34.75
1403714722|34.75
1403714744|34.75
1403714767|34.75
1403714789|34.75
1403714812|34.75
1403714834|34.75
1403714857|34.812
1403714879|34.812
1403714902|34.75
1403714924|34.812
1403714947|34.812
1403714969|34.812
1403714991|34.812
1403715014|34.812
1403715036|34.812
1403715059|34.812
1403715081|34.812
1403715104|34.812
1403715126|34.812
1403715149|34.812
1403715171|34.812
1403715194|34.812
1403715216|34.812
1403715239|34.812
1403715261|34.812
1403715284|34.875
1403715306|34.875
1403715329|34.875
1403715351|34.875
1403715373|34.875
1403715396|34.875
1403715418|34.875
1403715441|34.875
1403715463|34.875
1403715486|34.875
1403715508|34.875
1403715531|34.875
1403715553|34.875
1403715576|34.875
1403715598|34.875
1403715621|34.875
1403715643|34.875
1403715666|34.875
1403715688|34.875
1403715711|34.875
1403715733|34.875
1403715755|34.875
1403715778|34.875
1403715800|34.875
1403715823|34.875
1403715845|34.875
1403715868|34.875
1403715890|34.937
1403715913|34.875
1403715935|34.875
1403715958|34.875
1403715980|34.875
1403716003|34.875
1403716025|34.875
1403716048|34.875
1403716070|34.875
1403716092|34.937
1403716115|34.875
1403716137|34.937
1403716160|34.875
1403716182|34.937
1403716205|34.937
1403716227|34.937
1403716250|34.937
1403716272|34.937
1403716295|34.937
1403716317|34.937
1403716340|34.937
1403716362|34.937
1403716385|34.937
1403716407|34.937
1403716429|34.937
1403716452|34.937
1403716474|34.937
1403716497|34.937
1403716519|35.0
1403716542|34.937
1403716564|34.937
1403716587|35.0
1403716609|35.0
1403716632|35.0
1403716654|34.937
1403716677|34.937
1403716699|34.937
1403716722|34.937
1403716744|34.937
1403716767|34.937
1403716789|35.0
1403716812|34.937
1403716834|34.937
1403716856|34.937
1403716879|34.937
1403716901|34.937
1403716924|34.937
1403716946|34.937
1403716969|34.937
1403716991|34.937
1403717014|34.937
1403717036|34.937
1403717059|34.937
1403717081|34.937
1403717104|34.937
1403717126|34.937
1403717149|34.937
1403717171|34.937
1403717193|34.937
1403717216|34.937
1403717238|34.937
1403717261|34.937
1403717283|34.937
1403717306|34.937
1403717328|34.937
1403717351|34.937
1403717373|34.937
1403717396|34.937
1403717418|34.937
1403717441|34.937
1403717463|34.937
1403717486|34.937
1403717508|34.937
1403717530|34.937
1403717553|34.937
1403717575|35.0
1403717598|34.937
1403717620|34.937
1403717643|34.937
1403717665|34.937
1403717688|34.937
1403717710|34.937
1403717733|34.937
1403717755|34.937
1403717778|34.937
1403717800|34.937
1403717823|34.937
1403717845|34.875
1403717867|34.875
1403717890|34.937
1403717912|34.875
1403717935|34.875
1403717957|34.937
1403717980|34.937
1403718002|34.937
1403718025|34.937
1403718047|34.937
1403718070|34.937
1403718092|34.937
1403718115|34.937
1403718137|34.937
1403718160|34.937
1403718182|34.937
1403718204|34.937
1403718227|34.937
1403718249|34.937
1403718272|34.937
1403718294|34.937
1403718317|34.937
1403718339|34.937
1403718362|34.937
1403718384|34.875
1403718407|34.937
1403718429|34.875
1403718452|34.937
1403718474|34.937
1403718497|34.875
1403718519|34.937
1403718541|34.875
1403718564|34.875
1403718586|34.937
1403718609|34.937
1403718631|34.937
1403718654|34.937
1403718676|34.937
1403718699|34.937
1403718721|34.875
1403718744|34.937
1403718766|34.937
1403718789|34.937
1403718811|34.937
1403718834|34.937
1403718856|34.875
1403718879|34.875
1403718901|34.937
1403718923|34.937
1403718946|34.937
1403718968|34.875
1403718991|34.875
1403719013|34.875
1403719036|34.875
1403719058|34.937
1403719081|34.875
1403719103|34.875
1403719126|34.875
1403719148|34.875
1403719171|34.875
1403719193|34.875
1403719216|34.875
1403719238|34.875
1403719260|34.875
1403719283|34.875
1403719305|34.875
1403719328|34.875
1403719350|34.875
1403719373|34.875
1403719395|34.875
1403719418|34.875
1403719440|34.875
1403719463|34.875
1403719485|34.875
1403719508|34.875
1403719530|34.875
1403719553|34.875
1403719575|34.875
1403719598|34.875
1403719620|34.875
1403719642|34.875
1403719665|34.875
1403719687|34.875
1403719710|34.875
1403719732|34.875
1403719755|34.875
1403719777|34.875
1403719800|34.875
1403719822|34.875
1403719845|34.875
1403719867|34.875
1403719890|34.875
1403719912|34.875
1403719935|34.875
1403719957|34.875
1403719980|34.875
1403720002|34.875
1403720024|34.875
1403720047|34.875
1403720069|34.812
1403720092|34.812
1403720114|34.812
1403720137|34.812
1403720159|34.812
1403720182|34.812
1403720204|34.812
1403720227|34.812
1403720249|34.812
1403720272|34.812
1403720294|34.812
1403720317|34.812
1403720339|34.812
1403720362|34.812
1403720384|34.812
1403720407|34.812
1403720429|34.812
1403720451|34.812
1403720474|34.812
1403720496|34.812
1403720519|34.812
1403720541|34.812
1403720564|34.812
1403720586|34.812
1403720609|34.812
1403720631|34.812
1403720654|34.812
1403720676|34.812
1403720699|34.812
1403720721|34.812
1403720744|34.812
1403720766|34.812
1403720788|34.812
1403720811|34.812
1403720833|34.812
1403720856|34.812
1403720878|34.812
1403720901|34.812
1403720923|34.75
1403720946|34.812
1403720968|34.812
1403720991|34.812
1403721013|34.812
1403721036|34.75
1403721058|34.75
1403721081|34.75
1403721103|34.812
1403721125|34.812
1403721148|34.812
1403721170|34.75
