1403289150|32.75
1403289172|32.75
1403289194|32.812
1403289217|32.812
1403289239|32.75
1403289262|32.75
1403289284|32.75
1403289307|32.75
1403289330|32.75
1403289352|32.75
1403289375|32.75
1403289397|32.75
1403289420|32.75
1403289442|32.75
1403289465|32.687
1403289487|32.687
1403289509|32.687
1403289532|32.687
1403289554|32.687
1403289577|32.625
1403289599|32.687
1403289622|32.687
1403289644|32.625
1403289667|32.687
1403289689|32.625
1403289712|32.625
1403289734|32.625
1403289757|32.687
1403289779|32.687
1403289802|32.687
1403289824|32.625
1403289846|32.687
1403289869|32.625
1403289891|32.625
1403289914|32.687
1403289936|32.625
1403289959|32.625
1403289981|32.625
1403290004|32.625
1403290026|32.625
1403290049|32.625
1403290071|32.625
1403290094|32.625
1403290116|32.625
1403290139|32.625
1403290161|32.625
1403290183|32.625
1403290206|32.625
1403290229|32.625
1403290252|32.625
1403290274|32.625
1403290297|32.625
1403290319|32.625
1403290342|32.625
1403290364|32.625
1403290387|32.625
1403290409|32.625
1403290431|32.625
1403290454|32.625
1403290476|32.625
1403290499|32.625
1403290521|32.562
1403290544|32.625
1403290566|32.625
1403290589|32.625
1403290611|32.625
1403290634|32.625
1403290656|32.625
1403290679|32.562
1403290701|32.562
1403290724|32.562
1403290746|32.625
1403290768|32.562
1403290791|32.562
1403290813|32.562
1403290836|32.562
1403290858|32.562
1403290881|32.625
1403290903|32.562
1403290926|32.562
1403290948|32.562
1403290971|32.562
1403290993|32.562
1403291016|32.562
1403291038|32.5
1403291061|32.5
1403291083|32.562
1403291105|32.5
1403291128|32.5
1403291150|32.562
1403291173|32.562
1403291195|32.562
1403291218|32.5
1403291240|32.5
1403291263|32.562
1403291285|32.5
1403291308|32.562
1403291330|32.562
1403291353|32.5
1403291375|32.562
1403291398|32.5
1403291420|32.562
1403291442|32.5
1403291465|32.5
1403291487|32.5
1403291510|32.5
1403291532|32.5
1403291555|32.437
1403291577|32.5
1403291600|32.437
1403291622|32.437
1403291645|32.437
1403291667|32.437
1403291690|32.437
1403291712|32.437
1403291735|32.437
1403291757|32.437
1403291779|32.437
1403291802|32.375
1403291824|32.437
1403291847|32.437
1403291869|32.437
1403291892|32.437
1403291914|32.437
1403291937|32.375
1403291959|32.437
1403291982|32.437
1403292004|32.375
1403292027|32.375
1403292049|32.375
1403292072|32.375
1403292094|32.375
1403292117|32.375
1403292139|32.375
1403292162|32.375
1403292184|32.375
1403292206|32.375
1403292229|32.437
1403292251|32.375
1403292274|32.375
1403292296|32.437
1403292319|32.375
1403292341|32.437
1403292364|32.375
1403292386|32.375
1403292409|32.375
1403292431|32.375
1403292454|32.375
1403292476|32.375
1403292499|32.375
1403292521|32.375
1403292543|32.375
1403292566|32.375
1403292588|32.375
1403292611|32.375
1403292633|32.375
1403292656|32.312
1403292678|32.375
1403292701|32.375
1403292723|32.375
1403292746|32.312
1403292768|32.312
1403292791|32.312
1403292813|32.312
1403292836|32.312
1403292858|32.312
1403292880|32.312
1403292903|32.312
1403292925|32.312
1403292948|32.312
1403292970|32.312
1403292993|32.312
1403293015|32.312
1403293038|32.312
1403293060|32.312
1403293083|32.312
1403293105|32.312
1403293128|32.312
1403293150|32.312
1403293173|32.312
1403293195|32.312
1403293217|32.312
1403293240|32.312
1403293262|32.312
1403293285|32.312
1403293307|32.312
1403293330|32.312
1403293352|32.312
1403293375|32.312
1403293397|32.312
1403293420|32.312
1403293442|32.312
1403293465|32.312
1403293487|32.312
1403293510|32.312
1403293532|32.312
1403293555|32.312
1403293577|32.312
1403293600|32.312
1403293622|32.312
1403293644|32.312
1403293667|32.312
1403293689|32.312
1403293712|32.25
1403293734|32.312
1403293757|32.25
1403293779|32.25
1403293802|32.25
1403293824|32.25
1403293847|32.312
1403293869|32.25
1403293892|32.25
1403293914|32.25
1403293937|32.25
1403293959|32.25
1403293981|32.25
1403294004|32.25
1403294026|32.25
1403294049|32.25
1403294071|32.25
1403294094|32.25
1403294116|32.25
1403294139|32.25
1403294161|32.25
1403294184|32.25
1403294206|32.25
1403294229|32.25
1403294251|32.25
1403294274|32.25
1403294296|32.25
1403294318|32.25
1403294341|32.25
1403294363|32.25
1403294386|32.25
1403294408|32.25
1403294431|32.25
1403294453|32.25
1403294476|32.25
1403294498|32.25
1403294521|32.25
1403294543|32.25
1403294566|32.25
1403294588|32.25
1403294611|32.25
1403294633|32.25
1403294655|32.25
1403294678|32.312
1403294700|32.312
1403294723|32.312
1403294745|32.312
1403294768|32.312
1403294790|32.312
1403294813|32.312
1403294835|32.312
1403294858|32.375
1403294880|32.312
1403294903|32.312
1403294925|32.375
1403294948|32.375
1403294970|32.375
1403294993|32.375
1403295015|32.375
1403295037|32.375
1403295060|32.375
1403295082|32.375
1403295105|32.375
1403295127|32.375
1403295150|32.375
1403295172|32.375
1403295195|32.375
1403295217|32.375
1403295240|32.375
1403295262|32.375
1403295285|32.375
1403295307|32.375
1403295330|32.375
1403295352|32.375
1403295374|32.375
1403295397|32.375
1403295419|32.375
1403295442|32.375
1403295464|32.437
1403295487|32.375
1403295509|32.437
1403295532|32.437
1403295554|32.375
1403295577|32.375
1403295599|32.375
1403295622|32.437
1403295644|32.375
1403295667|32.375
1403295689|32.437
1403295711|32.437
1403295734|32.437
1403295756|32.375
1403295779|32.437
1403295801|32.437
1403295824|32.437
1403295846|32.375
1403295869|32.437
1403295891|32.437
1403295914|32.437
1403295936|32.437
1403295959|32.375
1403295981|32.375
1403296004|32.375
1403296026|32.375
1403296048|32.375
1403296071|32.375
1403296093|32.312
1403296116|32.375
1403296138|32.312
1403296161|32.312
1403296183|32.312
1403296206|32.312
1403296228|32.312
1403296251|32.312
1403296273|32.312
1403296296|32.312
1403296318|32.312
1403296341|32.312
1403296363|32.25
1403296386|32.25
1403296408|32.25
1403296431|32.25
1403296453|32.25
1403296475|32.25
1403296498|32.25
1403296520|32.25
1403296543|32.187
1403296565|32.25
1403296588|32.25
1403296610|32.187
1403296633|32.25
1403296655|32.25
1403296678|32.25
1403296700|32.187
1403296723|32.25
1403296745|32.25
1403296768|32.187
1403296790|32.25
1403296812|32.187
1403296835|32.187
1403296857|32.187
1403296880|32.25
1403296902|32.187
1403296925|32.25
1403296947|32.187
1403296970|32.25
1403296992|32.25
1403297015|32.187
1403297037|32.187
1403297060|32.187
1403297082|32.187
1403297105|32.25
1403297127|32.187
1403297149|32.187
1403297172|32.187
1403297194|32.187
1403297217|32.25
1403297239|32.25
1403297262|32.187
1403297284|32.187
1403297307|32.187
1403297329|32.187
1403297352|32.187
1403297374|32.187
1403297397|32.187
1403297419|32.187
1403297442|32.187
1403297464|32.187
1403297486|32.187
1403297509|32.187
1403297531|32.187
1403297554|32.187
1403297576|32.187
1403297599|32.187
1403297621|32.187
1403297644|32.125
1403297666|32.187
1403297689|32.187
1403297711|32.187
1403297734|32.187
1403297756|32.125
1403297779|32.125
1403297801|32.125
1403297824|32.125
1403297846|32.125
1403297869|32.125
1403297891|32.125
1403297913|32.125
1403297936|32.125
1403297958|32.125
1403297981|32.187
1403298003|32.125
1403298026|32.187
1403298048|32.125
1403298071|32.125
1403298093|32.187
1403298116|32.187
1403298138|32.125
1403298161|32.187
1403298183|32.187
1403298206|32.187
1403298228|32.187
1403298250|32.187
1403298273|32.187
1403298295|32.125
1403298318|32.125
1403298340|32.125
1403298363|32.125
1403298385|32.125
1403298408|32.125
1403298430|32.125
1403298453|32.125
1403298475|32.125
1403298498|32.062
1403298520|32.125
1403298543|32.125
1403298565|32.125
1403298588|32.125
1403298610|32.125
1403298632|32.125
1403298655|32.062
1403298677|32.125
1403298700|32.125
1403298722|32.125
1403298745|32.125
1403298767|32.125
1403298790|32.062
1403298812|32.062
1403298835|32.062
1403298857|32.062
1403298880|32.062
1403298902|32.062
1403298925|32.125
1403298947|32.062
1403298969|32.062
1403298992|32.062
1403299014|32.062
1403299037|32.062
1403299059|32.062
1403299082|32.062
1403299104|32.062
1403299127|32.062
1403299149|32.062
1403299172|32.062
1403299194|32.0
1403299217|32.0
1403299239|32.0
1403299262|32.062
1403299284|32.0
1403299306|32.0
1403299329|32.0
1403299351|32.0
1403299374|32.0
1403299396|32.0
1403299419|32.0
1403299441|32.0
1403299464|32.0
1403299486|32.0
1403299509|32.0
1403299531|32.0
1403299554|32.0
1403299576|32.0
1403299599|32.0
1403299621|31.937
1403299643|32.0
1403299666|31.937
1403299689|32.0
1403299711|31.937
1403299733|31.937
1403299756|31.937
1403299778|31.937
1403299801|31.937
1403299823|31.937
1403299846|31.937
1403299868|31.937
1403299891|31.875
1403299913|31.937
1403299936|31.937
1403299958|31.937
1403299981|31.875
1403300003|31.937
1403300026|31.937
1403300048|31.937
1403300070|31.937
1403300093|31.937
1403300115|31.937
1403300138|31.937
1403300160|31.937
1403300183|31.937
1403300205|31.875
1403300228|31.937
1403300250|31.875
1403300273|31.937
1403300295|31.937
1403300318|31.875
1403300340|31.875
1403300363|31.875
1403300385|31.875
1403300407|31.875
1403300430|31.875
1403300452|31.875
1403300475|31.875
1403300497|31.875
1403300520|31.875
1403300542|31.875
1403300565|31.875
1403300587|31.875
1403300610|31.875
1403300632|31.875
1403300655|31.875
1403300677|31.875
1403300700|31.875
1403300722|31.875
1403300744|31.875
1403300767|31.875
1403300789|31.875
1403300812|31.875
1403300834|31.812
1403300857|31.812
1403300879|31.812
1403300902|31.812
1403300924|31.812
1403300947|31.812
1403300969|31.812
1403300992|31.812
1403301014|31.812
1403301037|31.812
1403301059|31.75
1403301081|31.75
1403301104|31.75
1403301126|31.75
1403301149|31.75
1403301171|31.75
1403301194|31.75
1403301216|31.75
1403301239|31.75
1403301261|31.75
1403301284|31.75
1403301306|31.75
1403301329|31.75
1403301351|31.75
1403301374|31.687
1403301396|31.75
1403301418|31.75
1403301441|31.75
1403301463|31.75
1403301486|31.75
1403301508|31.75
1403301531|31.75
1403301554|31.75
1403301576|31.75
1403301599|31.75
1403301621|31.812
1403301644|31.812
1403301666|31.812
1403301689|31.812
1403301711|31.812
1403301733|31.812
1403301756|31.875
1403301778|31.875
1403301801|31.875
1403301823|31.875
1403301846|31.875
1403301868|31.875
1403301891|31.875
1403301913|31.875
1403301936|31.875
1403301958|31.875
1403301981|31.875
1403302003|31.937
1403302026|31.937
1403302048|31.937
1403302070|31.937
1403302093|31.937
1403302115|31.937
1403302138|31.937
1403302160|31.937
1403302183|31.937
1403302205|31.937
1403302228|31.937
1403302250|31.937
1403302273|31.937
1403302295|31.937
1403302318|31.937
1403302340|31.937
1403302363|31.937
1403302385|31.937
1403302407|31.937
1403302430|31.937
1403302452|31.937
1403302475|31.937
1403302497|31.937
1403302520|31.937
1403302542|31.937
1403302565|31.937
1403302587|31.937
1403302610|31.937
1403302632|31.937
1403302655|31.937
1403302677|31.875
1403302700|31.875
1403302722|31.875
1403302745|31.875
1403302767|31.875
1403302789|31.875
1403302812|31.875
1403302834|31.812
1403302857|31.812
1403302879|31.812
1403302902|31.812
1403302924|31.75
1403302947|31.812
1403302969|31.75
1403302992|31.75
1403303014|31.75
1403303037|31.687
1403303059|31.687
1403303082|31.687
1403303104|31.687
1403303127|31.687
1403303149|31.687
1403303171|31.687
1403303194|31.687
1403303216|31.687
1403303239|31.625
1403303261|31.625
1403303284|31.625
1403303306|31.562
1403303329|31.625
1403303352|31.562
1403303374|31.562
1403303397|31.562
1403303419|31.562
1403303442|31.562
1403303464|31.562
1403303487|31.562
1403303509|31.5
1403303532|31.5
1403303554|31.5
1403303577|31.5
1403303599|31.5
1403303622|31.5
1403303644|31.5
1403303666|31.437
1403303689|31.437
1403303711|31.437
1403303734|31.437
1403303757|31.437
1403303779|31.437
1403303802|31.437
1403303824|31.437
1403303846|31.437
1403303869|31.437
1403303891|31.437
1403303914|31.437
1403303936|31.437
1403303959|31.437
1403303981|31.437
1403304004|31.5
1403304026|31.5
1403304049|31.5
1403304071|31.437
1403304094|31.5
1403304116|31.5
1403304139|31.5
1403304161|31.5
1403304183|31.5
1403304206|31.5
1403304228|31.5
1403304251|31.5
1403304273|31.5
1403304296|31.5
1403304318|31.5
1403304341|31.5
1403304363|31.5
1403304386|31.5
1403304408|31.5
1403304431|31.5
1403304453|31.5
1403304476|31.5
1403304498|31.437
1403304520|31.5
1403304543|31.437
1403304565|31.5
1403304588|31.5
1403304610|31.437
1403304633|31.437
1403304655|31.437
1403304678|31.437
1403304700|31.437
1403304723|31.437
1403304745|31.437
1403304768|31.437
1403304790|31.437
1403304813|31.437
1403304835|31.437
1403304857|31.437
1403304880|31.437
1403304902|31.437
1403304925|31.375
1403304947|31.437
1403304970|31.437
1403304992|31.437
1403305015|31.375
1403305037|31.375
1403305060|31.375
1403305082|31.375
1403305105|31.375
1403305127|31.375
1403305150|31.375
1403305172|31.375
1403305195|31.375
1403305217|31.375
1403305240|31.375
1403305262|31.375
1403305284|31.375
1403305307|31.375
1403305329|31.375
1403305352|31.375
1403305374|31.375
1403305397|31.375
1403305419|31.312
1403305442|31.375
1403305464|31.375
1403305487|31.312
1403305509|31.375
1403305532|31.312
1403305554|31.312
1403305577|31.312
1403305599|31.312
1403305621|31.312
1403305644|31.312
1403305666|31.25
1403305689|31.312
1403305711|31.312
1403305734|31.312
1403305756|31.312
1403305779|31.312
1403305801|31.312
1403305824|31.312
1403305846|31.312
1403305869|31.312
1403305891|31.312
1403305914|31.312
1403305936|31.312
1403305958|31.312
1403305981|31.25
1403306003|31.25
1403306026|31.312
1403306048|31.312
1403306071|31.25
1403306093|31.312
1403306116|31.312
1403306138|31.312
1403306161|31.312
1403306183|31.25
1403306206|31.25
1403306228|31.25
1403306251|31.25
1403306273|31.312
1403306295|31.25
1403306318|31.25
1403306340|31.25
1403306363|31.25
1403306385|31.25
1403306408|31.25
1403306430|31.25
1403306453|31.25
1403306475|31.25
1403306498|31.25
1403306520|31.25
1403306543|31.25
1403306565|31.25
1403306588|31.25
1403306610|31.25
1403306632|31.25
1403306655|31.25
1403306677|31.25
1403306700|31.25
1403306722|31.25
1403306745|31.25
1403306767|31.25
1403306790|31.25
1403306812|31.25
1403306835|31.25
1403306857|31.187
1403306880|31.25
1403306902|31.187
1403306925|31.25
1403306947|31.187
1403306970|31.25
1403306992|31.187
1403307014|31.25
1403307037|31.187
1403307059|31.187
1403307082|31.187
1403307104|31.187
1403307127|31.187
1403307149|31.187
1403307172|31.187
1403307194|31.187
1403307217|31.187
1403307239|31.187
1403307262|31.187
1403307284|31.187
1403307307|31.187
1403307329|31.187
1403307352|31.187
1403307374|31.187
1403307397|31.187
1403307419|31.187
1403307441|31.125
1403307464|31.125
1403307486|31.125
1403307509|31.125
1403307531|31.125
1403307554|31.125
1403307576|31.125
1403307599|31.125
1403307621|31.125
1403307644|31.125
1403307666|31.125
1403307689|31.125
1403307711|31.125
1403307734|31.125
1403307756|31.125
1403307778|31.125
1403307801|31.125
1403307823|31.125
1403307846|31.125
1403307868|31.125
1403307891|31.125
1403307913|31.062
1403307936|31.062
1403307958|31.125
1403307981|31.125
1403308003|31.062
1403308026|31.062
1403308048|31.125
1403308071|31.125
1403308093|31.125
1403308116|31.062
1403308138|31.062
1403308161|31.062
1403308183|31.062
1403308205|31.062
1403308228|31.062
1403308250|31.062
1403308273|31.062
1403308295|31.062
1403308318|31.062
1403308340|31.062
1403308363|31.062
1403308385|31.062
1403308408|31.062
1403308430|31.062
1403308453|31.062
1403308475|31.062
1403308498|31.062
1403308520|31.062
1403308542|31.062
1403308565|31.062
1403308587|31.125
1403308610|31.062
1403308632|31.062
1403308655|31.062
1403308677|31.062
1403308700|31.062
1403308722|31.062
1403308745|31.125
1403308767|31.062
1403308790|31.062
1403308812|31.062
1403308835|31.062
1403308857|31.125
1403308879|31.125
1403308902|31.062
1403308924|31.125
1403308947|31.125
1403308969|31.125
1403308992|31.125
1403309014|31.125
1403309037|31.125
1403309059|31.062
1403309082|31.125
1403309104|31.125
1403309127|31.125
1403309149|31.125
1403309172|31.125
1403309194|31.062
1403309216|31.125
1403309239|31.125
1403309261|31.125
1403309284|31.125
1403309306|31.125
1403309329|31.125
1403309351|31.125
1403309374|31.125
1403309396|31.062
1403309419|31.125
1403309441|31.125
1403309464|31.125
1403309486|31.125
1403309509|31.062
1403309531|31.062
1403309554|31.125
1403309576|31.062
1403309598|31.062
1403309621|31.125
1403309643|31.125
1403309666|31.125
1403309688|31.062
1403309711|31.062
1403309733|31.062
1403309756|31.062
1403309778|31.062
1403309801|31.062
1403309823|31.062
1403309846|31.062
1403309868|31.062
1403309891|31.062
1403309913|31.062
1403309935|31.0
1403309958|31.0
1403309980|31.062
1403310003|31.0
1403310025|31.0
1403310048|31.0
1403310070|31.0
1403310093|31.0
1403310115|31.0
1403310138|31.0
1403310160|31.0
1403310183|31.0
1403310205|31.0
1403310228|31.0
1403310250|31.0
1403310272|31.0
1403310295|31.0
1403310317|31.0
1403310340|31.0
1403310362|31.0
1403310385|31.0
1403310407|31.0
1403310430|31.0
1403310452|31.0
1403310475|31.0
1403310497|31.0
1403310520|31.0
1403310542|31.0
1403310565|31.0
1403310587|31.0
1403310609|30.937
1403310632|30.937
1403310654|31.0
1403310677|31.0
1403310699|30.937
1403310722|30.937
1403310744|30.937
1403310767|30.937
1403310789|30.937
1403310812|30.937
1403310834|30.937
1403310857|30.937
1403310879|30.937
1403310902|30.937
1403310924|30.937
1403310947|30.937
1403310969|30.937
1403310991|30.937
1403311014|30.937
1403311036|30.937
1403311059|30.937
1403311081|30.937
1403311104|30.937
1403311126|30.937
1403311149|30.937
1403311171|30.937
1403311194|30.937
1403311216|30.937
1403311239|30.937
1403311261|30.937
1403311284|30.937
1403311306|30.937
1403311329|30.937
1403311351|30.937
1403311373|30.937
1403311396|30.937
1403311418|30.937
1403311441|30.937
1403311463|30.937
1403311486|30.937
1403311508|30.937
1403311531|30.937
1403311553|30.937
1403311576|30.937
1403311598|30.875
1403311621|30.937
1403311643|30.937
1403311666|30.937
1403311688|30.875
1403311710|30.937
1403311733|30.937
1403311755|30.937
1403311778|30.937
1403311800|30.875
1403311823|30.937
1403311845|30.875
1403311868|30.875
1403311890|30.875
1403311913|30.875
1403311935|30.875
1403311958|30.875
1403311980|30.875
1403312003|30.875
1403312025|30.875
1403312048|30.875
1403312070|30.875
1403312092|30.875
1403312115|30.875
1403312137|30.875
1403312160|30.875
1403312182|30.875
1403312205|30.875
1403312227|30.875
1403312250|30.875
1403312272|30.875
1403312295|30.875
1403312317|30.875
1403312340|30.875
1403312362|30.875
1403312385|30.875
1403312407|30.875
1403312430|30.875
1403312452|30.875
1403312474|30.875
1403312497|30.875
1403312519|30.875
1403312542|30.875
1403312564|30.875
1403312587|30.875
1403312609|30.875
1403312632|30.875
1403312654|30.875
1403312677|30.875
1403312699|30.875
1403312722|30.875
1403312744|30.875
1403312766|30.875
1403312789|30.875
1403312811|30.875
1403312834|30.875
1403312856|30.875
1403312879|30.812
1403312901|30.875
1403312924|30.875
1403312946|30.875
1403312969|30.875
1403312991|30.812
1403313014|30.812
1403313036|30.812
1403313059|30.875
1403313081|30.812
1403313104|30.812
1403313126|30.812
1403313149|30.812
1403313172|30.812
1403313194|30.812
1403313217|30.812
1403313239|30.812
1403313262|30.812
1403313284|30.812
1403313307|30.812
1403313329|30.812
1403313351|30.812
1403313374|30.812
1403313396|30.812
1403313419|30.812
1403313441|30.812
1403313464|30.812
1403313486|30.812
1403313509|30.812
1403313531|30.812
1403313554|30.812
1403313576|30.812
1403313599|30.812
1403313621|30.812
1403313644|30.812
1403313666|30.812
1403313688|30.812
1403313711|30.75
1403313733|30.75
1403313756|30.75
1403313778|30.812
1403313801|30.75
1403313823|30.812
1403313846|30.812
1403313868|30.75
1403313891|30.75
1403313913|30.75
1403313936|30.812
1403313958|30.75
1403313981|30.75
1403314003|30.75
1403314025|30.75
1403314048|30.75
1403314070|30.812
1403314093|30.75
1403314115|30.75
1403314138|30.75
1403314160|30.75
1403314183|30.75
1403314205|30.75
1403314228|30.75
1403314250|30.75
1403314273|30.75
1403314295|30.75
1403314318|30.75
1403314340|30.75
1403314363|30.75
1403314385|30.75
1403314408|30.75
1403314430|30.75
1403314453|30.75
1403314475|30.75
1403314497|30.75
1403314520|30.75
1403314542|30.75
1403314565|30.75
1403314587|30.75
1403314610|30.75
1403314632|30.75
1403314655|30.687
1403314677|30.75
1403314700|30.687
1403314722|30.75
1403314745|30.687
1403314767|30.75
1403314790|30.687
1403314812|30.75
1403314834|30.687
1403314857|30.687
1403314879|30.687
1403314902|30.687
1403314924|30.687
1403314947|30.687
1403314969|30.687
1403314992|30.687
1403315014|30.687
1403315037|30.687
1403315059|30.687
1403315082|30.687
1403315104|30.687
1403315127|30.687
1403315149|30.687
1403315171|30.687
1403315194|30.687
1403315216|30.687
1403315239|30.687
1403315261|30.625
1403315284|30.687
1403315306|30.687
1403315329|30.687
1403315351|30.687
1403315374|30.687
1403315396|30.687
1403315419|30.687
1403315441|30.687
1403315464|30.687
1403315486|30.687
1403315508|30.687
1403315531|30.687
1403315553|30.687
1403315576|30.625
1403315598|30.687
1403315621|30.687
1403315643|30.625
1403315666|30.625
1403315688|30.625
1403315711|30.625
1403315733|30.625
1403315756|30.625
1403315778|30.625
1403315801|30.625
1403315823|30.625
1403315845|30.625
1403315868|30.625
1403315890|30.625
1403315913|30.625
1403315935|30.625
1403315958|30.625
1403315980|30.625
1403316003|30.625
1403316025|30.625
1403316048|30.625
1403316070|30.625
1403316093|30.625
1403316115|30.625
1403316138|30.625
1403316160|30.625
1403316183|30.625
1403316205|30.625
1403316227|30.562
1403316250|30.625
1403316272|30.625
1403316295|30.625
1403316317|30.562
1403316340|30.562
1403316362|30.562
1403316385|30.625
1403316407|30.562
1403316430|30.625
1403316452|30.562
1403316475|30.562
1403316497|30.562
1403316520|30.562
1403316542|30.562
1403316565|30.562
1403316587|30.562
1403316609|30.562
1403316632|30.562
1403316654|30.562
1403316677|30.562
1403316699|30.562
1403316722|30.562
1403316744|30.562
1403316767|30.562
1403316789|30.562
1403316812|30.562
1403316834|30.562
1403316857|30.562
1403316879|30.562
1403316902|30.562
1403316924|30.562
1403316946|30.5
1403316969|30.562
1403316991|30.5
1403317014|30.562
1403317036|30.562
1403317059|30.562
1403317081|30.562
1403317104|30.562
1403317126|30.5
1403317149|30.562
1403317171|30.562
1403317194|30.562
1403317216|30.5
1403317239|30.5
1403317261|30.5
1403317283|30.5
1403317306|30.5
1403317328|30.5
1403317351|30.5
1403317373|30.5
1403317396|30.5
1403317418|30.5
1403317441|30.5
1403317463|30.5
1403317486|30.5
1403317508|30.5
1403317531|30.5
1403317553|30.5
1403317576|30.5
1403317598|30.5
1403317620|30.5
1403317643|30.5
1403317665|30.5
1403317688|30.5
1403317710|30.5
1403317733|30.5
1403317755|30.437
1403317778|30.5
1403317800|30.5
1403317823|30.5
1403317845|30.5
1403317868|30.437
1403317890|30.437
1403317913|30.5
1403317935|30.5
1403317958|30.5
1403317980|30.5
1403318002|30.5
1403318025|30.437
1403318047|30.5
1403318070|30.5
1403318092|30.437
1403318115|30.437
1403318138|30.437
1403318160|30.437
1403318183|30.437
1403318205|30.437
1403318228|30.437
1403318250|30.437
1403318273|30.437
1403318295|30.437
1403318317|30.437
1403318340|30.437
1403318362|30.437
1403318385|30.437
1403318407|30.437
1403318430|30.437
1403318452|30.437
1403318475|30.437
1403318497|30.437
1403318520|30.437
1403318542|30.437
1403318565|30.437
1403318587|30.437
1403318610|30.437
1403318632|30.437
1403318655|30.437
1403318677|30.437
1403318699|30.437
1403318722|30.437
1403318744|30.437
1403318767|30.437
1403318789|30.375
1403318812|30.375
1403318834|30.375
1403318857|30.437
1403318879|30.375
1403318902|30.375
1403318924|30.437
1403318947|30.437
1403318969|30.375
1403318992|30.375
1403319014|30.375
1403319037|30.375
1403319059|30.375
1403319081|30.375
1403319104|30.375
1403319126|30.375
1403319149|30.375
1403319171|30.375
1403319194|30.375
1403319216|30.375
1403319239|30.375
1403319261|30.375
1403319284|30.437
1403319306|30.375
1403319329|30.375
1403319351|30.375
1403319374|30.375
1403319396|30.375
1403319418|30.312
1403319441|30.375
1403319463|30.312
1403319486|30.312
1403319508|30.312
1403319531|30.312
1403319553|30.375
1403319576|30.312
1403319598|30.375
1403319621|30.312
1403319643|30.312
1403319666|30.375
1403319688|30.375
1403319711|30.375
1403319733|30.312
1403319755|30.312
1403319778|30.375
1403319801|30.312
1403319823|30.312
1403319845|30.312
1403319868|30.312
1403319890|30.312
1403319913|30.312
1403319935|30.312
1403319958|30.312
1403319981|30.312
1403320003|30.312
1403320026|30.312
1403320048|30.312
1403320071|30.312
1403320093|30.312
1403320116|30.312
1403320138|30.312
1403320161|30.312
1403320183|30.312
1403320206|30.312
1403320228|30.312
1403320251|30.312
1403320273|30.312
1403320296|30.312
1403320318|30.25
1403320341|30.312
1403320363|30.312
1403320385|30.312
1403320408|30.312
1403320430|30.312
1403320453|30.312
1403320475|30.25
1403320498|30.25
1403320520|30.25
1403320543|30.25
1403320565|30.312
1403320588|30.25
1403320610|30.25
1403320633|30.25
1403320655|30.25
1403320678|30.25
1403320700|30.25
1403320722|30.25
1403320745|30.25
1403320767|30.25
1403320790|30.25
1403320812|30.25
1403320835|30.25
1403320857|30.25
1403320880|30.25
1403320902|30.25
1403320925|30.25
1403320947|30.25
1403320970|30.25
1403320992|30.187
1403321015|30.187
1403321037|30.25
1403321060|30.187
1403321082|30.187
1403321104|30.25
1403321127|30.187
1403321149|30.25
1403321172|30.187
1403321194|30.187
1403321217|30.187
1403321239|30.187
1403321262|30.187
1403321284|30.187
1403321307|30.187
1403321329|30.25
1403321352|30.25
1403321374|30.187
1403321397|30.187
1403321419|30.187
1403321441|30.187
1403321464|30.187
1403321486|30.187
1403321509|30.187
1403321531|30.187
1403321554|30.187
1403321576|30.187
1403321599|30.187
1403321621|30.187
1403321644|30.187
1403321666|30.125
1403321689|30.187
1403321711|30.187
1403321734|30.187
1403321756|30.125
1403321778|30.187
1403321801|30.187
1403321823|30.125
1403321846|30.187
1403321868|30.187
1403321891|30.187
1403321913|30.125
1403321936|30.125
1403321958|30.125
1403321981|30.125
1403322003|30.125
1403322026|30.125
1403322048|30.125
1403322071|30.125
1403322093|30.125
1403322116|30.125
1403322138|30.125
1403322161|30.125
1403322183|30.125
1403322205|30.125
1403322228|30.125
1403322250|30.125
1403322273|30.125
1403322295|30.125
1403322318|30.125
1403322340|30.125
1403322363|30.125
1403322385|30.125
1403322408|30.125
1403322430|30.125
1403322453|30.125
1403322475|30.125
1403322498|30.125
1403322520|30.125
1403322542|30.062
1403322565|30.125
1403322587|30.125
1403322610|30.062
1403322632|30.062
1403322655|30.062
1403322677|30.062
1403322700|30.062
1403322722|30.062
1403322745|30.062
1403322767|30.062
1403322790|30.062
1403322812|30.062
1403322835|30.062
1403322857|30.062
1403322879|30.062
1403322902|30.062
1403322924|30.062
1403322947|30.062
1403322969|30.062
1403322992|30.062
1403323014|30.062
1403323037|30.062
1403323059|30.062
1403323082|30.062
1403323104|30.062
1403323127|30.062
1403323149|30.062
1403323172|30.062
1403323194|30.062
1403323216|30.0
1403323239|30.0
1403323262|30.062
1403323284|30.0
1403323306|30.062
1403323329|30.0
1403323351|30.0
1403323374|30.0
1403323396|30.062
1403323419|30.0
1403323441|30.062
1403323464|30.0
1403323486|30.0
1403323509|30.0
1403323531|30.0
1403323554|30.0
1403323576|30.0
1403323599|30.0
1403323621|30.0
1403323643|30.0
1403323666|30.0
1403323688|30.0
1403323711|30.0
1403323733|30.0
1403323756|30.0
1403323778|30.0
1403323801|30.0
1403323823|30.0
1403323846|30.0
1403323868|30.0
1403323891|30.0
1403323913|30.0
1403323936|30.0
1403323958|30.0
1403323980|30.0
1403324003|30.0
1403324025|30.0
1403324048|30.0
1403324070|29.937
1403324093|29.937
1403324115|30.0
1403324138|29.937
1403324160|29.937
1403324183|29.937
1403324205|29.937
1403324228|29.937
1403324250|29.937
1403324273|29.937
1403324295|29.937
1403324317|29.937
1403324340|29.937
1403324362|29.937
1403324385|29.937
1403324407|29.937
1403324430|29.937
1403324452|29.937
1403324475|29.875
1403324497|29.937
1403324520|29.937
1403324542|29.937
1403324565|29.937
1403324587|29.937
1403324610|29.937
1403324632|29.937
1403324655|29.937
1403324677|29.937
1403324699|29.937
1403324722|29.875
1403324744|29.875
1403324767|29.937
1403324789|29.937
1403324812|29.937
1403324834|29.875
1403324857|29.875
1403324879|29.875
1403324902|29.875
1403324924|29.937
1403324947|29.875
1403324969|29.937
1403324992|29.875
1403325014|29.875
1403325037|29.875
1403325059|29.875
1403325082|29.875
1403325104|29.875
1403325126|29.875
1403325149|29.875
1403325171|29.875
1403325194|29.875
1403325216|29.875
1403325239|29.875
1403325261|29.875
1403325284|29.875
1403325306|29.875
1403325329|29.875
1403325351|29.875
1403325374|29.875
1403325396|29.812
1403325419|29.875
1403325441|29.812
1403325463|29.875
1403325486|29.875
1403325509|29.875
1403325531|29.875
1403325553|29.812
1403325576|29.812
1403325598|29.812
1403325621|29.812
1403325643|29.812
1403325666|29.875
1403325688|29.812
1403325711|29.812
1403325733|29.812
1403325756|29.812
1403325778|29.812
1403325801|29.812
1403325823|29.812
1403325846|29.812
1403325868|29.812
1403325890|29.812
1403325913|29.812
1403325935|29.812
1403325958|29.812
1403325980|29.812
1403326003|29.812
1403326025|29.812
1403326048|29.812
1403326070|29.812
1403326093|29.812
1403326115|29.812
1403326138|29.812
1403326160|29.812
1403326183|29.812
1403326205|29.812
1403326227|29.812
1403326250|29.812
1403326272|29.812
1403326295|29.75
1403326317|29.812
1403326340|29.75
1403326362|29.75
1403326385|29.75
1403326407|29.75
1403326430|29.812
1403326452|29.812
1403326475|29.75
1403326497|29.812
1403326520|29.75
1403326542|29.812
1403326565|29.75
1403326587|29.812
1403326609|29.75
1403326632|29.75
1403326654|29.75
1403326677|29.812
1403326699|29.75
1403326722|29.75
1403326744|29.75
1403326767|29.75
1403326789|29.75
1403326812|29.75
1403326834|29.75
1403326857|29.75
1403326879|29.75
1403326902|29.75
1403326924|29.75
1403326946|29.75
1403326969|29.75
1403326991|29.75
1403327014|29.75
1403327036|29.75
1403327059|29.75
1403327081|29.75
1403327104|29.75
1403327126|29.75
1403327149|29.75
1403327171|29.75
1403327194|29.687
1403327216|29.75
1403327239|29.687
1403327261|29.687
1403327283|29.687
1403327306|29.687
1403327328|29.687
1403327351|29.687
1403327373|29.687
1403327396|29.75
1403327418|29.687
1403327441|29.687
1403327463|29.687
1403327486|29.687
1403327508|29.687
1403327531|29.687
1403327553|29.687
1403327576|29.687
1403327598|29.687
1403327620|29.687
1403327643|29.687
1403327665|29.687
1403327688|29.687
1403327710|29.687
1403327733|29.687
1403327755|29.687
1403327778|29.687
1403327800|29.687
1403327823|29.687
1403327845|29.687
1403327868|29.625
1403327890|29.625
1403327913|29.625
1403327935|29.625
1403327958|29.625
1403327980|29.625
1403328003|29.562
1403328025|29.562
1403328047|29.625
1403328070|29.562
1403328092|29.562
1403328115|29.562
1403328137|29.562
1403328160|29.562
1403328182|29.562
1403328205|29.562
1403328227|29.5
1403328250|29.562
1403328272|29.562
1403328295|29.562
1403328317|29.562
1403328340|29.562
1403328362|29.562
1403328384|29.562
1403328407|29.5
1403328429|29.562
1403328452|29.562
1403328474|29.562
1403328497|29.5
1403328519|29.562
1403328542|29.5
1403328564|29.5
1403328587|29.5
1403328609|29.562
1403328632|29.562
1403328654|29.5
1403328677|29.5
1403328699|29.5
1403328721|29.5
1403328744|29.5
1403328766|29.5
1403328789|29.5
1403328811|29.5
1403328834|29.5
1403328856|29.5
1403328879|29.5
1403328901|29.5
1403328924|29.5
1403328946|29.437
1403328969|29.5
1403328991|29.5
1403329014|29.5
1403329036|29.5
1403329059|29.5
1403329081|29.5
1403329104|29.5
1403329126|29.5
1403329148|29.5
1403329171|29.5
1403329193|29.5
1403329216|29.5
1403329238|29.5
1403329261|29.5
1403329283|29.5
1403329306|29.5
1403329328|29.5
1403329351|29.5
1403329373|29.5
1403329396|29.5
1403329418|29.5
1403329441|29.5
1403329463|29.5
1403329485|29.5
1403329508|29.5
1403329530|29.437
1403329553|29.5
1403329575|29.5
1403329598|29.5
1403329620|29.5
1403329643|29.437
1403329665|29.5
1403329688|29.437
1403329710|29.5
1403329733|29.437
1403329755|29.437
1403329778|29.5
1403329800|29.437
1403329822|29.437
1403329845|29.437
1403329867|29.375
1403329890|29.375
1403329912|29.375
1403329935|29.375
1403329957|29.375
1403329980|29.375
1403330002|29.375
1403330025|29.375
1403330047|29.375
1403330070|29.375
1403330092|29.375
1403330115|29.312
1403330137|29.312
1403330160|29.312
1403330182|29.312
1403330204|29.312
1403330227|29.375
1403330249|29.312
1403330272|29.312
1403330294|29.312
1403330317|29.312
1403330339|29.312
1403330362|29.312
1403330384|29.312
1403330407|29.312
1403330429|29.312
1403330452|29.312
1403330474|29.312
1403330497|29.312
1403330519|29.312
1403330541|29.312
1403330564|29.312
1403330586|29.312
1403330609|29.312
1403330631|29.312
1403330654|29.312
1403330676|29.312
1403330699|29.312
1403330721|29.312
1403330744|29.312
1403330766|29.312
1403330789|29.312
1403330811|29.25
1403330834|29.25
1403330856|29.25
1403330878|29.25
1403330901|29.25
1403330923|29.25
1403330946|29.25
1403330968|29.187
1403330991|29.187
1403331013|29.187
1403331036|29.187
1403331058|29.187
1403331081|29.187
1403331103|29.187
1403331126|29.187
1403331148|29.187
1403331171|29.187
1403331193|29.125
1403331216|29.187
1403331238|29.187
1403331261|29.187
1403331283|29.187
1403331305|29.187
1403331328|29.187
1403331350|29.125
1403331373|29.187
1403331395|29.125
1403331418|29.125
1403331440|29.125
1403331463|29.125
1403331485|29.187
1403331508|29.125
1403331530|29.125
1403331553|29.125
1403331575|29.125
1403331598|29.125
1403331620|29.125
1403331642|29.125
1403331665|29.125
1403331687|29.125
1403331710|29.125
1403331732|29.125
1403331755|29.125
1403331777|29.125
1403331800|29.062
1403331822|29.125
1403331845|29.125
1403331867|29.125
1403331890|29.062
1403331912|29.062
1403331935|29.062
1403331957|29.125
1403331979|29.062
1403332002|29.125
1403332024|29.125
1403332047|29.125
1403332069|29.125
1403332092|29.125
1403332114|29.062
1403332137|29.062
1403332159|29.125
1403332182|29.125
1403332204|29.125
1403332227|29.125
1403332249|29.125
1403332272|29.125
1403332294|29.125
1403332316|29.125
1403332339|29.125
1403332361|29.125
1403332384|29.125
1403332406|29.125
1403332429|29.125
1403332451|29.125
1403332474|29.125
1403332496|29.125
1403332519|29.125
1403332541|29.125
1403332564|29.125
1403332586|29.125
1403332609|29.125
1403332631|29.125
1403332654|29.125
1403332676|29.125
1403332699|29.125
1403332721|29.125
1403332744|29.187
1403332766|29.125
1403332789|29.125
1403332811|29.125
1403332833|29.125
1403332856|29.125
1403332878|29.125
1403332901|29.125
1403332923|29.125
1403332946|29.125
1403332968|29.125
1403332991|29.125
1403333013|29.125
1403333036|29.125
1403333058|29.125
1403333081|29.125
1403333103|29.187
1403333126|29.187
1403333148|29.125
1403333170|29.187
1403333193|29.125
1403333215|29.125
1403333238|29.125
1403333260|29.125
1403333283|29.125
1403333305|29.125
1403333328|29.125
1403333350|29.187
1403333373|29.125
1403333395|29.125
1403333418|29.187
1403333440|29.125
1403333463|29.125
1403333485|29.125
1403333507|29.125
1403333530|29.125
1403333552|29.125
1403333575|29.187
1403333597|29.125
1403333620|29.125
1403333642|29.187
1403333665|29.187
1403333687|29.125
1403333710|29.125
1403333732|29.125
1403333755|29.125
1403333777|29.062
1403333800|29.062
1403333822|29.062
1403333845|29.062
1403333867|29.062
1403333889|29.062
1403333912|29.062
1403333934|29.062
1403333957|29.062
1403333979|29.062
1403334002|29.062
1403334024|29.062
1403334047|29.0
1403334069|29.0
1403334092|29.0
1403334114|29.0
1403334137|29.0
1403334159|29.0
1403334182|29.0
1403334204|29.0
1403334226|28.937
1403334249|29.0
1403334271|29.0
1403334294|29.0
1403334316|28.937
1403334339|28.937
1403334361|29.0
1403334384|28.937
1403334406|28.937
1403334429|28.937
1403334451|28.937
1403334474|28.937
1403334496|28.937
1403334519|28.937
1403334541|28.937
1403334563|28.937
1403334586|28.937
1403334608|28.937
1403334631|28.937
1403334653|28.875
1403334676|28.937
1403334698|28.875
1403334721|28.875
1403334743|28.875
1403334766|28.875
1403334788|28.875
1403334811|28.875
1403334833|28.875
1403334856|28.875
1403334878|28.875
1403334901|28.875
1403334923|28.875
1403334945|28.875
1403334968|28.812
1403334990|28.875
1403335013|28.875
1403335035|28.812
1403335058|28.875
1403335080|28.875
1403335103|28.875
1403335125|28.812
1403335148|28.812
1403335170|28.812
1403335193|28.812
1403335215|28.812
1403335238|28.812
1403335260|28.812
1403335283|28.812
1403335305|28.812
1403335327|28.812
1403335350|28.812
1403335372|28.812
1403335395|28.812
1403335417|28.812
1403335440|28.812
1403335462|28.812
1403335485|28.812
1403335507|28.812
1403335530|28.812
1403335552|28.812
1403335575|28.812
1403335597|28.812
1403335620|28.812
1403335642|28.812
1403335664|28.875
1403335687|28.812
1403335709|28.875
1403335732|28.875
1403335754|28.812
1403335777|28.812
1403335799|28.812
1403335822|28.812
1403335844|28.812
1403335867|28.875
1403335889|28.812
1403335912|28.812
1403335934|28.875
1403335957|28.812
1403335979|28.875
1403336001|28.812
1403336024|28.875
1403336046|28.812
1403336069|28.812
1403336091|28.875
1403336114|28.812
1403336136|28.812
1403336159|28.812
1403336181|28.875
1403336204|28.812
1403336226|28.875
1403336249|28.875
1403336271|28.875
1403336294|28.875
1403336316|28.875
1403336338|28.812
1403336361|28.875
1403336383|28.812
1403336406|28.812
1403336428|28.812
1403336451|28.812
1403336473|28.812
1403336496|28.812
1403336518|28.75
1403336541|28.75
1403336563|28.75
1403336586|28.75
1403336608|28.75
1403336631|28.75
1403336653|28.75
1403336676|28.75
1403336698|28.75
1403336720|28.687
1403336743|28.75
1403336765|28.687
1403336788|28.687
1403336810|28.687
1403336833|28.687
1403336855|28.75
1403336878|28.687
1403336900|28.687
1403336923|28.687
1403336945|28.687
1403336968|28.687
1403336990|28.687
1403337013|28.687
1403337035|28.687
1403337058|28.687
1403337080|28.687
1403337102|28.687
1403337125|28.687
1403337147|28.687
1403337170|28.687
1403337192|28.687
1403337215|28.687
1403337237|28.687
1403337260|28.687
1403337282|28.687
1403337305|28.687
1403337327|28.687
1403337350|28.687
1403337372|28.687
1403337395|28.687
1403337417|28.687
1403337439|28.687
1403337462|28.687
1403337484|28.687
1403337507|28.687
1403337529|28.687
1403337552|28.687
1403337574|28.687
1403337597|28.687
1403337619|28.687
1403337642|28.687
1403337664|28.687
1403337687|28.687
1403337709|28.687
1403337732|28.625
1403337754|28.625
1403337776|28.625
1403337799|28.625
1403337821|28.625
1403337844|28.625
1403337866|28.625
1403337889|28.562
1403337911|28.562
1403337934|28.562
1403337956|28.562
1403337979|28.562
1403338001|28.562
1403338024|28.562
1403338046|28.562
1403338069|28.562
1403338091|28.562
1403338114|28.562
1403338136|28.562
1403338158|28.5
1403338181|28.562
1403338203|28.562
1403338226|28.562
1403338248|28.5
1403338271|28.562
1403338293|28.562
1403338316|28.562
1403338338|28.562
1403338361|28.562
1403338383|28.562
1403338406|28.562
1403338428|28.562
1403338451|28.562
1403338473|28.562
1403338495|28.562
1403338518|28.562
1403338540|28.562
1403338563|28.562
1403338585|28.562
1403338608|28.562
1403338630|28.562
1403338653|28.562
1403338675|28.562
1403338698|28.562
1403338720|28.562
1403338743|28.562
1403338765|28.562
1403338788|28.562
1403338810|28.562
1403338832|28.562
1403338855|28.562
1403338877|28.562
1403338900|28.562
1403338922|28.562
1403338945|28.562
1403338967|28.562
1403338990|28.562
1403339012|28.625
1403339035|28.562
1403339057|28.562
1403339080|28.562
1403339102|28.562
1403339125|28.625
1403339147|28.562
1403339169|28.625
1403339192|28.625
1403339215|28.625
1403339237|28.625
1403339260|28.625
1403339282|28.625
1403339305|28.625
1403339327|28.625
1403339350|28.625
1403339372|28.625
1403339395|28.625
1403339417|28.625
1403339439|28.625
1403339462|28.625
1403339484|28.625
1403339507|28.625
1403339529|28.687
1403339552|28.625
1403339574|28.625
1403339597|28.625
1403339619|28.625
1403339642|28.625
1403339664|28.625
1403339687|28.625
1403339709|28.625
1403339732|28.625
1403339754|28.625
1403339776|28.625
1403339799|28.687
1403339821|28.625
1403339844|28.625
1403339866|28.625
1403339889|28.625
1403339911|28.625
1403339934|28.625
1403339956|28.625
1403339979|28.625
1403340001|28.625
1403340024|28.625
1403340046|28.625
1403340069|28.625
1403340091|28.625
1403340113|28.625
1403340136|28.625
1403340158|28.625
1403340181|28.625
1403340203|28.625
1403340226|28.625
1403340248|28.562
1403340271|28.562
1403340293|28.562
1403340316|28.625
1403340338|28.562
1403340361|28.625
1403340383|28.562
1403340406|28.625
1403340428|28.625
1403340451|28.625
1403340473|28.625
1403340495|28.625
1403340518|28.562
1403340540|28.562
1403340563|28.625
1403340585|28.562
1403340608|28.562
1403340630|28.562
1403340653|28.625
1403340675|28.562
1403340698|28.562
1403340720|28.562
1403340743|28.562
1403340765|28.625
1403340788|28.625
1403340810|28.562
1403340832|28.625
1403340855|28.562
1403340877|28.562
1403340900|28.562
1403340922|28.562
1403340945|28.625
1403340967|28.562
1403340990|28.562
1403341012|28.562
1403341035|28.562
1403341057|28.562
1403341080|28.625
1403341102|28.562
1403341125|28.562
1403341147|28.562
1403341170|28.562
1403341192|28.625
1403341215|28.562
1403341237|28.562
1403341259|28.625
1403341282|28.562
1403341304|28.562
1403341327|28.562
1403341349|28.625
1403341372|28.625
1403341394|28.625
1403341417|28.562
1403341439|28.562
1403341462|28.625
1403341484|28.625
1403341507|28.562
1403341529|28.625
1403341552|28.625
1403341574|28.625
1403341596|28.625
1403341619|28.625
1403341641|28.625
1403341664|28.625
1403341686|28.562
1403341709|28.562
1403341731|28.625
1403341754|28.562
1403341776|28.625
1403341799|28.562
1403341821|28.562
1403341844|28.625
1403341866|28.625
1403341889|28.625
1403341911|28.625
1403341934|28.625
1403341956|28.625
1403341978|28.625
1403342001|28.625
1403342023|28.625
1403342046|28.625
1403342068|28.625
1403342091|28.625
1403342113|28.625
1403342136|28.625
1403342158|28.625
1403342181|28.625
1403342203|28.625
1403342226|28.625
1403342248|28.625
1403342271|28.625
1403342293|28.625
1403342316|28.625
1403342338|28.625
1403342360|28.625
1403342383|28.625
1403342405|28.625
1403342428|28.625
1403342450|28.625
1403342473|28.625
1403342495|28.625
1403342518|28.687
1403342540|28.625
1403342563|28.625
1403342585|28.625
1403342608|28.687
1403342630|28.687
1403342653|28.687
1403342675|28.687
1403342698|28.687
1403342720|28.687
1403342742|28.687
1403342765|28.687
1403342787|28.687
1403342810|28.687
1403342832|28.687
1403342855|28.75
1403342877|28.75
1403342900|28.75
1403342922|28.75
1403342945|28.75
1403342967|28.75
1403342990|28.75
1403343012|28.75
1403343035|28.75
1403343057|28.75
1403343079|28.812
1403343102|28.812
1403343124|28.812
1403343147|28.812
1403343169|28.812
1403343192|28.812
1403343214|28.812
1403343237|28.812
1403343259|28.812
1403343282|28.812
1403343304|28.812
1403343327|28.812
1403343349|28.812
1403343372|28.875
1403343394|28.875
1403343416|28.875
1403343439|28.875
1403343461|28.875
1403343484|28.875
1403343506|28.875
1403343529|28.875
1403343551|28.875
1403343574|28.875
1403343596|28.875
1403343619|28.875
1403343641|28.875
1403343664|28.937
1403343686|28.875
1403343709|28.875
1403343731|28.937
1403343753|28.937
1403343776|28.937
1403343798|28.937
1403343821|28.937
1403343843|29.0
1403343866|28.937
1403343888|29.0
1403343911|28.937
1403343933|29.0
1403343956|29.0
1403343978|29.0
1403344001|29.0
1403344023|29.0
1403344046|29.0
1403344068|29.0
1403344091|29.0
1403344113|29.0
1403344136|29.0
1403344158|29.0
1403344180|29.062
1403344203|29.0
1403344225|29.062
1403344248|29.062
1403344270|29.062
1403344293|29.062
1403344315|29.125
1403344338|29.062
1403344360|29.125
1403344383|29.125
1403344405|29.125
1403344428|29.062
1403344450|29.125
1403344473|29.125
1403344495|29.125
1403344517|29.125
1403344540|29.125
1403344562|29.125
1403344585|29.125
1403344607|29.125
1403344630|29.125
1403344652|29.187
1403344675|29.187
1403344697|29.187
1403344720|29.187
1403344742|29.187
1403344765|29.187
1403344787|29.187
1403344810|29.187
1403344832|29.187
1403344854|29.25
1403344877|29.25
1403344899|29.25
1403344922|29.25
1403344944|29.25
1403344967|29.25
1403344989|29.25
1403345012|29.312
1403345034|29.312
1403345057|29.312
1403345079|29.312
1403345102|29.312
1403345124|29.312
1403345147|29.312
1403345169|29.312
1403345191|29.312
1403345214|29.312
1403345236|29.375
1403345259|29.375
1403345281|29.375
1403345304|29.375
1403345326|29.375
1403345349|29.375
1403345371|29.375
1403345394|29.375
1403345416|29.375
1403345439|29.437
1403345461|29.437
1403345484|29.437
1403345506|29.437
1403345529|29.437
1403345551|29.5
1403345574|29.5
1403345596|29.5
1403345618|29.5
1403345641|29.5
1403345663|29.5
1403345686|29.5
1403345708|29.562
1403345731|29.562
1403345753|29.562
1403345776|29.562
1403345798|29.562
1403345821|29.562
1403345843|29.562
1403345866|29.625
1403345888|29.625
1403345911|29.625
1403345933|29.625
1403345955|29.625
1403345978|29.687
1403346000|29.687
1403346023|29.687
1403346045|29.687
1403346068|29.687
1403346090|29.75
1403346113|29.75
1403346135|29.75
1403346158|29.75
1403346180|29.75
1403346203|29.75
1403346225|29.75
1403346248|29.812
1403346270|29.812
1403346292|29.812
1403346315|29.812
1403346337|29.812
1403346360|29.812
1403346382|29.875
1403346405|29.875
1403346427|29.875
1403346450|29.875
1403346472|29.875
1403346495|29.937
1403346517|29.937
1403346540|29.937
1403346562|29.937
1403346585|29.937
1403346607|29.937
1403346630|29.937
1403346652|29.937
1403346674|30.0
1403346697|30.0
1403346719|30.0
1403346742|30.0
1403346764|30.0
1403346787|30.0
1403346809|30.0
1403346832|30.0
1403346854|30.062
1403346877|30.0
1403346899|30.062
1403346922|30.062
1403346945|30.062
1403346967|30.062
1403346990|30.062
1403347012|30.125
1403347035|30.125
1403347057|30.125
1403347079|30.125
1403347102|30.125
1403347124|30.125
1403347147|30.125
1403347169|30.125
1403347192|30.187
1403347214|30.187
1403347237|30.187
1403347259|30.187
1403347282|30.187
1403347304|30.187
1403347327|30.187
1403347349|30.187
1403347372|30.25
1403347394|30.187
1403347417|30.187
1403347439|30.25
1403347462|30.25
1403347484|30.25
1403347506|30.25
1403347529|30.25
1403347551|30.312
1403347574|30.25
1403347596|30.312
1403347619|30.312
1403347641|30.312
1403347664|30.312
1403347686|30.312
1403347709|30.375
1403347731|30.312
1403347754|30.375
1403347776|30.375
1403347799|30.375
1403347821|30.375
1403347843|30.375
1403347866|30.375
1403347888|30.375
1403347911|30.437
1403347933|30.437
1403347956|30.437
1403347978|30.437
1403348001|30.5
1403348023|30.5
1403348046|30.5
1403348068|30.5
1403348091|30.5
1403348113|30.5
1403348136|30.562
1403348158|30.562
1403348180|30.562
1403348203|30.562
1403348225|30.562
1403348248|30.625
1403348270|30.562
1403348293|30.562
1403348315|30.625
1403348338|30.625
1403348360|30.625
1403348383|30.625
1403348405|30.687
1403348428|30.687
1403348450|30.687
1403348473|30.687
1403348495|30.687
1403348517|30.687
1403348540|30.687
1403348562|30.75
1403348585|30.75
1403348607|30.75
1403348630|30.75
1403348652|30.812
1403348675|30.812
1403348697|30.812
1403348720|30.812
1403348742|30.812
1403348765|30.875
1403348787|30.875
1403348810|30.875
1403348832|30.875
1403348855|30.875
1403348877|30.875
1403348899|30.875
1403348922|30.875
1403348944|30.937
1403348967|30.937
1403348989|30.937
1403349012|30.937
1403349034|30.937
1403349057|30.937
1403349079|30.937
1403349102|31.0
1403349124|85.0
1403349147|31.0
1403349169|31.0
1403349192|31.0
1403349214|31.0
1403349236|31.062
1403349259|31.062
1403349281|31.062
1403349304|31.062
1403349326|31.125
1403349349|31.125
1403349371|31.125
1403349394|31.125
1403349416|31.125
1403349439|31.125
1403349461|31.125
1403349484|31.125
1403349506|31.125
1403349529|31.125
1403349551|31.125
1403349573|31.125
1403349596|31.125
1403349618|31.187
1403349641|31.187
1403349663|31.187
1403349686|31.187
1403349708|85.0
1403349731|31.25
1403349753|31.187
1403349776|31.25
1403349798|31.25
1403349821|31.25
1403349843|31.25
1403349866|31.25
1403349888|31.25
1403349910|31.312
1403349933|31.312
1403349955|31.25
1403349978|31.312
1403350000|31.312
1403350023|31.312
1403350045|31.312
1403350068|31.312
1403350090|31.312
1403350113|31.312
1403350135|31.312
1403350158|31.312
1403350180|31.375
1403350203|31.375
1403350225|31.375
1403350248|31.375
1403350270|31.375
1403350293|31.437
1403350315|31.437
1403350337|31.437
1403350360|31.437
1403350382|31.437
1403350405|31.5
1403350427|31.5
1403350450|31.5
1403350472|31.5
1403350495|31.562
1403350517|31.562
1403350540|31.562
1403350562|31.562
1403350585|31.562
1403350607|31.562
1403350630|31.562
1403350652|31.562
1403350674|31.625
1403350697|31.562
1403350719|31.625
1403350742|31.625
1403350764|31.625
1403350787|31.625
1403350809|31.625
1403350832|31.625
1403350854|31.687
1403350877|31.687
1403350899|31.687
1403350922|31.687
1403350944|31.687
1403350967|31.687
1403350989|31.687
1403351011|31.687
1403351034|31.75
1403351056|31.75
1403351079|31.75
1403351101|31.75
1403351124|31.75
1403351146|31.75
1403351169|31.75
1403351191|31.75
1403351214|31.75
1403351236|31.812
1403351259|31.75
1403351281|31.812
1403351304|31.75
1403351326|31.812
1403351348|31.812
1403351371|31.812
1403351393|31.812
1403351416|31.812
1403351438|31.812
1403351461|31.812
1403351483|31.812
1403351506|31.812
1403351528|31.875
1403351551|31.812
1403351573|31.812
1403351596|31.875
1403351618|31.875
1403351641|31.812
1403351663|31.875
1403351686|31.875
1403351708|31.875
1403351730|31.875
1403351753|31.875
1403351775|31.875
1403351798|31.875
1403351820|31.875
1403351843|31.875
1403351865|31.937
1403351888|31.875
1403351910|31.937
1403351933|31.937
1403351955|31.937
1403351978|31.937
1403352000|31.937
1403352023|31.937
1403352045|31.937
1403352068|31.937
1403352090|31.937
1403352112|31.937
1403352135|31.937
1403352157|31.937
1403352180|31.937
1403352202|31.937
1403352225|31.937
1403352247|31.937
1403352270|32.0
1403352292|31.937
1403352315|32.0
1403352337|31.937
1403352360|31.937
1403352382|32.0
1403352405|32.0
1403352427|32.0
1403352449|32.0
1403352472|32.0
1403352494|32.0
1403352517|32.0
1403352539|32.0
1403352562|32.062
1403352584|32.0
1403352607|32.062
1403352629|32.0
1403352652|32.0
1403352674|32.062
1403352697|32.062
1403352719|32.062
1403352742|32.062
1403352764|32.062
1403352787|32.062
1403352809|32.062
1403352831|32.062
1403352854|32.062
1403352876|32.062
1403352899|32.062
1403352921|32.062
1403352944|32.062
1403352966|32.062
1403352989|32.062
1403353011|32.062
1403353034|32.0
1403353056|32.0
1403353079|32.0
1403353101|32.0
1403353124|32.0
1403353146|32.0
1403353168|32.0
1403353191|32.0
1403353213|32.0
1403353236|32.0
1403353258|31.937
1403353281|31.937
1403353303|32.0
1403353326|31.937
1403353348|31.937
1403353371|31.937
1403353393|31.937
1403353416|31.937
1403353438|31.937
1403353461|31.937
1403353483|31.937
1403353505|31.937
1403353528|31.937
1403353550|31.937
1403353573|31.937
1403353595|31.937
1403353618|31.937
1403353640|31.937
1403353663|31.937
1403353685|31.937
1403353708|31.937
1403353730|31.937
1403353753|31.937
1403353775|31.937
1403353798|31.937
1403353820|31.937
1403353842|31.937
1403353865|31.937
1403353887|31.937
1403353910|31.937
1403353932|31.937
1403353955|31.937
1403353977|31.937
1403354000|31.937
1403354022|31.937
1403354045|31.937
1403354067|31.937
1403354090|31.937
1403354112|31.937
1403354135|31.937
1403354157|31.937
1403354180|31.937
1403354202|31.937
1403354225|31.937
1403354247|31.937
1403354269|31.937
1403354292|31.937
1403354314|31.937
1403354337|31.937
1403354359|31.937
1403354382|31.937
1403354404|31.937
1403354427|31.937
1403354449|31.937
1403354472|31.875
1403354494|31.937
1403354517|31.937
1403354539|31.937
1403354562|31.937
1403354584|31.937
1403354606|31.937
1403354629|31.937
1403354651|31.937
1403354674|31.937
1403354696|32.0
1403354719|32.0
1403354741|31.937
1403354764|32.0
1403354786|32.0
1403354809|32.0
1403354831|32.0
1403354854|32.0
1403354876|32.062
1403354899|32.062
1403354921|32.062
1403354944|32.0
1403354966|32.0
1403354988|32.0
1403355011|32.0
1403355033|32.0
1403355056|32.0
1403355078|32.0
1403355101|31.937
1403355123|32.0
1403355146|31.937
1403355168|31.937
1403355191|31.937
1403355213|31.937
1403355236|31.937
1403355258|31.875
1403355281|31.875
1403355303|31.937
1403355326|31.875
1403355348|31.875
1403355370|31.875
1403355393|31.875
1403355415|31.875
1403355438|31.875
1403355460|31.875
1403355483|31.875
1403355505|31.812
1403355528|31.875
1403355550|31.812
1403355573|31.812
1403355595|31.875
1403355618|31.812
1403355640|31.812
1403355663|31.812
1403355685|31.875
1403355707|31.812
1403355730|31.875
1403355752|31.812
1403355775|31.812
1403355797|31.812
1403355820|31.812
1403355842|31.875
1403355865|31.812
1403355887|31.875
1403355910|31.812
1403355932|31.875
1403355955|31.875
1403355977|31.812
1403356000|31.875
1403356022|31.875
1403356044|31.875
1403356067|31.812
1403356089|31.875
1403356112|31.812
1403356134|31.812
1403356157|31.875
1403356179|31.812
1403356202|31.875
1403356224|31.875
1403356247|31.812
1403356269|31.875
1403356292|31.875
1403356314|31.812
1403356337|31.875
1403356359|31.812
1403356382|31.812
1403356404|31.812
1403356426|31.812
1403356449|31.812
1403356471|31.812
1403356494|31.812
1403356516|31.812
1403356539|31.812
1403356561|31.812
1403356584|31.812
1403356606|31.812
1403356629|31.812
1403356651|31.812
1403356674|31.812
1403356696|31.812
1403356719|31.812
1403356741|31.812
1403356763|31.812
1403356786|31.812
1403356808|31.812
1403356831|31.812
1403356853|31.812
1403356876|31.812
1403356898|31.812
1403356921|31.812
1403356943|31.812
1403356966|31.812
1403356988|31.812
1403357011|31.812
1403357033|31.812
1403357056|31.812
1403357078|31.812
1403357101|31.812
1403357123|31.812
1403357146|31.812
1403357168|31.812
1403357191|31.812
1403357213|31.812
1403357236|31.812
1403357258|31.812
1403357281|31.812
1403357303|31.812
1403357326|31.812
1403357348|31.812
1403357371|31.812
1403357393|31.812
1403357416|31.812
1403357438|31.812
1403357460|31.812
1403357483|31.812
1403357505|31.812
1403357528|31.812
1403357550|31.812
1403357573|31.812
1403357595|31.812
1403357618|31.75
1403357640|31.812
1403357663|31.812
1403357685|31.812
1403357708|31.812
1403357730|31.812
1403357753|31.812
1403357775|31.812
1403357798|31.812
1403357820|31.812
1403357842|31.812
1403357865|31.875
1403357887|31.812
1403357910|31.812
1403357932|31.812
1403357955|31.875
1403357977|31.875
1403358000|31.875
1403358022|31.875
1403358045|31.875
1403358067|31.875
1403358090|31.875
1403358112|31.875
1403358135|31.937
1403358157|31.875
1403358179|31.937
1403358202|31.937
1403358224|31.937
1403358247|31.937
1403358269|31.937
1403358292|31.937
1403358314|31.937
1403358337|31.937
1403358359|32.0
1403358382|32.0
1403358404|32.0
1403358427|32.0
1403358449|32.0
1403358472|32.0
1403358494|31.937
1403358516|31.937
1403358539|31.937
1403358561|31.937
1403358584|32.0
1403358606|31.937
1403358629|32.0
1403358651|32.0
1403358674|31.937
1403358696|31.937
1403358719|32.0
1403358741|32.0
1403358764|32.0
1403358786|32.0
1403358809|31.937
1403358831|32.0
1403358853|32.0
1403358876|32.0
1403358898|31.937
1403358921|31.937
1403358943|31.937
1403358966|31.937
1403358988|31.937
1403359011|32.0
1403359033|32.0
1403359056|32.0
1403359078|31.937
1403359101|32.0
1403359123|32.0
1403359146|31.937
1403359168|32.0
1403359190|32.0
1403359213|32.0
1403359235|32.0
1403359258|32.0
1403359280|32.0
1403359303|32.0
1403359325|32.0
1403359348|32.0
1403359370|32.0
1403359393|32.0
1403359415|32.0
1403359438|32.0
1403359460|32.0
1403359483|32.0
1403359505|32.0
1403359528|32.0
1403359550|32.0
1403359572|32.0
1403359595|32.0
1403359617|32.0
1403359640|32.0
1403359662|32.0
1403359685|32.0
1403359707|32.0
1403359730|32.0
1403359752|32.0
1403359775|32.0
1403359797|32.0
1403359820|32.0
1403359842|32.0
1403359865|32.0
1403359887|32.0
1403359910|32.0
1403359932|32.0
1403359954|32.0
1403359977|32.0
1403359999|32.0
1403360022|32.0
1403360044|32.0
1403360067|32.0
1403360089|32.0
1403360112|32.0
1403360134|32.0
1403360157|32.0
1403360179|32.0
1403360202|32.0
1403360224|32.0
1403360247|32.0
1403360269|32.062
1403360291|32.0
1403360314|32.0
1403360336|32.062
1403360359|32.0
1403360381|32.0
1403360404|32.062
1403360426|32.062
1403360449|32.062
1403360471|32.0
1403360494|32.062
1403360516|32.062
1403360539|32.0
1403360561|32.0
1403360584|32.0
1403360606|32.0
1403360628|32.0
1403360651|32.0
1403360673|32.0
1403360696|31.937
1403360718|31.937
1403360741|31.937
1403360763|31.937
1403360786|31.937
1403360808|31.937
1403360831|31.937
1403360853|31.937
1403360876|31.937
1403360898|31.875
1403360921|31.937
1403360943|31.875
1403360966|31.875
1403360988|31.875
1403361010|31.875
1403361033|31.937
1403361055|31.875
1403361078|31.875
1403361100|31.875
1403361123|31.937
1403361145|31.875
1403361168|31.875
1403361190|31.937
1403361213|31.937
1403361235|31.937
1403361258|31.937
1403361280|31.937
1403361303|31.937
1403361325|31.937
1403361348|31.937
1403361370|31.937
1403361393|31.937
1403361415|31.937
1403361438|31.937
1403361460|31.937
1403361483|31.937
1403361505|31.937
1403361527|31.937
1403361550|31.937
1403361572|31.937
1403361595|31.937
1403361617|31.875
1403361640|31.875
1403361662|31.875
1403361685|31.875
1403361707|31.875
1403361730|31.875
1403361752|31.875
1403361775|31.875
1403361797|31.875
1403361820|31.875
1403361842|31.875
1403361864|31.875
1403361887|31.875
1403361909|31.875
1403361932|31.875
1403361954|31.875
1403361977|31.875
1403361999|31.875
1403362022|31.875
1403362044|31.875
1403362067|31.875
1403362089|31.875
1403362112|31.875
1403362134|31.875
1403362157|31.875
1403362179|31.875
1403362201|31.875
1403362224|31.875
1403362246|31.875
1403362269|31.875
1403362291|31.875
1403362314|31.937
1403362336|31.875
1403362359|31.875
1403362381|31.875
1403362404|31.875
1403362426|31.875
1403362449|31.875
1403362471|31.875
1403362494|31.875
1403362516|31.875
1403362538|31.875
1403362561|31.875
1403362583|31.875
1403362606|31.875
1403362628|31.875
1403362651|31.875
1403362673|31.875
1403362696|31.875
1403362718|31.875
1403362741|31.875
1403362763|31.875
1403362786|31.875
1403362808|31.875
1403362831|31.937
1403362853|31.875
1403362876|31.875
1403362898|31.937
1403362921|31.937
1403362943|31.937
1403362965|31.937
1403362988|31.937
1403363010|31.937
1403363033|31.937
1403363055|31.937
1403363078|31.937
1403363100|31.937
1403363123|31.937
1403363145|31.937
1403363168|31.937
1403363190|31.937
1403363213|31.937
1403363235|31.937
1403363258|31.937
1403363280|31.937
1403363302|31.937
1403363325|31.937
1403363347|31.937
1403363370|31.937
1403363392|31.937
1403363415|31.937
1403363437|31.937
1403363460|31.937
1403363482|31.937
1403363505|31.937
1403363527|31.937
1403363550|31.937
1403363572|31.937
1403363595|31.937
1403363617|31.937
1403363640|31.937
1403363662|31.937
1403363684|31.937
1403363707|31.937
1403363729|31.937
1403363752|31.937
1403363774|31.937
1403363797|31.937
1403363819|31.937
1403363842|31.937
1403363864|31.937
1403363887|31.937
1403363909|31.937
1403363932|31.937
1403363954|31.937
1403363977|31.937
1403363999|31.937
1403364021|31.937
1403364044|31.937
1403364066|31.937
1403364089|31.937
1403364111|31.937
1403364134|31.937
1403364156|31.937
1403364179|31.937
1403364201|31.937
1403364224|31.937
1403364246|31.937
1403364269|31.937
1403364291|31.937
1403364314|31.937
1403364336|32.0
1403364358|31.937
1403364381|31.937
1403364403|31.937
1403364426|31.937
1403364448|31.937
1403364471|31.937
1403364493|31.937
1403364516|31.937
1403364538|31.937
1403364561|31.937
1403364583|31.937
1403364606|31.937
1403364628|31.937
1403364651|31.937
1403364673|32.0
1403364696|32.0
1403364718|31.937
1403364740|31.937
1403364763|31.937
1403364785|31.937
1403364808|31.937
1403364830|31.875
1403364853|31.875
1403364875|31.875
1403364898|31.875
1403364920|31.812
1403364943|31.812
1403364965|31.812
1403364988|31.812
1403365010|31.812
1403365033|31.75
1403365055|31.75
1403365078|31.75
1403365100|31.75
1403365122|31.75
1403365145|31.75
1403365167|31.75
1403365190|31.687
1403365212|31.687
1403365235|31.687
1403365257|31.687
1403365280|31.687
1403365302|31.75
1403365325|31.687
1403365347|31.687
1403365370|31.75
1403365392|31.75
1403365415|31.687
1403365437|31.687
1403365459|31.687
1403365482|31.687
1403365504|31.75
1403365527|31.687
1403365549|31.687
1403365572|31.75
1403365594|31.687
1403365617|31.75
1403365639|31.687
1403365662|31.687
1403365684|31.75
1403365707|31.75
1403365729|31.75
1403365752|31.75
1403365774|31.75
1403365796|31.75
1403365819|31.75
1403365841|31.75
1403365864|31.75
1403365886|31.75
1403365909|31.75
1403365931|31.75
1403365954|31.75
1403365976|31.75
1403365999|31.75
1403366021|31.687
1403366044|31.687
1403366066|31.687
1403366089|31.687
1403366111|31.687
1403366133|31.687
1403366156|31.687
1403366178|31.687
1403366201|31.625
1403366223|31.625
1403366246|31.625
1403366268|31.625
1403366291|31.625
1403366313|31.625
1403366336|31.625
1403366358|31.625
1403366381|31.625
1403366403|31.625
1403366426|31.625
1403366448|31.625
1403366471|31.625
1403366493|31.625
1403366516|31.625
1403366538|31.625
1403366560|31.625
1403366583|31.625
1403366605|31.625
1403366628|31.625
1403366650|31.625
1403366673|31.625
1403366695|31.625
1403366718|31.625
1403366740|31.625
1403366763|31.625
1403366785|31.625
1403366808|31.625
1403366830|31.625
1403366853|31.625
1403366875|31.625
1403366898|31.625
1403366920|31.625
1403366942|31.687
1403366965|31.625
1403366987|31.687
1403367010|31.687
1403367032|31.687
1403367055|31.687
1403367077|31.687
1403367100|31.687
1403367122|31.687
1403367145|31.687
1403367167|31.687
1403367190|31.687
1403367212|31.687
1403367235|31.687
1403367257|31.687
1403367279|31.687
1403367302|31.75
1403367324|31.687
1403367347|31.687
1403367369|31.687
1403367392|31.687
1403367414|31.687
1403367437|31.687
1403367459|31.687
1403367482|31.687
1403367505|31.687
1403367527|31.687
1403367550|31.687
1403367572|31.687
1403367595|31.687
1403367617|31.687
1403367640|31.625
1403367662|31.625
1403367685|31.625
1403367707|31.625
1403367730|31.625
1403367752|31.625
1403367775|31.625
1403367797|31.625
1403367820|31.625
1403367842|31.625
1403367865|31.625
1403367887|31.625
1403367909|31.625
1403367932|31.625
1403367954|31.625
1403367977|31.625
1403367999|31.625
1403368022|31.625
1403368044|31.625
1403368067|31.625
1403368089|31.625
1403368112|31.625
1403368134|31.625
1403368157|31.625
1403368179|31.625
1403368202|31.625
1403368224|31.625
1403368246|31.625
1403368269|31.625
1403368291|31.625
1403368314|31.625
1403368336|31.625
1403368359|31.625
1403368381|31.625
1403368404|31.625
1403368426|31.625
1403368449|31.562
1403368471|31.625
1403368494|31.562
1403368516|31.562
1403368539|31.562
1403368561|31.5
1403368583|31.5
1403368606|31.5
1403368628|31.5
1403368651|31.5
1403368673|31.5
1403368696|31.5
1403368718|31.437
1403368741|31.437
1403368763|31.5
1403368786|31.437
1403368808|31.437
1403368831|31.437
1403368853|31.437
1403368876|31.437
1403368898|31.437
1403368920|31.437
1403368943|31.437
1403368965|31.437
1403368988|31.437
1403369010|31.437
1403369033|31.437
1403369055|31.437
1403369078|31.437
1403369100|31.437
1403369123|31.437
1403369145|31.437
1403369168|31.437
1403369190|31.437
1403369213|31.437
1403369235|31.375
1403369257|31.437
1403369280|31.437
1403369302|31.375
1403369325|31.375
1403369347|31.375
1403369370|31.375
1403369392|31.375
1403369415|31.375
1403369437|31.375
1403369460|31.375
1403369482|31.375
1403369505|31.375
1403369527|31.375
1403369550|31.312
1403369572|31.375
1403369595|31.375
1403369617|31.375
1403369640|31.375
1403369662|31.375
1403369684|31.375
1403369707|31.375
1403369729|31.375
1403369752|31.375
1403369774|31.375
1403369797|31.375
1403369819|31.375
1403369842|31.375
1403369864|31.375
1403369887|31.375
1403369909|31.375
1403369932|31.375
1403369954|31.312
1403369977|31.375
1403369999|31.375
1403370021|31.312
1403370044|31.375
1403370066|31.312
1403370089|31.375
1403370111|31.375
1403370134|31.375
1403370156|31.312
1403370179|31.375
1403370201|31.375
1403370224|31.375
1403370246|31.312
1403370269|31.312
1403370291|31.375
1403370314|31.375
1403370336|31.375
1403370358|31.375
1403370381|31.375
1403370403|31.375
1403370426|31.437
1403370448|31.375
1403370471|31.375
1403370493|31.375
1403370516|31.375
1403370538|31.375
1403370561|31.375
1403370583|31.375
1403370606|31.375
1403370628|31.375
1403370651|31.375
1403370673|31.375
1403370695|31.437
1403370718|31.375
1403370740|31.375
1403370763|31.375
1403370785|31.375
1403370808|31.437
1403370830|31.375
1403370853|31.437
1403370875|31.437
1403370898|31.437
1403370920|31.375
1403370943|31.437
1403370965|31.437
1403370988|31.437
1403371010|31.437
1403371032|31.437
1403371055|31.437
1403371077|31.437
1403371100|31.437
1403371122|31.437
1403371145|31.437
1403371167|31.437
1403371190|31.437
1403371212|31.437
1403371235|31.437
1403371257|31.437
1403371280|31.437
1403371302|31.437
1403371325|31.437
1403371347|31.437
1403371369|31.437
1403371392|31.437
1403371414|31.437
1403371437|31.437
1403371459|31.437
1403371482|31.437
1403371504|31.437
1403371527|31.375
1403371549|31.375
1403371572|31.375
1403371594|31.375
1403371617|31.312
1403371639|31.375
1403371662|31.312
1403371684|31.375
1403371707|31.312
1403371729|31.312
1403371751|31.312
1403371774|31.312
1403371796|31.375
1403371819|31.312
1403371841|31.312
1403371864|31.312
1403371886|31.312
1403371909|31.312
1403371931|31.312
1403371954|31.312
1403371976|31.312
1403371999|31.312
1403372021|31.312
1403372044|31.312
1403372066|31.25
1403372088|31.25
1403372111|31.25
1403372133|31.25
1403372156|31.25
1403372178|31.25
1403372201|31.25
1403372223|31.25
1403372246|31.25
1403372268|31.25
1403372291|31.25
1403372313|31.25
1403372336|31.25
1403372358|31.25
1403372381|31.312
1403372403|31.312
1403372426|31.25
1403372448|31.25
1403372471|31.312
1403372493|31.25
1403372515|31.312
1403372538|31.25
1403372560|31.312
1403372583|31.312
1403372605|31.25
1403372628|31.312
1403372650|31.312
1403372673|31.312
1403372695|31.312
1403372718|31.312
1403372740|31.312
1403372763|31.312
1403372785|31.312
1403372808|31.312
1403372830|31.312
1403372852|31.312
1403372875|31.312
1403372897|31.312
1403372920|31.312
1403372942|31.312
1403372965|31.312
1403372987|31.25
1403373010|31.312
1403373032|31.312
1403373055|31.312
1403373077|31.312
1403373100|31.25
1403373122|31.25
1403373145|31.312
1403373167|31.312
1403373189|31.25
1403373212|31.25
1403373234|31.187
1403373257|31.187
1403373279|31.187
1403373302|31.187
1403373324|31.187
1403373347|31.125
1403373369|31.125
1403373392|31.125
1403373414|31.125
1403373437|31.125
1403373459|31.125
1403373482|31.125
1403373504|31.062
1403373526|31.062
1403373549|31.062
1403373571|31.062
1403373594|31.062
1403373616|31.062
1403373639|31.062
1403373661|31.062
1403373684|31.062
1403373706|31.062
1403373729|31.062
1403373751|31.062
1403373774|31.0
1403373796|31.062
1403373819|31.0
1403373841|31.0
1403373863|31.0
1403373886|31.0
1403373908|31.0
1403373931|31.0
1403373953|31.0
1403373976|31.0
1403373998|31.0
1403374021|30.937
1403374043|31.0
1403374066|30.937
1403374088|31.0
1403374111|31.0
1403374133|31.0
1403374156|31.0
1403374178|31.0
1403374201|31.0
1403374223|30.937
1403374245|30.937
1403374268|30.937
1403374290|30.937
1403374313|30.937
1403374335|30.937
1403374358|30.937
1403374380|30.937
1403374403|30.937
1403374425|30.937
1403374448|30.937
1403374470|30.937
1403374493|30.937
1403374515|30.875
1403374538|30.875
1403374560|30.875
1403374583|30.875
1403374605|30.875
1403374627|30.937
1403374650|30.875
1403374672|30.875
1403374695|30.875
1403374717|30.875
1403374740|30.875
1403374762|30.875
1403374785|30.875
1403374807|30.875
1403374830|30.875
1403374852|30.875
1403374875|30.875
1403374897|30.875
1403374920|30.875
1403374942|30.875
1403374965|30.875
1403374987|30.875
1403375009|30.875
1403375032|30.812
1403375054|30.812
1403375077|30.812
1403375099|30.875
1403375122|30.812
1403375144|30.812
1403375167|30.812
1403375189|30.875
1403375212|30.812
1403375234|30.812
1403375257|30.812
1403375279|30.812
1403375302|30.875
1403375324|30.812
1403375347|30.875
1403375369|30.875
1403375392|30.875
1403375414|30.812
1403375436|30.875
1403375459|30.812
1403375481|30.812
1403375504|30.812
1403375526|30.875
1403375549|30.875
