1406702276|0.0
1406702296|27.875
1406702316|27.875
1406702336|27.875
1406702356|27.875
1406702376|27.875
1406702396|27.875
1406702416|27.875
1406702436|27.875
1406702457|27.875
1406702477|27.875
1406702497|27.875
1406702517|27.875
1406702537|27.875
1406702557|27.875
1406702578|27.875
1406702598|27.875
1406702618|27.875
1406702638|27.875
1406702658|27.875
1406702678|27.875
1406702698|27.875
1406702718|27.875
1406702738|27.812
1406702758|27.812
1406702778|27.812
1406702799|27.812
1406702819|27.812
1406702839|27.75
1406702859|27.75
1406702879|27.75
1406702899|27.75
1406702919|27.75
1406702939|27.75
1406702959|27.687
1406702979|27.75
1406702999|27.75
1406703019|27.687
1406703039|27.687
1406703060|27.687
1406703080|27.687
1406703100|27.75
1406703120|27.687
1406703140|27.75
1406703160|27.75
1406703181|27.75
1406703201|27.75
1406703221|27.812
1406703241|27.75
1406703261|27.75
1406703281|27.812
1406703301|27.812
1406703321|27.812
1406703342|27.812
1406703362|27.812
1406703382|27.812
1406703403|27.812
1406703423|27.812
1406703443|27.812
1406703463|27.812
1406703483|27.812
1406703503|27.812
1406703523|27.875
1406703543|27.812
1406703563|27.875
1406703583|27.875
1406703603|27.875
1406703623|27.875
1406703643|27.875
1406703664|27.875
1406703684|27.875
1406703704|27.875
1406703724|27.875
1406703744|27.875
1406703764|27.875
1406703784|27.875
1406703804|27.875
1406703824|27.875
1406703845|27.875
1406703865|27.875
1406703885|27.875
1406703905|27.875
1406703925|27.875
1406703945|27.875
1406703965|27.875
1406703985|27.875
1406704006|27.875
1406704026|27.875
1406704046|27.875
1406704066|27.875
1406704086|27.875
1406704106|27.875
1406704126|27.875
1406704146|27.875
1406704166|27.937
1406704186|27.937
1406704206|27.875
1406704226|27.875
1406704247|27.937
1406704267|27.937
1406704287|27.875
1406704307|27.875
1406704327|27.875
1406704347|27.875
1406704367|27.875
1406704387|27.875
1406704407|27.875
1406704427|27.875
1406704448|27.937
1406704468|27.875
1406704488|27.937
1406704508|27.937
1406704528|27.937
1406704548|27.937
1406704569|27.937
1406704589|27.937
1406704609|27.937
1406704629|27.875
1406704649|27.875
1406704669|27.875
1406704689|27.812
1406704709|27.812
1406704729|27.875
1406704749|27.812
1406704769|27.812
1406704789|27.75
1406704809|27.812
1406704830|27.75
1406704850|27.75
1406704870|27.75
1406704890|27.75
1406704910|27.75
1406704930|27.75
1406704950|27.75
1406704970|27.75
1406704990|27.75
1406705010|27.75
1406705031|27.687
1406705051|27.687
1406705071|27.687
1406705091|27.687
1406705111|27.687
1406705132|27.687
1406705152|27.687
1406705172|27.687
1406705192|27.687
1406705212|27.625
1406705232|27.687
1406705252|27.687
1406705272|27.687
1406705292|27.687
1406705312|27.687
1406705332|27.687
1406705352|27.687
1406705372|27.625
1406705393|27.625
1406705413|27.625
1406705433|27.625
1406705453|27.625
1406705473|27.625
1406705493|27.625
1406705513|27.625
1406705533|27.625
1406705553|27.625
1406705573|27.625
1406705593|27.625
1406705613|27.625
1406705634|27.625
1406705654|27.625
1406705674|27.625
1406705694|27.625
1406705714|27.687
1406705735|27.625
1406705755|27.687
1406705775|27.625
1406705795|27.625
1406705815|27.687
1406705835|27.687
1406705855|27.687
1406705875|27.687
1406705895|27.687
1406705915|27.687
1406705935|27.687
1406705955|27.75
1406705976|27.75
1406705996|27.75
1406706016|27.75
1406706036|27.75
1406706056|27.75
1406706076|27.75
1406706096|27.75
1406706116|27.75
1406706136|27.812
1406706156|27.812
1406706176|27.812
1406706196|27.812
1406706216|27.812
1406706237|27.812
1406706257|27.812
1406706277|27.812
1406706297|27.812
1406706317|27.812
1406706338|27.812
1406706358|27.812
1406706378|27.875
1406706398|27.875
1406706418|27.812
1406706438|27.875
1406706458|27.812
1406706478|27.875
1406706498|27.875
1406706518|27.812
1406706538|27.875
1406706558|27.875
1406706578|27.875
1406706599|27.875
1406706619|27.875
1406706639|27.875
1406706659|27.875
1406706679|27.812
1406706699|27.812
1406706719|27.875
1406706739|27.812
1406706759|27.812
1406706779|27.812
1406706799|27.812
1406706819|27.812
1406706839|27.75
1406706860|27.75
1406706880|27.812
1406706900|27.75
1406706920|27.75
1406706940|27.75
1406706961|27.75
1406706981|27.687
1406707001|27.687
1406707021|27.687
1406707041|27.687
1406707061|27.687
1406707081|27.687
1406707101|27.687
1406707121|27.687
1406707141|27.687
1406707161|27.687
1406707182|27.687
1406707202|27.687
1406707222|27.687
1406707242|27.687
1406707262|27.687
1406707282|27.687
1406707302|27.687
1406707322|27.687
1406707342|27.687
1406707362|27.687
1406707382|27.687
1406707402|27.687
1406707423|27.687
1406707443|27.687
1406707463|27.75
1406707483|27.687
1406707503|27.687
1406707523|27.687
1406707543|27.687
1406707564|27.75
1406707584|27.75
1406707604|27.75
1406707624|27.75
1406707644|27.75
1406707664|27.75
1406707684|27.812
1406707704|27.812
1406707724|27.812
1406707744|27.812
1406707764|27.812
1406707785|27.812
1406707805|27.812
1406707825|27.875
1406707845|27.875
1406707865|27.875
1406707885|27.875
1406707905|27.812
1406707925|27.875
1406707945|27.875
1406707965|27.875
1406707985|27.875
1406708005|27.875
1406708025|27.875
1406708046|27.875
1406708066|27.875
1406708086|27.875
1406708106|27.875
1406708126|27.875
1406708146|27.937
1406708167|27.937
1406708187|27.937
1406708208|27.937
1406708228|27.937
1406708248|27.937
1406708269|27.937
1406708289|27.937
1406708309|27.937
1406708329|27.937
1406708349|27.937
1406708369|27.937
1406708389|27.937
1406708409|27.937
1406708429|27.875
1406708449|27.937
1406708469|27.937
1406708489|27.937
1406708509|27.937
1406708530|27.937
1406708550|27.937
1406708570|27.937
1406708590|27.937
1406708610|27.937
1406708630|27.937
1406708650|27.937
1406708670|27.937
1406708690|28.0
1406708710|27.937
1406708730|28.0
1406708750|27.937
1406708771|27.937
1406708791|28.0
1406708811|28.0
1406708831|27.937
1406708852|28.0
1406708872|28.0
1406708892|28.0
1406708912|28.0
1406708932|28.0
1406708952|28.0
1406708972|28.0
1406708992|28.0
1406709012|28.0
1406709032|28.0
1406709053|28.0
1406709073|28.0
1406709093|28.0
1406709113|28.0
1406709133|28.0
1406709153|28.0
1406709173|28.0
1406709193|28.0
1406709213|28.0
1406709233|28.0
1406709253|28.0
1406709273|28.0
1406709293|28.062
1406709314|28.0
1406709334|28.0
1406709354|28.0
1406709374|28.0
1406709394|28.0
1406709414|28.062
1406709434|28.062
1406709455|28.062
1406709475|28.062
1406709495|28.062
1406709515|28.062
1406709535|28.062
1406709555|28.062
1406709575|28.062
1406709595|28.062
1406709615|28.062
1406709636|28.062
1406709656|28.062
1406709676|28.062
1406709696|28.062
1406709716|28.062
1406709736|28.062
1406709756|28.062
1406709776|28.062
1406709796|28.062
1406709816|28.062
1406709836|28.062
1406709856|28.062
1406709876|28.062
1406709897|28.062
1406709917|28.062
1406709937|28.062
1406709957|28.062
1406709977|28.125
1406709997|28.062
1406710017|28.062
1406710037|28.125
1406710058|28.125
1406710078|28.125
1406710098|28.062
1406710118|28.125
1406710138|28.062
1406710159|28.062
1406710179|28.062
1406710199|28.062
1406710219|28.125
1406710239|28.125
1406710259|28.125
1406710280|28.125
1406710300|28.125
1406710320|28.125
1406710340|28.125
1406710360|28.125
1406710380|28.125
1406710400|28.125
1406710420|28.125
1406710440|28.125
1406710460|28.125
1406710480|28.125
1406710500|28.125
1406710521|28.125
1406710541|28.125
1406710561|28.125
1406710581|28.125
1406710601|28.125
1406710621|28.125
1406710641|28.125
1406710661|28.125
1406710681|28.125
1406710701|28.125
1406710721|28.125
1406710742|28.125
1406710762|28.125
1406710782|28.187
1406710802|28.125
1406710822|28.187
1406710843|28.187
1406710863|28.187
1406710883|28.187
1406710903|28.187
1406710923|28.125
1406710943|28.187
1406710963|28.187
1406710983|28.187
1406711003|28.187
1406711023|28.187
1406711043|28.187
1406711063|28.187
1406711083|28.187
1406711104|28.187
1406711124|28.187
1406711144|28.187
1406711164|28.187
1406711184|28.187
1406711204|28.187
1406711224|28.187
1406711244|28.187
1406711264|28.187
1406711284|28.187
1406711304|28.187
1406711324|28.187
1406711345|28.187
1406711365|28.187
1406711385|28.187
1406711405|28.187
1406711425|28.187
1406711446|28.187
1406711466|28.187
1406711486|28.187
1406711506|28.187
1406711526|28.187
1406711546|28.187
1406711566|28.25
1406711586|28.187
1406711606|28.187
1406711626|28.187
1406711646|28.187
1406711667|28.25
1406711687|28.187
1406711707|28.25
1406711727|28.187
1406711747|28.25
1406711767|28.25
1406711788|28.25
1406711808|28.187
1406711828|28.25
1406711848|28.25
1406711868|28.25
1406711888|28.25
1406711908|28.25
1406711928|28.25
1406711948|28.25
1406711968|28.25
1406711988|28.25
1406712008|28.25
1406712029|28.25
1406712049|28.25
1406712069|28.25
1406712089|28.25
1406712109|28.25
1406712130|28.25
1406712150|28.25
1406712170|28.25
1406712190|28.25
1406712210|28.25
1406712230|28.25
1406712250|28.25
1406712270|28.25
1406712290|28.312
1406712310|28.25
1406712330|28.25
1406712350|28.25
1406712371|28.25
1406712391|28.25
1406712411|28.25
1406712431|28.25
1406712451|28.187
1406712471|28.187
1406712491|28.187
1406712511|28.187
1406712531|28.187
1406712551|28.187
1406712571|28.187
1406712591|28.187
1406712611|28.187
1406712632|28.187
1406712652|28.187
1406712672|28.187
1406712692|28.187
1406712712|28.187
1406712732|28.187
1406712753|28.187
1406712773|28.187
1406712793|28.187
1406712813|28.187
1406712833|28.187
1406712853|28.187
1406712873|28.187
1406712893|28.187
1406712913|28.125
1406712933|28.187
1406712953|28.187
1406712974|28.187
1406712994|28.187
1406713014|28.187
1406713034|28.187
1406713054|28.187
1406713074|28.125
1406713094|28.187
1406713114|28.187
1406713134|28.187
1406713154|28.125
1406713174|28.187
1406713194|28.187
1406713214|28.125
1406713235|28.187
1406713255|28.125
1406713275|28.187
1406713295|28.187
1406713315|28.187
1406713335|28.187
1406713356|28.187
1406713376|28.187
1406713396|28.187
1406713416|28.187
1406713436|28.187
1406713456|28.187
1406713476|28.187
1406713496|28.187
1406713516|28.187
1406713536|28.187
1406713556|28.25
1406713577|28.25
1406713597|28.25
1406713617|28.187
1406713637|28.25
1406713657|28.187
1406713677|28.187
1406713697|28.25
1406713717|28.25
1406713737|28.25
1406713757|28.25
1406713777|28.25
1406713797|28.25
1406713817|28.25
1406713838|28.25
1406713858|28.25
1406713878|28.25
1406713898|28.25
1406713918|28.25
1406713938|28.25
1406713959|28.25
1406713979|28.25
1406713999|28.25
1406714019|28.25
1406714039|28.25
1406714059|28.25
1406714079|28.25
1406714099|28.25
1406714119|28.25
1406714139|28.312
1406714159|28.25
1406714180|28.312
1406714200|28.25
1406714220|28.25
1406714240|28.25
1406714260|28.25
1406714280|28.25
1406714300|28.25
1406714320|28.312
1406714340|28.25
1406714360|28.312
1406714380|28.312
1406714400|28.312
1406714421|28.312
1406714441|28.312
1406714461|28.312
1406714481|28.312
1406714501|28.312
1406714521|28.312
1406714542|28.312
1406714562|28.312
1406714582|28.312
1406714602|28.312
1406714622|28.312
1406714642|28.312
1406714662|28.312
1406714682|28.312
1406714702|28.312
1406714722|28.312
1406714742|28.312
1406714763|28.312
1406714783|28.312
1406714803|28.312
1406714823|28.375
1406714843|28.312
1406714863|28.312
1406714883|28.375
1406714903|28.375
1406714923|28.312
1406714943|28.312
1406714963|28.375
1406714983|28.375
1406715004|28.375
1406715024|28.375
1406715044|28.375
1406715064|28.375
1406715084|28.375
1406715104|28.375
1406715124|28.375
1406715145|28.375
1406715165|28.375
1406715185|28.437
1406715205|28.375
1406715225|28.375
1406715245|28.375
1406715265|28.375
1406715286|28.375
1406715306|28.375
1406715326|28.437
1406715346|28.437
1406715366|28.437
1406715386|28.437
1406715407|28.437
1406715427|28.437
1406715447|28.437
1406715468|28.437
1406715488|28.437
1406715508|28.437
1406715528|28.437
1406715548|28.437
1406715568|28.437
1406715588|28.437
1406715608|28.437
1406715628|28.437
1406715648|28.437
1406715668|28.437
1406715688|28.437
1406715708|28.437
1406715729|28.437
1406715749|28.437
1406715769|28.437
1406715789|28.437
1406715809|28.5
1406715829|28.437
1406715849|28.437
1406715869|28.437
1406715890|28.437
1406715910|28.437
1406715930|28.437
1406715950|28.5
1406715970|28.5
1406715990|28.437
1406716010|28.437
1406716030|28.437
1406716050|28.437
1406716071|28.437
1406716091|28.437
1406716111|28.5
1406716131|28.5
1406716151|28.5
1406716171|28.5
1406716191|28.5
1406716211|28.5
1406716231|28.5
1406716251|28.5
1406716271|28.5
1406716291|28.437
1406716311|28.437
1406716332|28.437
1406716352|28.437
1406716372|28.437
1406716392|28.5
1406716412|28.437
1406716432|28.437
1406716452|28.437
1406716472|28.437
1406716493|28.5
1406716513|28.5
1406716533|28.437
1406716553|28.5
1406716573|28.5
1406716593|28.5
1406716614|28.5
1406716634|28.5
1406716654|28.437
1406716675|28.437
1406716695|28.437
1406716715|28.437
1406716735|28.437
1406716755|28.437
1406716775|28.5
1406716796|28.437
1406716816|28.437
1406716836|28.437
1406716856|28.5
1406716876|28.5
1406716896|28.437
1406716916|28.437
1406716936|28.437
1406716956|28.437
1406716976|28.5
1406716996|28.437
1406717016|28.437
1406717036|28.437
1406717057|28.5
1406717077|28.5
1406717097|28.437
1406717117|28.437
1406717137|28.437
1406717157|28.437
1406717177|28.437
1406717197|28.437
1406717217|28.437
1406717237|28.437
1406717258|28.437
1406717278|28.5
1406717298|28.5
1406717318|28.5
1406717338|28.5
1406717358|28.5
1406717379|28.5
1406717399|28.5
1406717419|28.5
1406717439|28.5
1406717459|28.5
1406717479|28.5
1406717499|28.437
1406717519|28.5
1406717539|28.437
1406717559|28.437
1406717579|28.437
1406717599|28.437
1406717619|28.437
1406717640|28.437
1406717660|28.437
1406717680|28.437
1406717700|28.437
1406717720|28.437
1406717740|28.437
1406717760|28.437
1406717780|28.437
1406717800|28.437
1406717820|28.437
1406717840|28.437
1406717861|28.437
1406717881|28.437
1406717901|28.437
1406717921|28.437
1406717941|28.375
1406717961|28.375
1406717982|28.375
1406718002|28.375
1406718022|28.375
1406718042|28.375
1406718062|28.375
1406718082|28.437
1406718102|28.437
1406718123|28.437
1406718143|28.437
1406718163|28.437
1406718183|28.437
1406718203|28.437
1406718223|28.437
1406718243|28.437
1406718263|28.437
1406718283|28.437
1406718304|28.437
1406718324|28.437
1406718344|28.437
1406718364|28.5
1406718384|28.5
1406718404|28.5
1406718424|28.5
1406718444|28.5
1406718464|28.5
1406718484|28.5
1406718504|28.5
1406718524|28.5
1406718544|28.5
1406718565|28.5
1406718585|28.5
1406718605|28.5
1406718625|28.562
1406718645|28.562
1406718666|28.562
1406718686|28.562
1406718706|28.562
1406718726|28.562
1406718746|28.562
1406718766|28.562
1406718786|28.562
1406718806|28.562
1406718826|28.562
1406718847|28.562
1406718867|28.562
1406718887|28.562
1406718907|28.562
1406718927|28.562
1406718947|28.562
1406718967|28.562
1406718987|28.625
1406719008|28.625
1406719028|28.625
1406719048|28.625
1406719068|28.625
1406719088|28.625
1406719108|28.625
1406719128|28.625
1406719148|28.625
1406719169|28.625
1406719189|28.625
1406719209|28.625
1406719229|28.625
1406719249|28.625
1406719269|28.687
1406719289|28.687
1406719309|28.687
1406719329|28.687
1406719349|28.687
1406719369|28.687
1406719390|28.687
1406719410|28.687
1406719430|28.687
1406719450|28.687
1406719470|28.687
1406719490|28.687
1406719511|28.687
1406719531|28.687
1406719551|28.687
1406719571|28.687
1406719591|28.687
1406719611|28.687
1406719631|28.687
1406719651|28.687
1406719671|28.687
1406719691|28.687
1406719711|28.687
1406719731|28.75
1406719752|28.75
1406719772|28.75
1406719792|28.75
1406719812|28.687
1406719832|28.687
1406719852|28.687
1406719872|28.687
1406719892|28.687
1406719912|28.687
1406719932|28.687
1406719952|28.687
1406719972|28.687
1406719993|28.687
1406720014|28.687
1406720034|28.75
1406720054|28.75
1406720074|28.75
1406720094|28.75
1406720114|28.75
