1407475194|24.875
1407475215|24.875
1407475235|24.875
1407475255|24.875
1407475275|24.812
1407475295|24.812
1407475315|24.812
1407475335|24.812
1407475355|24.812
1407475376|24.812
1407475396|24.812
1407475416|24.812
1407475436|24.812
1407475456|24.812
1407475476|24.812
1407475496|24.812
1407475516|24.812
1407475536|24.812
1407475556|24.812
1407475576|24.75
1407475596|24.75
1407475617|24.75
1407475637|24.812
1407475657|24.812
1407475677|24.75
1407475697|24.812
1407475717|24.812
1407475737|24.75
1407475757|24.812
1407475777|24.75
1407475798|24.75
1407475818|24.75
1407475838|24.75
1407475858|24.75
1407475878|24.75
1407475898|24.812
1407475918|24.75
1407475938|24.75
1407475959|24.75
1407475979|24.75
1407475999|24.75
1407476020|24.75
1407476040|24.75
1407476060|24.75
1407476080|24.75
1407476100|24.75
1407476120|24.75
1407476140|24.75
1407476160|24.75
1407476180|24.687
1407476201|24.75
1407476221|24.75
1407476241|24.687
1407476261|24.75
1407476281|24.75
1407476301|24.75
1407476321|24.687
1407476341|24.687
1407476361|24.687
1407476381|24.687
1407476401|24.687
1407476422|24.687
1407476442|24.687
1407476462|24.687
1407476482|24.687
1407476502|24.687
1407476522|24.687
1407476543|24.687
1407476563|24.687
1407476583|24.687
1407476603|24.687
1407476623|24.687
1407476643|24.687
1407476663|24.687
1407476683|24.687
1407476703|24.687
1407476723|24.687
1407476743|24.687
1407476763|24.687
1407476784|24.687
1407476804|24.687
1407476824|24.687
1407476844|24.687
1407476864|24.687
1407476884|24.75
1407476904|24.687
1407476924|24.687
1407476944|24.687
1407476964|24.687
1407476986|24.687
1407477006|24.687
1407477026|24.687
1407477046|24.687
1407477066|24.687
1407477086|24.687
1407477106|24.687
1407477126|24.687
1407477146|24.687
1407477167|24.687
1407477187|24.687
1407477207|24.687
1407477227|24.687
1407477247|24.687
1407477267|24.687
1407477287|24.687
1407477307|24.687
1407477328|24.687
1407477348|24.687
1407477368|24.687
1407477388|24.625
1407477408|24.687
1407477428|24.687
1407477448|24.687
1407477468|24.687
1407477488|24.687
1407477508|24.687
1407477528|24.687
1407477548|24.687
1407477568|24.687
1407477589|24.687
1407477609|24.687
1407477629|24.687
1407477649|24.687
1407477669|24.687
1407477689|24.687
1407477709|24.687
1407477729|24.687
1407477749|24.625
1407477770|24.687
1407477790|24.687
1407477810|24.687
1407477830|24.687
1407477850|24.687
1407477870|24.687
1407477890|24.687
1407477910|24.687
1407477931|24.687
1407477951|24.687
1407477971|24.687
1407477991|24.687
1407478011|24.687
1407478031|24.687
1407478051|24.687
1407478071|24.687
1407478091|24.687
1407478111|24.687
1407478131|24.687
1407478151|24.687
1407478171|24.687
1407478192|24.687
1407478212|24.687
1407478232|24.687
1407478252|24.687
1407478272|24.687
1407478292|24.687
1407478312|24.687
1407478332|24.687
1407478352|24.687
1407478372|24.687
1407478393|24.687
1407478413|24.687
1407478433|24.687
1407478453|24.687
1407478473|24.687
1407478493|24.687
1407478514|24.687
1407478534|24.687
1407478554|24.687
1407478574|24.687
1407478594|24.687
1407478614|24.687
1407478636|24.687
1407478656|24.687
1407478676|24.687
1407478696|24.687
1407478716|24.687
1407478736|24.687
1407478756|24.687
1407478776|24.687
1407478796|24.687
1407478816|24.687
1407478836|24.687
1407478856|24.687
1407478877|24.687
1407478897|24.687
1407478917|24.687
1407478937|24.687
1407478957|24.687
1407478977|24.687
1407478997|24.687
1407479017|24.687
1407479037|24.687
1407479057|24.687
1407479077|24.687
1407479098|24.687
1407479118|24.75
1407479138|24.687
1407479158|24.75
1407479178|24.687
1407479198|24.687
1407479218|24.75
1407479239|24.687
1407479259|24.75
1407479279|24.687
1407479299|24.75
1407479319|24.75
1407479339|24.75
1407479359|24.75
1407479379|24.75
1407479400|24.75
1407479420|24.75
1407479440|24.75
1407479460|24.75
1407479480|24.75
1407479500|24.75
1407479520|24.75
1407479540|24.75
1407479560|24.687
1407479581|24.75
1407479601|24.75
1407479621|24.687
1407479641|24.75
1407479661|24.75
1407479681|24.75
1407479701|24.75
1407479721|24.75
1407479741|24.75
1407479762|24.75
1407479782|24.75
1407479802|24.75
1407479822|24.75
1407479842|24.75
1407479862|24.75
1407479882|24.75
1407479903|24.75
1407479923|24.75
1407479943|24.75
1407479963|24.75
1407479983|24.75
1407480003|24.75
1407480023|24.75
1407480043|24.75
1407480063|24.75
1407480083|24.75
1407480103|24.75
1407480123|24.75
1407480143|24.75
1407480164|24.75
1407480184|24.75
1407480204|24.75
1407480224|24.75
1407480244|24.75
1407480264|24.75
1407480284|24.75
1407480304|24.75
1407480324|24.75
1407480344|24.75
1407480364|24.75
1407480385|24.75
1407480405|24.75
1407480425|24.75
1407480445|24.75
1407480465|24.75
1407480486|24.75
1407480506|24.75
1407480526|24.75
1407480546|24.75
1407480566|24.75
1407480586|24.75
1407480606|24.75
1407480626|24.75
1407480646|24.687
1407480666|24.75
1407480686|24.687
1407480706|24.687
1407480727|24.687
1407480747|24.687
1407480767|24.75
1407480787|24.75
1407480807|24.75
1407480827|24.75
1407480847|24.75
1407480867|24.75
1407480887|24.75
1407480907|24.75
1407480927|24.75
1407480947|24.687
1407480967|24.75
1407480988|24.75
1407481008|24.75
1407481028|24.687
1407481048|24.75
1407481068|24.75
1407481089|24.75
1407481109|24.687
1407481129|24.687
1407481149|24.687
1407481170|24.687
1407481190|24.687
1407481210|24.687
1407481230|24.687
1407481250|24.687
1407481270|24.687
1407481290|24.687
1407481310|24.687
1407481330|24.687
1407481351|24.687
1407481371|24.625
1407481391|24.687
1407481411|24.625
1407481431|24.687
1407481451|24.625
1407481471|24.625
1407481491|24.625
1407481511|24.625
1407481531|24.625
1407481551|24.625
1407481571|24.625
1407481591|24.625
1407481612|24.625
1407481632|24.625
1407481652|24.625
1407481672|24.625
1407481692|24.625
1407481712|24.625
1407481732|24.625
1407481753|24.625
1407481773|24.625
1407481793|24.625
1407481813|24.625
1407481833|24.625
1407481853|24.625
1407481873|24.625
1407481893|24.625
1407481913|24.625
1407481933|24.625
1407481954|24.625
1407481974|24.625
1407481994|24.625
1407482015|24.625
1407482035|24.625
1407482055|24.562
1407482075|24.625
1407482095|24.625
1407482115|24.625
1407482135|24.625
1407482155|24.625
1407482175|24.625
1407482196|24.625
1407482216|24.625
1407482236|24.625
1407482256|24.625
1407482276|24.562
1407482296|24.625
1407482316|24.625
1407482336|24.625
1407482356|24.562
1407482376|24.625
1407482397|24.562
1407482417|24.625
1407482437|24.625
1407482457|24.562
1407482477|24.562
1407482497|24.562
1407482517|24.625
1407482538|24.562
1407482558|24.562
1407482578|24.625
1407482598|24.562
1407482618|24.625
1407482638|24.625
1407482658|24.562
1407482678|24.625
1407482698|24.625
1407482718|24.625
1407482738|24.625
1407482758|24.625
1407482779|24.625
1407482799|24.625
1407482820|24.625
1407482840|24.625
1407482860|24.625
1407482880|24.687
1407482900|24.687
1407482920|24.687
1407482940|24.625
1407482960|24.625
1407482980|24.687
1407483001|24.687
1407483021|24.687
1407483041|24.687
1407483061|24.687
1407483081|24.687
1407483101|24.687
1407483121|24.687
1407483142|24.687
1407483162|24.687
1407483182|24.687
1407483202|24.687
1407483222|24.687
1407483242|24.687
1407483262|24.687
1407483282|24.687
1407483302|24.687
1407483322|24.687
1407483342|24.687
1407483363|24.687
1407483383|24.687
1407483403|24.687
1407483423|24.687
1407483443|24.687
1407483463|24.687
1407483483|24.687
1407483503|24.687
1407483523|24.687
1407483543|24.687
1407483563|24.687
1407483583|24.625
1407483604|24.625
1407483624|24.625
1407483644|24.687
1407483664|24.625
1407483684|24.625
1407483704|24.625
1407483724|24.625
1407483745|24.625
1407483765|24.625
1407483785|24.625
1407483805|24.625
1407483825|24.625
1407483845|24.625
1407483865|24.625
1407483885|24.625
1407483905|24.625
1407483925|24.625
1407483945|24.625
1407483966|24.625
1407483986|24.625
1407484006|24.625
1407484026|24.562
1407484046|24.625
1407484066|24.625
1407484086|24.562
1407484106|24.562
1407484126|24.562
1407484146|24.625
1407484166|24.625
1407484186|24.562
1407484207|24.562
1407484227|24.562
1407484247|24.562
1407484267|24.625
1407484287|24.562
1407484307|24.625
1407484327|24.625
1407484348|24.562
1407484368|24.562
1407484388|24.625
1407484408|24.625
1407484428|24.562
1407484448|24.625
1407484468|24.625
1407484488|24.625
1407484508|24.625
1407484528|24.562
1407484549|24.625
1407484569|24.625
1407484589|24.625
1407484609|24.625
1407484629|24.562
1407484649|24.562
1407484669|24.562
1407484689|24.562
1407484709|24.625
1407484729|24.562
1407484749|24.562
1407484769|24.562
1407484789|24.625
1407484810|24.625
1407484830|24.625
1407484850|24.625
1407484870|24.562
1407484890|24.562
1407484910|24.625
1407484930|24.562
1407484951|24.625
1407484971|24.562
1407484991|24.562
1407485011|24.625
1407485031|24.562
1407485051|24.562
1407485071|24.562
1407485091|24.625
1407485112|24.562
1407485132|24.625
1407485152|24.625
1407485172|24.625
1407485192|24.562
1407485212|24.562
1407485232|24.562
1407485252|24.625
1407485272|24.625
1407485292|24.625
1407485312|24.562
1407485332|24.562
1407485352|24.625
1407485373|24.625
1407485393|24.562
1407485413|24.562
1407485433|24.562
1407485453|24.562
1407485473|24.562
1407485493|24.562
1407485513|24.562
1407485533|24.562
1407485554|24.562
1407485574|24.562
1407485594|24.562
1407485615|24.562
1407485635|24.625
1407485655|24.625
1407485675|24.562
1407485695|24.625
1407485715|24.625
1407485735|24.625
1407485755|24.625
1407485775|24.625
1407485795|24.625
1407485815|24.625
1407485836|24.625
1407485856|24.625
1407485876|24.625
1407485896|24.625
1407485916|24.625
1407485936|24.625
1407485956|24.625
1407485977|24.625
1407485997|24.625
1407486017|24.625
1407486037|24.625
1407486057|24.625
1407486077|24.625
1407486097|24.625
1407486117|24.625
1407486137|24.625
1407486157|24.625
1407486177|24.625
1407486198|24.625
1407486218|24.625
1407486238|24.687
1407486258|24.625
1407486278|24.625
1407486299|24.625
1407486319|24.625
1407486339|24.625
1407486359|24.625
1407486379|24.625
1407486399|24.625
1407486419|24.625
1407486439|24.687
1407486460|24.625
1407486480|24.687
1407486500|24.625
1407486520|24.625
1407486540|24.625
1407486560|24.625
1407486580|24.625
1407486600|24.625
1407486620|24.687
1407486640|24.625
1407486660|24.625
1407486680|24.625
1407486700|24.687
1407486721|24.625
1407486741|24.625
1407486761|24.625
1407486781|24.625
1407486801|24.625
1407486821|24.625
1407486841|24.625
1407486861|24.687
1407486881|24.625
1407486902|24.687
1407486922|24.625
1407486942|24.687
1407486962|24.687
1407486982|24.687
1407487002|24.687
1407487022|24.625
1407487043|24.687
1407487063|24.687
1407487083|24.687
1407487103|24.687
1407487123|24.687
1407487143|24.687
1407487163|24.687
1407487183|24.687
1407487203|24.687
1407487223|24.687
1407487243|24.687
1407487263|24.687
1407487284|24.687
1407487304|24.687
1407487324|24.687
1407487344|24.687
1407487364|24.687
1407487384|24.687
1407487404|24.625
1407487424|24.687
1407487444|24.687
1407487464|24.687
1407487485|24.687
1407487505|24.687
1407487525|24.687
1407487545|24.687
1407487566|24.687
1407487586|24.687
1407487606|24.687
1407487626|24.687
1407487646|24.687
1407487666|24.687
1407487686|24.687
1407487706|24.687
1407487726|24.687
1407487746|24.687
1407487766|24.687
1407487787|24.687
1407487807|24.687
1407487827|24.687
1407487847|24.687
1407487867|24.687
1407487887|24.687
1407487907|24.687
1407487927|24.687
1407487947|24.687
1407487967|24.687
1407487987|24.687
1407488007|24.687
1407488028|24.687
1407488048|24.687
1407488068|24.687
1407488088|24.687
1407488108|24.687
1407488128|24.687
1407488148|24.687
1407488168|24.687
1407488189|24.687
1407488209|24.687
1407488229|24.687
1407488249|24.687
1407488269|24.687
1407488289|24.687
1407488309|24.75
1407488329|24.687
1407488349|24.687
1407488370|24.75
1407488390|24.75
1407488410|24.75
1407488430|24.75
1407488450|24.75
1407488470|24.75
1407488490|24.75
1407488510|24.75
1407488530|24.75
1407488550|24.75
1407488570|24.75
1407488590|24.812
1407488611|24.812
1407488631|24.812
1407488651|24.812
1407488671|24.812
1407488691|24.812
1407488711|24.812
1407488731|24.812
1407488751|24.812
1407488771|24.812
1407488792|24.812
1407488812|24.875
1407488832|24.875
1407488852|24.875
1407488872|24.875
1407488892|24.875
1407488912|24.875
1407488932|24.875
1407488953|24.875
1407488973|24.875
1407488993|24.875
1407489013|24.937
1407489033|24.875
1407489053|24.937
1407489073|24.937
1407489093|24.937
1407489113|24.937
1407489133|24.937
1407489153|24.937
1407489173|24.937
1407489194|24.937
1407489214|24.937
1407489234|24.937
1407489254|24.937
1407489274|24.937
1407489294|24.937
1407489314|24.937
1407489334|24.937
1407489354|24.937
1407489374|24.937
1407489395|24.937
1407489415|24.937
1407489435|25.0
1407489455|25.0
1407489475|24.937
1407489495|25.0
1407489516|25.0
1407489536|24.937
1407489556|24.937
1407489576|24.937
1407489596|24.937
1407489617|25.0
1407489637|25.0
1407489657|25.0
1407489677|25.0
1407489697|25.0
1407489717|25.0
1407489737|25.0
1407489757|25.0
1407489777|25.0
1407489797|25.0
1407489817|25.0
1407489837|25.0
1407489858|25.0
1407489878|25.0
1407489898|25.0
1407489918|25.0
1407489938|25.0
1407489958|25.0
1407489978|25.0
1407489998|25.0
1407490018|25.0
1407490038|25.0
1407490058|25.0
1407490078|25.0
1407490099|25.0
1407490119|25.0
1407490139|25.0
1407490159|25.0
1407490179|25.0
1407490200|25.0
1407490220|25.0
1407490240|25.0
1407490260|25.0
1407490280|25.0
1407490300|25.0
1407490320|25.0
1407490340|25.0
1407490360|25.0
1407490380|25.062
1407490400|25.0
1407490420|25.062
1407490441|25.062
1407490461|25.0
1407490481|25.062
1407490501|25.0
1407490521|25.062
1407490541|25.062
1407490561|25.0
1407490581|25.0
1407490601|25.0
1407490621|25.0
1407490641|25.062
1407490661|25.0
1407490681|25.0
1407490702|25.062
1407490722|25.062
1407490742|25.062
1407490762|25.062
1407490782|25.062
1407490803|25.062
1407490823|25.062
1407490843|25.062
1407490863|25.062
1407490883|25.062
1407490903|25.062
1407490923|25.125
1407490943|25.062
1407490963|25.062
1407490983|25.062
1407491003|25.062
1407491023|25.062
1407491044|25.125
1407491064|25.062
1407491084|25.062
1407491104|25.125
1407491124|25.125
1407491144|25.125
1407491164|25.125
1407491184|25.125
1407491204|25.125
1407491224|25.125
1407491244|25.125
1407491265|25.125
1407491285|25.062
1407491305|25.125
1407491325|25.125
1407491345|25.125
1407491365|25.125
1407491385|25.125
1407491406|25.125
1407491426|25.125
1407491446|25.125
1407491466|25.125
1407491486|25.125
1407491506|25.125
1407491527|25.125
1407491547|25.125
1407491567|25.125
1407491587|25.125
1407491607|25.125
1407491627|25.187
1407491647|25.125
1407491667|25.125
1407491687|25.187
1407491707|25.125
1407491727|25.125
1407491748|25.125
1407491768|25.125
1407491788|25.187
1407491808|25.125
1407491828|25.125
1407491848|25.125
1407491868|25.125
1407491888|25.125
1407491908|25.125
1407491928|25.187
1407491949|25.187
1407491969|25.187
1407491989|25.125
1407492009|25.187
1407492029|25.187
1407492049|25.187
1407492069|25.125
1407492090|25.125
1407492110|25.187
1407492130|25.125
1407492150|25.125
1407492170|25.187
1407492190|25.187
1407492210|25.187
1407492230|25.187
1407492250|25.187
1407492271|25.187
1407492291|25.187
1407492311|25.187
1407492331|25.187
1407492351|25.187
1407492371|25.187
1407492391|25.187
1407492411|25.187
1407492431|25.187
1407492451|25.187
1407492471|25.187
1407492491|25.187
1407492512|25.187
1407492532|25.187
1407492552|25.187
1407492572|25.187
1407492592|25.187
1407492612|25.187
1407492632|25.187
1407492652|25.187
1407492672|25.187
1407492693|25.187
1407492713|25.187
1407492733|25.187
1407492753|25.187
1407492773|25.187
1407492793|25.187
1407492813|25.187
1407492833|25.187
1407492853|25.187
1407492874|25.187
1407492894|25.187
1407492914|25.187
1407492934|25.25
1407492954|25.25
1407492974|25.187
1407492994|25.187
1407493015|25.25
1407493036|25.25
1407493056|25.25
1407493076|25.187
1407493096|25.25
1407493116|25.25
1407493136|25.25
1407493156|25.25
1407493176|25.25
1407493196|25.25
1407493216|25.25
1407493236|25.25
1407493256|25.25
1407493276|25.25
1407493297|25.25
1407493317|25.25
1407493337|25.25
1407493357|25.25
1407493377|25.25
1407493397|25.25
1407493418|25.25
1407493438|25.25
1407493458|25.25
1407493478|25.25
1407493498|25.25
1407493518|25.25
1407493538|25.25
1407493558|25.25
1407493578|25.25
1407493598|25.25
1407493618|25.25
1407493639|25.25
1407493659|25.25
1407493679|25.25
1407493699|25.25
1407493719|25.25
1407493739|25.25
1407493759|25.25
1407493779|25.25
1407493799|25.25
1407493819|25.25
1407493840|25.25
1407493860|25.25
1407493880|25.25
1407493900|25.25
1407493920|25.25
1407493940|25.25
1407493960|25.25
1407493980|25.25
1407494000|25.25
1407494021|25.25
1407494041|25.25
1407494061|25.25
1407494081|25.25
1407494101|25.25
1407494121|25.25
1407494141|25.25
1407494162|25.312
1407494182|25.25
1407494202|25.312
1407494222|25.25
1407494242|25.312
1407494262|25.25
1407494282|25.25
1407494302|25.25
1407494322|25.25
1407494342|25.25
1407494362|25.25
1407494382|25.312
1407494402|25.312
1407494423|25.25
1407494443|25.25
1407494463|25.25
1407494483|25.312
1407494503|25.312
1407494523|25.312
1407494543|25.25
1407494563|25.312
1407494583|25.25
1407494604|25.25
1407494624|25.25
1407494645|25.312
1407494665|25.312
1407494685|25.25
1407494705|25.312
1407494726|25.312
1407494746|25.312
1407494766|25.312
1407494786|25.25
1407494806|25.312
1407494826|25.312
1407494846|25.312
1407494866|25.312
1407494886|25.312
1407494906|25.312
1407494927|25.312
1407494947|25.312
1407494967|25.312
1407494987|25.312
1407495007|25.312
1407495027|25.312
1407495047|25.312
1407495067|25.25
1407495087|25.312
1407495107|25.25
1407495127|25.312
1407495147|25.312
1407495167|25.312
1407495188|25.312
1407495208|25.312
1407495228|25.312
1407495248|25.312
1407495268|25.312
1407495288|25.312
1407495308|25.312
1407495329|25.312
1407495349|25.312
1407495369|25.312
1407495389|25.312
1407495409|25.312
1407495430|25.312
1407495450|25.312
1407495470|25.312
1407495490|25.312
1407495510|25.312
1407495530|25.312
1407495550|25.312
1407495570|25.312
1407495590|25.312
1407495610|25.312
1407495630|25.312
1407495650|25.312
1407495670|25.312
1407495691|25.312
1407495711|25.312
1407495731|25.312
1407495751|25.312
1407495771|25.312
1407495791|25.312
1407495811|25.375
1407495831|25.312
1407495851|25.312
1407495871|25.312
1407495892|25.375
1407495912|25.312
1407495932|25.375
1407495952|25.375
1407495972|25.375
1407495992|25.375
1407496012|25.375
1407496033|25.375
1407496053|25.375
1407496073|25.375
1407496093|25.375
1407496113|25.375
1407496133|25.375
1407496153|25.312
1407496173|25.375
1407496193|25.375
1407496213|25.375
1407496233|25.375
1407496253|25.375
1407496273|25.375
1407496294|25.375
1407496314|25.375
1407496334|25.375
1407496354|25.375
1407496374|25.375
1407496394|25.375
1407496414|25.375
1407496434|25.375
1407496454|25.375
1407496474|25.375
1407496495|25.375
1407496515|25.375
1407496535|25.375
1407496555|25.375
1407496575|25.375
1407496595|25.375
1407496616|25.375
1407496636|25.375
1407496656|25.375
1407496676|25.375
1407496696|25.437
1407496716|25.375
1407496736|25.375
1407496756|25.375
1407496776|25.375
1407496796|25.375
1407496816|25.375
1407496836|25.375
1407496856|25.375
1407496877|25.375
1407496897|25.375
1407496917|25.375
1407496937|25.437
1407496957|25.375
1407496977|25.375
1407496997|25.437
1407497017|25.437
1407497037|25.375
1407497057|25.375
1407497077|25.437
1407497098|25.437
1407497118|25.375
1407497138|25.375
1407497158|25.375
1407497178|25.437
1407497198|25.437
1407497219|25.437
1407497239|25.437
1407497259|25.437
1407497279|25.437
1407497299|25.437
1407497319|25.437
1407497339|25.437
1407497359|25.437
1407497379|25.437
1407497399|25.437
1407497419|25.437
1407497439|25.437
1407497459|25.437
1407497480|25.437
1407497500|25.437
1407497520|25.437
1407497540|25.437
1407497560|25.437
1407497580|25.437
1407497600|25.437
1407497620|25.437
1407497640|25.437
1407497660|25.437
1407497680|25.437
1407497701|25.437
1407497721|25.437
1407497741|25.437
1407497761|25.437
1407497781|25.437
1407497802|25.437
1407497822|25.437
1407497842|25.437
1407497862|25.437
1407497882|25.437
1407497902|25.437
1407497922|25.437
1407497942|25.437
1407497962|25.5
1407497982|25.437
1407498002|25.437
1407498022|25.437
1407498043|25.437
1407498063|25.5
1407498084|25.437
1407498104|25.437
1407498124|25.437
1407498144|25.437
1407498164|25.5
1407498184|25.437
1407498204|25.437
1407498224|25.437
1407498244|25.5
1407498264|25.5
1407498284|25.5
1407498304|25.437
1407498324|25.437
1407498345|25.5
1407498365|25.5
1407498385|25.437
1407498405|25.437
1407498425|25.437
1407498445|25.5
1407498465|25.5
1407498486|25.5
1407498506|25.5
1407498526|25.437
1407498546|25.5
1407498566|25.5
1407498586|25.5
1407498606|25.437
1407498626|25.5
1407498646|25.5
1407498666|25.5
1407498687|25.5
1407498707|25.5
1407498727|25.5
1407498747|25.5
1407498767|25.5
1407498787|25.5
1407498807|25.5
1407498827|25.5
1407498847|25.5
1407498867|25.5
1407498887|25.5
1407498907|25.5
1407498927|25.5
1407498948|25.5
1407498968|25.5
1407498988|25.5
1407499008|25.5
1407499028|25.5
1407499048|25.5
1407499068|25.5
1407499089|25.5
1407499109|25.5
1407499129|25.5
1407499149|25.5
1407499169|25.5
1407499190|25.5
1407499210|25.5
1407499230|25.5
1407499250|25.5
1407499270|25.5
1407499290|25.5
1407499310|25.5
1407499330|25.562
1407499350|25.5
1407499371|25.5
1407499391|25.5
1407499411|25.5
1407499431|25.5
1407499451|25.5
1407499471|25.5
1407499491|25.5
1407499511|25.5
1407499531|25.5
1407499551|25.5
1407499571|25.5
1407499591|25.5
1407499611|25.5
1407499632|25.5
1407499652|25.5
1407499672|25.5
1407499692|25.562
1407499712|25.562
1407499732|25.5
1407499753|25.5
1407499773|25.562
1407499793|25.5
1407499813|25.562
1407499833|25.562
1407499853|25.562
1407499873|25.5
1407499893|25.562
1407499913|25.5
1407499933|25.5
1407499953|25.562
1407499974|25.562
1407499994|25.562
1407500014|25.562
1407500034|25.562
1407500054|25.562
1407500074|25.562
1407500094|25.562
1407500114|25.562
1407500134|25.5
1407500154|25.562
1407500174|25.562
1407500194|25.562
1407500215|25.562
1407500235|25.562
1407500255|25.562
1407500275|25.562
1407500296|25.562
1407500316|25.562
1407500336|25.562
1407500356|25.562
1407500376|25.562
1407500396|25.562
1407500417|25.562
1407500437|25.562
1407500457|25.562
1407500477|25.562
1407500497|25.562
1407500517|25.562
1407500537|25.562
1407500557|25.562
1407500577|25.562
1407500597|25.562
1407500618|25.562
1407500638|25.562
1407500658|25.562
1407500678|25.562
1407500698|25.562
1407500718|25.562
1407500738|25.562
1407500758|25.562
1407500778|25.562
1407500798|25.562
1407500818|25.625
1407500838|25.562
1407500858|25.562
1407500879|25.562
1407500899|25.562
1407500919|25.625
1407500939|25.562
1407500959|25.625
1407500979|25.625
1407501000|25.625
1407501020|25.625
1407501040|25.625
1407501060|25.562
1407501081|25.625
1407501101|25.625
1407501121|25.625
1407501141|25.562
1407501161|25.625
1407501181|25.625
1407501201|25.625
1407501221|25.625
1407501241|25.625
1407501261|25.625
1407501281|25.625
1407501301|25.625
1407501322|25.625
1407501342|25.625
1407501362|25.625
1407501382|25.625
1407501402|25.625
1407501422|25.625
1407501442|25.625
1407501462|25.625
1407501482|25.625
1407501502|25.625
1407501522|25.625
1407501542|25.625
1407501563|25.625
1407501583|25.625
1407501603|25.625
1407501623|25.625
1407501643|25.625
1407501664|25.625
1407501684|25.625
1407501704|25.687
1407501724|25.687
1407501744|25.625
1407501764|25.625
1407501784|25.625
1407501804|25.625
1407501824|25.687
1407501844|25.625
1407501865|25.687
1407501885|25.687
1407501905|25.625
1407501925|25.625
1407501945|25.625
1407501965|25.625
1407501985|25.625
1407502005|25.687
1407502025|25.687
1407502045|25.625
1407502065|25.687
1407502085|25.687
1407502105|25.687
1407502126|25.625
1407502146|25.687
1407502166|25.625
1407502186|25.625
1407502206|25.687
1407502226|25.687
1407502246|25.687
1407502267|25.687
1407502287|25.625
1407502307|25.687
1407502327|25.687
1407502347|25.687
1407502367|25.687
1407502387|25.687
1407502407|25.687
1407502427|25.687
1407502447|25.687
1407502468|25.687
1407502488|25.687
1407502508|25.687
1407502528|25.687
1407502548|25.687
1407502568|25.687
1407502588|25.687
1407502608|25.687
1407502628|25.687
1407502648|25.687
1407502668|25.687
1407502688|25.687
1407502708|25.687
1407502729|25.687
1407502749|25.687
1407502769|25.687
1407502789|25.687
1407502809|25.687
1407502829|25.687
1407502849|25.687
1407502870|25.687
1407502890|25.687
1407502910|25.687
1407502930|25.687
1407502950|25.75
1407502970|25.687
1407502990|25.687
1407503010|25.687
1407503030|25.687
1407503050|25.687
1407503070|25.687
1407503091|25.687
1407503111|25.687
1407503131|25.687
1407503151|25.687
1407503171|25.687
1407503191|25.75
1407503211|25.75
1407503231|25.687
1407503251|25.75
1407503271|25.75
1407503291|25.687
1407503311|25.687
1407503332|25.687
1407503352|25.687
1407503372|25.687
1407503392|25.687
1407503412|25.75
1407503432|25.687
1407503452|25.75
1407503473|25.75
1407503493|25.687
1407503513|25.75
1407503533|25.687
1407503553|25.75
1407503573|25.687
1407503593|25.687
1407503613|25.75
1407503633|25.75
1407503653|25.75
1407503674|25.75
1407503694|25.75
1407503714|25.75
1407503734|25.75
1407503754|25.75
1407503775|25.75
1407503795|25.75
1407503815|25.75
1407503835|25.75
1407503855|25.75
1407503875|25.75
1407503895|25.75
1407503915|25.75
1407503935|25.75
1407503956|25.75
1407503976|25.75
1407503996|25.75
1407504017|25.75
1407504037|25.75
1407504057|25.75
1407504077|25.75
1407504097|25.75
1407504117|25.75
1407504137|25.75
1407504157|25.75
1407504177|25.75
1407504198|25.75
1407504218|25.75
1407504238|25.75
1407504258|25.75
1407504278|25.75
1407504299|25.75
1407504319|25.75
1407504340|25.75
1407504360|25.75
1407504380|25.75
1407504400|25.75
1407504420|25.75
1407504440|25.75
1407504460|25.75
1407504480|25.75
1407504500|25.812
1407504521|25.75
1407504541|25.75
1407504561|25.75
1407504581|25.75
1407504601|25.812
1407504621|25.75
1407504641|25.812
1407504661|25.812
1407504681|25.75
1407504701|25.812
1407504721|25.812
1407504741|25.812
1407504761|25.812
1407504782|25.75
1407504802|25.75
1407504822|25.812
1407504842|25.812
1407504862|25.75
1407504882|25.812
1407504902|25.812
1407504922|25.812
1407504943|25.812
1407504963|25.812
1407504983|25.812
1407505003|25.75
1407505023|25.812
1407505043|25.812
1407505063|25.812
1407505083|25.812
1407505104|25.812
1407505124|25.812
1407505144|25.812
1407505164|25.812
1407505184|25.812
1407505204|25.812
1407505224|25.812
1407505244|25.812
1407505264|25.812
1407505284|25.812
1407505304|25.812
1407505324|25.812
1407505344|25.812
1407505365|25.812
1407505385|25.812
1407505405|25.812
1407505425|25.812
1407505445|25.812
1407505465|25.812
1407505485|25.812
1407505505|25.812
1407505525|25.812
1407505546|25.812
1407505566|25.812
1407505586|25.812
1407505606|25.812
1407505626|25.812
1407505646|25.812
1407505666|25.812
1407505687|25.812
1407505707|25.812
1407505727|25.875
1407505747|25.812
1407505767|25.812
1407505787|25.812
1407505807|25.812
1407505827|25.812
1407505847|25.875
1407505867|25.875
1407505887|25.812
1407505907|25.812
1407505928|25.812
1407505948|25.875
1407505968|25.875
1407505988|25.875
1407506008|25.875
1407506028|25.875
1407506048|25.875
1407506068|25.812
1407506088|25.875
1407506108|25.875
1407506129|25.875
1407506149|25.875
1407506169|25.875
1407506189|25.875
1407506209|25.875
1407506229|25.812
1407506250|25.875
1407506270|25.875
1407506290|25.875
1407506310|25.875
1407506330|25.875
1407506350|25.875
1407506370|25.875
1407506390|25.875
1407506410|25.875
1407506430|25.875
1407506450|25.875
1407506470|25.875
1407506490|25.875
1407506511|25.875
1407506531|25.875
1407506551|25.875
1407506571|25.875
1407506591|25.875
1407506611|25.875
1407506631|25.875
1407506651|25.875
1407506671|25.875
1407506691|25.875
1407506711|25.875
1407506731|25.875
1407506752|25.875
1407506772|25.875
1407506792|25.875
1407506812|25.937
1407506832|25.875
1407506853|25.875
1407506873|25.937
1407506893|25.875
1407506913|25.937
1407506933|25.937
1407506953|25.937
1407506973|25.937
1407506993|25.937
1407507013|25.937
1407507033|25.937
1407507053|25.875
1407507073|25.937
1407507094|25.937
1407507114|25.937
1407507134|25.937
1407507154|25.937
1407507174|25.937
1407507194|25.937
1407507214|25.937
1407507235|25.937
1407507255|25.937
1407507275|25.937
1407507295|25.937
1407507315|25.937
1407507335|25.937
1407507355|25.937
1407507375|25.937
1407507395|25.937
1407507415|25.937
1407507436|25.937
1407507456|25.937
1407507476|25.937
1407507496|25.937
1407507517|25.937
1407507537|25.937
1407507557|25.937
1407507577|25.937
1407507597|25.937
1407507617|25.937
1407507637|25.937
1407507657|25.937
1407507677|26.0
1407507697|26.0
1407507717|26.0
1407507737|25.937
1407507757|25.937
1407507778|25.937
1407507798|25.937
1407507818|25.937
1407507838|26.0
1407507858|26.0
1407507878|26.0
1407507898|26.0
1407507918|26.0
1407507938|26.0
1407507958|26.0
1407507978|26.0
1407507998|25.937
1407508018|25.937
1407508039|25.937
1407508059|26.0
1407508079|26.0
1407508099|26.0
1407508119|26.0
1407508140|26.0
1407508160|26.0
1407508180|26.0
1407508200|26.0
1407508220|26.0
1407508240|26.0
1407508260|26.0
1407508280|26.0
1407508300|26.0
1407508320|26.0
1407508340|26.0
1407508361|26.0
1407508381|26.0
1407508401|26.0
1407508421|26.0
1407508441|26.0
1407508461|26.0
1407508481|26.0
1407508501|26.062
1407508521|26.0
1407508541|26.062
1407508561|26.0
1407508581|26.0
1407508601|26.0
1407508622|26.0
1407508642|26.062
1407508662|26.0
1407508682|26.0
1407508702|26.062
1407508722|26.0
1407508743|26.062
1407508763|26.062
1407508783|26.062
1407508803|26.062
1407508823|26.062
1407508843|26.062
1407508863|26.062
1407508883|26.062
1407508903|26.062
1407508923|26.062
1407508943|26.062
1407508963|26.062
1407508984|26.062
1407509004|26.062
1407509024|26.062
1407509044|26.062
1407509064|26.062
1407509084|26.062
1407509104|26.062
1407509124|26.062
1407509144|26.062
1407509164|26.062
1407509184|26.062
1407509204|26.062
1407509225|26.062
1407509245|26.062
1407509265|26.062
1407509285|26.062
1407509305|26.062
1407509325|26.062
1407509346|26.062
1407509366|26.062
1407509386|26.062
1407509406|26.062
1407509426|26.062
1407509446|26.062
1407509466|26.062
1407509486|26.062
1407509506|26.062
1407509526|26.062
1407509546|26.062
1407509566|26.062
1407509587|26.062
1407509607|26.062
1407509627|26.0
1407509647|26.0
1407509667|26.0
1407509687|26.062
1407509707|26.0
1407509727|26.0
1407509747|26.0
1407509767|26.0
1407509787|26.0
1407509807|26.062
1407509827|26.0
1407509848|26.0
1407509868|26.0
1407509888|26.0
1407509908|25.937
1407509928|26.0
1407509949|25.937
1407509969|25.937
1407509989|25.937
1407510009|25.937
1407510029|25.937
1407510049|25.937
1407510069|25.937
1407510089|25.937
1407510109|25.875
1407510130|25.875
1407510150|25.875
1407510170|25.875
1407510190|25.875
1407510210|25.875
1407510230|25.875
1407510250|25.875
1407510270|25.875
1407510290|25.875
1407510310|25.875
1407510331|25.875
1407510351|25.875
1407510371|25.875
1407510391|25.875
1407510411|25.875
1407510431|25.875
1407510451|25.812
1407510471|25.875
1407510491|25.875
1407510511|25.875
1407510533|25.875
1407510553|25.812
1407510573|25.812
1407510593|25.875
1407510613|25.812
1407510633|25.812
1407510653|25.812
1407510673|25.875
1407510694|25.812
1407510714|25.875
1407510734|25.812
1407510754|25.812
1407510774|25.875
1407510794|25.812
1407510815|25.812
1407510835|25.812
1407510855|25.812
1407510875|25.812
1407510895|25.812
1407510915|25.812
1407510935|25.875
1407510955|25.812
1407510975|25.812
1407510995|25.812
1407511015|25.812
1407511035|25.812
1407511055|25.812
1407511076|25.812
1407511096|25.812
1407511116|25.875
1407511136|25.812
1407511156|25.812
1407511176|25.875
1407511196|25.875
1407511216|25.812
1407511236|25.812
1407511256|25.812
1407511277|25.812
1407511297|25.812
1407511317|25.875
1407511337|25.812
1407511357|25.812
1407511377|25.875
1407511398|25.812
1407511418|25.875
1407511438|25.812
1407511458|25.812
1407511478|25.875
1407511498|25.875
1407511518|25.875
1407511538|25.875
1407511558|25.812
1407511578|25.875
1407511598|25.875
1407511618|25.875
1407511638|25.875
1407511659|25.875
1407511679|25.875
1407511699|25.875
1407511719|25.875
1407511739|25.875
1407511759|25.875
1407511779|25.875
1407511799|25.937
1407511819|25.875
1407511839|25.875
1407511859|25.875
1407511879|25.875
1407511900|25.875
1407511920|25.875
1407511940|25.937
1407511960|25.875
1407511981|25.937
1407512001|25.875
1407512021|25.875
1407512041|25.937
1407512061|25.875
1407512081|25.937
1407512101|25.937
1407512121|25.937
1407512141|25.937
1407512161|25.937
1407512181|25.937
1407512202|25.937
1407512222|25.937
1407512242|25.937
1407512262|25.937
1407512282|25.937
1407512302|25.937
1407512322|25.937
1407512342|25.937
1407512362|25.937
1407512382|25.937
1407512402|25.937
1407512422|26.0
1407512442|25.937
1407512463|25.937
1407512483|25.937
1407512503|25.937
1407512523|25.937
1407512543|25.937
1407512563|25.937
1407512583|25.937
1407512604|25.937
1407512624|25.937
1407512644|25.937
1407512664|25.937
1407512684|25.937
1407512704|25.937
1407512724|25.937
1407512744|25.937
1407512764|26.0
1407512784|25.937
1407512804|26.0
1407512825|26.0
1407512845|25.937
1407512865|26.0
1407512885|26.0
1407512905|26.0
1407512925|26.0
1407512945|25.937
1407512965|26.0
1407512985|25.937
1407513005|26.0
1407513025|26.0
1407513046|26.0
1407513066|26.0
1407513086|26.0
1407513106|26.0
1407513126|26.0
1407513146|26.0
1407513166|26.0
1407513187|26.0
1407513207|26.0
1407513227|26.0
1407513247|26.0
1407513267|26.0
1407513287|26.0
1407513307|26.0
1407513327|26.0
1407513348|26.0
1407513368|26.0
1407513388|26.0
1407513408|26.0
1407513428|26.0
1407513448|26.0
1407513468|26.0
1407513488|26.0
1407513508|26.0
1407513528|26.0
1407513548|26.0
1407513568|25.937
1407513588|26.0
1407513609|25.937
1407513629|25.937
1407513649|25.937
1407513669|25.937
1407513689|25.937
1407513709|25.937
1407513729|25.937
1407513749|25.937
1407513769|25.937
1407513789|25.937
1407513810|25.937
1407513830|25.937
1407513850|25.937
1407513870|25.937
1407513890|25.937
1407513910|25.937
1407513930|25.937
1407513951|25.937
1407513971|25.937
1407513991|25.937
1407514011|25.937
1407514031|25.937
1407514051|25.937
1407514071|25.937
1407514091|25.937
1407514111|25.937
1407514131|25.937
1407514151|25.937
1407514171|25.937
1407514192|25.937
1407514212|25.937
1407514232|25.937
1407514252|25.937
1407514272|25.937
1407514292|25.937
1407514312|25.937
1407514332|25.937
1407514352|25.937
1407514372|25.937
1407514392|25.937
1407514413|25.937
1407514433|25.937
1407514453|25.937
1407514473|25.937
1407514493|25.937
1407514513|25.937
1407514533|26.0
1407514554|26.0
1407514574|26.0
1407514594|25.937
1407514614|25.937
1407514634|25.937
1407514654|25.937
1407514674|26.0
1407514694|25.937
1407514714|25.937
1407514734|26.0
1407514754|25.937
1407514774|26.0
1407514794|26.0
1407514815|26.0
1407514835|26.0
1407514855|26.0
1407514875|26.0
1407514895|26.0
1407514915|26.0
1407514935|26.062
1407514955|26.062
1407514976|26.062
1407514996|26.062
1407515016|26.062
1407515036|26.062
1407515056|26.062
1407515076|26.062
1407515097|26.125
1407515117|26.062
1407515137|26.125
1407515157|26.062
1407515177|26.125
1407515197|26.125
1407515217|26.125
1407515237|26.125
1407515257|26.125
1407515277|26.125
1407515297|26.125
1407515317|26.125
1407515337|26.125
1407515358|26.125
1407515378|26.187
1407515398|26.125
1407515418|26.187
1407515438|26.125
1407515458|26.125
1407515478|26.125
1407515498|26.125
1407515518|26.187
1407515538|26.187
1407515558|26.125
1407515579|26.187
1407515599|26.125
1407515619|26.187
1407515639|26.125
1407515659|26.187
1407515679|26.187
1407515700|26.187
1407515720|26.187
1407515740|26.187
1407515760|26.187
1407515780|26.187
1407515800|26.187
1407515820|26.187
1407515840|26.125
1407515860|26.187
1407515880|26.125
1407515900|26.187
1407515920|26.187
1407515940|26.187
1407515961|26.125
1407515981|26.125
1407516001|26.125
1407516021|26.125
1407516041|26.125
1407516061|26.125
1407516081|26.062
1407516101|26.125
1407516121|26.125
1407516141|26.125
1407516161|26.125
1407516181|26.062
1407516202|26.125
1407516222|26.125
1407516242|26.125
1407516262|26.062
1407516282|26.062
1407516303|26.062
1407516323|26.062
1407516343|26.062
1407516363|26.062
1407516383|26.062
1407516403|26.062
1407516423|26.062
1407516443|26.062
1407516463|26.062
1407516483|26.062
1407516503|26.062
1407516523|26.062
1407516544|26.062
1407516564|26.062
1407516584|26.062
1407516605|26.062
1407516625|26.062
1407516645|26.062
1407516665|26.062
1407516685|26.062
1407516705|26.062
1407516725|26.062
1407516745|26.062
1407516765|26.062
1407516785|26.062
1407516806|26.062
1407516826|26.062
1407516846|26.062
1407516866|26.062
1407516886|26.062
1407516906|26.062
1407516926|26.062
1407516947|26.062
1407516967|26.062
1407516987|26.0
1407517007|26.062
1407517027|26.062
1407517047|26.062
1407517067|26.062
1407517087|26.062
1407517107|26.062
1407517128|26.062
1407517148|26.062
1407517168|26.062
1407517188|26.062
1407517208|26.062
1407517228|26.062
1407517248|26.062
1407517268|26.062
1407517288|26.062
1407517308|26.062
1407517328|26.062
1407517348|26.062
1407517368|26.062
1407517389|26.062
1407517410|26.062
1407517430|26.062
1407517450|26.062
1407517470|26.062
1407517490|26.062
1407517510|26.062
1407517530|26.062
1407517550|26.062
1407517570|26.062
1407517591|26.062
1407517611|26.062
1407517631|26.062
1407517651|26.062
1407517671|26.062
1407517692|26.062
1407517712|26.062
1407517732|26.062
1407517752|26.062
1407517772|26.062
1407517792|26.062
1407517812|26.062
1407517832|26.062
1407517852|26.062
1407517872|26.062
1407517892|26.062
1407517912|26.062
1407517933|26.062
1407517953|26.062
1407517973|26.062
1407517993|26.062
1407518013|26.062
1407518033|26.062
1407518053|26.062
1407518073|26.062
1407518093|26.062
1407518113|26.062
1407518133|26.062
1407518153|26.062
1407518173|26.062
1407518194|26.062
1407518214|26.062
1407518234|26.062
1407518256|26.062
1407518276|26.062
1407518296|26.062
1407518316|26.062
1407518336|26.062
1407518357|26.062
1407518377|26.062
1407518397|26.062
1407518419|26.062
1407518439|26.062
1407518459|26.062
1407518479|26.062
1407518499|26.062
1407518519|26.062
1407518539|26.062
1407518559|26.062
1407518579|26.062
1407518600|26.062
1407518620|26.062
1407518640|26.062
1407518660|26.062
1407518680|26.062
1407518700|26.062
1407518720|26.062
1407518740|26.062
1407518760|26.062
1407518780|26.062
1407518800|26.062
1407518820|26.062
1407518840|26.062
1407518861|26.062
1407518881|26.062
1407518901|26.062
1407518921|26.062
1407518941|26.062
1407518961|26.062
1407518981|26.062
1407519002|26.062
1407519022|26.062
1407519042|26.062
1407519062|26.062
1407519082|26.062
1407519102|26.062
1407519122|26.062
1407519142|26.062
1407519162|26.062
1407519182|26.062
1407519203|26.062
1407519223|26.062
1407519243|26.062
1407519263|26.062
1407519283|26.062
1407519303|26.062
1407519323|26.062
1407519343|26.062
1407519363|26.0
1407519383|26.0
1407519403|26.062
1407519423|26.0
1407519443|26.0
1407519464|26.0
1407519484|26.0
1407519504|26.0
1407519524|26.0
1407519544|26.0
1407519564|26.0
1407519584|26.0
1407519605|26.0
1407519625|26.0
1407519645|26.0
1407519665|26.0
1407519685|26.0
1407519705|26.0
1407519725|26.0
1407519745|26.0
1407519765|26.0
1407519786|26.0
1407519806|26.0
1407519826|26.0
1407519846|26.0
1407519866|26.0
1407519886|26.0
1407519906|26.0
1407519926|26.0
1407519946|26.0
1407519966|26.0
1407519986|26.0
1407520006|26.0
1407520026|26.0
1407520047|26.0
1407520067|26.0
1407520087|26.0
1407520107|26.0
1407520127|26.0
1407520147|26.0
1407520167|26.0
1407520187|25.937
1407520207|26.0
1407520228|26.0
1407520248|26.0
1407520268|25.937
1407520288|26.0
1407520308|25.937
1407520328|25.937
1407520348|25.937
1407520368|25.937
1407520389|26.0
1407520409|26.0
1407520429|25.937
1407520449|25.937
1407520469|25.937
1407520489|25.937
1407520509|25.937
1407520529|25.937
1407520549|25.937
1407520569|25.937
1407520589|25.937
1407520609|25.937
1407520629|25.937
1407520650|25.937
1407520670|25.937
1407520690|25.937
1407520710|25.937
1407520730|25.937
1407520750|25.937
1407520770|25.937
1407520790|25.937
1407520810|25.937
1407520831|25.937
1407520851|25.875
1407520871|25.937
1407520891|25.937
1407520911|25.937
1407520931|25.937
1407520951|25.937
1407520972|25.937
1407520992|25.937
1407521012|25.937
1407521032|25.937
1407521052|25.937
1407521072|25.937
1407521092|25.937
1407521112|25.937
1407521132|25.937
1407521152|25.937
1407521172|25.937
1407521192|25.875
1407521212|25.875
1407521233|25.875
1407521253|25.937
1407521273|25.937
1407521293|25.875
1407521313|25.875
1407521333|25.875
1407521353|25.875
1407521373|25.937
1407521393|25.875
1407521413|25.875
1407521434|25.875
1407521454|25.875
1407521474|25.875
1407521494|25.875
1407521514|25.875
1407521534|25.875
1407521555|25.875
1407521575|25.875
1407521595|25.875
1407521615|25.875
1407521635|25.875
1407521655|25.875
1407521675|25.812
1407521695|25.875
1407521715|25.875
1407521735|25.875
1407521755|25.875
1407521775|25.875
1407521795|25.875
1407521816|25.875
1407521836|25.875
1407521856|25.875
1407521876|25.875
1407521896|25.812
1407521916|25.812
1407521936|25.875
1407521956|25.875
1407521976|25.875
1407521996|25.875
1407522017|25.812
1407522038|25.812
1407522058|25.812
1407522078|25.812
1407522098|25.875
1407522118|25.812
1407522139|25.812
1407522159|25.875
1407522179|25.875
1407522199|25.812
1407522219|25.875
1407522239|25.875
1407522259|25.875
1407522279|25.875
1407522299|25.875
1407522320|25.875
1407522340|25.812
1407522360|25.812
1407522380|25.812
1407522400|25.812
1407522420|25.812
1407522440|25.812
1407522460|25.812
1407522480|25.812
1407522500|25.812
1407522520|25.812
1407522540|25.812
1407522560|25.812
1407522581|25.812
1407522601|25.812
1407522621|25.812
1407522641|25.812
1407522661|25.812
1407522681|25.812
1407522701|25.812
1407522722|25.812
1407522742|25.812
1407522762|25.812
1407522782|25.812
1407522802|25.812
1407522822|25.812
1407522842|25.812
1407522862|25.812
1407522882|25.812
1407522903|25.812
1407522923|25.812
1407522943|25.812
1407522963|25.812
1407522983|25.812
1407523003|25.812
1407523023|25.812
1407523043|25.812
1407523063|25.812
1407523083|25.75
1407523103|25.812
1407523123|25.75
1407523144|25.75
1407523164|25.75
1407523184|25.75
1407523204|25.75
1407523224|25.75
1407523244|25.812
1407523264|25.75
1407523284|25.812
1407523304|25.75
1407523325|25.75
1407523345|25.75
1407523365|25.75
1407523385|25.812
1407523405|25.75
1407523425|25.75
1407523446|25.75
1407523466|25.75
1407523486|25.75
1407523506|25.75
1407523526|25.75
1407523546|25.75
1407523566|25.75
1407523586|25.75
1407523606|25.75
1407523626|25.75
1407523646|25.75
1407523666|25.75
1407523686|25.75
1407523707|25.75
1407523727|25.687
1407523747|25.75
1407523767|25.75
1407523787|25.75
1407523807|25.75
1407523827|25.75
1407523847|25.687
1407523867|25.687
1407523887|25.687
1407523907|25.75
1407523928|25.687
1407523948|25.687
1407523968|25.687
1407523988|25.687
1407524008|25.687
1407524028|25.687
1407524049|25.687
1407524069|25.687
1407524089|25.687
1407524109|25.687
1407524129|25.687
1407524149|25.687
1407524169|25.687
1407524189|25.687
1407524209|25.687
1407524229|25.687
1407524249|25.687
1407524269|25.687
1407524289|25.687
1407524310|25.687
1407524330|25.687
1407524350|25.687
1407524370|25.687
1407524390|25.687
1407524410|25.687
1407524430|25.687
1407524450|25.687
1407524470|25.625
1407524490|25.625
1407524510|25.625
1407524530|25.625
1407524551|25.625
1407524571|25.625
1407524591|25.625
1407524611|25.625
1407524631|25.625
1407524652|25.562
1407524672|25.562
1407524692|25.562
1407524712|25.562
1407524732|25.562
1407524752|25.562
1407524772|25.562
1407524792|25.562
1407524812|25.562
1407524832|25.562
1407524852|25.562
1407524872|25.562
1407524892|25.562
1407524913|25.562
1407524933|25.562
1407524953|25.625
1407524973|25.625
1407524993|25.625
1407525013|25.625
1407525033|25.625
1407525053|25.625
1407525073|25.625
1407525093|25.625
1407525113|25.625
1407525133|25.562
1407525154|25.625
1407525174|25.625
1407525194|25.625
1407525214|25.625
1407525234|25.562
1407525255|25.562
1407525275|25.625
1407525295|25.625
1407525315|25.562
1407525335|25.562
1407525355|25.625
1407525375|25.625
1407525395|25.562
1407525415|25.562
1407525436|25.562
1407525456|25.562
1407525476|25.562
1407525496|25.562
1407525516|25.562
1407525536|25.562
1407525556|25.562
1407525576|25.562
1407525596|25.562
1407525616|25.562
1407525636|25.562
1407525656|25.562
1407525676|25.5
1407525697|25.562
1407525717|25.5
1407525737|25.5
1407525757|25.5
1407525777|25.5
1407525797|25.5
1407525817|25.5
1407525838|25.5
1407525858|25.5
1407525878|25.5
1407525898|25.5
1407525918|25.5
1407525938|25.5
1407525958|25.5
1407525978|25.5
1407525998|25.5
1407526018|25.5
1407526039|25.5
1407526059|25.5
1407526079|25.5
1407526099|25.5
1407526119|25.5
1407526139|25.5
1407526159|25.5
1407526179|25.5
1407526200|25.5
1407526220|25.5
1407526240|25.5
1407526260|25.5
1407526280|25.5
1407526300|25.5
1407526320|25.5
1407526340|25.562
1407526360|25.5
1407526380|25.5
1407526400|25.5
1407526421|25.562
1407526441|25.5
1407526461|25.5
1407526481|25.562
1407526502|25.5
1407526522|25.5
1407526542|25.562
1407526562|25.5
1407526582|25.562
1407526602|25.5
1407526622|25.5
1407526642|25.5
1407526662|25.5
1407526682|25.5
1407526702|25.437
1407526722|25.437
1407526742|25.437
1407526763|25.437
1407526783|25.5
1407526803|25.437
1407526823|25.5
1407526843|25.5
1407526863|25.5
1407526883|25.5
1407526903|25.5
1407526923|25.5
1407526943|25.5
1407526963|25.5
1407526983|25.5
1407527003|25.5
1407527024|25.5
1407527044|25.5
1407527065|25.5
1407527085|25.5
1407527105|25.5
1407527125|25.5
1407527146|25.5
1407527166|25.5
1407527186|25.562
1407527206|25.562
1407527226|25.562
1407527246|25.5
1407527266|25.562
1407527286|25.562
1407527306|25.562
1407527326|25.562
1407527347|25.562
1407527367|25.562
1407527387|25.562
1407527407|25.562
1407527427|25.562
1407527447|25.562
1407527467|25.562
1407527487|25.562
1407527507|25.562
1407527527|25.562
1407527547|25.562
1407527568|25.562
1407527588|25.562
1407527608|25.562
1407527628|25.562
1407527648|25.562
1407527668|25.562
1407527688|25.562
1407527708|25.562
1407527729|25.562
1407527749|25.562
1407527769|25.562
1407527789|25.562
1407527809|25.562
1407527829|25.562
1407527849|25.562
1407527869|25.562
1407527890|25.562
1407527910|25.562
1407527930|25.562
1407527950|25.625
1407527970|25.562
1407527990|25.562
1407528010|25.562
1407528030|25.625
1407528050|25.562
1407528072|25.562
1407528092|25.562
1407528112|25.625
1407528132|25.625
1407528152|25.562
1407528172|25.562
1407528192|25.562
1407528212|25.562
1407528232|25.625
1407528252|25.625
1407528272|25.562
1407528293|25.625
1407528313|25.625
1407528333|25.562
1407528353|25.562
1407528373|25.562
1407528393|25.625
1407528413|25.562
1407528433|25.625
1407528453|25.625
1407528474|25.625
1407528494|25.625
1407528514|25.625
1407528534|25.625
1407528554|25.625
1407528574|25.625
1407528594|25.625
1407528614|25.625
1407528635|25.625
1407528655|25.625
1407528675|25.625
1407528695|25.625
1407528715|25.625
1407528735|25.625
1407528755|25.625
1407528775|25.625
1407528795|25.625
1407528815|25.625
1407528836|25.625
1407528856|25.625
1407528876|25.625
1407528896|25.625
1407528916|25.625
1407528936|25.625
1407528956|25.625
1407528976|25.625
1407528996|25.625
1407529017|25.625
1407529037|25.625
1407529057|25.625
1407529077|25.625
1407529098|25.625
1407529118|25.625
1407529138|25.625
1407529158|25.625
1407529178|25.687
1407529198|25.625
1407529218|25.625
1407529238|25.625
1407529258|25.687
1407529279|25.625
1407529299|25.687
1407529319|25.687
1407529339|25.687
1407529359|25.625
1407529380|25.687
1407529400|25.625
1407529420|25.625
1407529440|25.625
1407529461|25.687
1407529481|25.687
1407529501|25.625
1407529521|25.625
1407529541|25.687
1407529561|25.687
1407529581|25.625
1407529601|25.687
1407529621|25.687
1407529641|25.687
1407529661|25.687
1407529681|25.687
1407529702|25.687
1407529722|25.687
1407529742|25.687
1407529762|25.625
1407529783|25.687
1407529803|25.687
1407529823|25.687
1407529843|25.687
1407529863|25.687
1407529883|25.687
1407529903|25.687
1407529923|25.687
1407529943|25.687
1407529963|25.687
1407529983|25.687
1407530003|25.687
1407530024|25.687
1407530044|25.687
1407530064|25.687
1407530084|25.687
1407530104|25.687
1407530124|25.687
1407530144|25.687
1407530164|25.687
1407530184|25.687
1407530204|25.687
1407530224|25.687
1407530244|25.687
1407530265|25.687
1407530285|25.687
1407530305|25.687
1407530325|25.687
1407530345|25.687
1407530365|25.687
1407530386|25.687
1407530406|25.687
1407530426|25.687
1407530446|25.687
1407530466|25.687
1407530486|25.687
1407530506|25.687
1407530526|25.687
1407530546|25.687
1407530566|25.687
1407530587|25.687
1407530607|25.625
1407530627|25.687
1407530647|25.625
1407530667|25.687
1407530687|25.687
1407530707|25.625
1407530727|25.625
1407530747|25.687
1407530767|25.625
1407530787|25.625
1407530807|25.625
1407530828|25.625
1407530848|25.625
1407530868|25.625
1407530888|25.625
1407530908|25.625
1407530928|25.625
1407530948|25.625
1407530969|25.625
1407530989|25.625
1407531010|25.625
1407531030|25.625
1407531050|25.625
1407531070|25.625
1407531090|25.625
1407531110|25.625
1407531130|25.625
1407531150|25.625
1407531170|25.625
1407531190|25.625
1407531210|25.625
1407531230|25.625
1407531251|25.625
1407531271|25.625
1407531291|25.625
1407531311|25.625
1407531331|25.625
1407531351|25.625
1407531371|25.625
1407531391|25.625
1407531411|25.625
1407531431|25.625
1407531451|25.625
1407531471|25.625
1407531492|25.687
1407531512|25.625
1407531532|25.625
1407531552|25.625
1407531572|25.625
1407531592|25.625
1407531613|25.625
1407531633|25.625
1407531653|25.625
1407531673|25.625
1407531693|25.625
1407531713|25.625
1407531733|25.625
1407531753|25.625
1407531773|25.687
1407531793|25.625
1407531814|25.625
1407531834|25.625
1407531854|25.625
1407531874|25.625
1407531894|25.625
1407531914|25.687
1407531934|25.625
1407531954|25.687
1407531974|25.687
1407531994|25.687
1407532014|25.687
1407532034|25.687
1407532054|25.625
1407532075|25.625
1407532095|25.687
1407532115|25.625
1407532135|25.687
1407532155|25.687
1407532175|25.625
1407532196|25.625
1407532216|25.687
1407532236|25.625
1407532256|25.625
1407532276|25.687
1407532296|25.687
1407532316|25.687
1407532336|25.687
1407532357|25.687
1407532377|25.687
1407532397|25.687
1407532417|25.687
1407532437|25.687
1407532457|25.625
1407532477|25.687
1407532497|25.687
1407532517|25.687
1407532537|25.625
1407532557|25.625
1407532577|25.625
1407532598|25.625
1407532618|25.687
1407532638|25.687
1407532658|25.687
1407532678|25.687
1407532698|25.687
1407532718|25.687
1407532739|25.687
1407532759|25.625
1407532779|25.687
1407532800|25.687
1407532821|25.687
1407532841|25.625
1407532861|25.687
1407532881|25.687
1407532901|25.687
1407532921|25.625
1407532942|25.687
1407532962|25.687
1407532982|25.687
1407533002|25.687
1407533022|25.687
1407533042|25.625
1407533062|25.687
1407533082|25.625
1407533102|25.625
1407533122|25.687
1407533142|25.687
1407533162|25.625
1407533182|25.687
1407533203|25.687
1407533223|25.687
1407533243|25.687
1407533263|25.687
1407533283|25.625
1407533303|25.687
1407533323|25.625
1407533343|25.687
1407533363|25.687
1407533383|25.687
1407533404|25.687
1407533424|25.625
1407533444|25.625
1407533464|25.687
1407533484|25.687
1407533505|25.625
1407533525|25.625
1407533545|25.625
1407533565|25.625
1407533585|25.625
1407533605|25.687
1407533625|25.687
1407533645|25.687
1407533665|25.625
1407533685|25.625
1407533705|25.625
1407533725|25.625
1407533746|25.687
1407533766|25.625
1407533786|25.625
1407533806|25.625
1407533826|25.687
1407533846|25.625
1407533866|25.687
1407533886|25.687
1407533906|25.625
1407533926|25.687
1407533946|25.687
1407533966|25.687
1407533987|25.687
1407534007|25.687
1407534027|25.625
1407534047|25.625
1407534068|25.625
1407534088|25.625
1407534108|25.625
1407534128|25.625
1407534148|25.625
1407534168|25.625
1407534188|25.625
1407534208|25.625
1407534228|25.625
1407534248|25.687
1407534268|25.625
1407534288|25.625
1407534309|25.687
1407534329|25.625
1407534349|25.625
1407534369|25.625
1407534389|25.625
1407534409|25.625
1407534429|25.625
1407534449|25.625
1407534469|25.625
1407534489|25.625
1407534509|25.625
1407534529|25.687
1407534550|25.625
1407534570|25.625
1407534590|25.625
1407534610|25.625
1407534631|25.625
1407534651|25.687
1407534671|25.625
1407534691|25.625
1407534711|25.625
1407534731|25.625
1407534751|25.625
1407534771|25.625
1407534792|25.625
1407534812|25.625
1407534832|25.625
1407534852|25.625
1407534872|25.625
1407534892|25.625
1407534912|25.687
1407534932|25.625
1407534952|25.687
1407534972|25.625
1407534992|25.625
1407535012|25.625
1407535033|25.625
1407535053|25.625
1407535073|25.625
1407535093|25.625
1407535113|25.625
1407535133|25.625
1407535153|25.625
1407535173|25.625
1407535194|25.625
1407535214|25.625
1407535234|25.625
1407535254|25.625
1407535275|25.625
1407535295|25.625
1407535315|25.625
1407535335|25.625
1407535355|25.625
1407535375|25.625
1407535395|25.625
1407535415|25.625
1407535436|25.625
1407535456|25.625
1407535476|25.625
1407535496|25.625
1407535516|25.625
1407535536|25.625
1407535556|25.625
1407535576|25.625
1407535596|25.625
1407535616|25.625
1407535636|25.625
1407535656|25.625
1407535677|25.625
1407535697|25.625
1407535717|25.625
1407535737|25.625
1407535757|25.625
1407535777|25.625
1407535797|25.625
1407535818|25.625
1407535838|25.625
1407535858|25.625
1407535878|25.625
1407535898|25.625
1407535918|25.625
1407535938|25.625
1407535958|25.625
1407535979|25.625
1407535999|25.625
1407536019|25.625
1407536039|25.625
1407536059|25.625
1407536079|25.625
1407536099|25.625
1407536119|25.625
1407536139|25.625
1407536159|25.625
1407536179|25.625
1407536200|25.625
1407536220|25.625
1407536240|25.625
1407536260|25.625
1407536280|25.625
1407536300|25.625
1407536320|25.625
1407536340|25.625
1407536361|25.625
1407536381|25.625
1407536401|25.625
1407536421|25.625
1407536441|25.625
1407536461|25.625
1407536481|25.625
1407536502|25.625
1407536522|25.625
1407536542|25.625
1407536562|25.625
1407536582|25.625
1407536602|25.562
1407536622|25.625
1407536642|25.625
1407536662|25.625
1407536682|25.625
1407536703|25.625
1407536723|25.562
1407536743|25.562
1407536763|25.625
1407536783|25.625
1407536803|25.625
1407536823|25.625
1407536843|25.562
1407536863|25.562
1407536883|25.562
1407536903|25.625
1407536923|25.625
1407536944|25.562
1407536964|25.562
1407536984|25.562
1407537004|25.625
1407537024|25.625
1407537044|25.562
1407537064|25.625
1407537085|25.625
1407537105|25.625
1407537125|25.562
1407537145|25.625
1407537165|25.562
1407537185|25.562
1407537205|25.625
1407537225|25.562
1407537246|25.562
1407537266|25.562
1407537286|25.625
1407537306|25.562
1407537326|25.562
1407537346|25.562
1407537366|25.625
1407537386|25.562
1407537406|25.562
1407537426|25.625
1407537446|25.562
1407537467|25.562
1407537487|25.562
1407537507|25.562
1407537527|25.562
1407537547|25.562
1407537567|25.562
1407537587|25.562
1407537607|25.562
1407537628|25.562
1407537648|25.562
1407537668|25.562
1407537688|25.562
1407537709|25.562
1407537729|25.562
1407537749|25.562
1407537769|25.562
1407537789|25.562
1407537809|25.562
1407537829|25.562
1407537849|25.562
1407537869|25.562
1407537890|25.562
1407537910|25.562
1407537930|25.562
1407537950|25.562
1407537970|25.562
1407537990|25.562
1407538010|25.562
1407538030|25.562
1407538050|25.562
1407538070|25.562
1407538090|25.562
1407538110|25.562
1407538131|25.562
1407538151|25.562
1407538171|25.562
1407538191|25.562
1407538211|25.562
1407538231|25.562
1407538251|25.562
1407538271|25.562
1407538292|25.562
1407538312|25.562
1407538332|25.562
1407538352|25.562
1407538372|25.562
1407538392|25.562
1407538412|25.562
1407538433|25.562
1407538453|25.562
1407538473|25.562
1407538493|25.562
1407538513|25.562
1407538533|25.562
1407538553|25.562
1407538573|25.562
1407538593|25.562
1407538613|25.562
1407538633|25.562
1407538654|25.562
1407538674|25.562
1407538694|25.562
1407538714|25.562
1407538734|25.562
1407538754|25.562
1407538774|25.562
1407538794|25.562
1407538814|25.5
1407538835|25.562
1407538855|25.562
1407538875|25.562
1407538895|25.562
1407538915|25.562
1407538935|25.562
1407538955|25.562
1407538975|25.5
1407538996|25.562
1407539016|25.5
1407539036|25.562
1407539056|25.562
1407539076|25.562
1407539096|25.5
1407539116|25.562
1407539136|25.5
1407539156|25.5
1407539176|25.562
1407539196|25.5
1407539216|25.5
1407539237|25.5
1407539257|25.5
1407539277|25.562
1407539297|25.5
1407539317|25.5
1407539337|25.5
1407539357|25.562
1407539377|25.562
1407539397|25.562
1407539418|25.562
1407539438|25.5
1407539458|25.5
1407539478|25.5
1407539498|25.5
1407539519|25.5
1407539539|25.5
1407539559|25.5
1407539579|25.562
1407539599|25.5
1407539619|25.562
1407539639|25.5
1407539659|25.5
1407539679|25.5
1407539700|25.562
1407539720|25.5
1407539740|25.5
1407539760|25.5
1407539780|25.5
1407539800|25.5
1407539820|25.5
1407539840|25.5
1407539860|25.5
1407539880|25.5
1407539900|25.5
1407539920|25.5
1407539941|25.5
1407539961|25.5
1407539981|25.5
1407540001|25.5
1407540021|25.5
1407540041|25.5
1407540062|25.5
1407540082|25.5
1407540102|25.5
1407540122|25.5
1407540142|25.5
1407540162|25.5
1407540182|25.5
1407540202|25.5
1407540222|25.5
1407540242|25.5
1407540263|25.5
1407540283|25.5
1407540303|25.5
1407540323|25.5
1407540343|25.5
1407540363|25.5
1407540383|25.5
1407540403|25.5
1407540423|25.5
1407540443|25.5
1407540463|25.5
1407540483|25.5
1407540504|25.5
1407540524|25.5
1407540545|25.5
1407540565|25.5
1407540585|25.5
1407540606|25.5
1407540626|25.5
1407540646|25.5
1407540666|25.5
1407540686|25.5
1407540706|25.5
1407540726|25.5
1407540747|25.5
1407540767|25.5
1407540787|25.5
1407540807|25.5
1407540827|25.5
1407540847|25.5
1407540867|25.5
1407540887|25.5
1407540908|25.5
1407540928|25.437
1407540948|25.5
1407540968|25.5
1407540988|25.5
1407541008|25.437
1407541028|25.5
1407541048|25.5
1407541068|25.437
1407541088|25.5
1407541108|25.437
1407541128|25.5
1407541149|25.5
1407541169|25.5
1407541189|25.5
1407541209|25.5
1407541229|25.5
1407541249|25.437
1407541269|25.5
1407541289|25.437
1407541310|25.437
1407541330|25.5
1407541350|25.437
1407541370|25.437
1407541390|25.5
1407541410|25.437
1407541431|25.5
1407541451|25.5
1407541471|25.5
1407541491|25.437
1407541511|25.437
1407541531|25.437
1407541551|25.437
1407541571|25.437
1407541591|25.437
1407541611|25.437
1407541631|25.5
1407541651|25.437
1407541672|25.437
1407541692|25.437
1407541712|25.437
1407541732|25.437
1407541752|25.437
1407541772|25.437
1407541792|25.437
1407541812|25.437
1407541832|25.437
1407541852|25.437
1407541872|25.437
1407541893|25.437
1407541913|25.437
1407541933|25.437
1407541953|25.437
1407541973|25.437
1407541993|25.437
1407542014|25.437
1407542034|25.437
1407542054|25.437
1407542074|25.437
1407542094|25.437
1407542114|25.437
1407542134|25.437
1407542154|25.437
1407542174|25.437
1407542194|25.437
1407542214|25.437
1407542234|25.437
1407542255|25.437
1407542275|25.437
1407542295|25.437
1407542315|25.437
1407542335|25.437
1407542355|25.437
1407542375|25.437
1407542395|25.437
1407542415|25.437
1407542436|25.437
1407542456|25.437
1407542476|25.437
1407542496|25.437
1407542516|25.437
1407542536|25.437
1407542556|25.437
1407542577|25.437
1407542597|25.437
1407542617|25.437
1407542637|25.437
1407542657|25.437
1407542677|25.437
1407542697|25.437
1407542717|25.437
1407542737|25.437
1407542758|25.437
1407542778|25.437
1407542798|25.437
1407542818|25.437
1407542838|25.437
1407542858|25.437
1407542878|25.437
1407542898|25.437
1407542918|25.437
1407542938|25.437
1407542958|25.437
1407542978|25.437
1407542999|25.375
1407543019|25.375
1407543039|25.375
1407543059|25.375
1407543079|25.437
1407543099|25.375
1407543120|25.375
1407543140|25.375
1407543160|25.437
1407543180|25.375
1407543201|25.375
1407543221|25.437
1407543241|25.437
1407543261|25.437
1407543281|25.375
1407543301|25.375
1407543321|25.375
1407543341|25.375
1407543361|25.375
1407543382|25.375
1407543402|25.375
1407543422|25.437
1407543442|25.375
1407543462|25.375
1407543482|25.375
1407543502|25.375
1407543522|25.375
1407543542|25.375
1407543562|25.375
1407543582|25.375
1407543603|25.375
1407543623|25.375
1407543643|25.375
1407543663|25.375
1407543683|25.375
1407543703|25.375
1407543723|25.375
1407543743|25.375
1407543764|25.375
1407543784|25.375
1407543804|25.375
1407543824|25.375
1407543844|25.375
1407543864|25.375
1407543884|25.375
1407543904|25.375
1407543925|25.375
1407543945|25.375
1407543965|25.375
1407543985|25.375
1407544005|25.375
1407544025|25.375
1407544045|25.375
1407544065|25.312
1407544085|25.375
1407544105|25.375
1407544125|25.375
1407544145|25.375
1407544166|25.375
1407544186|25.375
1407544206|25.375
1407544226|25.375
1407544246|25.375
1407544266|25.375
1407544286|25.375
1407544306|25.375
1407544326|25.375
1407544347|25.312
1407544367|25.375
1407544387|25.375
1407544407|25.375
1407544428|25.375
1407544448|25.312
1407544468|25.312
1407544488|25.375
1407544508|25.375
1407544528|25.375
1407544548|25.375
1407544568|25.312
1407544588|25.312
1407544608|25.375
1407544628|25.375
1407544649|25.312
1407544669|25.312
1407544689|25.375
1407544709|25.312
1407544729|25.375
1407544749|25.312
1407544769|25.312
1407544789|25.312
1407544809|25.312
1407544829|25.312
1407544849|25.312
1407544869|25.312
1407544890|25.312
1407544910|25.312
1407544930|25.312
1407544950|25.312
1407544970|25.312
1407544991|25.312
1407545011|25.312
1407545031|25.312
1407545051|25.312
1407545071|25.312
1407545091|25.312
1407545111|25.312
1407545131|25.312
1407545151|25.312
1407545171|25.312
1407545192|25.375
1407545212|25.312
1407545232|25.312
1407545252|25.312
1407545272|25.312
1407545293|25.312
1407545313|25.312
1407545333|25.312
1407545353|25.312
1407545374|25.312
1407545394|25.312
1407545414|25.312
1407545434|25.312
1407545454|25.312
1407545474|25.312
1407545495|25.312
1407545515|25.312
1407545535|25.312
1407545555|25.312
1407545575|25.312
1407545595|25.312
1407545615|25.312
1407545635|25.312
1407545655|25.312
1407545676|25.312
1407545696|25.312
1407545716|25.312
1407545736|25.312
1407545756|25.312
1407545777|25.312
1407545797|25.312
1407545817|25.312
1407545837|25.312
1407545857|25.312
1407545877|25.312
1407545897|25.312
1407545917|25.312
1407545937|25.312
1407545958|25.312
1407545978|25.312
1407545998|25.312
1407546018|25.312
1407546038|25.312
1407546058|25.25
1407546078|25.25
1407546098|25.312
1407546118|25.312
1407546138|25.312
1407546158|25.312
1407546179|25.312
1407546199|25.25
1407546220|25.312
1407546240|25.312
1407546260|25.25
1407546280|25.25
1407546300|25.25
1407546320|25.25
1407546340|25.25
1407546360|25.25
1407546381|25.25
1407546401|25.25
1407546421|25.25
1407546441|25.312
1407546461|25.25
1407546481|25.25
1407546502|25.312
1407546522|25.25
1407546542|25.312
1407546562|25.25
1407546582|25.25
1407546602|25.25
1407546622|25.25
1407546642|25.25
1407546662|25.25
1407546682|25.25
1407546703|25.25
1407546723|25.25
1407546743|25.25
1407546763|25.25
1407546783|25.25
1407546803|25.25
1407546823|25.25
1407546843|25.25
1407546863|25.25
1407546883|25.25
1407546903|25.25
1407546923|25.25
1407546944|25.25
1407546964|25.25
1407546984|25.25
1407547004|25.25
1407547024|25.25
1407547044|25.25
1407547064|25.25
1407547084|25.25
1407547105|25.25
1407547125|25.25
1407547145|25.25
1407547166|25.25
1407547186|25.25
1407547206|25.25
1407547227|25.25
1407547247|25.25
1407547267|25.25
1407547287|25.25
1407547308|25.25
1407547328|25.25
1407547348|25.25
1407547368|25.25
1407547388|25.25
1407547408|25.25
1407547428|25.25
1407547448|25.25
1407547468|25.25
1407547488|25.25
1407547508|25.187
1407547528|25.187
1407547549|25.25
1407547569|25.25
1407547589|25.25
1407547609|25.25
1407547629|25.187
1407547649|25.25
1407547669|25.25
1407547689|25.25
1407547709|25.25
1407547730|25.25
1407547750|25.187
1407547770|25.187
1407547790|25.25
1407547810|25.187
1407547830|25.187
1407547850|25.187
1407547871|25.187
1407547891|25.187
1407547911|25.187
1407547931|25.187
1407547951|25.187
1407547971|25.187
1407547991|25.187
1407548011|25.187
1407548031|25.25
1407548051|25.187
1407548071|25.187
1407548092|25.187
1407548112|25.187
1407548132|25.187
1407548152|25.187
1407548172|25.187
1407548192|25.187
1407548212|25.187
1407548232|25.187
1407548252|25.187
1407548272|25.187
1407548293|25.187
1407548313|25.187
1407548333|25.187
1407548353|25.187
1407548374|25.187
1407548394|25.187
1407548414|25.187
1407548435|25.187
1407548455|25.187
1407548475|25.187
1407548495|25.187
1407548515|25.187
1407548535|25.187
1407548555|25.187
1407548575|25.187
1407548595|25.187
1407548616|25.187
1407548636|25.187
1407548656|25.187
1407548676|25.187
1407548696|25.187
1407548716|25.187
1407548736|25.187
1407548756|25.187
1407548776|25.187
1407548796|25.187
1407548816|25.187
1407548837|25.187
1407548857|25.187
1407548877|25.125
1407548897|25.187
1407548917|25.187
1407548937|25.187
1407548957|25.187
1407548978|25.187
1407548998|25.187
1407549018|25.187
1407549038|25.187
1407549058|25.187
1407549078|25.187
1407549098|25.187
1407549118|25.187
1407549138|25.187
1407549159|25.125
1407549179|25.187
1407549199|25.125
1407549219|25.187
1407549239|25.187
1407549259|25.187
1407549279|25.187
1407549299|25.187
1407549319|25.187
1407549339|25.187
1407549359|25.125
1407549379|25.125
1407549400|25.187
1407549420|25.187
1407549440|25.187
1407549460|25.125
1407549480|25.125
1407549500|25.125
1407549520|25.125
1407549540|25.187
1407549561|25.125
1407549581|25.125
1407549601|25.125
1407549621|25.125
1407549641|25.125
1407549661|25.125
1407549681|25.125
1407549701|25.125
1407549722|25.125
1407549742|25.125
1407549762|25.125
1407549782|25.125
1407549802|25.125
1407549822|25.125
1407549842|25.125
1407549862|25.125
1407549882|25.125
1407549902|25.125
1407549922|25.125
1407549942|25.125
1407549963|25.125
1407549983|25.125
1407550003|25.125
1407550023|25.125
1407550043|25.125
1407550063|25.125
1407550083|25.125
1407550103|25.125
1407550123|25.125
1407550144|25.125
1407550164|25.125
1407550184|25.125
1407550204|25.125
1407550224|25.125
1407550244|25.125
1407550265|25.125
1407550285|25.125
1407550305|25.125
1407550325|25.125
1407550345|25.125
1407550365|25.125
1407550385|25.125
1407550405|25.125
1407550425|25.125
1407550445|25.125
1407550465|25.125
1407550485|25.125
1407550506|25.125
1407550526|25.125
1407550546|25.062
1407550566|25.125
1407550586|25.125
1407550606|25.125
1407550627|25.125
1407550647|25.125
1407550667|25.125
1407550687|25.125
1407550707|25.125
1407550727|25.125
1407550748|25.125
1407550768|25.062
1407550788|25.125
1407550808|25.062
1407550828|25.062
1407550849|25.125
1407550869|25.062
1407550889|25.125
1407550909|25.062
1407550929|25.062
1407550949|25.125
1407550969|25.062
1407550989|25.062
1407551009|25.125
1407551029|25.062
1407551049|25.125
1407551070|25.062
1407551090|25.062
1407551110|25.062
1407551130|25.062
1407551150|25.062
1407551170|25.062
1407551190|25.062
1407551210|25.062
1407551230|25.062
1407551250|25.062
1407551270|25.062
1407551290|25.062
1407551311|25.062
1407551331|25.062
1407551351|25.062
1407551371|25.062
1407551391|25.062
1407551412|25.062
1407551432|25.062
1407551452|25.062
1407551472|25.062
1407551492|25.062
1407551512|25.062
1407551532|25.062
1407551552|25.062
1407551572|25.062
1407551593|25.062
1407551613|25.062
1407551633|25.062
1407551653|25.062
1407551673|25.062
1407551693|25.062
1407551713|25.062
1407551733|25.062
1407551753|25.062
1407551773|25.062
1407551793|25.062
1407551813|25.062
1407551834|25.0
1407551854|25.062
1407551874|25.062
1407551894|25.062
1407551914|25.062
1407551935|25.062
1407551955|25.062
1407551975|25.062
1407551995|25.062
1407552015|25.062
1407552036|25.062
1407552056|25.062
1407552076|25.062
1407552096|25.062
1407552116|25.062
1407552136|25.062
1407552157|25.062
1407552177|25.062
1407552197|25.062
1407552217|25.062
1407552237|25.062
1407552257|25.062
1407552277|25.062
1407552297|25.062
1407552317|25.0
1407552337|25.062
1407552357|25.062
1407552377|25.062
1407552398|25.062
1407552418|25.062
1407552438|25.0
1407552458|25.062
1407552478|25.0
1407552498|25.062
1407552518|25.0
1407552538|25.0
1407552558|25.0
1407552578|25.0
1407552598|25.0
1407552619|25.0
1407552639|25.0
1407552659|25.0
1407552679|25.0
1407552700|25.0
1407552720|25.0
1407552740|25.0
1407552760|25.0
1407552780|25.0
1407552800|25.0
1407552820|25.0
1407552840|25.0
1407552860|25.0
1407552880|25.0
1407552900|25.0
1407552920|25.0
1407552941|25.0
1407552961|25.0
1407552981|25.0
1407553001|25.0
1407553021|25.0
1407553041|25.0
1407553061|25.0
1407553081|25.0
1407553101|25.0
1407553121|25.0
1407553141|25.0
1407553161|25.0
1407553182|25.0
1407553202|25.0
1407553222|25.0
1407553242|25.0
1407553262|25.0
1407553283|25.0
1407553303|25.0
1407553323|25.0
1407553343|25.0
1407553363|25.0
1407553383|25.0
1407553403|25.0
1407553423|25.0
1407553443|25.0
1407553463|25.0
1407553484|25.0
1407553504|24.937
1407553524|25.0
1407553544|25.0
1407553564|25.0
1407553584|24.937
1407553604|25.0
1407553624|24.937
1407553644|25.0
1407553664|25.0
1407553684|25.0
1407553705|25.0
1407553725|24.937
1407553745|24.937
1407553765|24.937
1407553785|25.0
1407553805|25.0
1407553825|24.937
1407553845|24.937
1407553866|24.937
1407553886|24.937
1407553906|25.0
1407553926|24.937
1407553946|24.937
1407553966|24.937
1407553986|24.937
1407554007|24.937
1407554027|24.937
1407554047|24.937
1407554067|24.937
1407554087|24.937
1407554107|25.0
1407554127|24.937
1407554147|25.0
1407554167|25.0
1407554187|24.937
1407554207|24.937
1407554227|24.937
1407554248|24.937
1407554268|24.937
1407554288|24.937
1407554308|24.937
1407554328|24.937
1407554348|24.937
1407554368|24.937
1407554388|24.937
1407554408|24.937
1407554428|24.937
1407554449|24.875
1407554469|24.937
1407554489|24.937
1407554509|24.937
1407554529|24.937
1407554549|24.937
1407554570|24.937
1407554590|24.937
1407554610|24.937
1407554630|24.937
1407554650|24.937
1407554670|24.937
1407554690|24.937
1407554710|24.937
1407554730|24.937
1407554750|24.937
1407554770|24.937
1407554790|24.937
1407554811|24.937
1407554831|24.937
1407554851|24.937
1407554871|24.937
1407554891|24.937
1407554911|24.937
1407554931|24.937
1407554951|24.937
1407554971|24.937
1407554991|24.937
1407555011|24.937
1407555032|24.875
1407555052|24.937
1407555072|24.937
1407555093|24.937
1407555113|24.937
1407555133|24.875
1407555153|24.937
1407555174|24.937
1407555194|24.937
1407555214|24.937
1407555234|24.875
1407555254|24.875
1407555275|24.875
1407555295|24.937
1407555315|24.875
1407555335|24.875
1407555355|24.875
1407555375|24.875
1407555395|24.875
1407555415|24.875
1407555435|24.937
1407555456|24.937
1407555476|24.937
1407555496|24.875
1407555516|24.875
1407555536|24.875
1407555556|24.875
1407555576|24.937
1407555596|24.875
1407555616|24.937
1407555636|24.937
1407555656|24.875
1407555676|24.875
1407555697|24.875
1407555717|24.875
1407555737|24.875
1407555757|24.875
1407555777|24.937
1407555797|24.875
1407555818|24.875
1407555838|24.875
1407555858|24.875
1407555878|24.875
1407555898|24.875
1407555918|24.875
1407555938|24.875
1407555958|24.875
1407555979|24.875
1407555999|24.875
1407556019|24.875
1407556039|24.875
1407556059|24.875
1407556079|24.875
1407556099|24.875
1407556119|24.875
1407556139|24.875
1407556160|24.875
1407556180|24.875
1407556200|24.875
1407556220|24.875
1407556240|24.875
1407556260|24.875
1407556280|24.875
1407556300|24.875
1407556320|24.875
1407556341|24.875
1407556361|24.875
1407556381|24.875
1407556401|24.875
1407556421|24.875
1407556441|24.875
1407556462|24.875
1407556482|24.875
1407556502|24.875
1407556522|24.875
1407556542|24.875
1407556562|24.875
1407556582|24.875
1407556602|24.875
1407556622|24.875
1407556642|24.875
1407556663|24.875
1407556683|24.875
1407556703|24.875
1407556723|24.875
1407556743|24.875
1407556763|24.875
1407556783|24.875
1407556803|24.875
1407556823|24.875
1407556843|24.875
1407556863|24.875
1407556883|24.875
1407556904|24.875
1407556924|24.875
1407556944|24.875
1407556964|24.875
1407556984|24.875
1407557005|24.875
1407557025|24.875
1407557045|24.812
1407557065|24.875
1407557086|24.812
1407557106|24.875
1407557126|24.875
1407557146|24.875
1407557166|24.812
1407557186|24.875
1407557206|24.875
1407557226|24.812
1407557246|24.875
1407557266|24.875
1407557287|24.812
1407557307|24.812
1407557327|24.875
1407557347|24.812
1407557367|24.812
1407557387|24.812
1407557407|24.812
1407557427|24.812
1407557447|24.875
1407557467|24.812
1407557487|24.812
1407557507|24.812
1407557528|24.812
1407557548|24.812
1407557568|24.812
1407557588|24.875
1407557608|24.812
1407557628|24.812
1407557648|24.812
1407557668|24.812
1407557689|24.812
1407557709|24.812
1407557729|24.812
1407557749|24.812
1407557769|24.812
1407557789|24.812
1407557809|24.812
1407557829|24.812
1407557850|24.812
1407557870|24.812
1407557890|24.812
1407557910|24.812
1407557931|24.812
1407557951|24.812
1407557971|24.812
1407557991|24.812
1407558011|24.812
1407558031|24.812
1407558051|24.812
1407558071|24.812
1407558091|24.812
1407558111|24.812
1407558131|24.812
1407558151|24.812
1407558172|24.812
1407558192|24.812
1407558212|24.812
1407558232|24.812
1407558252|24.812
1407558272|24.812
1407558292|24.812
1407558313|24.812
1407558333|24.812
1407558353|24.812
1407558373|24.812
1407558393|24.812
1407558413|24.812
1407558433|24.812
1407558453|24.812
1407558473|24.812
1407558494|24.812
1407558514|24.812
1407558534|24.812
1407558554|24.812
1407558574|24.812
1407558594|24.812
1407558614|24.812
1407558634|24.812
1407558654|24.812
1407558674|24.812
1407558695|24.812
1407558715|24.812
1407558735|24.812
1407558755|24.812
1407558775|24.812
1407558795|24.812
1407558815|24.812
1407558835|24.812
1407558856|24.812
1407558876|24.812
1407558896|24.812
1407558916|24.812
1407558936|24.812
1407558956|24.812
1407558977|24.812
1407558997|24.812
1407559017|24.75
1407559037|24.812
1407559057|24.812
1407559077|24.812
1407559097|24.812
1407559117|24.75
1407559137|24.812
1407559157|24.812
1407559178|24.812
1407559198|24.812
1407559218|24.812
1407559238|24.812
1407559258|24.812
1407559278|24.812
1407559298|24.75
1407559318|24.812
1407559338|24.75
1407559358|24.812
1407559378|24.812
1407559398|24.75
1407559419|24.75
1407559439|24.75
1407559460|24.75
1407559480|24.812
1407559500|24.75
1407559520|24.75
1407559540|24.75
1407559560|24.812
1407559581|24.812
1407559601|24.812
1407559621|24.75
1407559641|24.75
1407559661|24.812
1407559682|24.75
1407559702|24.75
1407559722|24.75
1407559742|24.75
1407559763|24.75
1407559783|24.75
1407559803|24.75
1407559823|24.75
1407559843|24.75
1407559863|24.75
1407559883|24.75
1407559903|24.75
1407559923|24.75
1407559943|24.75
1407559963|24.75
1407559983|24.75
1407560004|24.75
1407560024|24.75
1407560044|24.75
1407560064|24.75
1407560084|24.75
1407560104|24.75
1407560124|24.75
1407560144|24.75
1407560164|24.75
1407560184|24.75
1407560204|24.75
1407560224|24.75
1407560245|24.75
1407560265|24.75
1407560285|24.75
1407560305|24.75
1407560326|24.75
1407560346|24.75
1407560366|24.75
1407560386|24.75
1407560406|24.75
1407560426|24.75
1407560446|24.75
1407560466|24.75
1407560486|24.75
1407560506|24.75
1407560526|24.75
1407560546|24.75
1407560567|24.75
1407560587|24.75
1407560607|24.75
1407560627|24.75
1407560647|24.75
1407560667|24.75
1407560687|24.75
1407560707|24.75
1407560727|24.75
1407560747|24.75
1407560767|24.75
1407560788|24.75
1407560808|24.75
1407560828|24.75
1407560848|24.75
1407560868|24.75
1407560888|24.75
1407560909|24.75
1407560929|24.75
1407560949|24.75
1407560969|24.75
1407560990|24.75
1407561010|24.75
1407561030|24.75
1407561050|24.75
1407561070|24.75
1407561090|24.75
1407561110|24.75
1407561130|24.75
1407561150|24.75
1407561171|24.75
1407561191|24.75
1407561211|24.75
1407561231|24.75
1407561251|24.75
1407561271|24.75
1407561291|24.75
1407561311|24.75
1407561331|24.75
1407561351|24.75
1407561371|24.75
1407561392|24.75
1407561412|24.75
1407561432|24.75
1407561452|24.75
1407561472|24.75
1407561492|24.75
1407561512|24.75
1407561532|24.75
1407561553|24.75
1407561573|24.75
1407561593|24.75
